20030101 1176.38 1176.38 1176.38 1176.38 0
20030102 1170.01 1198.70 1166.82 1197.43 1743327
20030103 1198.07 1198.07 1183.40 1191.69 1055859
20030106 1187.22 1191.06 1166.82 1170.01 1848059
20030107 1173.84 1173.84 1150.89 1161.09 1402270
20030108 1161.72 1181.48 1140.68 1141.32 2255430
20030109 1150.89 1163.00 1140.05 1159.81 1685843
20030110 1166.19 1166.19 1129.84 1154.07 1925362
20030113 1147.69 1190.42 1147.69 1174.48 2072925
20030114 1184.04 1188.50 1166.82 1180.85 2372090
20030115 1181.27 1195.52 1175.75 1175.75 2277597
20030116 1179.58 1184.04 1167.46 1171.29 2441128
20030117 1175.75 1189.78 1163.00 1182.12 1789447
20030120 1179.58 1190.42 1170.65 1173.20 1454589
20030121 1173.20 1184.68 1171.92 1176.38 2016756
20030122 1170.65 1180.22 1149.61 1152.15 2716623
20030123 1163.63 1163.63 1128.57 1131.76 2798623
20030124 1143.87 1143.87 1109.44 1115.82 2444322
20030127 1115.18 1115.18 1085.21 1086.49 4839237
20030128 1096.69 1117.08 1096.69 1103.70 3009025
20030129 1094.13 1106.25 1073.09 1091.59 3314295
20030130 1105.61 1109.44 1083.93 1094.13 3106242
20030131 1085.85 1085.85 1050.14 1059.06 3022926
20030203 1083.93 1122.20 1066.08 1120.28 2426663
20030204 1109.44 1134.30 1109.44 1110.72 2681963
20030205 1109.44 1138.77 1099.87 1138.77 2337524
20030206 1128.57 1157.26 1116.46 1141.32 2127686
20030207 1150.25 1169.37 1133.67 1147.69 2017413
20030210 1165.55 1165.55 1144.51 1153.43 1353521
20030211 1173.20 1173.20 1143.87 1170.01 1514234
20030212 1160.45 1162.36 1147.05 1147.69 1640757
20030213 1134.94 1141.32 1120.28 1129.84 2472782
20030214 1124.74 1138.77 1117.72 1119.00 1934755
20030217 1145.15 1148.33 1127.29 1146.42 1545043
20030218 1140.68 1152.79 1136.22 1147.69 2096502
20030219 1148.97 1152.79 1129.84 1129.84 1684246
20030220 1124.10 1146.42 1103.70 1137.49 2863622
20030221 1129.20 1148.33 1124.74 1147.69 1753847
20030224 1150.89 1162.36 1146.42 1151.53 1941706
20030225 1141.32 1141.32 1111.99 1113.26 2364200
20030226 1125.38 1146.42 1118.36 1137.49 2439719
20030227 1136.22 1153.43 1123.46 1141.32 2164600
20030228 1154.07 1170.65 1138.77 1170.65 2395573
20030303 1168.10 1194.24 1168.10 1185.96 1855103
20030304 1179.58 1191.06 1177.02 1183.40 2397639
20030305 1168.10 1182.12 1161.72 1173.84 2818067
20030306 1174.48 1183.40 1156.63 1157.26 2371808
20030307 1155.99 1156.63 1130.48 1141.95 2312069
20030310 1141.95 1170.01 1141.95 1154.07 2400175
20030311 1137.49 1151.53 1122.20 1141.32 2691919
20030312 1122.20 1124.74 1071.82 1075.65 4433463
20030313 1101.15 1174.48 1096.69 1166.82 4345545
20030314 1179.58 1198.70 1175.11 1198.07 2317142
20030317 1161.72 1261.19 1161.72 1237.60 2002572
20030318 1236.32 1275.21 1236.32 1247.16 3585939
20030319 1238.87 1249.72 1224.21 1243.34 3160815
20030320 1231.86 1247.80 1196.15 1240.78 3775206
20030321 1240.78 1282.87 1240.78 1282.87 2230821
20030324 1252.26 1262.46 1202.53 1202.53 3570534
20030325 1199.98 1224.21 1182.12 1219.75 2305025
20030326 1216.55 1221.65 1195.52 1219.11 1527008
20030327 1202.53 1214.65 1191.69 1205.08 1207743
20030328 1198.70 1205.08 1169.37 1169.37 2221615
20030331 1169.37 1169.37 1144.51 1146.42 2430890
20030401 1161.72 1182.76 1149.61 1181.48 1772258
20030402 1210.18 1229.31 1179.58 1225.49 2387776
20030403 1217.83 1249.72 1217.83 1240.15 1916627
20030404 1230.59 1245.25 1187.22 1198.70 3193878
20030407 1207.63 1252.90 1207.63 1252.90 3326036
20030408 1244.62 1244.62 1198.70 1198.70 2513078
20030409 1198.07 1198.70 1173.20 1178.30 3420153
20030410 1182.76 1182.76 1160.45 1160.45 1126494
20030411 1168.10 1188.50 1163.63 1185.32 1783435
20030414 1185.96 1196.79 1180.85 1188.50 1747366
20030415 1197.43 1201.25 1180.22 1187.22 2167982
20030416 1191.06 1196.15 1182.76 1186.59 2762930
20030417 1188.50 1198.70 1181.48 1190.42 1279505
20030418 1190.42 1190.42 1190.42 1190.42 0
20030421 1190.42 1190.42 1190.42 1190.42 0
20030422 1201.25 1201.25 1166.82 1171.92 1510383
20030423 1179.58 1180.85 1163.00 1168.10 2291781
20030424 1162.36 1164.27 1099.24 1107.52 3746652
20030425 1106.89 1116.46 1096.69 1096.69 3798501
20030428 1096.69 1098.60 1073.73 1096.69 3253523
20030429 1109.44 1124.10 1105.61 1117.08 2278724
20030430 1113.26 1151.53 1103.06 1142.59 3146913
20030501 1146.42 1153.43 1122.20 1126.02 1191399
20030502 1134.30 1164.91 1134.30 1164.91 3052702
20030505 1164.91 1164.91 1164.91 1164.91 0
20030506 1170.65 1184.04 1161.72 1168.10 2965629
20030507 1173.20 1173.20 1147.69 1152.79 2197663
20030508 1149.61 1156.63 1119.64 1123.46 2688256
20030509 1129.20 1149.61 1120.92 1147.69 1350421
20030512 1152.79 1162.36 1129.84 1159.81 1512637
20030513 1164.91 1173.20 1153.43 1170.65 1471590
20030514 1166.82 1183.40 1148.33 1155.35 2809049
20030515 1157.89 1187.22 1157.89 1170.65 2420182
20030516 1170.65 1205.08 1170.65 1182.12 2836758
20030519 1159.81 1190.42 1133.67 1135.58 2387213
20030520 1137.49 1154.07 1126.02 1137.49 3038331
20030521 1138.77 1138.77 1124.10 1133.67 1366765
20030522 1141.95 1152.15 1130.48 1151.53 1267106
20030523 1149.61 1173.20 1145.79 1173.20 1313977
20030526 1173.20 1173.20 1173.20 1173.20 0
20030527 1175.75 1176.38 1158.53 1173.20 1308153
20030528 1177.66 1205.08 1172.56 1205.08 2663835
20030529 1198.70 1217.83 1196.15 1200.62 1464451
20030530 1192.32 1222.93 1189.14 1205.08 1433455
20030602 1212.73 1238.24 1211.45 1238.24 916280
20030603 1224.21 1229.31 1208.27 1226.76 1308623
20030604 1238.24 1238.24 1215.91 1229.31 1009458
20030605 1243.34 1252.26 1225.49 1249.08 2221428
20030606 1245.88 1289.25 1245.88 1277.13 2737569
20030609 1259.92 1270.75 1259.92 1270.75 968317
20030610 1267.57 1267.57 1247.16 1254.82 1239585
20030611 1254.82 1254.82 1224.21 1249.08 1289555
20030612 1249.72 1256.09 1232.50 1239.51 1561574
20030613 1230.59 1242.06 1221.65 1221.65 1572094
20030616 1221.65 1253.54 1217.83 1224.85 1353333
20030617 1230.59 1247.16 1227.39 1238.87 1345631
20030618 1235.68 1236.96 1225.49 1234.41 1421150
20030619 1236.96 1236.96 1212.73 1217.83 2615273
20030620 1211.45 1236.96 1211.45 1229.31 975267
20030623 1222.29 1232.50 1202.53 1210.18 940514
20030624 1217.19 1217.19 1185.96 1196.79 1486806
20030625 1205.08 1205.08 1182.12 1185.32 1519024
20030626 1184.04 1189.78 1175.11 1178.30 1097845
20030627 1187.86 1192.32 1175.75 1182.76 1607787
20030630 1175.75 1204.44 1175.75 1179.58 1257901
20030701 1188.50 1188.50 1161.09 1164.27 1857639
20030702 1177.66 1186.59 1171.92 1180.85 1615208
20030703 1182.12 1206.35 1182.12 1187.86 2051603
20030704 1196.15 1201.89 1160.45 1177.66 2534118
20030707 1180.85 1208.91 1175.75 1204.44 2346448
20030708 1204.44 1247.16 1204.44 1226.76 1941518
20030709 1230.59 1240.78 1226.76 1231.22 1702186
20030710 1234.41 1239.51 1222.93 1233.77 1133163
20030711 1230.59 1246.52 1217.19 1242.70 1342155
20030714 1243.34 1294.98 1241.42 1294.98 2308500
20030715 1296.89 1312.20 1281.59 1297.53 2100071
20030716 1291.79 1299.45 1277.13 1279.68 2226969
20030717 1277.13 1284.15 1261.83 1266.29 2208090
20030718 1259.28 1275.85 1259.28 1272.67 1027868
20030721 1268.84 1275.85 1252.90 1252.90 1023265
20030722 1261.83 1261.83 1240.78 1249.72 2046437
20030723 1256.09 1264.38 1247.16 1262.46 1393535
20030724 1263.10 1307.10 1262.46 1303.91 1715618
20030725 1296.89 1366.39 1296.89 1363.84 3750878
20030728 1370.86 1396.36 1361.93 1396.36 3908116
20030729 1388.08 1388.08 1345.99 1364.48 1951381
20030730 1354.28 1365.76 1347.91 1354.28 1945463
20030731 1351.73 1378.50 1344.07 1378.50 1879431
20030801 1363.21 1389.98 1363.21 1377.88 1807011
20030804 1371.50 1391.26 1366.39 1382.34 1147816
20030805 1388.71 1405.29 1386.16 1398.91 2110967
20030806 1389.98 1395.09 1383.62 1392.54 1694954
20030807 1390.62 1404.01 1368.31 1389.98 2600902
20030808 1409.11 1426.33 1400.19 1402.74 2193437
20030811 1411.67 1441.00 1410.39 1434.62 1195907
20030812 1438.44 1458.21 1418.05 1454.38 1879243
20030813 1461.40 1488.18 1461.40 1468.41 2710893
20030814 1469.05 1472.87 1448.64 1461.40 2431547
20030815 1460.12 1485.63 1452.48 1468.41 2195973
20030818 1476.07 1506.03 1476.07 1506.03 1626761
20030819 1509.86 1511.14 1486.91 1501.57 2324562
20030820 1479.25 1493.92 1458.85 1474.15 1923953
20030821 1476.71 1516.24 1470.33 1504.76 2725358
20030822 1493.92 1543.01 1493.92 1531.53 2173899
20030825 1531.53 1531.53 1531.53 1531.53 0
20030826 14971.05 1523.24 1486.91 1497.10 1942364
20030827 1504.76 1511.14 1479.25 1485.63 2249419
20030828 1486.27 1514.32 1481.17 1500.93 1666305
20030829 1508.58 1520.06 1496.47 1507.94 1421150
20030901 1519.42 1548.75 1517.50 1540.46 1492630
20030902 1555.77 1555.77 1507.30 1520.70 2011120
20030903 1521.34 1555.77 1521.34 1553.21 1900565
20030904 1543.01 1553.21 1520.70 1530.26 1506062
20030905 1517.50 1543.65 1517.50 1534.73 2365797
20030908 1519.42 1551.98 1520.06 1537.27 1282980
20030909 1530.26 1540.46 1509.86 1513.68 2016380
20030910 1498.38 1513.43 1478.13 1500.93 2326534
20030911 1492.01 1502.20 1477.97 1490.09 1751030
20030912 1488.18 1519.42 1485.63 1505.40 2353492
20030915 1504.12 1514.96 1499.66 1509.22 1186796
20030916 1505.40 1527.71 1499.02 1522.61 1009270
20030917 1524.52 1543.01 1511.76 1525.16 1990361
20030918 1514.96 1522.61 1501.57 1521.34 2686566
20030919 1525.16 1525.80 1488.18 1504.12 5141972
20030922 1493.28 1504.76 1471.60 1500.93 4603005
20030923 1485.63 1484.35 1465.22 1469.05 4552565
20030924 1481.81 1488.18 1457.57 1463.95 2604753
20030925 1455.02 1455.02 1420.59 1437.17 2266044
20030926 1441.00 1441.00 1393.81 1402.74 2255242
20030929 1397.64 1425.69 1397.64 1405.29 1739664
20030930 1409.11 1421.87 1375.96 1378.50 2780307
20031001 1383.62 1400.19 1372.14 1400.19 1794425
20031002 1400.19 1434.62 1392.54 1434.62 2691262
20031003 1434.62 1492.01 1434.62 1486.91 2969762
20031006 1476.71 1502.20 1476.71 1502.20 2428636
20031007 1498.38 1498.38 1460.12 1479.25 1910146
20031008 1479.25 1504.76 1475.43 1495.83 2139333
20031009 1495.83 1523.88 1492.01 1523.88 1873795
20031010 1522.61 1530.26 1499.66 1506.03 1782778
20031013 1504.76 1555.77 1504.76 1554.49 1797712
20031014 1555.77 1581.26 1527.71 1530.26 1932313
20031015 1535.36 1554.49 1532.81 1544.29 2684875
20031016 1543.01 1543.01 1504.76 1513.68 2191182
20031017 1514.96 1535.36 1514.96 1522.61 1950066
20031020 1526.44 1528.98 1502.20 1521.34 919192
20031021 1521.34 1518.78 1512.40 1517.50 1325060
20031022 1512.40 1527.71 1474.15 1481.81 1847589
20031023 1477.97 1477.97 1435.90 1460.12 1588062
20031024 1469.05 1469.05 1443.54 1467.77 1544385
20031027 1460.12 1489.45 1453.74 1467.77 1184636
20031028 1475.43 1488.18 1461.40 1481.81 1152512
20031029 1488.18 1490.73 1475.43 1483.07 1167916
20031030 1484.35 1546.83 1484.35 1536.63 2949849
20031031 1534.09 1550.67 1514.96 1537.91 1978151
20031103 1527.71 1562.14 1527.71 1551.94 1767843
20031104 1558.31 1594.02 1555.77 1591.47 2281824
20031105 1582.54 1605.49 1574.90 1581.26 1936540
20031106 1592.75 1606.77 1572.34 1606.77 1383578
20031107 1610.59 1636.10 1609.33 1616.97 1973078
20031110 1602.95 1613.15 1583.82 1591.47 863492
20031111 1587.64 1587.64 1562.14 1569.79 993772
20031112 1574.90 1600.40 1564.69 1595.30 1445102
20031113 1613.15 1627.18 1595.30 1616.97 1758826
20031114 1613.15 1641.20 1613.15 1631.00 1569840
20031117 1625.90 1625.90 1577.44 1587.64 1743985
20031118 1588.92 1601.67 1558.31 1572.34 1634557
20031119 1550.67 1574.90 1550.67 1564.69 1188487
20031120 1559.59 1573.62 1534.09 1545.57 1853976
20031121 1537.91 1568.52 1537.91 1559.59 1511134
20031124 1568.52 1585.10 1555.77 1562.14 1314728
20031125 1560.87 1568.52 1534.09 1545.57 1589471
20031126 1530.26 1580.00 1530.26 1562.14 1222959
20031127 1558.31 1572.34 1553.21 1572.34 723819
20031128 1571.06 1574.90 1555.77 1562.14 919473
20031201 1565.96 1627.18 1562.14 1623.35 1843268
20031202 1623.35 1639.92 1592.75 1602.95 1727829
20031203 1562.99 1622.07 1550.67 1558.31 3102391
20031204 1539.19 1586.37 1539.19 1564.69 2828587
20031205 1567.24 1576.16 1555.77 1574.90 1442096
20031208 1569.79 1571.06 1545.57 1553.21 876923
20031209 1553.21 1574.90 1553.21 1569.79 1845053
20031210 1557.04 1565.96 1514.96 1517.50 2074334
20031211 1553.17 1475.43 1466.50 1475.43 3348579
20031212 1481.81 1492.01 1469.05 1490.73 2388058
20031215 1500.93 1511.14 1489.45 1489.45 1439090
20031216 1492.01 1494.55 1470.33 1479.25 1436366
20031217 1484.35 1488.18 1475.43 1480.53 1237236
20031218 1479.25 1497.10 1472.87 1493.28 1921699
20031219 1490.73 1521.34 1490.73 1513.68 2147036
20031222 1498.38 1544.29 1498.38 1534.09 1719657
20031223 1534.09 1539.19 1506.03 1528.98 723255
20031224 1528.98 1544.29 1528.98 1532.81 151038
20031225 1532.81 1532.81 1532.81 1532.81 0
20031226 1532.81 1532.81 1532.81 1532.81 0
20031229 1508.58 1568.52 1508.58 1560.87 1257243
20031230 1562.14 1568.52 1537.91 1550.67 1109117
20031231 1555.77 1555.77 1534.09 1539.19 226463
20040101 1539.19 1539.19 1539.19 1539.19 0
20040102 1541.73 1555.77 1531.53 1550.67 930087
20040105 1551.94 1594.02 1549.39 1583.82 2101668
20040106 1587.64 1596.57 1564.69 1571.06 2172584
20040107 1583.82 1583.82 1514.96 1521.34 2958679
20040108 1535.36 1554.49 1517.50 1526.44 1993273
20040109 1521.34 1540.46 1502.20 1517.50 2314042
20040112 1523.88 1559.59 1511.14 1523.88 1849843
20040113 1521.34 1539.19 1511.14 1520.06 2087860
20040114 1525.16 1555.77 1511.14 1534.09 2540975
20040115 1520.06 1525.16 1494.55 1500.93 2887386
20040116 1500.93 1557.04 1545.57 1551.94 3756138
20040119 1555.77 1582.54 1549.39 1576.16 1886100
20040120 1574.90 1574.90 1555.77 1558.31 2260878
20040121 1562.14 1562.14 1532.81 1545.57 1747085
20040122 1543.01 1557.04 1532.81 1535.36 2526040
20040123 1573.62 1586.37 1540.46 1567.24 2891801
20040126 1559.59 1600.40 1559.59 1590.20 2711457
20040127 1625.90 1631.00 1594.02 1618.25 4010029
20040128 1601.67 1629.73 1601.67 1622.07 2624666
20040129 1614.43 1614.43 1581.26 1582.54 2090678
20040130 1591.47 1600.40 1562.14 1592.75 2707512
20040202 1596.57 1604.23 1565.96 1568.52 2449206
20040203 1568.52 1574.90 1551.94 1559.59 1760329
20040204 1560.87 1580.00 1558.31 1573.62 1354178
20040205 1558.31 1573.62 1545.57 1549.39 1864778
20040206 1568.52 1568.52 1543.01 1559.59 1890233
20040209 1559.59 1583.82 1559.59 1576.16 2175684
20040210 1581.26 1581.26 1557.04 1558.31 1666587
20040211 1567.24 1567.24 1536.63 1546.83 2115381
20040212 1546.83 1606.77 1546.83 1594.02 3813811
20040213 1596.57 1657.78 1590.20 1620.80 4398709
20040216 1622.07 1637.38 1619.53 1629.73 1210936
20040217 1638.66 1662.88 1637.38 1652.68 1549645
20040218 1655.23 1684.56 1648.86 1671.81 2862307
20040219 1680.73 1699.86 1665.43 1692.21 2752880
20040220 1689.66 1696.04 1659.06 1660.33 2060621
20040223 1670.53 1680.73 1655.23 1678.19 1923484
20040224 1670.53 1675.63 1636.10 1670.53 3265734
20040225 1656.50 1699.86 1655.23 1682.01 2486402
20040226 1680.73 1718.99 1680.73 1713.90 2348514
20040227 1718.99 1716.44 1712.62 1712.62 3089428
20040301 1715.16 1754.70 1740.67 1744.49 2305025
20040302 1745.77 1817.19 1745.77 1810.81 5294888
20040303 1805.71 1805.71 1757.25 1763.62 3020578
20040304 1766.18 1778.92 1736.85 1747.05 2183762
20040305 1740.67 1790.40 1740.67 1780.20 2348890
20040308 1780.20 1785.30 1763.62 1773.82 1013778
20040309 1740.67 1768.72 1740.67 1763.62 1955889
20040310 1735.57 1735.57 1679.47 1690.94 3179694
20040311 1676.91 1683.29 1624.63 1664.16 4565246
20040312 1641.20 1696.04 1641.20 1692.21 2344757
20040315 1688.39 1694.76 1638.66 1642.48 2494386
20040316 1632.28 1670.53 1616.97 1653.96 3656949
20040317 1657.78 1684.56 1657.78 1676.91 2076213
20040318 1680.73 1701.14 1670.53 1680.73 2969762
20040319 1699.86 1699.86 1666.71 1680.73 1766998
20040322 1661.61 1670.53 1629.73 1643.76 1050975
20040323 1646.30 1666.71 1616.97 1622.07 2345226
20040324 1625.90 1636.10 1562.14 1568.52 3706450
20040325 1572.34 1616.97 1572.34 1609.33 2695019
20040326 1619.53 1634.83 1611.87 1627.18 1541192
20040329 1627.18 1661.61 1625.90 1653.96 1396728
20040330 1646.30 1676.91 1637.38 1667.99 2151732
20040331 1667.99 1669.26 1643.76 1653.96 1640005
20040401 1653.96 1675.63 1646.30 1675.63 1268045
20040402 1670.53 1730.47 1670.53 1722.82 2106364
20040405 1722.82 1743.23 1716.44 1738.12 1659730
20040406 1743.23 1743.23 1693.49 1703.69 2338557
20040407 1716.44 1726.64 1689.66 1692.21 2316202
20040408 1721.54 1721.54 1698.59 1710.06 1231507
20040409 1710.06 1710.06 1710.06 1710.06 0
20040412 1710.06 1710.06 1710.06 1710.06 0
20040413 1703.69 1724.09 1703.69 1706.24 917313
20040414 1684.56 1698.59 1656.50 1667.99 3059089
20040415 1659.06 1679.47 1647.58 1666.71 2809519
20040416 1665.43 1676.91 1659.06 1659.06 2907581
20040419 1662.88 1666.71 1627.18 1637.38 1470463
20040420 1641.20 1669.26 1638.66 1647.58 1308623
20040421 1620.80 1629.73 1562.14 1567.24 4467841
20040422 1567.24 1577.44 1535.36 1571.06 3807894
20040423 1594.02 1595.30 1562.14 1565.97 1851158
20040426 1568.52 1588.92 1564.69 1573.62 1972609
20040427 1569.79 1583.82 1557.04 1567.24 1470838
20040428 1559.59 1562.14 1488.18 1495.83 4794151
20040429 1488.18 1498.38 1449.92 1483.07 6272411
20040430 1477.97 1477.97 1442.27 1447.38 3504314
20040503 1447.38 1447.38 1447.38 1447.38 0
20040504 1451.20 1499.66 1438.44 1498.38 5168272
20040505 1499.66 1512.40 1494.55 1498.38 2080346
20040506 1488.18 1494.55 1444.82 1453.74 2992211
20040507 1448.64 1458.85 1433.34 1434.62 1726984
20040510 1425.69 1426.97 1389.98 1389.98 2404214
20040511 1405.29 1426.97 1395.09 1423.14 3000853
20040512 1465.22 1465.22 1405.29 1405.29 2673415
20040513 1415.49 1435.90 1405.29 1414.21 1934849
20040514 1411.67 1375.96 1358.11 1374.68 3223278
20040517 1370.86 1370.86 1332.60 1367.03 3001886
20040518 1372.14 1379.78 1347.91 1367.03 2797120
20040519 1386.16 1453.74 1383.62 1449.92 5348616
20040520 1441.00 1420.59 1409.11 1416.77 1816968
20040521 1412.94 1462.67 1412.94 1443.54 2693892
20040524 1432.07 1462.67 1424.41 1425.69 2098756
20040525 1424.41 1438.44 1407.84 1433.34 1945369
20040526 1449.92 1462.67 1443.54 1462.67 2849721
20040527 1466.50 1492.01 1466.50 1474.15 3726739
20040528 1475.43 1477.97 1453.74 1458.85 2207056
20040531 1458.85 1458.85 1458.85 1458.85 0
20040601 1452.48 1484.35 1452.48 1476.71 1867032
20040602 1481.81 1483.07 1441.00 1443.54 2667592
20040603 1442.27 1448.64 1424.41 1439.72 2346541
20040604 1412.94 1452.48 1412.94 1448.64 1598770
20040607 1451.20 1486.91 1451.20 1483.07 1742106
20040608 1479.25 1498.38 1471.60 1475.43 1534053
20040609 1486.91 1492.01 1446.10 1448.64 1567961
20040610 1448.64 1456.30 1426.97 1446.10 1796116
20040611 1448.64 1448.64 1424.41 1432.07 1346664
20040614 1432.07 1435.90 1402.74 1402.74 2430890
20040615 1414.21 1423.14 1402.74 1420.59 2018822
20040616 1418.05 1439.72 1411.67 1419.31 1484740
20040617 1418.05 1433.34 1400.19 1426.97 2885790
20040618 1415.49 1444.82 1415.49 1438.44 2363824
20040621 1444.82 1457.57 1429.52 1438.44 1259122
20040622 1434.62 1441.00 1410.39 1414.21 2117166
20040623 1415.49 1414.21 1405.29 1411.67 1883564
20040624 1410.39 1453.74 1410.39 1451.20 2345414
20040625 1448.64 1469.05 1448.64 1466.50 1608257
20040628 1448.64 1492.01 1448.64 1475.43 1739664
20040629 1466.50 1466.50 1437.17 1451.20 2176248
20040630 1456.30 1465.22 1438.44 1438.44 2858738
20040701 1441.00 1447.38 1421.87 1421.87 2343536
20040702 1419.31 1426.97 1389.98 1406.57 2178784
20040705 1402.74 1424.41 1401.46 1416.77 1161811
20040706 1425.69 1395.09 1387.44 1389.98 1968288
20040707 1389.98 1414.21 1389.98 1398.91 2261160
20040708 1395.09 1414.21 1391.26 1407.84 2977746
20040709 1400.19 1428.24 1395.09 1428.24 1748212
20040712 1423.14 1446.10 1421.87 1428.24 1617086
20040713 1439.72 1451.20 1432.07 1448.64 1991301
20040714 1448.64 1448.64 1424.41 1441.00 2354056
20040715 1434.62 1461.40 1434.62 1451.20 2178972
20040716 1456.30 1460.12 1425.69 1449.92 3068388
20040719 1439.72 1449.92 1430.79 1430.79 2322965
20040720 1425.69 1430.79 1412.94 1429.52 1504747
20040721 1437.17 1455.02 1437.17 1446.10 2061278
20040722 1433.34 1434.62 1391.26 1398.91 3769101
20040723 1396.36 1426.97 1396.36 1402.74 3395732
20040726 1402.74 1419.31 1395.09 1395.09 1336707
20040727 1397.64 1414.21 1397.64 1409.11 1316607
20040728 1412.94 1448.64 1412.94 1438.44 2903542
20040729 1435.90 1469.05 1435.90 1460.12 1909582
20040730 1457.57 1503.48 1456.30 1489.45 2804822
20040802 1492.01 1492.01 1463.95 1480.53 1347979
20040803 1480.53 1507.30 1480.53 1503.48 1993837
20040804 1497.10 1516.24 1486.91 1512.40 1668090
20040805 1527.71 1540.46 1504.76 1516.24 1966879
20040806 1513.68 1513.68 1479.25 1483.07 2241059
20040809 1490.73 1497.10 1457.57 1469.05 1309092
20040810 1460.12 1479.25 1460.12 1474.15 1564674
20040811 1474.15 1485.63 1465.22 1472.87 2226969
20040812 1483.07 1539.19 1470.33 1531.53 4597839
20040813 1530.26 1560.87 1520.06 1526.44 3494451
20040816 1525.16 1591.47 1513.68 1586.37 3384554
20040817 1576.16 1608.05 1567.24 1601.67 3006677
20040818 1571.06 1591.47 1565.96 1590.20 2532428
20040819 1588.92 1618.25 1587.64 1605.49 2560982
20040820 1595.30 1609.33 1585.10 1604.23 1501553
20040823 1599.12 1641.20 1599.12 1637.38 2252894
20040824 1641.20 1641.20 1588.92 1595.30 2853760
20040825 1587.64 1592.75 1555.77 1572.34 2798623
20040826 1585.10 1600.40 1577.44 1600.40 2314887
20040827 1601.67 1625.90 1596.57 1609.33 1485585
20040830 1609.33 1609.33 1609.33 1609.33 0
20040831 1604.23 1614.43 1590.20 1600.40 1684246
20040901 1620.80 1622.07 1605.49 1614.43 960521
20040902 1618.25 1622.07 1599.12 1611.87 1280444
20040903 1614.43 1614.43 1599.12 1610.59 901345
20040906 1599.12 1632.28 1599.12 1624.63 880587
20040907 1628.45 1628.45 1587.64 1592.75 1681616
20040908 1592.75 1606.77 1583.82 1601.67 1883470
20040909 1601.67 1605.49 1594.02 1600.40 1142368
20040910 1606.77 1619.53 1599.12 1608.05 1583554
20040913 1605.49 1623.35 1600.40 1604.23 1322900
20040914 1605.49 1606.77 1590.20 1596.57 1923484
20040915 1590.20 1601.67 1574.90 1580.00 2863716
20040916 1572.34 1614.43 1572.34 1610.59 1578763
20040917 1601.67 1659.06 1601.67 1652.68 3189651
20040920 1641.20 1653.96 1631.00 1643.76 1693827
20040921 1639.92 1673.09 1639.92 1666.71 2706291
20040922 1673.09 1660.33 1653.96 1657.78 1424156
20040923 1660.33 1664.16 1634.83 1636.10 1900189
20040924 1637.38 1641.20 1616.97 1628.45 1556220
20040927 1618.25 1636.10 1610.59 1624.63 1057643
20040928 1628.45 1675.63 1613.15 1671.81 2919322
20040929 1673.09 1696.04 1673.09 1690.94 3111126
20040930 1683.29 1693.49 1666.71 1689.66 2387025
20041001 1692.21 1715.16 1688.39 1710.06 2440565
20041004 1721.54 1730.47 1675.63 1676.91 2429951
20041005 1683.29 1685.83 1667.99 1680.73 2159246
20041006 1683.29 1707.52 1696.04 1701.14 1415796
20041007 1708.80 1730.47 1708.80 1730.47 3006113
20041008 1720.27 1738.12 1698.59 1716.44 2690604
20041011 1710.06 1733.02 1688.39 1692.21 1633900
20041012 1679.47 1689.66 1647.58 1661.61 2080440
20041013 1670.53 1670.53 1581.26 1595.30 5325885
20041014 1587.64 1623.35 1572.34 1619.53 4090715
20041015 1623.35 1625.90 1588.92 1609.33 2196724
20041018 1619.53 1624.63 1599.12 1605.49 1711579
20041019 1616.97 1623.35 1567.24 1571.06 2715590
20041020 1564.69 1564.69 1513.68 1544.29 4432617
20041021 1551.94 1565.96 1536.63 1550.67 3537283
20041022 1551.94 1564.69 1532.81 1534.09 2863904
20041025 1521.34 1546.83 1507.30 1525.16 1920854
20041026 1521.34 1576.16 1521.34 1571.06 4042717
20041027 1590.20 1595.30 1565.96 1580.00 2058648
20041028 1586.37 1595.30 1509.86 1534.09 3803291
20041029 1534.09 1545.57 1517.50 1522.61 2458411
20041101 1536.63 1558.31 1531.53 1553.21 1589753
20041102 1562.14 1573.62 1549.39 1554.49 2158589
20041103 1574.90 1574.90 1535.36 1550.67 1963310
20041104 1554.49 1577.44 1532.81 1571.06 2432769
20041105 1583.82 1588.92 1562.14 1565.97 2377914
20041108 1564.69 1573.62 1534.09 1546.83 2842112
20041109 1536.63 1568.52 1536.63 1568.52 2060339
20041110 1571.06 1622.07 1571.06 1610.59 4583280
20041111 1616.97 1628.45 1590.20 1619.53 1822322
20041112 1625.90 1629.73 1596.57 1627.18 2004451
20041115 1632.28 1647.58 1620.80 1632.28 2686096
20041116 1618.25 1618.25 1604.23 1606.77 2302301
20041117 1619.53 1656.50 1609.33 1646.30 2898188
20041118 1650.13 1656.50 1639.92 1653.96 2518056
20041119 1650.13 1659.06 1637.38 1642.48 2036011
20041122 1632.28 1643.76 1597.85 1613.15 2217764
20041123 1622.07 1622.07 1599.12 1609.33 3545643
20041124 1605.49 1609.33 1590.20 1602.95 3913376
20041125 1601.67 1632.28 1594.02 1629.73 5014603
20041126 1619.53 1637.38 1601.67 1623.35 5078757
20041129 1625.90 1659.06 1624.63 1655.23 9095080
20041130 1650.13 1652.68 1604.23 1619.53 37294816
20041201 1610.59 1619.53 1604.23 1619.53 7270034
20041202 1628.45 1628.45 1595.30 1599.12 4903485
20041203 1601.67 1601.67 1562.14 1574.90 4493953
20041206 1565.96 1565.96 1514.96 1522.61 6812128
20041207 1497.10 1536.63 1481.81 1536.63 7114769
20041208 1517.50 1525.16 1494.55 1511.14 6154060
20041209 1514.96 1535.36 1483.07 1497.10 6292981
20041210 1498.38 1517.50 1485.63 1493.28 3077405
20041213 1490.73 1520.06 1489.45 1513.68 3575137
20041214 1520.06 1503.48 1493.28 1497.10 2190055
20041215 1504.76 1485.63 1472.87 1484.35 3166450
20041216 1490.73 1502.20 1480.53 1498.38 3079378
20041217 1499.66 1503.48 1480.53 1480.53 4066199
20041220 1485.63 1522.61 1485.63 1514.96 2234672
20041221 1513.68 1554.49 1513.68 1540.46 3292222
20041222 1553.21 1567.24 1548.11 1555.77 2671443
20041223 1562.14 1564.69 1546.83 1563.42 1409315
20041224 1567.24 1567.24 1549.39 1558.31 228436
20041227 1558.31 1558.31 1558.31 1558.31 0
20041228 1558.31 1558.31 1558.31 1558.31 0
20041229 1558.31 1573.62 1557.04 1573.62 996965
20041230 1572.34 1572.34 1555.77 1567.24 850999
20041231 1562.14 1572.34 1539.19 1571.06 376468
20050103 1571.06 1571.06 1571.06 1571.06 0
20050104 1560.87 1571.06 1532.81 1545.57 2392567
20050105 1535.36 1558.31 1523.88 1546.83 2537969
20050106 1549.39 1574.90 1546.83 1573.62 2928433
20050107 1567.24 1573.62 1546.83 1560.87 2387589
20050110 1555.77 1567.24 1554.49 1557.04 1219202
20050111 1562.14 1586.37 1549.39 1559.59 2208465
20050112 1549.39 1577.44 1549.39 1559.59 2170424
20050113 1568.52 1573.62 1543.01 1553.21 1657382
20050114 1562.14 1588.92 1554.49 1580.00 4095693
20050117 1592.75 1608.05 1580.00 1605.49 2515238
20050118 1606.77 1606.77 1582.54 1596.57 2757482
20050119 1594.02 1601.67 1562.14 1576.16 3204210
20050120 1565.96 1576.16 1560.87 1569.79 2450427
20050121 1572.34 1586.37 1564.69 1583.82 2122426
20050124 1581.26 1599.12 1576.16 1596.57 2791578
20050125 1587.64 1590.20 1571.06 1587.64 3351397
20050126 1592.75 1578.72 1573.62 1578.72 1926208
20050127 1574.90 1591.47 1569.79 1583.82 1928086
20050128 1585.10 1587.64 1564.69 1565.97 1203891
20050131 1581.26 1581.26 1567.24 1571.06 1865623
20050201 1576.16 1636.10 1574.90 1631.00 7428868
20050202 1632.28 1684.56 1608.05 1660.33 6446274
20050203 1655.23 1664.16 1625.90 1633.55 3792395
20050204 1631.00 1642.48 1622.07 1637.38 2099507
20050207 1656.50 1671.81 1648.86 1666.71 2522753
20050208 1667.99 1682.01 1655.23 1675.63 3250423
20050209 1655.23 1678.19 1638.66 1650.13 2410695
20050210 1651.40 1674.36 1646.30 1661.61 1721066
20050211 1667.99 1693.49 1661.61 1689.66 2260314
20050214 1692.21 1692.21 1669.26 1676.91 1854352
20050215 1674.36 1692.21 1673.09 1685.83 1587593
20050216 1696.04 1704.96 1685.83 1690.94 3305466
20050217 1694.76 1715.16 1690.94 1708.80 3171053
20050218 1703.69 1726.64 1699.86 1718.99 4078786
20050221 1726.64 1727.92 1702.42 1710.06 1055107
20050222 1715.16 1721.54 1684.56 1704.96 2895089
20050223 1683.29 1689.66 1647.58 1664.16 4266363
20050224 1669.26 1670.53 1633.55 1638.66 4143033
20050225 1651.40 1659.06 1641.20 1652.68 5271500
20050228 1666.71 1692.21 1647.58 1653.96 4894280
20050301 1648.86 1665.43 1645.02 1662.88 2847936
20050302 1652.68 1653.96 1634.83 1651.40 2716717
20050303 1646.30 1678.19 1646.30 1671.81 2506785
20050304 1678.19 1678.19 1659.06 1674.35 2611892
20050307 1680.73 1690.94 1673.09 1684.56 1703032
20050308 1666.71 1688.39 1665.43 1673.09 2730337
20050309 1643.76 1656.50 1625.90 1641.20 3776427
20050310 1634.83 1601.67 1592.75 1601.67 3056647
20050311 1615.70 1619.53 1586.37 1594.02 3082571
20050314 1599.12 1610.59 1578.72 1585.10 1463700
20050315 1587.64 1604.23 1582.54 1599.12 2537030
20050316 1597.85 1636.10 1595.30 1616.97 3102203
20050317 1627.18 1645.02 1611.87 1639.92 3191154
20050318 1636.10 1655.23 1636.10 1645.02 3035513
20050321 1652.68 1655.23 1624.63 1632.28 3370183
20050322 1636.10 1638.66 1615.70 1629.73 3184767
20050323 1618.25 1628.45 1609.33 1618.25 3658734
20050324 1613.15 1615.70 1599.12 1600.40 2137173
20050325 1600.40 1600.40 1600.40 1600.40 0
20050328 1600.40 1600.40 1600.40 1600.40 0
20050329 1594.02 1601.67 1576.16 1591.47 2116696
20050330 1578.72 1597.85 1574.90 1588.92 2240965
20050331 1602.95 1610.59 1590.20 1600.40 2207808
20050401 1618.25 1631.00 1599.12 1616.97 3703256
20050404 1619.53 1619.53 1600.40 1609.33 1189708
20050405 1624.63 1624.63 1604.23 1613.15 1606003
20050406 1625.90 1629.73 1615.70 1622.07 2362228
20050407 1625.90 1632.28 1618.25 1622.07 2221615
20050408 1622.07 1632.28 1609.33 1624.63 2079406
20050411 1613.15 1623.35 1608.05 1619.53 1578481
20050412 1618.25 1627.18 1611.87 1615.70 1658979
20050413 1628.45 1632.28 1573.62 1583.82 3716782
20050414 1568.52 1600.40 1559.59 1567.24 4714593
20050415 1555.77 1564.69 1535.36 1555.77 3809490
20050418 1543.01 1543.01 1512.40 1516.24 4571351
20050419 1526.44 1535.36 1516.24 1523.88 3333644
20050420 1530.26 1540.46 1503.48 1509.86 3718379
20050421 1502.20 1520.06 1500.93 1508.58 2176811
20050422 1517.50 1521.34 1508.58 1514.96 2527825
20050425 1500.93 1522.61 1497.10 1518.78 2103171
20050426 1512.40 1527.71 1493.28 1500.93 2317235
20050427 1503.48 1506.03 1466.50 1474.15 2658481
20050428 1483.07 1483.07 1426.97 1441.00 4533028
20050429 1435.90 1486.91 1435.90 1480.53 5003144
20050502 1480.53 1480.53 1480.53 1480.53 0
20050503 1479.25 1508.58 1477.97 1508.58 2553656
20050504 1507.30 1511.14 1485.63 1509.86 2065599
20050505 1512.40 1528.98 1504.76 1527.71 2395760
20050506 1525.16 1562.14 1520.06 1560.87 3424286
20050509 1574.90 1582.54 1543.01 1549.39 4368182
20050510 1560.87 1560.87 1531.53 1539.19 2750907
20050511 1532.81 1540.46 1518.78 1532.81 2613770
20050512 1535.36 1549.39 1527.71 1536.63 2004921
20050513 1530.26 1534.09 1497.10 1516.24 3007898
20050516 1511.14 1532.81 1495.83 1530.26 1907234
20050517 1528.98 1555.77 1523.88 1548.11 2701406
20050518 1553.21 1605.49 1553.21 1592.75 3708986
20050519 1606.77 1615.70 1591.47 1601.67 3492103
20050520 1610.59 1638.66 1601.67 1627.18 3733126
20050523 1639.92 1647.58 1622.07 1642.48 2221522
20050524 1645.02 1661.61 1645.02 1657.78 2962718
20050525 1657.78 1657.78 1625.90 1642.48 3651219
20050526 1645.02 1689.66 1631.00 1683.29 3806954
20050527 1692.21 1694.76 1680.73 1688.39 2526510
20050530 1688.39 1688.39 1688.39 1688.39 0
20050531 1702.42 1716.44 1671.81 1673.09 3905016
20050601 1683.29 1701.14 1664.16 1701.14 3417148
20050602 1706.24 1706.24 1683.29 1699.86 2499928
20050603 1699.86 1699.86 1699.86 1699.86 0
20050606 1703.69 1711.34 1683.29 1687.11 2020888
20050607 1682.01 1687.11 1665.43 1679.47 3433210
20050608 1675.63 1683.29 1666.71 1678.19 1185481
20050609 1676.91 1680.73 1673.09 1675.63 2014313
20050610 1689.66 1689.66 1665.43 1680.73 1980593
20050613 1675.63 1698.59 1675.63 1694.76 1954011
20050614 1698.59 1698.59 1669.26 1689.66 2402993
20050615 1694.76 1694.76 1667.99 1671.81 3117513
20050616 1683.29 1727.92 1683.29 1715.16 2927964
20050617 1713.90 1733.02 1710.06 1716.44 4429048
20050620 1720.27 1725.37 1707.52 1713.90 1637375
20050621 1712.62 1715.16 1675.63 1688.39 1809829
20050622 1689.66 1698.59 1675.63 1679.47 2186298
20050623 1673.09 1689.66 1667.99 1676.91 1899814
20050624 1667.99 1673.09 1633.55 1639.92 2684123
20050627 1639.92 1647.58 1623.35 1638.66 2679803
20050628 1638.66 1662.88 1638.66 1646.30 1712800
20050629 1657.78 1662.88 1637.38 1655.23 1746333
20050630 1655.23 1683.29 1655.23 1669.26 2548489
20050701 1671.81 1688.39 1660.33 1683.29 1649304
20050704 1692.21 1707.52 1665.43 1703.69 1672599
20050705 1711.34 1711.34 1671.81 1678.19 2337618
20050706 1684.56 1694.76 1667.99 1688.39 2230727
20050707 1687.11 1689.66 1601.67 1661.61 3949163
20050708 1676.91 1679.47 1659.06 1673.09 1586372
20050711 1683.29 1694.76 1676.91 1688.39 1993461
20050712 1692.21 1696.04 1685.83 1692.21 1666493
20050713 1696.04 1713.90 1688.39 1704.96 1553121
20050714 1712.62 1725.37 1702.42 1713.90 8228676
20050715 1708.80 1713.90 1693.49 1698.59 4358413
20050718 1698.59 1715.16 1687.11 1689.66 4424821
20050719 1698.59 1698.59 1659.06 1675.63 11074546
20050720 1690.94 1716.44 1687.11 1706.24 5983296
20050721 1708.80 1762.35 1708.80 1750.87 5922806
20050722 1754.70 1781.48 1740.67 1778.92 4644992
20050725 1770.00 1790.40 1755.97 1784.03 4271247
20050726 1773.82 1789.13 1766.18 1778.92 3461107
20050727 1789.13 1818.46 1782.76 1803.15 4935703
20050728 1817.19 1819.73 1801.88 1818.46 3242627
20050729 1829.94 1837.58 1821.01 1836.32 3238870
20050801 1841.42 1841.42 1801.88 1812.09 3399019
20050802 1804.43 1835.04 1804.43 1831.21 3035983
20050803 1842.68 1872.01 1822.29 1865.64 5573577
20050804 1841.42 1883.49 1837.58 1874.57 6863132
20050805 1859.27 1906.44 1859.27 1888.59 4752728
20050808 1894.97 1917.92 1888.59 1912.82 3395544
20050809 1903.90 1925.58 1893.70 1901.34 3821231
20050810 1901.34 1907.72 1875.85 1889.87 5243039
20050811 1880.95 1896.25 1861.82 1879.67 3326506
20050812 1882.22 1893.70 1877.11 1880.95 4036142
20050815 1882.22 1889.87 1870.75 1874.57 2768472
20050816 1880.95 1883.49 1849.06 1851.62 4907712
20050817 1821.01 1832.48 1787.86 1799.33 6787049
20050818 1798.05 1798.05 1773.82 1777.66 3445514
20050819 1787.86 1803.15 1780.20 1790.40 3090368
20050822 1799.33 1818.46 1799.33 1808.25 1597361
20050823 1804.43 1818.46 1799.33 1800.61 1260343
20050824 1800.61 1800.61 1750.87 1752.15 6032421
20050825 1736.85 1761.07 1730.47 1755.97 3864721
20050826 1763.62 1767.45 1740.67 1750.87 3535874
20050829 1750.87 1750.87 1750.87 1750.87 0
20050830 1750.87 1772.55 1747.05 1755.97 2868976
20050831 1764.90 1796.78 1762.35 1787.86 4162383
20050901 1795.51 1817.19 1790.40 1800.61 2994654
20050902 1810.81 1824.84 1798.05 1822.29 4905458
20050905 1817.19 1826.11 1809.53 1822.29 3851946
20050906 1828.66 1838.86 1806.99 1837.58 3521879
20050907 1837.58 1846.52 1829.94 1845.24 3359757
20050908 1847.79 1847.79 1824.84 1831.21 3996879
20050909 1829.94 1842.68 1829.94 1842.68 3306311
20050912 1849.06 1849.06 1831.21 1836.32 2540505
20050913 1837.58 1841.42 1817.19 1827.39 2078279
20050914 1823.56 1845.24 1823.56 1845.24 2036199
20050915 1849.06 1886.05 1849.06 1886.05 6329332
20050916 1880.95 1984.24 1880.95 1981.68 15700940
20050919 1975.32 2009.75 1962.56 1994.44 6694153
20050920 2005.91 2059.47 2005.91 2041.62 13045089
20050921 2022.49 2054.38 2012.29 2046.72 7300561
20050922 2053.10 2083.71 2048.00 2058.20 8362525
20050923 2059.47 2090.08 2054.38 2084.98 4458166
20050926 2104.10 2133.43 2100.28 2133.43 5904865
20050927 2132.17 2132.17 2084.98 2093.90 6216147
20050928 2104.10 2183.17 2093.90 2172.97 6669262
20050929 2187.00 2212.50 2119.41 2144.91 8954468
20050930 2167.86 2174.24 2124.51 2155.12 5395675
20051003 2161.49 2180.62 2102.84 2124.51 6174630
20051004 2133.43 2133.43 2095.18 2115.58 3039458
20051005 2078.61 2091.36 2028.87 2028.87 6016923
20051006 2014.85 2114.31 1991.89 2104.10 10578318
20051007 2088.81 2123.24 2059.47 2074.77 5828407
20051010 2076.05 2104.10 2068.41 2072.23 4940305
20051011 2065.85 2138.53 2065.85 2120.68 6737079
20051012 2119.41 2127.06 2101.56 2114.31 5952394
20051013 2097.73 2097.73 2009.75 2019.94 7800734
20051014 2017.39 2037.80 2002.09 2003.37 4625924
20051017 2014.85 2051.82 1999.54 2048.00 5513650
20051018 2063.30 2081.15 2019.94 2035.24 4880284
20051019 2008.47 2027.60 1944.71 1952.36 8603454
20051020 1995.71 2009.75 1935.78 1947.25 4757707
20051021 1944.71 1960.01 1909.00 1919.20 3953296
20051024 1935.78 2013.57 1915.38 2008.47 4548338
20051025 2013.57 2059.47 1989.34 1993.16 4596994
20051026 2002.09 2116.86 2002.09 2114.31 15599027
20051027 2113.04 2144.91 2093.90 2113.04 11402548
20051028 2087.53 2105.38 2060.75 2082.43 8329181
20051031 2104.10 2133.43 2087.53 2129.61 5630498
20051101 2125.79 2153.84 2113.04 2141.09 5326073
20051102 2141.09 2151.29 2102.84 2139.81 4217144
20051103 2147.47 2179.34 2142.37 2179.34 4050701
20051104 2167.86 2178.07 2138.53 2142.37 3784411
20051107 2144.91 2175.52 2119.41 2170.42 4065260
20051108 2170.42 2217.60 2170.42 2217.60 6940624
20051109 2204.85 2213.77 2170.42 2201.03 3550715
20051110 2217.60 2223.98 2194.65 2204.85 4321405
20051111 2225.25 2272.43 2203.57 2264.79 3716970
20051114 2276.27 2295.39 2255.86 2266.06 3563396
20051115 2272.43 2315.79 2266.06 2310.70 4851166
20051116 2319.62 2319.62 2248.21 2278.81 4819982
20051117 2289.01 2332.37 2283.91 2309.42 6273162
20051118 2345.13 2383.38 2338.75 2341.29 7246270
20051121 2356.60 2364.26 2332.37 2347.67 4391946
20051122 2354.05 2378.28 2331.09 2336.19 3210034
20051123 2346.40 2362.98 2333.65 2360.42 3040679
20051124 2371.90 2402.51 2369.36 2392.31 2097441
20051125 2406.33 2424.19 2384.66 2396.13 2708075
20051128 2410.16 2411.43 2341.29 2342.57 4928470
20051129 2352.78 2384.66 2336.19 2384.66 6214832
20051130 2370.62 2370.62 2309.42 2315.79 6066612
20051201 2325.99 2345.13 2294.12 2338.75 6398276
20051202 2354.05 2383.38 2338.75 2383.38 4702288
20051205 2375.73 2375.73 2320.89 2328.55 3916382
20051206 2323.45 2364.26 2309.42 2352.78 7861413
20051207 2359.15 2408.89 2357.88 2369.36 4332958
20051208 2356.60 2375.73 2338.75 2375.73 3598337
20051209 2388.48 2439.49 2378.28 2426.74 5057811
20051212 2445.86 2454.79 2416.54 2422.91 5285495
20051213 2410.16 2428.02 2384.66 2419.09 7094104
20051214 2413.99 2422.91 2388.48 2397.41 6395740
20051215 2383.38 2411.43 2374.46 2383.38 6271096
20051216 2371.90 2421.64 2371.90 2402.51 6738676
20051219 2415.26 2429.28 2403.79 2413.99 2824454
20051220 2410.16 2428.02 2402.51 2426.74 5617254
20051221 2419.09 2473.92 2419.09 2471.37 3783190
20051222 2467.55 2475.19 2454.79 2468.82 2188740
20051223 2461.17 2486.67 2461.17 2477.75 590251
20051226 2477.75 2477.75 2477.75 2477.75 0
20051227 2477.75 2477.75 2477.75 2477.75 0
20051228 2512.18 2512.18 2485.40 2504.52 1973172
20051229 2508.35 2536.41 2507.08 2518.55 1221174
20051230 2517.28 2523.65 2493.05 2523.65 1014812
20060102 2523.65 2523.65 2523.65 2523.65 0
20060103 2540.23 2601.45 2540.23 2601.45 15482555
20060104 2614.19 2652.45 2583.59 2612.92 5186870
20060105 2607.82 2607.82 2538.95 2545.33 4539415
20060106 2559.36 2593.79 2505.80 2593.79 6404193
20060109 2603.99 2606.55 2559.36 2567.02 3741767
20060110 2564.46 2564.46 2479.02 2485.40 8306544
20060111 2507.08 2519.83 2495.60 2516.00 6913008
20060112 2523.65 2552.98 2507.08 2550.43 6122312
20060113 2550.43 2554.26 2500.70 2538.95 3798782
20060116 2584.87 2586.14 2527.48 2544.06 5901578
20060117 2519.83 2575.94 2510.90 2567.02 7362084
20060118 2517.28 2535.13 2494.32 2527.48 6291384
20060119 2560.64 2579.76 2544.06 2559.36 6133395
20060120 2570.84 2618.02 2556.81 2570.84 6028007
20060123 2547.88 2564.46 2528.75 2559.36 4873803
20060124 2573.38 2579.76 2526.21 2532.59 4719947
20060125 2555.54 2644.80 2540.23 2643.52 7935147
20060126 2656.27 2706.01 2633.32 2704.74 7206162
20060127 2714.94 2804.20 2714.94 2788.90 9893949
20060130 2805.47 2830.98 2746.82 2760.84 4946223
20060131 2767.22 2786.35 2716.21 2754.47 6905776
20060201 2762.12 2830.98 2753.19 2806.75 5563902
20060202 2811.85 2848.83 2757.02 2763.40 5777497
20060203 2779.97 2779.97 2712.39 2749.37 5894251
20060206 2751.92 2777.42 2734.07 2739.17 6793436
20060207 2749.37 2764.68 2648.63 2661.37 6984583
20060208 2579.76 2632.04 2535.13 2565.74 13431796
20060209 2619.30 2662.65 2596.35 2658.83 6685324
20060210 2652.45 2669.03 2581.04 2589.97 8824282
20060213 2524.93 2619.30 2524.93 2614.19 9662132
20060214 2603.99 2639.70 2582.31 2623.12 6877879
20060215 2630.78 2633.32 2582.31 2600.17 9831956
20060216 2598.89 2607.82 2547.88 2578.49 6250619
20060217 2581.04 2773.60 2544.06 2735.34 15013941
20060220 2728.97 2750.64 2685.60 2716.21 5054242
20060221 2728.97 2762.12 2713.66 2731.51 5595556
20060222 2773.60 2816.96 2748.09 2804.20 9623151
20060223 2822.06 2933.00 2778.70 2796.55 7261204
20060224 2791.45 2791.45 2690.70 2753.19 6725338
20060227 2754.47 2778.70 2739.17 2759.56 4509921
20060228 2742.99 2746.82 2698.36 2712.39 9588585
20060301 2712.39 2764.68 2712.39 2757.02 3485810
20060302 2754.47 2797.83 2703.46 2748.09 5377640
20060303 2739.17 2772.32 2709.84 2720.04 5086365
20060306 2824.70 2851.03 2790.48 2803.65 6172803
20060307 2790.48 2790.48 2679.92 2698.34 10428146
20060308 2632.53 2644.37 2533.81 2619.37 9261071
20060309 2639.11 2678.60 2562.77 2595.68 8511504
20060310 2553.56 2607.53 2536.44 2603.57 12880687
20060313 2631.22 2678.60 2571.99 2614.11 5675033
20060314 2599.63 2631.22 2587.78 2631.22 4574115
20060315 2644.37 2711.51 2632.53 2694.40 9292921
20060316 2731.25 2731.25 2652.27 2719.41 5469555
20060317 2718.09 2777.32 2666.76 2678.60 6982885
20060320 2764.15 2798.38 2707.56 2715.46 4079257
20060321 2722.03 2722.03 2652.27 2698.34 3127579
20060322 2679.92 2682.55 2639.11 2653.59 4838197
20060323 2718.09 2768.11 2702.30 2735.20 7243054
20060324 2744.42 2840.51 2737.83 2832.60 6514053
20060327 2843.13 2895.78 2816.81 2826.02 6838741
20060328 2833.92 2839.19 2797.07 2819.44 7563738
20060329 2810.23 2862.88 2799.70 2828.66 4409769
20060330 2853.67 2981.34 2853.67 2956.33 6316128
20060331 2966.87 2995.82 2910.26 2919.48 5379010
20060403 2973.45 3019.52 2941.86 3012.93 5589948
20060404 3016.88 3062.96 2972.13 3062.96 7586670
20060405 3111.65 3148.51 3087.96 3124.81 6464549
20060406 3165.62 3178.78 3098.49 3149.82 6263803
20060407 3147.20 3149.82 3048.47 3077.43 12425505
20060410 3081.37 3169.57 3060.32 3165.62 5997446
20060411 3235.38 3270.92 3182.74 3191.94 8303022
20060412 3164.31 3189.31 3115.60 3149.82 7729631
20060413 3166.93 3177.46 3080.07 3114.29 3647553
20060414 3114.29 3114.29 3114.29 3114.29 0
20060417 3114.29 3114.29 3114.29 3114.29 0
20060418 3177.46 3191.94 3157.73 3188.00 10569924
20060419 3214.32 3240.65 3199.85 3228.80 11504039
20060420 3244.59 3257.76 3110.34 3140.62 15975961
20060421 3139.30 3248.55 3094.54 3238.01 5782959
20060424 3243.27 3326.21 3226.16 3239.33 6516601
20060425 3234.07 3263.02 3173.52 3190.63 5828368
20060426 3209.05 3230.12 3170.89 3181.42 4450901
20060427 3165.62 3170.89 3002.41 3072.16 10440886
20060428 3053.74 3115.60 3012.93 3073.48 6620523
20060501 3073.48 3073.48 3073.48 3073.48 0
20060502 3086.65 3176.15 3086.65 3166.93 4791059
20060503 3184.04 3247.23 3106.38 3118.23 9159242
20060504 3093.23 3176.15 3066.90 3159.04 6704516
20060505 3164.31 3277.51 3160.35 3259.08 6410859
20060508 3291.98 3553.92 3194.58 3261.70 11064873
20060509 3284.09 3340.68 3248.55 3326.21 7211386
20060510 3336.74 3372.27 3289.35 3355.16 7413497
20060511 3364.37 3431.51 3339.36 3352.53 6034483
20060512 3293.30 3318.31 3174.83 3191.94 7645729
20060515 3110.34 3205.64 2931.33 3003.71 12546080
20060516 2961.59 3073.90 2895.78 2915.53 8386469
20060517 2961.59 3013.49 2720.73 2748.36 10753198
20060518 2731.25 2836.55 2685.19 2737.83 13712245
20060519 2715.46 2816.81 2661.49 2682.55 10902802
20060522 2586.46 2611.47 2466.68 2507.48 15263067
20060523 2533.81 2757.97 2533.81 2737.83 10124934
20060524 2685.19 2800.02 2571.38 2653.59 8634536
20060525 2645.69 2751.00 2640.43 2729.93 5175716
20060526 2777.32 2883.71 2790.48 2849.71 14004992
20060529 2849.71 2849.71 2849.71 2849.71 0
20060530 2869.46 2873.41 2785.22 2785.22 9122842
20060531 2698.34 2836.37 2665.44 2835.24 6807255
20060601 2835.24 2836.09 2714.14 2760.21 5125393
20060602 2812.86 2825.66 2731.74 2757.58 4124757
20060605 2787.86 2787.86 2735.20 2758.89 3264170
20060606 2678.60 2686.49 2587.78 2622.00 6668753
20060607 2631.22 2648.74 2552.24 2606.21 7357077
20060608 2512.75 2606.21 2428.25 2428.52 10814714
20060609 2474.58 2577.25 2474.58 2548.30 7603323
20060612 2527.23 2624.90 2509.38 2557.51 4896619
20060613 2449.57 2466.68 2399.55 2464.05 9583575
20060614 2477.21 2495.20 2363.75 2444.31 7391566
20060615 2493.01 2643.07 2485.11 2618.05 11172708
20060616 2698.34 2724.67 2549.60 2606.21 14154323
20060619 2593.04 2668.08 2537.10 2625.96 7850570
20060620 2573.30 2747.04 2566.71 2747.04 8554547
20060621 2753.63 2772.93 2712.82 2772.05 10655464
20060622 2816.81 2877.36 2734.52 2769.43 10364992
20060623 2764.15 2797.99 2711.18 2774.69 7270445
20060626 2790.48 2849.76 2790.48 2814.18 11546354
20060627 2847.09 2864.20 2606.21 2757.58 5567471
20060628 2749.68 2770.94 2710.85 2749.68 5459727
20060629 2777.32 2853.67 2739.15 2847.09 7717437
20060630 2903.68 2958.97 2889.21 2919.48 6734546
20060703 2941.86 2970.81 2910.26 2965.55 3842748
20060704 2965.55 2969.49 2940.54 2955.02 2583399
20060705 2939.22 2943.18 2857.62 2873.41 4946032
20060706 2891.83 2944.48 2862.88 2910.26 6115928
20060707 2910.26 3008.99 2885.25 2974.76 8026200
20060710 2989.24 2995.82 2910.26 2931.33 6268717
20060711 2922.11 2985.30 2914.21 2941.86 5330780
20060712 2973.45 3027.42 2955.02 2987.92 7199283
20060713 2952.38 2957.65 2860.24 2877.36 4988711
20060714 2812.86 2883.93 2808.91 2811.55 3976609
20060717 2831.29 2831.29 2756.26 2773.37 4178902
20060718 2729.93 2787.86 2716.77 2749.68 4975334
20060719 2769.43 2902.36 2745.74 2878.67 5970783
20060720 2908.94 2951.07 2835.24 2860.24 4664296
20060721 2815.49 2843.13 2756.26 2768.11 5374551
20060724 2770.74 2802.33 2754.94 2790.48 3593590
20060725 2799.70 2870.78 2799.70 2814.18 7023289
20060726 2814.18 2866.82 2799.70 2829.97 4829006
20060727 2877.36 2943.18 2849.71 2923.43 8938385
20060728 2890.52 2991.87 2860.24 2974.76 7071792
20060731 2974.76 3001.09 2903.68 2941.86 4235140
20060801 2941.86 2993.19 2901.05 2912.90 5991986
20060802 2927.37 2995.82 2915.53 2986.60 3805529
20060803 2986.60 2986.60 2986.60 2986.60 0
20060804 2997.14 3110.34 2974.76 3066.90 11712611
20060807 3043.21 3072.16 3007.67 3018.20 3702062
20060808 3049.79 3051.11 2993.19 3003.71 12613056
20060809 2989.24 3060.32 2955.02 3049.79 7090993
20060810 3020.83 3060.32 2961.59 3031.36 4001179
20060811 3037.94 3084.01 3012.93 3047.15 5656651
20060814 3093.23 3103.76 3048.47 3086.65 3279549
20060815 3068.22 3090.59 3033.99 3072.16 5876962
20060816 3094.54 3137.98 3073.48 3123.49 7986342
20060817 3162.99 3241.97 3159.04 3185.36 9967868
20060818 3172.20 3215.64 3114.29 3118.23 8573020
20060821 3172.20 3245.91 3112.97 3231.43 7442617
20060822 3251.18 3276.19 3207.74 3251.18 8778862
20060823 3185.36 3191.94 3131.40 3132.71 6295380
20060824 3095.86 3140.62 3072.16 3082.69 8416045
20060825 3086.65 3127.45 3051.11 3103.76 5299931
20060828 3103.76 3103.76 3103.76 3103.76 0
20060829 3118.23 3131.40 2994.51 3001.09 6163339
20060830 3006.35 3081.37 3001.09 3069.53 3349528
20060831 3086.65 3111.65 2976.08 2990.56 5804708
20060901 3001.09 3084.01 2994.51 3068.22 5987436
20060904 3076.11 3166.93 3065.58 3162.99 3889977
20060905 3168.25 3178.78 3116.92 3152.46 4237142
20060906 3153.77 3153.77 3043.21 3062.96 5739006
20060907 3045.83 3045.83 2936.59 2952.38 4309851
20060908 2972.13 3026.10 2914.21 2931.33 4619251
20060911 2865.52 2878.67 2769.43 2810.23 8341242
20060912 2793.12 2853.67 2762.85 2832.60 6634810
20060913 2837.87 2869.46 2818.12 2829.97 6090630
20060914 2856.30 2905.00 2840.51 2849.71 7933926
20060915 2828.66 2843.13 2754.94 2777.32 9453536
20060918 2797.07 2873.41 2760.21 2862.88 6736093
20060919 2882.63 2895.78 2801.01 2814.18 9762663
20060920 2786.54 2844.45 2710.19 2816.81 13012637
20060921 2822.08 2928.69 2822.08 2889.21 11562188
20060922 2870.78 2916.85 2797.07 2808.91 6065241
20060925 2827.34 2833.92 2670.70 2711.51 8713888
20060926 2751.00 2832.60 2731.25 2819.44 12262160
20060927 2844.45 2955.02 2844.45 2922.11 10161880
20060928 2960.29 3007.67 2947.12 2985.30 7014189
20060929 2980.02 3078.75 2915.53 2939.22 10441978
20061002 2955.02 3032.68 2955.02 3018.20 8716891
20061003 3011.62 3037.94 2911.58 2940.54 8956039
20061004 2893.15 2915.53 2835.24 2876.04 10280544
20061005 2935.27 2976.08 2898.42 2941.86 7715071
20061006 2941.86 2951.07 2890.52 2926.05 6992167
20061009 2927.37 3030.04 2912.90 3002.41 7726173
20061010 3007.67 3061.64 2970.81 3051.11 8575568
20061011 3053.74 3091.91 2994.51 3036.63 7057141
20061012 3041.89 3131.40 3032.68 3118.23 7650552
20061013 3124.81 3181.42 3074.80 3174.83 8968415
20061016 3178.78 3224.86 3173.52 3193.26 7648004
20061017 3202.47 3216.96 3087.96 3105.08 4970511
20061018 3135.34 3164.31 3120.87 3135.34 4830280
20061019 3132.71 3223.54 3105.08 3199.85 5121025
20061020 3230.12 3251.18 3141.92 3174.83 4441619
20061023 3238.01 3241.97 3139.30 3178.78 4783870
20061024 3145.88 3159.04 3087.96 3131.40 7866859
20061025 3164.31 3189.31 3132.71 3184.04 4494945
20061026 3215.64 3215.64 3085.33 3110.34 6601959
20061027 3124.81 3159.04 3068.22 3156.41 9739094
20061030 3128.77 3151.14 3081.37 3114.29 6034392
20061031 3105.08 3139.30 3076.11 3111.65 6445985
20061101 3122.19 3209.05 3122.19 3178.78 7361536
20061102 3159.04 3235.38 3128.77 3182.74 8108464
20061103 3178.78 3207.74 3136.66 3177.46 4289285
20061106 3160.35 3303.82 3160.35 3295.93 6069700
20061107 3295.93 3324.89 3266.98 3298.56 4502680
20061108 3270.92 3276.19 3198.53 3230.12 7420959
20061109 3243.27 3256.44 3195.89 3245.91 4089449
20061110 3244.59 3343.32 3216.96 3285.40 10435062
20061113 3213.01 3261.70 3160.35 3193.26 7496762
20061114 3220.90 3251.18 3188.00 3211.69 4895436
20061115 3234.07 3276.19 3176.15 3269.60 7690137
20061116 3273.55 3323.57 3248.55 3265.66 5407129
20061117 3228.80 3238.01 3119.55 3156.41 8717801
20061120 3180.10 3239.33 3132.71 3218.27 5138861
20061121 3199.85 3256.44 3193.26 3202.47 4810897
20061122 3245.91 3274.87 3160.35 3174.83 7628803
20061123 3194.58 3194.58 3141.92 3180.10 4788056
20061124 3152.46 3215.64 3122.19 3199.85 4024202
20061127 3216.96 3235.38 3136.66 3143.24 7644546
20061128 3119.55 3165.62 3073.48 3102.44 6512961
20061129 3149.82 3155.09 3085.33 3116.92 5057416
20061130 3119.55 3137.98 3093.23 3109.02 6811350
20061201 3112.97 3155.09 3066.90 3095.86 5192369
20061204 3095.86 3144.56 3089.27 3130.08 5221944
20061205 3147.20 3260.40 3135.34 3231.43 9051225
20061206 3247.23 3284.09 3214.32 3257.76 8947576
20061207 3235.38 3253.81 3197.21 3211.69 5279547
20061208 3162.99 3202.47 3152.46 3185.36 5012735
20061211 3199.85 3222.22 3180.10 3206.43 5551000
20061212 3238.01 3238.01 3201.15 3215.64 6347068
20061213 3205.11 3245.91 3202.47 3244.59 5942846
20061214 3248.55 3318.31 3243.27 3313.04 7342881
20061215 3310.41 3331.47 3286.71 3294.62 7945392
20061218 3270.92 3303.82 3248.55 3265.66 5917093
20061219 3231.43 3305.14 3193.26 3274.87 6304389
20061220 3301.20 3303.82 3228.80 3239.33 3945214
20061221 3239.33 3276.19 3194.58 3205.11 6935019
20061222 3207.74 3207.74 3174.83 3201.15 1674400
20061225 3201.15 3201.15 3201.15 3201.15 0
20061226 3201.15 3201.15 3201.15 3201.15 0
20061227 3232.75 3268.29 3218.27 3260.40 1865045
20061228 3281.45 3306.46 3244.59 3273.55 1302392
20061229 3257.76 3295.93 3234.07 3278.82 1701518
20070101 3278.82 3278.82 3278.82 3278.82 0
20070102 3297.24 3364.37 3261.70 3360.43 3685864
20070103 3356.48 3356.48 3223.54 3235.38 8929831
20070104 3185.36 3186.68 3137.98 3159.04 10028747
20070105 3131.40 3164.31 3066.90 3066.90 7457814
20070108 3069.53 3151.14 3045.83 3116.92 5366452
20070109 3147.20 3172.20 3105.08 3124.81 12490934
20070110 3102.44 3166.93 3093.23 3149.82 5960045
20070111 3188.00 3263.02 3159.04 3248.55 9321131
20070112 3223.54 3245.91 3185.36 3206.43 9093904
20070115 3219.58 3240.65 3198.53 3206.43 2824367
20070116 3172.20 3203.79 3139.30 3139.30 7629986
20070117 3106.38 3147.20 3033.99 3072.16 10152598
20070118 3089.27 3114.29 3061.64 3080.07 10983246
20070119 3055.05 3080.07 3036.63 3077.43 5318131
20070122 3094.54 3144.56 3084.01 3098.49 6709430
20070123 3098.49 3152.46 3085.33 3144.56 4467827
20070124 3181.42 3241.97 3157.73 3201.15 8053955
20070125 3206.43 3227.48 3172.20 3190.63 6038214
20070126 3159.04 3181.42 3107.70 3116.92 7064876
20070129 3152.46 3160.35 3095.86 3112.97 4215211
20070130 3080.07 3145.88 3061.64 3143.24 8144227
20070131 3134.03 3159.04 3105.08 3111.65 6154239
20070201 3126.13 3222.22 3126.13 3172.20 8654829
20070202 3165.62 3210.37 3118.23 3149.82 5264805
20070205 3106.38 3168.25 3097.18 3149.82 4610515
20070206 3161.67 3219.58 3149.82 3165.62 5166707
20070207 3224.86 3274.87 3178.78 3252.49 7475195
20070208 3231.43 3243.27 3184.04 3216.96 5605327
20070209 3249.86 3264.34 3223.54 3247.23 4510870
20070212 3218.27 3253.81 3185.36 3223.54 2695602
20070213 3243.27 3295.93 3211.69 3284.09 5794061
20070214 3318.31 3380.18 3318.31 3380.18 7128758
20070215 3389.38 3401.23 3338.05 3382.80 4893525
20070216 3370.96 3370.96 3311.73 3340.68 5940480
20070219 3402.55 3453.88 3374.90 3451.25 6170801
20070220 3442.03 3488.11 3390.70 3424.92 7288281
20070221 3359.11 3405.18 3305.14 3338.05 12445980
20070222 3377.54 3428.87 3340.68 3372.27 11167885
20070223 3389.38 3442.03 3351.21 3432.82 8376277
20070226 3453.88 3480.21 3443.35 3461.78 4890977
20070227 3376.22 3393.33 3235.38 3299.88 11842559
20070228 3224.86 3251.18 3164.31 3180.10 16546895
20070301 3174.83 3234.07 3047.15 3143.24 12323130
20070302 3155.09 3234.07 3082.69 3190.63 12812164
20070305 3099.80 3174.83 3060.32 3135.34 7798154
20070306 3181.42 3231.43 3162.99 3184.04 11898706
20070307 3186.68 3211.69 3165.62 3178.78 8323042
20070308 3198.53 3331.47 3188.00 3224.86 10225125
20070309 3218.27 3295.93 3193.26 3247.23 6813807
20070312 3343.32 3343.32 3278.82 3302.52 8424781
20070313 3311.73 3336.74 3261.70 3266.98 6997718
20070314 3155.09 3173.52 3098.49 3098.49 9199282
20070315 3185.36 3274.87 3174.83 3274.87 7963228
20070316 3251.18 3294.62 3211.69 3265.66 9841651
20070319 3323.57 3356.48 3291.98 3340.68 5102734
20070320 3343.32 3386.76 3291.98 3382.80 8471828
20070321 3356.48 3460.46 3356.48 3434.14 7020559
20070322 3485.47 3506.54 3439.41 3476.26 6975059
20070323 3474.94 3489.42 3439.41 3470.99 10290645
20070326 3490.74 3532.86 3428.87 3444.67 6561919
20070327 3492.05 3509.16 3459.14 3472.31 5572203
20070328 3448.62 3464.42 3398.60 3424.92 7231406
20070329 3449.93 3536.80 3436.77 3518.38 7338695
20070330 3532.86 3553.92 3507.85 3523.65 4468282
20070402 3506.54 3535.49 3493.37 3527.59 3085901
20070403 3553.92 3613.15 3548.65 3599.99 6551181
20070404 3632.89 3632.89 3551.29 3588.14 5536713
20070405 3582.88 3635.53 3559.19 3610.52 4402762
20070406 3610.52 3610.52 3610.52 3610.52 0
20070409 3610.52 3610.52 3610.52 3610.52 0
20070410 3631.58 3680.27 3619.74 3659.22 8020285
20070411 3661.86 3698.70 3613.15 3639.47 6364176
20070412 3625.00 3648.69 3577.62 3607.89 5977699
20070413 3605.25 3619.74 3561.81 3606.57 3934749
20070416 3622.36 3643.43 3594.73 3627.63 5075616
20070417 3630.26 3652.64 3565.77 3635.53 5107375
20070418 3665.80 3684.23 3544.70 3560.49 6853028
20070419 3478.89 3544.70 3459.14 3528.91 7139496
20070420 3552.60 3603.93 3542.08 3590.77 3894163
20070423 3606.57 3609.20 3549.97 3598.67 4959318
20070424 3574.98 3618.42 3499.96 3517.07 4809987
20070425 3540.76 3584.20 3510.48 3568.40 4650646
20070426 3603.93 3646.05 3507.85 3530.23 7589946
20070427 3519.69 3536.80 3432.82 3524.96 6756295
20070430 3521.01 3536.80 3493.37 3513.11 4209205
20070501 3507.85 3507.85 3443.35 3488.11 2987803
20070502 3522.33 3578.92 3522.33 3578.92 6798155
20070503 3573.66 3678.97 3553.92 3647.37 5495217
20070504 3686.86 3794.79 3685.55 3790.85 6377098
20070507 3790.85 3790.85 3790.85 3790.85 0
20070508 3852.71 3871.14 3688.18 3711.87 4273633
20070509 3822.44 3948.80 3744.78 3855.34 8374002
20070510 3777.68 3850.08 3736.88 3753.99 9932833
20070511 3678.97 3929.05 3676.33 3863.24 17553264
20070514 3902.73 3910.63 3750.04 3782.94 7020286
20070515 3751.36 3817.18 3731.62 3809.27 8760025
20070516 3785.58 3835.60 3753.99 3779.00 5848843
20070517 3809.27 3809.27 3684.23 3705.29 6410495
20070518 3684.23 3815.86 3653.96 3784.26 6784505
20070521 3804.01 3950.11 3775.05 3913.26 10760569
20070522 3911.94 3986.97 3881.67 3886.93 11066693
20070523 3907.99 3947.48 3897.46 3913.26 5850299
20070524 3882.99 3914.57 3811.91 3825.07 5854212
20070525 3764.52 3879.03 3757.94 3869.82 4162431
20070528 3869.82 3869.82 3869.82 3869.82 0
20070529 3884.30 3906.68 3856.66 3872.45 2604238
20070530 3813.22 3892.20 3807.96 3836.91 6032390
20070531 3869.82 4009.35 3869.82 4000.13 7670208
20070601 4000.13 4000.13 4000.13 4000.13 0
20070604 4080.43 4102.80 4030.41 4054.10 5543902
20070605 4054.10 4079.11 4006.71 4034.35 4812717
20070606 4047.52 4047.52 3859.30 3869.82 8462364
20070607 3917.21 3943.54 3800.05 3859.30 6181539
20070608 3804.01 3873.77 3756.63 3859.30 5593588
20070611 3915.89 3922.47 3868.51 3922.47 4938752
20070612 3923.79 3976.44 3875.09 3884.30 5063422
20070613 3826.38 4006.71 3826.38 4000.13 6568198
20070614 4040.93 4069.89 3961.96 4021.20 15923363
20070615 4052.78 4198.89 4027.77 4163.35 12630801
20070618 4185.73 4185.73 4108.07 4129.13 8738822
20070619 4152.82 4168.62 4031.73 4052.78 7446894
20070620 4080.43 4152.82 4059.36 4080.43 8067605
20070621 4071.21 4114.65 3979.08 4026.46 6055868
20070622 4047.52 4073.85 3981.70 3997.51 4668755
20070625 3948.80 3961.96 3859.30 3942.22 8216845
20070626 3929.05 3938.26 3876.41 3889.57 7081165
20070627 3850.08 3850.08 3765.83 3826.38 7890428
20070628 3879.03 3904.04 3777.68 3825.07 7393477
20070629 3479.62 3528.73 3424.52 3527.53 8415954
20070702 3210.05 3210.05 3210.05 3210.05 0
20070703 3210.05 3210.05 3210.05 3210.05 0
20070704 3190.00 3200.00 3159.00 3177.00 3864600
20070705 3217.00 3238.00 3156.00 3191.00 8739200
20070706 3168.00 3284.00 3157.00 3267.00 8189600
20070709 3302.00 3343.00 3255.00 3324.00 8377000
20070710 3306.00 3332.00 3173.00 3204.00 9742800
20070711 3180.00 3253.00 3165.00 3230.00 8038800
20070712 3282.00 3319.00 3236.00 3319.00 11409000
20070713 3352.00 3364.00 3279.00 3295.00 5807500
20070716 3278.00 3316.00 3240.00 3277.00 7621000
20070717 3270.00 3278.00 3213.00 3224.00 6967700
20070718 3169.00 3200.00 3100.00 3100.00 9184100
20070719 3137.00 3218.00 3119.00 3202.00 8709100
20070720 3202.00 3265.00 3167.00 3176.00 5531000
20070723 3165.00 3261.00 3165.00 3257.00 5293200
20070724 3254.00 3283.00 3133.00 3133.00 7169400
20070725 3100.00 3163.00 3020.00 3040.00 7907700
20070726 3070.00 3075.00 2853.00 2853.00 12766500
20070727 2829.00 2848.00 2720.00 2739.00 16673900
20070730 2751.00 2810.00 2729.00 2760.00 12571600
20070731 2794.00 2915.00 2788.00 2904.00 14191900
20070801 2790.00 2871.00 2754.00 2798.00 14729400
20070802 2816.00 2843.00 2743.00 2769.00 10482800
20070803 2840.00 2881.00 2751.00 2759.00 10971100
20070806 2710.00 2785.00 2666.00 2685.00 11975000
20070807 2730.00 2798.00 2728.00 2798.00 12462900
20070808 2852.00 2862.00 2800.00 2845.00 12326800
20070809 2841.00 2867.00 2740.00 2759.00 13748500
20070810 2716.00 2724.00 2600.00 2600.00 14950200
20070813 2670.00 2837.00 2667.00 2816.00 15127900
20070814 2803.00 2893.00 2764.00 2779.00 10532300
20070815 2739.00 2770.00 2656.00 2725.00 10990500
20070816 2630.00 2653.00 2451.00 2470.00 18697600
20070817 2484.00 2687.00 2403.00 2539.00 26468200
20070820 2599.00 2690.00 2589.00 2616.00 13215200
20070821 2635.00 2676.00 2578.00 2604.00 10014800
20070822 2621.00 2776.00 2621.00 2752.00 10609100
20070823 2848.00 2868.00 2728.00 2728.00 10363400
20070824 2728.00 2779.00 2699.00 2763.00 7967800
20070827 2763.00 2763.00 2763.00 2763.00 0
20070828 2770.00 2795.00 2702.00 2720.00 7232000
20070829 2700.00 2741.00 2657.00 2712.00 11000800
20070830 2735.00 2779.00 2711.00 2771.00 8154500
20070831 2826.00 2863.00 2716.00 2844.00 6720300
20070903 2872.00 2876.00 2816.00 2841.00 3383200
20070904 2847.00 2886.00 2801.00 2871.00 6078400
20070905 2865.00 2929.00 2834.00 2841.00 9498900
20070906 2885.00 2944.00 2831.00 2918.00 7807300
20070907 2935.00 2977.00 2768.00 2776.00 17626400
20070910 2780.00 2819.00 2707.00 2719.00 8640000
20070911 2750.00 2827.00 2727.00 2827.00 7173600
20070912 2820.00 2860.00 2750.00 2795.00 5367600
20070913 2816.00 2921.00 2793.00 2908.00 9081300
20070914 2886.00 2928.00 2705.00 2892.00 5859900
20070917 2868.00 2894.00 2823.00 2845.00 6547400
20070918 2821.00 2908.00 2817.00 2890.00 9312000
20070919 3027.00 3174.00 3000.00 3129.00 20458500
20070920 3098.00 3200.00 3092.00 3182.00 8795400
20070921 3182.00 3208.00 3147.00 3147.00 15028900
20070924 3160.00 3291.00 3160.00 3277.00 10252100
20070925 3257.00 3259.00 3133.00 3179.00 12617500
20070926 3171.00 3350.00 3161.00 3221.00 10472700
20070927 3261.00 3301.00 3187.00 3251.00 8233000
20070928 3280.00 3300.00 3238.00 3289.00 9858700
20071001 3250.00 3385.00 3230.00 3360.00 8739400
20071002 3390.00 3400.00 3259.00 3280.00 9877000
20071003 3289.00 3318.00 3245.00 3297.00 5354100
20071004 3232.00 3295.00 3188.00 3248.00 6163700
20071005 3269.00 3346.00 3269.00 3343.00 6630800
20071008 3341.00 3362.00 3250.00 3256.00 5466300
20071009 3255.00 3333.00 3213.00 3313.00 4629000
20071010 3310.00 3389.00 3308.00 3375.00 6134000
20071011 3396.00 3510.00 3391.00 3480.00 10245600
20071012 3435.00 3448.00 3345.00 3435.00 9416400
20071015 3442.00 3490.00 3395.00 3406.00 7217800
20071016 3398.00 3400.00 3288.00 3320.00 9428300
20071017 3290.00 3339.00 3223.00 3310.00 10933100
20071018 3326.00 3373.00 3217.00 3249.00 8055800
20071019 3239.00 3285.00 3176.00 3200.00 5104400
20071022 3100.00 3104.00 3008.00 3046.00 11643700
20071023 3080.00 3143.00 3072.00 3116.00 7384000
20071024 3106.00 3159.00 3035.00 3054.00 7739500
20071025 3105.00 3171.00 3095.00 3163.00 16770400
20071026 3200.00 3282.00 3164.00 3245.00 6198000
20071029 3318.00 3365.00 3280.00 3352.00 6729000
20071030 3334.00 3340.00 3253.00 3258.00 6114500
20071031 3272.00 3314.00 3225.00 3314.00 6682700
20071101 3344.00 3364.00 3141.00 3170.00 8261500
20071102 3136.00 3164.00 3056.00 3116.00 8791300
20071105 3040.00 3079.00 2969.00 3052.00 7491900
20071106 3085.00 3167.00 3085.00 3152.00 5955400
20071107 3201.00 3240.00 3155.00 3171.00 8075800
20071108 3111.00 3681.00 3061.00 3645.00 24963900
20071109 3558.00 3657.00 3395.00 3486.00 15452000
20071112 3482.00 3492.00 3232.00 3329.00 10115500
20071113 3315.00 3334.00 3177.00 3239.00 9137100
20071114 3290.00 3321.00 3236.00 3290.00 8627500
20071115 3295.00 3366.00 3178.00 3218.00 7347300
20071116 3180.00 3192.00 3074.00 3086.00 8758900
20071119 3099.00 3099.00 2845.00 2862.00 10761200
20071120 2914.00 2989.00 2786.00 2964.00 12620900
20071121 2876.00 2937.00 2790.00 2830.00 11724800
20071122 2850.00 2899.00 2745.00 2809.00 7212900
20071123 2840.00 3079.00 2823.00 2980.00 10625600
20071126 3050.00 3086.00 2888.00 2900.00 7780000
20071127 2870.00 2906.00 2731.00 2809.00 10675300
20071128 2830.00 2964.00 2705.00 2955.00 9977600
20071129 2980.00 3240.00 2930.00 3154.00 12332700
20071130 3159.00 3326.00 3120.00 3286.00 10664600
20071203 3295.00 3307.00 3178.00 3191.00 5096800
20071204 3201.00 3209.00 3085.00 3118.00 5023100
20071205 3161.00 3277.00 3153.00 3273.00 6690700
20071206 3266.00 3327.00 3186.00 3236.00 5898800
20071207 3269.00 3571.00 3243.00 3400.00 10069000
20071210 3380.00 3460.00 3372.00 3392.00 5477000
20071211 3425.00 3450.00 3319.00 3330.00 5182000
20071212 3264.00 3388.00 3243.00 3313.00 6528300
20071213 3205.00 3284.00 3158.00 3180.00 6743000
20071214 3227.00 3227.00 3009.00 3072.00 7141300
20071217 3018.00 3047.00 2931.00 2954.00 7380800
20071218 2939.00 3017.00 2873.00 2984.00 9776700
20071219 2988.00 2988.00 2880.00 2919.00 4928700
20071220 2926.00 2937.00 2862.00 2884.00 7520000
20071221 2931.00 3019.00 2918.00 3013.00 8823400
20071224 3021.00 3089.00 3021.00 3079.00 780900
20071225 3079.00 3079.00 3079.00 3079.00 0
20071226 3079.00 3079.00 3079.00 3079.00 0
20071227 3090.00 3141.00 3068.00 3089.00 3260800
20071228 3075.00 3126.00 3061.00 3097.00 1994000
20071231 3068.00 3106.00 3039.00 3080.00 704100
20080101 3080.00 3080.00 3080.00 3080.00 0
20080102 3047.00 3145.00 3012.00 3033.00 3641800
20080103 3041.00 3165.00 3015.00 3127.00 4794800
20080104 3130.00 3184.00 3019.00 3044.00 6395500
20080107 3035.00 3039.00 2862.00 2901.00 7007400
20080108 2931.00 2995.00 2912.00 2948.00 5297800
20080109 2931.00 3029.00 2825.00 2865.00 7096900
20080110 2893.00 2934.00 2800.00 2815.00 5373500
20080111 2821.00 2915.00 2755.00 2884.00 7652400
20080114 2870.00 2992.00 2844.00 2979.00 6479200
20080115 2971.00 3016.00 2852.00 2860.00 6138700
20080116 2819.00 2841.00 2690.00 2713.00 9405700
20080117 2750.00 2775.00 2571.00 2603.00 16740200
20080118 2617.00 2695.00 2531.00 2591.00 14364400
20080121 2526.00 2545.00 2310.00 2353.00 13319300
20080122 2245.00 2510.00 2167.00 2484.00 14170900
20080123 2537.00 2589.00 2410.00 2549.00 15233600
20080124 2625.00 2742.00 2580.00 2729.00 12665900
20080125 2681.00 2770.00 2575.00 2590.00 14801200
20080128 2560.00 2565.00 2418.00 2465.00 11964000
20080129 2514.00 2625.00 2500.00 2608.00 9091700
20080130 2585.00 2707.00 2565.00 2665.00 8014500
20080131 2700.00 2750.00 2624.00 2750.00 10550900
20080201 3050.00 3129.00 2870.00 2910.00 18961500
20080204 2920.00 3099.00 2894.00 2945.00 8397000
20080205 2930.00 2986.00 2798.00 2830.00 8216500
20080206 2760.00 2891.00 2745.00 2865.00 7112000
20080207 2857.00 2933.00 2840.00 2880.00 9910000
20080208 2950.00 3011.00 2897.00 2980.00 11378300
20080211 2930.00 2971.00 2890.00 2923.00 5519400
20080212 2976.00 3061.00 2927.00 3061.00 6855300
20080213 3007.00 3071.00 2972.00 3025.00 6317000
20080214 3121.00 3151.00 3052.00 3094.00 7030400
20080215 3100.00 3130.00 2970.00 3020.00 7383700
20080218 3043.00 3126.00 3018.00 3104.00 5716000
20080219 3086.00 3200.00 3086.00 3147.00 6692700
20080220 3090.00 3172.00 3050.00 3161.00 7953300
20080221 3200.00 3334.00 3193.00 3257.00 7732900
20080222 3220.00 3277.00 3155.00 3182.00 6480300
20080225 3215.00 3256.00 3136.00 3182.00 5803000
20080226 3205.00 3292.00 3161.00 3280.00 5716300
20080227 3325.00 3343.00 3240.00 3330.00 6783400
20080228 3300.00 3344.00 3251.00 3302.00 5977000
20080229 3290.00 3300.00 3197.00 3234.00 7289100
20080303 3170.00 3292.00 3137.00 3275.00 5609700
20080304 3271.00 3388.00 3271.00 3354.00 9478500
20080305 3379.00 3476.00 3325.00 3465.00 6595900
20080306 3495.00 3547.00 3407.00 3441.00 8710200
20080307 3393.00 3417.00 3291.00 3300.00 8884500
20080310 3272.00 3281.00 3144.00 3154.00 8662300
20080311 3126.00 3219.00 3102.00 3105.00 10022200
20080312 3150.00 3214.00 3131.00 3173.00 7159800
20080313 3038.00 3152.00 3036.00 3130.00 6657100
20080314 3156.00 3216.00 3065.00 3115.00 9563200
20080317 3040.00 3040.00 2929.00 2929.00 9535400
20080318 2982.00 3025.00 2867.00 3010.00 7442100
20080319 3071.00 3110.00 2888.00 2909.00 9560600
20080320 2780.00 2808.00 2673.00 2673.00 17006800
20080321 2673.00 2673.00 2673.00 2673.00 0
20080324 2673.00 2673.00 2673.00 2673.00 0
20080325 2800.00 2852.00 2755.00 2842.00 8367500
20080326 2791.00 2990.00 2786.00 2945.00 9340900
20080327 2936.00 3037.00 2936.00 2991.00 5625200
20080328 3011.00 3118.00 2990.00 3020.00 6475400
20080331 3005.00 3065.00 2948.00 3028.00 6754900
20080401 2987.00 3047.00 2904.00 2984.00 6529900
20080402 3030.00 3054.00 2915.00 3018.00 8030400
20080403 3070.00 3129.00 3033.00 3087.00 5412300
20080404 3109.00 3172.00 3075.00 3162.00 5820300
20080407 3240.00 3301.00 3240.00 3287.00 7369500
20080408 3261.00 3306.00 3198.00 3294.00 6851900
20080409 3279.00 3388.00 3250.00 3370.00 6112500
20080410 3349.00 3371.00 3273.00 3360.00 5774100
20080411 3395.00 3405.00 3284.00 3323.00 5583900
20080414 3308.00 3308.00 3214.00 3221.00 4745800
20080415 3240.00 3345.00 3235.00 3264.00 6445100
20080416 3329.00 3412.00 3294.00 3412.00 5768500
20080417 3425.00 3456.00 3359.00 3432.00 6139400
20080418 3440.00 3495.00 3311.00 3372.00 6583600
20080421 3393.00 3462.00 3372.00 3428.00 3681700
20080422 3438.00 3501.00 3399.00 3449.00 4166000
20080423 3485.00 3536.00 3416.00 3508.00 5744700
20080424 3500.00 3500.00 3322.00 3408.00 6542700
20080425 3409.00 3432.00 3309.00 3381.00 5052600
20080428 3400.00 3477.00 3314.00 3341.00 4526100
20080429 3320.00 3321.00 3210.00 3249.00 4795600
20080430 3230.00 3310.00 3206.00 3269.00 6254200
20080501 3335.00 3439.00 3300.00 3334.00 4907900
20080502 3404.00 3447.00 3275.00 3412.00 4698300
20080506 3450.00 3489.00 3402.00 3477.00 4138700
20080507 3468.00 3486.00 3437.00 3445.00 3123800
20080508 3410.00 3490.00 3410.00 3471.00 4059800
20080509 3480.00 3488.00 3368.00 3382.00 4018300
20080512 3401.00 3440.00 3323.00 3367.00 2804800
20080513 3434.00 3474.00 3321.00 3355.00 6205000
20080514 3400.00 3470.00 3373.00 3389.00 8481200
20080515 3387.00 3489.00 3353.00 3483.00 4835900
20080516 3500.00 3603.00 3484.00 3540.00 6964900
20080519 3586.00 3683.00 3568.00 3680.00 5786900
20080520 3644.00 3644.00 3452.00 3453.00 7799300
20080521 3500.00 3540.00 3452.00 3515.00 4356900
20080522 3517.00 3619.00 3490.00 3543.00 5740600
20080523 3520.00 3530.00 3372.00 3372.00 5805900
20080527 3405.00 3470.00 3365.00 3386.00 6116500
20080528 3418.00 3507.00 3325.00 3470.00 6266100
20080529 3520.00 3550.00 3397.00 3446.00 6124000
20080530 3365.00 3447.00 3319.00 3419.00 6708400
20080602 3488.00 3488.00 3373.00 3414.00 3594500
20080603 3394.00 3469.00 3361.00 3461.00 3818600
20080604 3444.00 3449.00 3344.00 3401.00 5999900
20080605 3399.00 3399.00 3261.00 3304.00 6139700
20080606 3375.00 3399.00 3244.00 3255.00 6036900
20080610 3355.00 3376.00 3265.00 3295.00 6610500
20080611 3300.00 3325.00 3131.00 3163.00 5444100
20080612 3171.00 3263.00 3138.00 3186.00 6576500
20080613 3190.00 3245.00 3120.00 3189.00 5642300
20080616 3310.00 3348.00 3200.00 3337.00 5722700
20080617 3345.00 3521.00 3325.00 3472.00 7907400
20080618 3432.00 3545.00 3372.00 3399.00 5250600
20080619 3402.00 3581.00 3335.00 3518.00 8151000
20080620 3489.00 3489.00 3372.00 3435.00 7315200
20080623 3470.00 3530.00 3388.00 3450.00 6088600
20080624 3488.00 3511.00 3370.00 3426.00 5001100
20080625 3413.00 3535.00 3275.00 3285.00 6094600
20080626 3285.00 3371.00 3285.00 3303.00 6977900
20080627 3275.00 3403.00 3239.00 3396.00 5759000
20080630 3429.00 3550.00 3426.00 3526.00 6293000
20080701 3485.00 3522.00 3399.00 3401.00 5852500
20080702 3403.00 3506.00 3235.00 3252.00 6637700
20080703 3205.00 3304.00 3143.00 3270.00 8705300
20080704 3301.00 3317.00 3136.00 3148.00 4804300
20080707 3163.00 3215.00 3097.00 3158.00 4710800
20080708 3056.00 3097.00 2975.00 3004.00 8052700
20080709 3024.00 3117.00 2982.00 3064.00 6544100
20080710 2989.00 3074.00 2933.00 2945.00 6635900
20080711 2988.00 3024.00 2880.00 2892.00 5817100
20080714 2920.00 3004.00 2904.00 2973.00 4782700
20080715 2957.00 2960.00 2783.00 2813.00 6403300
20080716 2839.00 2860.00 2697.00 2736.00 7258100
20080717 2747.00 2830.00 2699.00 2830.00 9578500
20080718 2769.00 2808.00 2711.00 2799.00 8178200
20080721 2795.00 2921.00 2795.00 2856.00 5719700
20080722 2850.00 2899.00 2806.00 2826.00 5296300
20080723 2854.00 2854.00 2685.00 2747.00 8787600
20080724 2700.00 2776.00 2657.00 2684.00 5855200
20080725 2638.00 2748.00 2634.00 2673.00 5267600
20080728 2706.00 2810.00 2694.00 2750.00 4717500
20080729 2735.00 2882.00 2725.00 2800.00 3647100
20080730 2883.00 2950.00 2867.00 2910.00 3749100
20080731 2924.00 3007.00 2897.00 2921.00 5927900
20080801 2883.00 2883.00 2746.00 2775.00 5095800
20080804 2710.00 2761.00 2616.00 2622.00 7733800
20080805 2600.00 2712.00 2535.00 2694.00 6926800
20080806 2802.00 2898.00 2744.00 2779.00 8296300
20080807 2710.00 2887.00 2706.00 2770.00 6948800
20080808 2760.00 2770.00 2634.00 2692.00 3737800
20080811 2690.00 2773.00 2654.00 2677.00 5030300
20080812 2653.00 2699.00 2599.00 2679.00 4377500
20080813 2700.00 2820.00 2669.00 2791.00 5972200
20080814 2886.00 2941.00 2836.00 2923.00 5317500
20080815 2889.00 2891.00 2718.00 2735.00 6953200
20080818 2795.00 2843.00 2762.00 2791.00 4450000
20080819 2690.00 2736.00 2665.00 2708.00 6854000
20080820 2755.00 2791.00 2715.00 2758.00 4753600
20080821 2776.00 2885.00 2775.00 2870.00 3593700
20080822 2909.00 2923.00 2837.00 2875.00 4882700
20080826 2830.00 2834.00 2737.00 2799.00 4731300
20080827 2802.00 2890.00 2789.00 2879.00 3884100
20080828 2909.00 2947.00 2850.00 2919.00 4560300
20080829 2862.00 2990.00 2862.00 2932.00 4867700
20080901 2900.00 2914.00 2768.00 2780.00 3690700
20080902 2753.00 2779.00 2626.00 2646.00 8573800
20080903 2605.00 2670.00 2547.00 2559.00 8472800
20080904 2551.00 2608.00 2415.00 2430.00 6923100
20080905 2410.00 2460.00 2296.00 2304.00 11306400
20080908 2406.00 2491.00 2380.00 2397.00 3154100
20080909 2387.00 2404.00 2189.00 2254.00 11693300
20080910 2244.00 2305.00 2180.00 2195.00 12065200
20080911 2199.00 2324.00 2199.00 2308.00 10425500
20080912 2380.00 2525.00 2380.00 2502.00 9896300
20080915 2420.00 2449.00 2329.00 2409.00 9228900
20080916 2336.00 2361.00 2172.00 2258.00 8386700
20080917 2326.00 2347.00 2029.00 2049.00 14507000
20080918 2110.00 2208.00 2065.00 2116.00 14776400
20080919 2300.00 2399.00 2211.00 2381.00 13173500
20080922 2399.00 2420.00 2268.00 2327.00 10987100
20080923 2290.00 2310.00 2110.00 2136.00 10664300
20080924 2154.00 2171.00 1996.00 2008.00 10235100
20080925 1981.00 2078.00 1981.00 2058.00 12747800
20080926 2010.00 2048.00 1972.00 1981.00 10194500
20080929 1980.00 1980.00 1803.00 1816.00 11188300
20080930 1715.00 1904.00 1686.00 1855.00 13804700
20081001 1950.00 1978.00 1806.00 1848.00 9981500
20081002 1870.00 1909.00 1704.00 1704.00 9679700
20081003 1669.00 1792.00 1634.00 1781.00 13420500
20081006 1631.00 1687.00 1471.00 1511.00 6084200
20081007 1591.00 1672.00 1487.00 1556.00 12280300
20081008 1450.00 1628.00 1380.00 1420.00 13482700
20081009 1458.00 1583.00 1452.00 1534.00 10107200
20081010 1386.00 1499.00 1312.00 1421.00 12759400
20081013 1549.00 1634.00 1482.00 1629.00 11745600
20081014 1724.00 1791.00 1603.00 1660.00 7373900
20081015 1620.00 1620.00 1306.00 1326.00 20481000
20081016 1180.00 1340.00 1110.00 1153.00 14871400
20081017 1225.00 1322.00 1134.00 1295.00 18064100
20081020 1394.00 1398.00 1310.00 1360.00 10240200
20081021 1425.00 1458.00 1329.00 1387.00 13637800
20081022 1325.00 1347.00 1269.00 1275.00 9474400
20081023 1270.00 1290.00 1174.00 1240.00 12562500
20081024 1185.00 1250.00 1107.00 1247.00 14087900
20081027 1157.00 1228.00 1082.00 1206.00 9720800
20081028 1251.00 1277.00 1127.00 1141.00 16782500
20081029 1245.00 1400.00 1234.00 1379.00 15698700
20081030 1456.00 1508.00 1382.00 1438.00 11465700
20081031 1428.00 1561.00 1379.00 1532.00 9443100
20081103 1566.00 1589.00 1507.00 1542.00 6049900
20081104 1512.00 1674.00 1462.00 1667.00 9623200
20081105 1665.00 1665.00 1530.00 1557.00 8943500
20081106 1489.00 1518.00 1316.00 1326.00 12133500
20081107 1374.00 1411.00 1294.00 1350.00 10524800
20081110 1435.00 1598.00 1429.00 1506.00 11223700
20081111 1463.00 1502.00 1382.00 1396.00 9006000
20081112 1430.00 1443.00 1250.00 1279.00 10992900
20081113 1220.00 1316.00 1210.00 1248.00 9825400
20081114 1367.00 1389.00 1268.00 1291.00 9775700
20081117 1301.00 1327.00 1176.00 1207.00 9442600
20081118 1201.00 1233.00 1148.00 1231.00 8269000
20081119 1232.00 1236.00 1127.00 1137.00 7327300
20081120 1102.00 1142.00 1024.00 1054.00 11570300
20081121 1090.00 1188.00 1071.00 1132.00 9495400
20081124 1175.00 1411.00 1167.00 1390.00 11229400
20081125 1357.00 1562.00 1324.00 1450.00 13967000
20081126 1446.00 1557.00 1405.00 1525.00 9523500
20081127 1530.00 1588.00 1495.00 1572.00 6847600
20081128 1590.00 1590.00 1476.00 1534.00 6783300
20081201 1476.00 1494.00 1292.00 1317.00 7269500
20081202 1264.00 1358.00 1217.00 1297.00 10067400
20081203 1300.00 1347.00 1195.00 1317.00 11304600
20081204 1283.00 1349.00 1232.00 1314.00 6605400
20081205 1287.00 1309.00 1191.00 1236.00 7023800
20081208 1361.00 1472.00 1325.00 1429.00 9192300
20081209 1388.00 1475.00 1376.00 1453.00 6475800
20081210 1500.00 1563.00 1447.00 1535.00 7259100
20081211 1506.00 1563.00 1458.00 1532.00 8500800
20081212 1420.00 1528.00 1385.00 1498.00 8014500
20081215 1541.00 1557.00 1490.00 1542.00 5991700
20081216 1513.00 1598.00 1480.00 1565.00 6400500
20081217 1590.00 1665.00 1540.00 1650.00 10223300
20081218 1640.00 1665.00 1562.00 1592.00 8568600
20081219 1570.00 1584.00 1389.00 1450.00 13404800
20081222 1445.00 1470.00 1382.00 1437.00 5631900
20081223 1414.00 1489.00 1414.00 1451.00 2674400
20081224 1410.00 1472.00 1410.00 1420.00 629900
20081229 1437.00 1530.00 1437.00 1506.00 2638900
20081230 1511.00 1573.00 1492.00 1555.00 2814500
20081231 1556.00 1580.00 1531.00 1546.00 774900
20090102 1585.00 1727.00 1569.00 1709.00 2696600
20090105 1734.00 1782.00 1669.00 1712.00 4037400
20090106 1729.00 1832.00 1695.00 1832.00 5461500
20090107 1791.00 1795.00 1685.00 1725.00 7383500
20090108 1660.00 1688.00 1541.00 1623.00 7572800
20090109 1625.00 1635.00 1471.00 1490.00 11061600
20090112 1474.00 1508.00 1431.00 1451.00 5672800
20090113 1422.00 1447.00 1376.00 1429.00 8245300
20090114 1454.00 1454.00 1259.00 1293.00 9598800
20090115 1289.00 1336.00 1240.00 1275.00 11590800
20090116 1312.00 1389.00 1306.00 1371.00 9911100
20090119 1401.00 1426.00 1290.00 1334.00 6619200
20090120 1323.00 1404.00 1286.00 1306.00 8138500
20090121 1292.00 1341.00 1258.00 1315.00 10883100
20090122 1350.00 1385.00 1266.00 1269.00 8395400
20090123 1258.00 1284.00 1210.00 1270.00 10218800
20090126 1270.00 1378.00 1255.00 1363.00 8680400
20090127 1348.00 1374.00 1300.00 1346.00 5496300
20090128 1361.00 1436.00 1331.00 1420.00 9385700
20090129 1385.00 1385.00 1327.00 1339.00 8260200
20090130 1342.00 1347.00 1246.00 1266.00 9060300
20090202 1250.00 1254.00 1214.00 1240.00 6830400
20090203 1249.00 1292.00 1188.00 1283.00 6795200
20090204 1304.00 1423.00 1284.00 1402.00 9595300
20090205 1360.00 1426.00 1321.00 1400.00 7662600
20090206 1416.00 1505.00 1393.00 1487.00 9452300
20090209 1483.00 1527.00 1440.00 1502.00 5999000
20090210 1475.00 1478.00 1400.00 1411.00 9227100
20090211 1390.00 1424.00 1348.00 1377.00 11714500
20090212 1354.00 1363.00 1271.00 1324.00 8677900
20090213 1353.00 1376.00 1263.00 1288.00 7713000
