20030101 588.00 588.00 588.00 588.00 0
20030102 578.00 593.00 578.00 593.00 685300
20030103 590.00 599.00 575.50 591.50 621900
20030106 594.50 594.50 572.00 586.00 565300
20030107 591.00 591.50 579.50 591.50 792700
20030108 589.50 592.50 579.50 581.50 1177800
20030109 582.00 588.00 575.00 588.00 760500
20030110 580.00 586.00 573.00 578.00 484700
20030113 585.00 585.00 565.50 566.00 846600
20030114 571.50 587.00 564.50 566.50 1027900
20030115 566.50 570.00 550.00 551.50 805900
20030116 552.00 561.50 548.00 560.50 819000
20030117 560.50 562.50 550.00 556.50 470300
20030120 550.00 556.50 547.00 550.00 440200
20030121 547.50 557.50 547.50 552.00 1132700
20030122 552.00 555.00 545.00 547.50 701000
20030123 545.50 550.50 535.50 535.50 1095400
20030124 535.50 547.00 521.00 535.50 882200
20030127 527.50 530.00 510.50 515.00 1085600
20030128 512.00 525.50 510.50 519.00 1032700
20030129 510.00 519.50 503.50 506.00 1004500
20030130 508.00 520.00 504.00 517.00 886900
20030131 508.50 515.00 502.00 514.00 1050900
20030203 515.00 528.50 515.00 524.50 448700
20030204 534.00 534.00 513.00 516.50 1137200
20030205 520.00 526.50 513.00 526.00 445800
20030206 525.00 532.00 515.50 520.50 974500
20030207 530.00 532.50 519.00 527.00 629700
20030210 523.50 530.00 515.00 520.00 432600
20030211 523.00 544.50 523.00 532.00 732600
20030212 535.00 535.00 520.00 522.00 530000
20030213 515.00 526.00 507.00 510.50 815900
20030214 516.00 530.00 507.50 512.00 1218200
20030217 522.50 533.00 516.00 526.00 1304600
20030218 527.50 538.50 525.00 530.00 906700
20030219 530.00 539.00 511.50 516.00 976100
20030220 517.50 523.00 506.00 510.00 1002100
20030221 512.00 525.00 510.00 525.00 969600
20030224 503.00 543.00 503.00 525.50 948700
20030225 514.50 524.50 506.00 506.50 1276000
20030226 512.00 513.50 492.00 497.50 1258100
20030227 497.50 520.00 497.50 503.00 997500
20030228 519.50 519.50 495.00 507.50 900900
20030303 507.00 515.00 507.00 512.50 528400
20030304 510.00 515.00 496.50 505.00 818500
20030305 500.00 500.00 487.00 487.00 1614200
20030306 488.50 494.00 483.00 487.00 953300
20030307 487.00 488.50 474.00 474.00 601600
20030310 474.00 484.00 466.00 470.00 1017700
20030311 479.00 485.50 467.50 483.50 993900
20030312 479.00 488.00 459.00 468.50 1680800
20030313 472.00 495.00 467.00 494.50 1185400
20030314 501.50 512.50 495.00 501.00 1402700
20030317 491.50 524.50 491.50 518.00 1280900
20030318 514.00 516.50 503.50 509.50 1250600
20030319 509.50 532.50 509.50 515.50 2010400
20030320 517.50 523.00 512.00 518.00 1018800
20030321 518.00 527.00 517.00 520.00 1253200
20030324 504.50 515.00 503.50 508.50 996600
20030325 500.00 517.00 495.00 514.00 1221100
20030326 511.00 518.00 485.00 503.00 2036900
20030327 500.50 509.00 497.00 499.00 1227500
20030328 482.00 508.00 482.00 503.00 1370300
20030331 503.00 503.00 489.00 493.00 824700
20030401 501.00 507.50 487.00 503.00 1110800
20030402 516.00 516.00 502.00 511.50 662700
20030403 511.50 517.00 505.00 514.50 639000
20030404 509.00 516.00 506.50 514.50 727600
20030407 516.50 530.00 510.50 521.50 1334800
20030408 506.00 518.00 503.50 516.50 1509500
20030409 516.00 523.00 509.00 518.50 815800
20030410 515.00 523.00 509.00 513.50 1176600
20030411 512.00 524.50 512.00 514.50 585100
20030414 515.00 526.50 513.00 518.00 940100
20030415 528.00 535.00 518.00 525.50 709000
20030416 530.00 539.00 523.00 525.00 1170300
20030417 524.50 535.00 518.50 528.50 790500
20030418 528.50 528.50 528.50 528.50 0
20030421 528.50 528.50 528.50 528.50 0
20030422 528.50 530.00 520.50 529.50 399200
20030423 532.00 537.00 528.00 534.00 649400
20030424 533.00 543.50 520.50 529.00 885300
20030425 535.00 539.50 520.00 529.00 692200
20030428 529.00 539.50 527.00 539.50 661500
20030429 538.00 545.50 534.00 537.50 1193700
20030430 533.00 544.50 533.00 538.50 680000
20030501 536.00 544.50 536.00 542.50 816700
20030502 540.00 545.00 535.00 541.00 1418500
20030505 541.00 541.00 541.00 541.00 0
20030506 541.00 559.00 540.50 548.50 1012600
20030507 546.00 553.00 543.00 552.00 1157400
20030508 551.50 552.50 548.00 550.00 1284200
20030509 550.00 559.00 549.50 559.00 1033700
20030512 555.00 566.50 554.50 558.00 844900
20030513 560.00 567.00 559.00 562.00 969600
20030514 563.00 573.00 563.00 570.50 1401100
20030515 570.00 574.00 566.50 570.00 1570300
20030516 570.00 575.00 566.50 570.50 1080300
20030519 565.00 570.00 562.00 569.50 630600
20030520 568.00 575.00 567.00 574.50 865500
20030521 575.00 581.50 570.00 573.00 854900
20030522 574.00 580.00 571.00 578.00 379300
20030523 578.00 580.00 568.00 575.00 1043100
20030526 575.00 575.00 575.00 575.00 0
20030527 574.50 579.50 565.50 575.00 1051500
20030528 575.00 585.00 570.50 583.00 878600
20030529 579.00 582.00 572.50 577.00 614100
20030530 572.00 574.00 565.50 572.00 757400
20030602 574.00 574.00 564.50 569.50 1832300
20030603 571.50 571.50 562.00 568.00 1567700
20030604 560.50 566.00 556.00 556.50 1462400
20030605 556.00 560.50 550.00 557.00 605700
20030606 557.50 558.50 545.00 549.00 2001800
20030609 549.00 557.00 548.00 553.50 436800
20030610 553.50 560.00 552.50 552.50 728600
20030611 553.50 558.00 547.50 550.00 1295700
20030612 550.00 552.50 535.00 537.50 1996100
20030613 538.50 539.50 530.00 531.00 1749800
20030616 532.50 533.00 527.00 529.50 2119500
20030617 534.50 535.00 528.00 530.00 1486600
20030618 529.00 541.50 526.00 540.00 1263000
20030619 539.00 546.50 538.50 543.00 1120500
20030620 547.50 554.00 544.50 552.50 664500
20030623 547.00 549.00 529.00 534.50 1043100
20030624 535.00 536.00 520.00 525.50 731600
20030625 533.00 537.50 526.50 532.50 1331600
20030626 531.00 545.50 531.00 538.00 1238300
20030627 540.00 541.00 530.00 535.00 1365100
20030630 543.00 543.00 531.50 536.00 811000
20030701 532.50 539.00 527.00 528.00 708400
20030702 535.00 537.50 521.00 535.00 1161900
20030703 530.00 537.50 529.00 533.50 1018100
20030704 535.00 539.50 528.00 530.00 946300
20030707 529.50 539.50 529.50 534.00 1356300
20030708 540.00 540.00 529.00 534.00 977200
20030709 533.50 533.50 519.50 524.50 1442000
20030710 524.00 537.50 524.00 530.00 941400
20030711 530.00 534.00 526.00 533.50 601500
20030714 540.00 542.00 525.00 538.00 609300
20030715 531.50 535.00 525.50 527.00 592500
20030716 527.00 533.50 520.50 524.50 881300
20030717 526.00 526.00 518.00 520.50 884700
20030718 524.00 533.00 523.00 529.00 1073200
20030721 529.00 532.00 521.00 529.00 638700
20030722 534.50 534.50 525.50 528.00 667200
20030723 530.00 543.00 530.00 537.00 812300
20030724 535.00 542.50 532.00 535.00 952000
20030725 526.00 538.00 526.00 535.50 1239200
20030728 538.50 542.50 533.50 535.00 460700
20030729 542.50 547.00 540.00 543.00 680700
20030730 536.00 544.00 536.00 537.00 432200
20030731 544.00 544.00 532.00 533.00 823600
20030801 530.00 533.50 528.50 529.00 683400
20030804 531.00 540.00 530.50 532.50 638300
20030805 535.50 537.50 525.50 535.00 606400
20030806 532.00 537.00 527.50 533.50 337100
20030807 538.50 541.00 532.00 535.50 589900
20030808 530.50 547.50 530.50 545.00 718500
20030811 544.50 544.50 537.00 541.00 633000
20030812 540.00 543.50 534.00 537.50 719500
20030813 540.00 540.00 530.00 533.50 725400
20030814 545.00 548.50 535.00 546.00 973000
20030815 545.50 551.00 540.00 542.50 522900
20030818 550.00 550.00 537.50 541.50 376100
20030819 541.00 545.50 538.50 538.50 283100
20030820 544.50 550.00 542.00 547.50 702900
20030821 546.00 546.00 532.50 533.00 1852600
20030822 533.50 536.00 526.50 529.00 1020400
20030825 529.00 529.00 529.00 529.00 0
20030826 527.00 536.50 521.00 528.50 1053300
20030827 528.00 535.00 528.00 531.50 895800
20030828 531.00 531.50 526.50 527.00 409800
20030829 527.00 527.50 510.00 518.00 1342500
20030901 516.00 526.50 514.50 519.50 1113000
20030902 525.00 532.00 523.00 523.50 773600
20030903 526.50 528.00 519.00 520.50 735100
20030904 520.50 528.50 519.50 523.00 1117300
20030905 526.50 526.50 507.50 510.50 1561900
20030908 520.50 524.50 509.94 515.00 2468900
20030909 520.00 522.00 512.60 516.00 1694200
20030910 512.00 535.65 514.00 529.50 2559600
20030911 532.00 542.50 528.00 530.00 2467400
20030912 523.50 537.00 523.50 535.00 1208700
20030915 535.50 544.50 529.00 542.00 1164700
20030916 543.00 550.00 542.50 549.50 1629900
20030917 545.00 549.00 540.00 543.00 717300
20030918 545.50 549.50 543.00 546.50 1309300
20030919 545.50 553.00 540.50 549.00 1538000
20030922 548.50 548.50 532.50 544.00 1410400
20030923 545.50 540.50 535.50 538.50 1319100
20030924 538.50 545.50 537.50 541.00 741400
20030925 538.00 544.50 535.00 540.00 773500
20030926 539.50 539.50 531.50 536.00 722200
20030929 536.00 536.00 530.50 534.50 689300
20030930 534.50 539.50 529.00 530.00 1037600
20031001 532.00 536.00 529.50 536.00 790500
20031002 536.00 539.00 532.50 535.50 647500
20031003 536.00 549.00 535.00 538.50 777400
20031006 538.00 544.00 536.00 543.00 1264700
20031007 540.00 549.00 540.00 546.50 802300
20031008 546.50 557.50 546.50 557.50 3037900
20031009 556.50 556.50 545.50 553.50 1194100
20031010 553.50 558.00 541.50 545.00 758700
20031013 549.00 549.00 543.00 548.00 1077600
20031014 548.00 552.00 540.00 540.00 1166100
20031015 543.50 552.00 543.50 549.50 1147400
20031016 547.50 551.00 544.50 544.50 466800
20031017 545.50 551.00 545.00 551.00 994500
20031020 551.00 551.00 540.00 542.00 969200
20031021 543.00 543.00 537.50 540.00 547600
20031022 540.00 547.00 533.50 535.50 600500
20031023 538.00 540.50 528.50 537.00 1026200
20031024 542.50 542.50 525.00 537.00 497700
20031027 539.00 543.50 538.00 542.00 685100
20031028 544.00 546.00 537.50 539.00 928600
20031029 540.50 550.50 538.00 548.50 1666000
20031030 545.00 557.50 545.00 549.00 1830500
20031031 549.00 557.50 547.00 548.50 1256400
20031103 545.00 562.00 545.00 561.50 1051700
20031104 560.00 566.50 548.00 558.00 1416800
20031105 566.00 566.00 551.50 560.50 822900
20031106 559.50 564.00 557.50 559.50 1273600
20031107 558.50 574.00 558.50 572.00 1381200
20031110 572.00 575.00 568.50 569.50 734700
20031111 569.50 577.00 566.50 575.50 710800
20031112 575.00 588.00 572.00 581.50 1295500
20031113 576.50 586.00 576.50 581.00 1132600
20031114 581.00 588.50 581.00 586.00 630500
20031117 589.50 589.50 579.00 582.50 759800
20031118 582.50 584.00 575.50 578.50 1447600
20031119 588.00 588.00 569.00 572.00 1220000
20031120 571.50 574.00 567.00 570.00 1053200
20031121 571.00 576.00 567.50 570.00 797500
20031124 569.00 572.50 567.00 572.50 897500
20031125 572.50 575.00 568.50 571.50 1296700
20031126 565.00 574.00 565.00 568.50 771800
20031127 568.50 570.50 567.00 567.50 399500
20031128 567.50 570.00 564.00 568.00 371200
20031201 567.00 567.50 563.00 565.00 930500
20031202 559.50 569.00 559.00 568.00 1329300
20031203 566.50 572.50 563.50 566.00 671600
20031204 573.00 573.00 565.00 566.50 513500
20031205 573.50 575.50 566.00 569.50 1234900
20031208 566.00 569.50 561.50 566.50 539300
20031209 570.00 571.00 562.50 565.00 1122600
20031210 565.50 566.00 560.00 563.50 712400
20031211 560.00 566.00 559.50 565.00 1078800
20031212 563.50 567.00 557.50 565.00 1058000
20031215 567.00 572.00 558.50 568.00 475400
20031216 569.00 576.00 566.00 569.50 491400
20031217 571.00 571.00 560.00 568.00 450400
20031218 571.50 589.50 568.50 578.00 803400
20031219 578.00 581.50 570.50 575.00 775200
20031222 575.00 576.00 570.50 574.00 321400
20031223 579.00 580.50 574.00 577.00 571600
20031224 575.00 578.00 575.00 577.00 159000
20031225 577.00 577.00 577.00 577.00 0
20031226 577.00 577.00 577.00 577.00 0
20031229 580.00 580.00 577.50 579.00 288300
20031230 580.00 590.50 579.00 583.50 457400
20031231 582.50 586.00 582.50 584.00 341800
20040101 584.00 584.00 584.00 584.00 0
20040102 592.00 592.00 581.00 589.50 330700
20040105 592.00 592.00 581.00 581.00 688400
20040106 581.00 589.50 579.50 587.50 953800
20040107 592.00 592.00 586.50 590.00 803300
20040108 591.00 596.50 589.50 593.50 1656500
20040109 592.00 599.00 591.50 594.50 780500
20040112 593.50 597.50 591.50 593.50 824300
20040113 591.00 597.00 586.00 589.00 1199800
20040114 580.00 576.50 575.00 575.50 783700
20040115 584.00 584.00 575.00 581.00 1081100
20040116 578.00 581.00 570.50 572.50 1324500
20040119 574.00 577.50 570.50 572.00 1237200
20040120 572.00 577.00 570.50 575.00 735200
20040121 579.00 598.50 576.00 580.50 1000600
20040122 582.00 598.00 582.00 585.50 2270100
20040123 578.00 587.50 574.50 579.00 854200
20040126 583.00 583.00 570.50 576.00 534800
20040127 576.50 581.00 572.50 578.00 979800
20040128 575.00 580.00 571.50 574.50 1139400
20040129 568.00 574.00 565.50 571.00 1021400
20040130 574.00 575.00 563.00 563.00 1192900
20040202 565.00 567.50 560.50 562.00 1407400
20040203 562.00 574.00 562.00 571.00 1433000
20040204 570.00 577.00 568.50 574.50 785600
20040205 573.00 575.00 570.00 571.00 1181200
20040206 574.00 574.00 564.00 565.00 1934500
20040209 568.00 568.00 561.50 566.50 1306800
20040210 563.00 579.50 563.00 579.50 1163200
20040211 581.00 582.00 575.50 582.00 1118900
20040212 582.00 588.00 586.50 586.50 1585300
20040213 583.50 594.00 583.50 588.50 1350000
20040216 586.00 593.50 585.00 586.00 785600
20040217 587.00 587.50 581.00 585.00 1254200
20040218 584.00 591.00 582.00 590.00 1225900
20040219 587.50 597.00 587.50 595.00 912900
20040220 590.00 602.50 590.00 598.50 1272300
20040223 596.00 599.50 591.00 596.00 887000
20040224 595.00 596.00 590.50 594.00 753600
20040225 594.00 594.50 589.50 592.50 513100
20040226 597.00 597.00 587.50 589.50 712800
20040227 588.00 593.00 583.00 586.00 1154000
20040301 587.00 589.00 582.00 584.50 1120500
20040302 585.00 588.00 583.00 586.50 804300
20040303 586.50 597.00 581.00 587.00 794300
20040304 586.00 589.00 585.00 586.50 735900
20040305 589.00 589.00 582.50 585.00 613700
20040308 590.00 590.00 581.50 582.50 380500
20040309 580.00 593.50 580.00 592.00 936600
20040310 590.50 607.00 590.50 606.00 1468800
20040311 610.00 613.00 604.00 613.00 3490100
20040312 607.50 615.00 600.00 604.00 2148300
20040315 602.50 604.00 598.50 601.00 652000
20040316 596.50 613.00 596.50 612.00 1363100
20040317 610.00 614.50 602.00 611.00 1340800
20040318 608.50 618.00 607.50 613.00 769700
20040319 612.50 618.50 612.00 616.00 699900
20040322 617.50 618.50 604.00 606.00 2074100
20040323 608.00 610.00 602.00 604.00 895600
20040324 606.00 606.00 597.50 602.50 603900
20040325 611.00 611.00 601.50 606.00 891600
20040326 600.00 611.00 600.00 608.00 1052200
20040329 605.50 617.00 604.50 613.50 849400
20040330 609.50 617.50 609.50 615.50 668200
20040331 615.50 619.00 612.00 618.50 1124500
20040401 609.00 625.50 608.50 611.00 1605400
20040402 611.00 625.00 609.00 621.00 1204100
20040405 614.00 623.00 612.00 618.00 1578300
20040406 619.00 621.00 613.00 616.50 957400
20040407 620.50 620.50 614.50 618.50 456200
20040408 620.50 626.50 619.50 623.50 610800
20040409 623.50 623.50 623.50 623.50 0
20040412 623.50 623.50 623.50 623.50 0
20040413 625.50 632.50 618.50 620.50 1199800
20040414 622.00 622.00 609.00 617.00 1504500
20040415 622.00 622.00 612.50 615.50 1356300
20040416 615.50 619.00 613.50 615.00 1142100
20040419 619.00 618.50 611.50 616.50 1098400
20040420 614.00 621.50 616.00 619.00 569000
20040421 619.50 622.50 616.00 621.00 924000
20040422 621.50 629.00 616.50 626.50 1272700
20040423 625.50 625.50 622.50 624.00 1058900
20040426 632.50 632.50 624.00 627.50 714700
20040427 626.50 638.00 626.50 628.00 831000
20040428 630.00 636.00 633.00 633.00 1186800
20040429 634.00 635.50 624.50 626.50 740400
20040430 622.50 627.00 603.50 624.50 948800
20040503 624.50 624.50 624.50 624.50 0
20040504 620.00 627.00 615.00 622.50 1385000
20040505 623.00 631.00 627.00 629.50 926700
20040506 626.00 630.00 624.00 624.00 602200
20040507 625.00 629.50 624.00 627.50 671100
20040510 623.50 624.00 610.00 614.50 1427100
20040511 624.50 624.50 597.00 616.50 1279000
20040512 616.50 618.00 613.00 614.50 792300
20040513 619.00 621.00 614.50 617.50 803200
20040514 618.00 619.50 613.50 616.00 1037300
20040517 609.00 617.00 605.00 614.50 1279700
20040518 615.00 623.00 615.00 620.00 1024000
20040519 623.00 625.50 621.00 625.00 1119300
20040520 625.00 628.50 620.00 625.00 1098000
20040521 625.50 628.00 623.50 626.50 1090900
20040524 625.00 629.00 623.00 626.00 710500
20040525 626.00 628.00 624.00 625.00 1033200
20040526 631.00 632.50 626.00 630.00 906600
20040527 635.50 635.50 631.00 634.50 516500
20040528 635.00 645.50 633.50 640.50 1244400
20040531 640.50 640.50 640.50 640.50 0
20040601 637.00 642.50 630.50 631.50 1009900
20040602 630.00 638.50 629.50 633.00 688800
20040603 636.00 636.50 630.00 633.50 939000
20040604 635.00 641.50 627.50 640.50 787600
20040607 642.50 643.00 638.00 641.00 493200
20040608 641.00 641.00 632.50 634.00 1674100
20040609 639.00 639.00 634.00 635.50 866300
20040610 637.00 638.00 630.00 631.50 1042600
20040611 627.50 636.00 627.50 634.00 445400
20040614 638.00 638.00 629.50 631.50 496200
20040615 634.50 635.50 630.00 631.50 812000
20040616 633.50 636.00 632.00 634.50 556100
20040617 636.00 641.50 635.00 640.50 1175700
20040618 640.00 647.00 637.50 642.50 760900
20040621 641.50 648.00 639.00 645.50 396100
20040622 648.00 648.00 641.50 644.00 331700
20040623 644.50 645.00 640.00 642.50 744600
20040624 642.00 645.00 621.50 627.00 2049900
20040625 629.50 633.50 624.00 628.50 998500
20040628 631.00 632.50 626.50 630.00 646300
20040629 632.50 632.50 627.50 629.00 982400
20040630 630.50 633.50 627.50 632.50 1349300
20040701 632.50 633.00 625.00 625.00 970400
20040702 627.50 633.50 615.50 620.50 858600
20040705 621.00 622.50 616.00 616.00 496700
20040706 611.00 617.00 605.00 612.50 687500
20040707 613.50 614.50 610.50 613.50 802700
20040708 610.50 616.00 608.00 615.00 1233300
20040709 612.00 614.50 609.00 612.00 488800
20040712 611.50 615.00 607.50 613.00 1020400
20040713 614.00 616.00 601.50 612.00 1270500
20040714 607.50 614.00 607.50 613.00 740500
20040715 612.00 613.00 605.50 610.00 1303900
20040716 608.00 611.00 605.50 609.00 1431800
20040719 610.00 611.50 607.00 608.00 346400
20040720 607.50 610.00 606.50 610.00 783000
20040721 611.00 611.50 607.00 607.50 738600
20040722 640.00 648.00 627.00 627.00 4187400
20040723 628.00 636.00 627.50 634.00 1810100
20040726 635.50 635.50 628.00 628.00 1248600
20040727 628.00 631.00 626.00 628.00 886700
20040728 627.00 627.00 619.50 621.00 762700
20040729 624.50 628.00 621.50 626.00 1051700
20040730 627.50 630.00 625.00 630.00 1116800
20040802 629.00 630.50 624.50 625.00 738500
20040803 626.00 629.00 623.50 624.00 900300
20040804 623.00 625.00 617.50 622.50 896600
20040805 622.00 625.50 618.00 622.00 634000
20040806 620.00 623.50 616.50 619.50 902500
20040809 619.50 621.00 616.00 617.00 903900
20040810 617.00 622.50 616.50 622.00 942000
20040811 624.00 626.00 619.50 625.00 1404700
20040812 625.00 629.00 620.00 622.00 1433000
20040813 621.50 623.00 614.00 617.50 1092400
20040816 618.00 618.00 609.00 609.00 783900
20040817 609.00 616.00 609.00 613.50 710200
20040818 604.50 625.00 604.50 614.50 626400
20040819 614.00 618.50 606.50 609.00 750400
20040820 608.50 610.50 604.00 606.50 752100
20040823 608.00 611.00 603.00 605.00 1647400
20040824 609.00 610.00 605.00 609.00 1656700
20040825 610.00 613.00 606.50 612.50 1497300
20040826 613.00 615.00 609.00 615.00 923300
20040827 615.00 619.50 613.50 618.00 652500
20040830 618.00 618.00 618.00 618.00 0
20040831 618.00 627.00 618.00 625.50 1614400
20040901 625.00 630.50 625.00 629.50 813500
20040902 629.00 630.00 621.50 629.00 528100
20040903 632.50 632.50 627.00 629.50 371100
20040906 633.00 635.00 629.00 633.00 344800
20040907 635.50 640.00 634.00 638.00 863500
20040908 639.00 645.00 637.00 641.50 1069200
20040909 642.00 645.50 636.00 643.50 1047800
20040910 646.00 651.50 642.00 650.00 1262500
20040913 652.00 661.00 652.00 656.50 1487800
20040914 658.00 659.50 655.00 657.00 1148900
20040915 657.00 664.00 656.00 657.50 1215300
20040916 656.00 656.00 651.00 654.50 563100
20040917 657.00 658.00 653.50 657.50 712000
20040920 663.50 663.50 647.00 652.00 987700
20040921 651.00 653.00 645.50 648.50 1129200
20040922 648.00 657.50 647.50 650.50 588900
20040923 651.00 653.00 643.50 651.00 574100
20040924 651.50 655.00 650.00 654.50 447100
20040927 654.00 654.00 647.50 649.00 657600
20040928 647.50 658.00 646.00 653.00 958200
20040929 655.00 667.00 652.00 660.50 1010600
20040930 662.00 677.50 658.50 664.00 1347800
20041001 667.00 675.50 671.50 674.50 1310800
20041004 672.50 679.50 672.50 678.00 673800
20041005 676.50 685.00 673.00 681.50 916900
20041006 676.50 685.50 676.50 681.00 896600
20041007 681.00 682.50 674.50 679.00 1105700
20041008 676.50 679.00 672.00 677.00 954300
20041011 672.00 677.00 671.00 673.00 1273600
20041012 671.50 676.50 670.00 675.00 777300
20041013 685.00 689.00 670.00 679.00 920700
20041014 680.00 684.50 675.50 684.50 898500
20041015 683.50 686.50 674.00 685.50 648300
20041018 684.50 686.50 679.50 681.50 632300
20041019 678.50 700.50 678.50 695.50 1247900
20041020 690.00 696.00 688.00 693.50 911800
20041021 693.00 696.50 690.50 694.00 552800
20041022 683.50 702.00 683.50 696.00 685500
20041025 693.00 695.00 688.00 692.00 340600
20041026 691.00 696.50 690.50 693.00 888000
20041027 695.00 695.50 687.50 695.00 986000
20041028 691.50 700.00 691.50 699.50 694100
20041029 698.00 700.50 694.00 695.00 784700
20041101 695.00 701.00 694.50 699.00 695400
20041102 700.00 702.00 693.50 701.50 926900
20041103 701.50 704.00 698.50 699.50 519600
20041104 699.50 701.00 697.50 701.00 750800
20041105 700.50 703.50 698.00 702.00 1514600
20041108 701.00 721.50 712.00 714.00 1474000
20041109 714.50 717.50 712.00 714.50 784200
20041110 708.00 718.50 708.00 715.00 1005000
20041111 715.00 715.00 710.00 712.00 1427300
20041112 714.50 720.00 710.00 719.50 704500
20041115 727.00 727.00 720.00 722.00 1020700
20041116 720.50 728.50 719.50 723.00 1032800
20041117 725.00 730.00 721.00 725.00 1258700
20041118 729.50 731.00 725.00 728.50 687400
20041119 733.50 738.00 730.50 733.50 880800
20041122 732.50 735.50 725.00 731.50 897300
20041123 730.00 734.00 730.00 733.00 729300
20041124 733.50 737.00 732.50 735.00 641200
20041125 737.50 742.00 736.00 738.00 569600
20041126 740.00 744.50 737.50 741.50 640900
20041129 745.50 752.00 745.50 749.50 632900
20041130 750.00 752.50 743.00 748.00 809000
20041201 737.00 740.00 729.50 732.00 1208100
20041202 737.00 738.00 733.50 737.50 1079800
20041203 736.50 739.50 727.50 729.50 1129900
20041206 730.00 741.00 729.00 734.50 523200
20041207 740.00 744.00 733.00 735.50 631800
20041208 732.50 732.50 726.50 726.50 1302400
20041209 723.50 731.50 720.50 728.00 1378400
20041210 734.50 737.00 727.50 729.00 766900
20041213 726.00 743.00 726.00 743.00 790300
20041214 740.00 742.00 732.50 735.50 717700
20041215 740.00 740.50 735.00 736.50 517700
20041216 737.50 740.50 733.00 738.00 949000
20041217 742.00 744.50 735.50 742.50 1042000
20041220 736.00 755.00 736.00 752.50 950100
20041221 752.50 755.00 747.00 754.50 659900
20041222 752.00 759.50 752.00 757.50 606300
20041223 758.00 765.50 758.00 765.00 518900
20041224 770.00 774.50 763.50 770.00 221600
20041227 770.00 770.00 770.00 770.00 0
20041228 770.00 770.00 770.00 770.00 0
20041229 772.50 781.00 770.00 776.50 397200
20041230 776.00 782.00 772.50 780.50 402100
20041231 776.50 781.00 776.50 780.50 125200
20050103 780.50 780.50 780.50 780.50 0
20050104 775.00 791.00 775.00 785.00 390700
20050105 781.50 774.00 772.50 774.00 452700
20050106 774.00 776.00 764.50 766.50 434800
20050107 770.00 774.00 759.00 760.50 1620900
20050110 760.50 765.50 753.50 755.00 1007800
20050111 754.00 757.50 752.00 755.50 688800
20050112 753.00 759.00 751.50 754.00 821300
20050113 754.00 758.50 754.00 757.00 721400
20050114 759.00 764.00 756.00 761.50 903700
20050117 763.00 764.50 759.50 762.00 563500
20050118 757.50 761.00 752.00 755.50 809100
20050119 763.50 773.50 750.50 760.00 1452300
20050120 759.00 759.00 747.00 753.00 672300
20050121 754.50 750.00 740.00 748.50 830600
20050124 746.00 751.00 741.50 745.50 1223700
20050125 748.50 759.00 750.00 755.00 670400
20050126 756.00 760.00 749.00 758.50 789800
20050127 755.50 756.50 749.00 755.50 631800
20050128 759.00 763.50 746.00 754.50 806200
20050131 759.00 763.00 750.00 753.50 1192400
20050201 755.50 757.50 746.50 749.00 936100
20050202 748.00 752.00 732.00 750.00 1493900
20050203 748.50 758.50 745.50 755.50 859200
20050204 755.50 760.00 752.00 754.00 909600
20050207 757.50 757.00 754.00 756.50 597700
20050208 757.50 762.50 752.50 761.00 748000
20050209 761.50 767.50 760.50 765.00 715600
20050210 765.00 766.50 761.00 761.50 581300
20050211 761.50 766.50 760.50 762.50 657500
20050214 762.50 772.50 762.50 767.50 625500
20050215 767.00 769.00 765.00 768.50 371000
20050216 767.00 768.50 762.00 766.00 566700
20050217 768.50 778.50 765.00 778.50 1133100
20050218 778.00 788.50 777.50 785.50 1094600
20050221 788.50 791.00 773.00 778.00 869800
20050222 780.50 784.00 773.50 779.00 505800
20050223 774.00 780.00 769.50 772.00 496100
20050224 776.50 781.50 773.50 775.00 750000
20050225 780.00 782.50 773.50 778.50 535100
20050228 780.50 798.00 768.50 770.00 862600
20050301 770.50 772.00 763.50 766.50 809400
20050302 765.50 768.50 762.50 767.50 393200
20050303 769.00 769.00 760.00 766.00 646600
20050304 766.50 783.50 754.50 763.50 1185100
20050307 766.00 766.50 745.50 756.00 1239100
20050308 757.50 759.50 750.00 754.50 966100
20050309 750.50 757.00 744.00 755.50 1048900
20050310 753.50 759.50 753.50 757.50 469300
20050311 763.00 767.50 755.00 766.00 789700
20050314 768.00 768.00 757.50 762.50 411500
20050315 764.00 764.50 756.00 760.00 448100
20050316 767.50 767.50 754.50 756.50 551800
20050317 754.50 757.00 749.00 754.50 283300
20050318 756.50 762.50 754.00 756.50 969500
20050321 759.00 759.00 755.50 756.50 469900
20050322 754.00 760.00 752.50 757.50 538800
20050323 752.50 779.50 751.50 753.00 906900
20050324 756.00 757.00 753.00 755.50 1561600
20050325 755.50 755.50 755.50 755.50 0
20050328 755.50 755.50 755.50 755.50 0
20050329 752.00 759.00 752.00 759.00 1297700
20050330 758.50 759.50 755.50 757.00 512600
20050331 756.00 759.00 751.50 753.00 1137800
20050401 753.00 757.00 751.00 753.00 565100
20050404 754.00 754.00 745.00 747.00 767000
20050405 754.50 773.00 747.50 768.50 3181000
20050406 768.50 772.00 759.50 762.50 1139500
20050407 765.00 768.00 750.00 766.50 835000
20050408 770.00 773.50 765.00 768.50 1266200
20050411 769.50 776.00 765.50 774.50 1097100
20050412 771.00 777.00 771.00 772.50 770600
20050413 777.00 784.50 772.50 784.50 1470800
20050414 780.00 786.50 780.00 786.00 1234200
20050415 783.00 783.50 776.00 779.50 1007100
20050418 771.00 771.00 764.00 766.50 824100
20050419 765.00 765.00 746.00 758.00 1949900
20050420 758.00 765.00 758.00 760.50 669400
20050421 757.50 772.00 757.50 758.00 434600
20050422 764.00 766.50 761.00 765.00 858600
20050425 766.50 768.00 759.50 767.00 339500
20050426 768.50 768.50 759.00 767.50 843800
20050427 766.00 767.00 756.50 760.00 1795200
20050428 760.00 764.00 727.50 728.00 3357600
20050429 725.00 743.00 720.50 734.00 1979500
20050502 734.00 734.00 734.00 734.00 0
20050503 738.00 748.50 734.50 740.00 890400
20050504 740.50 751.00 735.00 750.50 944500
20050505 749.00 753.00 746.50 752.00 413500
20050506 752.50 759.00 747.50 754.00 865000
20050509 753.50 762.00 748.50 759.50 1076200
20050510 766.00 766.50 754.50 759.00 742300
20050511 759.50 765.00 757.50 762.00 813800
20050512 765.50 765.50 759.50 761.00 1000200
20050513 754.00 762.50 754.00 762.50 1099100
20050516 762.50 766.00 758.00 765.50 761900
20050517 765.50 765.50 760.50 761.50 969400
20050518 763.50 767.00 760.50 763.50 1188800
20050519 761.50 766.00 726.00 760.00 2114000
20050520 762.50 762.50 728.50 748.50 2614700
20050523 747.50 759.00 747.50 758.00 685900
20050524 758.00 765.50 755.00 760.00 639700
20050525 756.50 770.50 755.50 770.00 1109200
20050526 766.00 805.00 766.00 798.00 2307100
20050527 798.50 802.00 787.50 791.00 770300
20050530 791.00 791.00 791.00 791.00 0
20050531 796.50 807.00 796.00 800.50 1359000
20050601 793.50 794.50 787.50 789.50 957000
20050602 789.00 793.00 782.00 790.50 887200
20050603 790.50 790.50 790.50 790.50 0
20050606 787.00 787.00 781.50 782.00 1251300
20050607 783.00 793.00 783.00 790.00 691300
20050608 788.00 794.00 782.00 790.00 849400
20050609 792.00 796.00 785.50 788.50 843000
20050610 788.50 793.00 785.50 789.50 287400
20050613 795.00 802.50 791.00 797.00 719500
20050614 797.00 800.50 795.00 798.00 869300
20050615 795.50 798.50 781.00 782.50 1355100
20050616 783.00 786.00 778.50 785.00 493300
20050617 786.50 805.50 783.50 790.50 1021000
20050620 788.50 793.00 787.00 788.00 949200
20050621 793.50 811.50 792.00 806.00 2020500
20050622 806.50 807.50 791.00 803.00 1810500
20050623 806.00 816.00 800.50 814.50 1928800
20050624 813.50 821.50 809.50 821.00 1641000
20050627 815.00 816.50 810.50 815.50 1545400
20050628 815.00 818.50 812.00 817.00 1306100
20050629 816.50 822.50 815.00 822.50 789600
20050630 823.00 829.50 819.50 825.50 926700
20050701 825.00 840.00 825.00 837.50 827300
20050704 839.00 839.00 830.50 834.00 591100
20050705 832.50 837.50 828.00 833.50 610500
20050706 833.50 844.50 833.50 844.00 1053500
20050707 840.00 842.50 796.50 827.00 1236400
20050708 835.00 842.00 829.50 840.50 554800
20050711 849.00 849.00 835.00 835.50 1448800
20050712 839.50 845.00 838.50 838.50 870500
20050713 836.50 844.00 836.50 838.00 541500
20050714 836.50 849.00 836.50 840.00 1184800
20050715 840.00 850.50 840.00 843.00 1692300
20050718 843.00 854.00 840.00 843.00 2675100
20050719 840.50 854.00 840.50 845.00 2129700
20050720 848.50 853.00 843.50 851.00 1197600
20050721 852.50 854.00 835.50 850.50 2031200
20050722 853.00 854.50 840.00 849.50 1593700
20050725 849.00 850.50 841.50 846.50 1718800
20050726 841.00 856.00 841.00 851.00 1211600
20050727 851.50 855.00 846.50 852.00 2381700
20050728 856.00 857.50 851.00 856.50 1860800
20050729 862.00 863.50 852.00 858.00 1396800
20050801 856.50 858.50 853.00 858.50 617900
20050802 859.00 860.00 852.00 860.00 738800
20050803 858.50 863.50 850.00 860.50 1122900
20050804 863.00 864.50 859.50 860.00 698100
20050805 857.50 859.50 852.50 854.00 2255600
20050808 854.00 863.50 854.00 860.00 1014300
20050809 860.50 863.00 857.00 863.00 659600
20050810 859.50 868.50 854.50 861.00 2343900
20050811 855.50 859.50 851.00 853.50 986200
20050812 851.50 856.50 847.50 849.00 1018500
20050815 850.50 851.00 844.00 845.00 545200
20050816 852.00 854.00 844.50 846.00 434200
20050817 847.00 851.00 843.00 845.00 1634100
20050818 847.00 853.50 841.00 841.00 976100
20050819 841.00 853.50 840.50 849.00 700200
20050822 849.50 856.50 849.50 851.50 953100
20050823 851.50 855.50 847.50 855.50 796200
20050824 851.50 857.00 850.00 854.50 1387500
20050825 850.00 853.00 843.00 845.50 852000
20050826 842.50 850.00 839.50 841.50 444300
20050829 841.50 841.50 841.50 841.50 0
20050830 844.50 845.50 838.50 838.50 388900
20050831 837.50 855.00 837.50 845.50 1423000
20050901 847.50 880.50 843.50 850.50 1105400
20050902 852.00 852.00 845.00 848.00 1170000
20050905 851.00 857.00 847.50 852.00 396900
20050906 852.50 852.50 846.50 846.50 777200
20050907 846.50 850.00 827.50 845.00 905300
20050908 847.00 849.50 845.50 848.00 686800
20050909 856.50 856.50 842.50 845.00 645400
20050912 844.50 848.00 832.00 832.00 2383000
20050913 829.00 849.00 825.50 848.00 1753900
20050914 845.50 848.50 835.50 836.50 2499700
20050915 835.50 839.00 827.50 829.50 951900
20050916 831.00 832.00 826.00 830.00 2412400
20050919 828.50 835.50 821.50 823.50 1294600
20050920 821.50 821.50 813.00 815.50 1233100
20050921 808.50 819.50 806.00 806.50 1807400
20050922 804.00 816.00 804.00 815.50 2570300
20050923 814.00 817.50 811.00 815.00 1514200
20050926 823.00 826.50 818.00 823.50 759100
20050927 818.00 826.50 816.50 826.50 2043100
20050928 830.00 830.00 818.50 818.50 1456700
20050929 814.50 824.00 813.00 816.50 1642900
20050930 821.00 823.50 816.00 822.50 1909900
20051003 822.00 825.50 817.00 822.50 832700
20051004 822.50 828.50 819.00 828.00 994000
20051005 824.50 831.50 822.00 830.00 1170300
20051006 820.00 830.00 812.00 814.50 1596800
20051007 809.50 817.50 809.50 816.50 952500
20051010 816.00 816.00 805.50 809.50 850200
20051011 810.00 818.50 807.50 816.00 2421000
20051012 811.00 812.50 798.00 799.00 1119600
20051013 798.50 812.50 796.00 812.00 1676800
20051014 810.00 810.50 803.00 803.00 3191200
20051017 802.50 810.00 799.50 808.00 1447700
20051018 808.50 811.00 800.00 803.50 689200
20051019 800.00 806.50 792.00 804.00 2209000
20051020 816.00 816.00 799.00 802.00 1348600
20051021 798.00 801.00 793.50 798.50 1463600
20051024 797.00 800.50 795.00 799.50 1940600
20051025 802.50 803.50 784.50 785.00 1211700
20051026 787.00 800.00 786.50 795.50 2439300
20051027 791.50 791.50 779.50 780.00 1353500
20051028 779.00 782.50 771.00 780.50 1063000
20051031 785.50 797.50 771.50 791.50 1930200
20051101 789.00 791.50 785.50 788.00 1040500
20051102 784.00 805.00 773.00 804.50 2527400
20051103 805.00 833.00 800.50 814.00 2037800
20051104 814.00 820.00 805.00 809.50 1025100
20051107 811.50 816.50 807.50 816.50 749600
20051108 823.00 823.00 799.00 804.00 2670400
20051109 810.50 810.50 800.00 808.00 2894200
20051110 808.00 814.50 801.50 803.00 2709700
20051111 809.50 814.00 807.00 810.00 2519500
20051114 800.50 818.50 800.50 811.00 2278200
20051115 812.00 813.00 806.00 808.50 2263900
20051116 811.00 815.50 805.50 811.00 1023800
20051117 810.00 829.00 810.00 827.00 2087500
20051118 830.00 844.00 824.50 826.00 1196400
20051121 830.00 830.50 817.00 822.00 969500
20051122 826.00 835.00 821.00 830.50 2168300
20051123 834.00 844.00 834.00 840.50 1737800
20051124 845.00 851.00 835.00 838.00 1780000
20051125 840.50 846.00 839.00 843.00 2171500
20051128 850.50 851.00 834.00 837.50 1258700
20051129 839.50 843.00 831.00 831.00 2235500
20051130 827.00 829.50 819.00 819.00 3711400
20051201 821.00 835.50 819.00 835.00 3318900
20051202 834.50 837.00 828.50 834.00 1562500
20051205 834.00 834.00 822.00 823.00 2171900
20051206 824.50 830.50 819.00 825.00 2631700
20051207 823.00 828.00 821.00 826.50 2845000
20051208 826.00 832.00 823.00 832.00 3912500
20051209 827.00 828.50 819.00 825.50 3214200
20051212 826.00 832.00 824.50 831.50 1829000
20051213 833.50 840.00 830.00 835.50 2190800
20051214 837.50 843.00 833.50 838.50 2592200
20051215 838.50 839.00 828.50 831.00 2716800
20051216 835.00 848.50 835.00 839.50 2252000
20051219 837.00 841.50 836.00 839.00 2502500
20051220 838.50 838.50 833.00 835.00 1895100
20051221 835.50 837.50 830.00 833.50 4329000
20051222 835.50 837.50 832.50 833.50 1112100
20051223 835.00 838.50 831.50 837.50 147600
20051226 837.50 837.50 837.50 837.50 0
20051227 837.50 837.50 837.50 837.50 0
20051228 849.00 849.00 837.50 842.00 805000
20051229 840.00 841.00 837.00 838.00 633300
20051230 836.00 840.50 834.00 839.00 345600
20060102 839.00 839.00 839.00 839.00 0
20060103 837.50 848.00 836.50 840.50 945300
20060104 843.50 857.50 843.50 857.50 1812800
20060105 854.50 856.00 852.00 855.00 2848200
20060106 856.50 857.00 853.50 857.00 1831300
20060109 857.50 862.50 857.50 862.00 4114300
20060110 863.00 866.00 858.00 858.50 13465700
20060111 858.50 858.50 854.00 855.00 3276600
20060112 856.00 856.00 837.50 838.00 9808900
20060113 838.00 838.00 823.50 825.00 5237900
20060116 823.00 828.50 817.00 825.00 3829800
20060117 822.50 826.50 819.00 820.50 2954500
20060118 814.50 816.50 804.50 807.50 5750100
20060119 810.00 815.00 801.00 802.50 1870300
20060120 810.00 829.50 810.00 826.50 7556200
20060123 822.00 826.00 816.50 820.00 4479900
20060124 817.50 821.00 812.50 816.50 3376700
20060125 818.00 827.00 814.00 825.50 2026800
20060126 829.50 835.00 825.00 830.00 6723200
20060127 839.00 839.00 830.00 832.50 4039300
20060130 830.00 832.50 821.50 824.00 2071100
20060131 825.00 827.00 819.50 825.00 2802300
20060201 824.00 830.00 823.00 827.00 2306200
20060202 827.00 834.00 827.00 830.00 2254800
20060203 830.00 837.00 830.00 836.00 2203900
20060206 835.00 836.00 833.00 833.00 667500
20060207 838.50 838.50 829.00 836.00 1780300
20060208 826.50 833.00 826.00 831.00 1551800
20060209 830.00 836.50 826.00 835.00 2491700
20060210 835.00 842.00 834.50 840.50 2125700
20060213 841.00 855.50 840.00 854.50 3556600
20060214 858.00 858.00 850.50 856.50 3906400
20060215 858.00 861.50 855.00 859.50 2313600
20060216 860.00 876.50 858.50 864.50 1679000
20060217 862.00 868.00 862.00 865.00 856400
20060220 863.00 865.50 861.50 864.50 685400
20060221 869.50 869.50 861.50 863.00 1358800
20060222 856.50 906.00 855.50 871.00 1140700
20060223 867.50 870.00 860.00 861.50 2527200
20060224 861.00 876.00 855.50 870.00 2329500
20060227 868.00 874.50 862.00 871.50 2422600
20060228 873.00 878.00 873.00 875.00 3962500
20060301 870.00 881.00 870.00 880.50 1719800
20060302 877.00 884.50 872.50 876.00 3435200
20060303 874.50 877.00 867.00 875.50 954500
20060306 871.50 879.00 870.50 874.00 1363200
20060307 876.50 877.00 868.00 873.50 585200
20060308 869.00 910.50 861.00 863.50 1817200
20060309 865.00 877.00 850.50 875.50 686200
20060310 871.50 875.50 866.50 869.50 1486400
20060313 869.50 872.50 840.50 864.50 2256200
20060314 865.00 868.50 856.00 863.50 1575600
20060315 867.50 873.50 860.00 866.50 1486700
20060316 863.00 871.50 861.50 867.00 729400
20060317 864.50 877.50 862.50 866.50 2353800
20060320 865.00 865.50 856.50 860.50 1291800
20060321 859.00 866.50 859.00 865.50 579400
20060322 865.00 867.00 855.00 862.00 1540700
20060323 863.00 865.00 855.00 859.50 1521200
20060324 859.50 868.50 856.50 867.50 801000
20060327 867.00 867.00 851.00 851.50 1077000
20060328 852.00 856.50 842.50 850.50 1207700
20060329 854.00 854.00 844.50 850.50 1409800
20060330 850.50 855.00 849.50 853.50 887000
20060331 850.00 858.50 845.00 848.00 948400
20060403 850.00 853.00 836.50 847.00 1823400
20060404 842.00 847.00 840.00 844.50 949000
20060405 844.00 851.00 834.50 849.00 1315300
20060406 849.00 853.00 842.00 847.50 1096800
20060407 844.50 845.00 833.00 835.00 1736300
20060410 831.00 838.50 825.50 830.00 2368400
20060411 827.00 834.00 825.50 826.00 875800
20060412 821.50 836.00 821.50 830.00 3062700
20060413 830.00 838.50 828.00 836.50 1560100
20060414 836.50 836.50 836.50 836.50 0
20060417 836.50 836.50 836.50 836.50 0
20060418 834.00 846.00 834.00 843.00 2478900
20060419 830.00 830.00 783.50 788.50 8364100
20060420 786.50 810.00 786.50 807.00 6320600
20060421 806.00 806.00 798.50 803.50 3413600
20060424 802.50 802.50 788.50 796.00 2181500
20060425 794.00 812.50 781.50 788.00 2108300
20060426 787.50 799.00 782.00 783.00 3893700
20060427 780.50 785.00 767.50 773.00 3407800
20060428 773.50 773.50 760.00 761.50 3558600
20060501 761.50 761.50 761.50 761.50 0
20060502 762.00 771.50 761.50 767.00 2737400
20060503 766.00 770.00 757.50 763.50 2908200
20060504 762.50 770.00 757.00 761.00 5606600
20060505 760.00 761.50 756.50 758.00 2165700
20060508 763.00 764.00 751.50 753.00 2353600
20060509 752.00 764.00 752.00 757.50 4480700
20060510 755.00 763.50 755.00 761.50 2263100
20060511 761.00 775.00 761.00 765.50 3902300
20060512 760.00 770.00 754.00 756.00 2354800
20060515 754.50 755.72 733.96 749.00 1790700
20060516 749.00 760.00 740.50 755.00 6608600
20060517 753.00 764.00 741.00 746.50 4034700
20060518 744.00 753.38 734.22 745.00 3420000
20060519 749.50 764.60 746.00 756.00 4899800
20060522 753.00 753.96 734.00 737.00 4871600
20060523 737.00 747.00 736.50 740.00 10089600
20060524 729.00 745.00 725.78 727.00 3328100
20060525 730.00 750.50 730.00 746.50 2913900
20060526 748.00 754.60 745.91 752.00 5968400
20060529 752.00 752.00 752.00 752.00 0
20060530 747.00 751.62 734.50 734.50 3615400
20060531 727.50 745.85 720.43 739.00 3609000
20060601 739.00 739.28 729.64 733.50 898300
20060602 739.50 741.11 734.00 736.00 2224500
20060605 730.50 733.00 725.41 727.00 4228200
20060606 723.00 740.50 718.00 719.50 3000900
20060607 719.00 725.00 713.00 723.00 2406300
20060608 712.50 720.00 706.50 710.00 1721000
20060609 715.50 719.44 710.00 716.00 3282400
20060612 707.50 716.33 706.57 711.50 1478000
20060613 705.50 708.00 695.50 699.50 1497000
20060614 698.00 714.28 696.21 704.50 1762200
20060615 705.50 711.59 704.50 712.50 1227300
20060616 723.50 725.92 708.80 709.50 2763400
20060619 712.00 717.72 709.20 711.00 869300
20060620 708.00 717.00 704.58 716.50 1619500
20060621 724.00 742.34 719.00 731.50 4590600
20060622 742.00 759.00 736.00 753.00 7910000
20060623 750.00 756.00 746.06 747.00 2123700
20060626 747.00 751.00 744.05 745.00 2004400
20060627 751.00 752.50 740.50 743.50 2219300
20060628 743.50 752.00 740.00 748.00 1641600
20060629 754.00 759.00 749.00 759.00 2982900
20060630 766.00 766.00 754.50 760.50 2768100
20060703 763.50 770.00 762.00 769.00 1305600
20060704 765.00 792.50 764.50 789.50 4590400
20060705 783.50 793.50 783.50 793.00 2461000
20060706 791.50 803.50 790.50 803.50 2872500
20060707 800.00 806.00 800.00 803.50 3129200
20060710 799.00 811.50 799.00 811.50 2425300
20060711 807.00 816.50 806.50 816.00 2325600
20060712 818.00 819.50 815.00 817.50 2567200
20060713 811.00 821.00 811.00 819.00 2202700
20060714 810.00 820.50 810.00 815.50 980300
20060717 814.50 819.00 812.50 817.00 2868500
20060718 813.00 826.50 813.00 823.00 5589300
20060719 831.00 838.00 826.50 837.00 3346900
20060720 837.50 844.00 836.50 842.00 3355100
20060721 840.00 861.00 840.00 854.00 3515400
20060724 852.00 861.00 850.00 860.00 1440200
20060725 860.00 860.50 840.00 848.00 9808800
20060726 847.00 847.50 839.00 844.00 3525000
20060727 845.00 848.00 840.00 846.50 1979400
20060728 846.50 849.50 841.00 848.00 2290700
20060731 848.50 850.00 838.50 840.50 1908700
20060801 836.50 845.00 832.50 834.50 1483700
20060802 836.00 851.50 836.00 847.00 2326100
20060803 847.00 847.00 847.00 847.00 0
20060804 841.50 845.50 838.50 839.50 1618000
20060807 831.50 839.00 831.00 837.00 697700
20060808 845.00 845.50 834.00 835.50 1858200
20060809 833.50 842.50 832.00 842.00 1179600
20060810 833.50 841.00 828.00 840.00 1362300
20060811 838.50 848.50 838.50 848.00 1349200
20060814 850.00 860.00 847.50 860.00 1902100
20060815 857.00 861.00 856.50 859.50 2599700
20060816 862.00 868.00 857.00 865.50 3538500
20060817 864.00 868.50 860.00 863.00 2932200
20060818 860.50 866.00 857.00 859.00 2786600
20060821 857.00 859.50 850.00 855.50 1669000
20060822 863.50 863.50 842.00 843.00 4515300
20060823 844.50 844.50 836.00 840.00 3432100
20060824 840.00 846.00 835.50 838.00 3757200
20060825 837.50 837.50 827.50 830.50 3481100
20060828 830.50 830.50 830.50 830.50 0
20060829 831.50 833.00 820.00 830.50 4445700
20060830 830.00 837.00 830.00 835.50 1634400
20060831 833.50 835.50 827.00 829.00 1676100
20060901 830.00 835.00 828.50 831.00 1448600
20060904 830.50 839.00 827.00 837.50 2178500
20060905 836.00 838.50 829.50 831.00 2288800
20060906 833.00 833.00 825.00 829.00 2452400
20060907 821.50 829.00 821.50 827.00 2578000
20060908 827.00 827.00 817.50 819.50 3462100
20060911 812.00 820.00 812.00 820.00 2956300
20060912 824.00 828.00 820.00 828.00 1478200
20060913 827.00 830.50 826.50 830.00 2630300
20060914 829.00 846.00 826.50 838.00 3851600
20060915 837.00 842.00 832.50 835.00 1574400
20060918 831.50 838.00 830.00 836.50 612700
20060919 833.50 836.00 831.50 834.00 1185500
20060920 831.00 840.50 831.00 838.00 1155400
20060921 840.50 840.50 833.50 837.50 989200
20060922 830.50 833.50 823.00 831.00 550600
20060925 831.00 838.00 830.00 832.50 942900
20060926 834.50 840.00 831.00 837.50 1097700
20060927 838.50 840.00 833.50 836.00 886900
20060928 833.00 833.50 828.00 831.50 3193700
20060929 830.00 834.50 829.50 830.00 1460200
20061002 830.00 832.00 826.50 828.50 1529500
20061003 824.00 829.50 818.50 824.50 1938100
20061004 825.50 832.50 820.00 832.00 2240800
20061005 839.00 839.00 832.50 836.50 1678500
20061006 833.50 834.00 829.00 831.50 867500
20061009 826.00 834.00 826.00 834.00 1074700
20061010 833.00 833.50 824.00 825.50 2163500
20061011 823.00 825.00 814.50 819.50 2146700
20061012 819.00 830.00 819.00 826.00 1478000
20061013 825.00 826.00 820.00 822.00 1926200
20061016 820.50 824.50 819.00 820.50 1691100
20061017 821.00 821.00 814.50 816.00 3009000
20061018 822.00 825.50 817.50 821.00 1664200
20061019 821.50 823.00 813.50 817.50 1718500
20061020 819.50 819.50 811.00 814.00 1627900
20061023 815.00 820.00 810.50 818.00 1267700
20061024 820.00 820.50 814.50 817.50 1291400
20061025 814.50 818.50 811.00 814.00 2994200
20061026 813.50 822.50 806.50 821.50 2009900
20061027 822.50 825.00 810.00 814.00 1395100
20061030 809.00 821.50 807.00 816.50 2666500
20061031 813.00 832.00 813.00 832.00 3524500
20061101 834.50 838.50 831.00 835.50 1847200
20061102 829.00 843.50 826.00 843.50 1826900
20061103 845.00 845.50 832.50 835.00 2018000
20061106 835.00 855.50 834.50 851.00 3083300
20061107 843.00 844.50 823.50 844.00 4549800
20061108 843.00 870.00 842.00 855.50 2430500
20061109 863.50 888.00 863.00 884.00 5424300
20061110 878.00 891.00 876.50 881.50 2219000
20061113 882.50 898.50 881.00 893.00 3736600
20061114 893.00 896.00 880.00 882.00 2454200
20061115 890.00 890.00 883.00 886.00 1434800
20061116 890.50 895.00 883.00 895.00 2007500
20061117 897.50 902.50 890.50 894.50 1476100
20061120 887.00 895.00 886.00 893.00 1194300
20061121 885.00 894.50 879.00 887.00 6127000
20061122 886.00 891.00 881.50 884.00 3339700
20061123 883.50 887.50 873.50 875.00 3789600
20061124 877.00 878.00 872.00 876.50 2125700
20061127 875.00 877.00 865.00 866.50 3426800
20061128 866.50 870.00 856.00 868.00 3031700
20061129 864.50 864.50 851.50 859.00 2527800
20061130 857.00 863.00 844.50 847.00 2326700
20061201 846.50 850.50 838.50 841.50 2563400
20061204 840.00 846.00 835.50 839.00 2231900
20061205 845.00 845.00 826.50 835.00 2434200
20061206 831.50 835.00 822.50 828.00 2949500
20061207 822.50 837.00 822.00 829.50 3628700
20061208 824.00 831.00 821.50 831.00 2423300
20061211 831.00 834.50 825.00 832.00 1852700
20061212 834.50 846.50 829.00 836.00 2702100
20061213 832.00 839.00 829.00 835.00 2177400
20061214 834.00 844.50 834.00 840.50 1604900
20061215 838.00 840.00 834.50 837.00 3676800
20061218 833.00 835.50 826.00 827.00 2267400
20061219 821.50 840.50 819.00 835.00 1984900
20061220 838.00 838.00 824.50 826.50 1425300
20061221 832.00 837.00 830.00 837.00 1482500
20061222 831.50 836.50 830.00 833.00 711100
20061225 833.00 833.00 833.00 833.00 0
20061226 833.00 833.00 833.00 833.00 0
20061227 830.50 846.00 824.00 831.50 1217600
20061228 838.00 839.00 830.50 833.00 705400
20061229 825.00 832.00 823.00 825.50 427000
20070101 825.50 825.50 825.50 825.50 0
20070102 834.00 841.50 829.00 841.50 982700
20070103 837.50 845.00 834.50 844.50 2339400
20070104 836.00 854.50 836.00 852.50 4712500
20070105 850.00 851.00 841.00 841.00 2426900
20070108 840.00 846.00 834.50 836.00 2589600
20070109 842.00 842.00 836.00 840.00 1753600
20070110 833.00 841.00 833.00 840.00 3018700
20070111 841.00 844.00 820.00 833.00 5987200
20070112 828.50 834.50 825.00 828.00 3016200
20070115 832.50 834.00 827.00 827.00 1853500
20070116 827.00 827.50 818.00 818.00 2894400
20070117 822.00 825.00 817.00 822.00 2822200
20070118 819.50 826.50 816.50 823.00 3081200
20070119 818.00 822.00 816.50 820.00 1863700
20070122 824.00 825.50 816.50 819.00 1236000
20070123 812.00 818.00 805.00 812.00 4248900
20070124 811.00 820.00 811.00 818.00 2679600
20070125 814.50 825.00 813.00 818.50 1961200
20070126 813.00 816.50 808.00 809.00 1775400
20070129 805.00 809.50 802.00 805.00 3290100
20070130 801.50 814.50 801.00 811.00 2459000
20070131 813.00 813.50 800.00 801.50 2702100
20070201 803.00 814.00 801.50 808.00 4281800
20070202 808.00 818.50 804.00 815.50 2286200
20070205 810.00 813.50 802.00 808.50 1388500
20070206 812.50 825.00 809.00 821.00 3256700
20070207 819.00 831.00 817.00 830.00 5510900
20070208 833.50 833.50 824.50 828.50 3155100
20070209 833.00 835.00 824.50 827.50 1498500
20070212 820.00 825.50 814.50 820.00 1755900
20070213 821.00 824.50 817.50 824.50 2042500
20070214 824.50 830.50 822.00 830.50 1142300
20070215 832.50 832.50 824.50 832.00 1184300
20070216 834.50 835.50 828.50 830.00 2760100
20070219 826.50 829.00 818.00 827.00 2280700
20070220 830.00 830.00 816.50 819.00 2364800
20070221 820.00 821.00 812.00 815.50 1191900
20070222 815.50 818.00 804.00 806.00 2957400
20070223 808.00 811.00 801.00 807.50 3074600
20070226 818.00 859.00 818.00 845.00 7360400
20070227 843.50 843.50 815.50 821.00 2641000
20070228 808.50 829.50 805.50 825.00 5354400
20070301 835.50 845.50 828.00 833.00 8109900
20070302 833.00 837.00 823.50 830.00 5111800
20070305 813.00 823.50 813.00 818.00 3994900
20070306 819.00 836.00 819.00 833.50 2917600
20070307 831.50 848.00 828.00 846.00 3764100
20070308 845.00 855.50 834.00 840.00 14750800
20070309 842.50 849.50 834.50 848.50 4256800
20070312 850.00 853.00 839.00 846.50 1617700
20070313 846.50 849.00 839.00 840.00 1827500
20070314 831.00 839.00 822.00 828.00 2652600
20070315 840.50 848.50 835.00 845.50 2094700
20070316 849.00 849.00 834.50 845.50 1941500
20070319 849.00 852.50 840.50 848.50 1580600
20070320 841.50 849.00 838.00 848.00 4420700
20070321 848.00 860.00 845.00 854.50 2090900
20070322 864.00 864.00 851.00 856.50 1203800
20070323 848.50 860.00 848.50 859.50 1361800
20070326 854.50 868.00 850.50 853.50 2270300
20070327 855.00 865.50 855.00 856.50 1988300
20070328 857.50 857.50 841.00 846.00 2440800
20070329 854.50 861.00 848.50 859.00 2113800
20070330 854.00 865.00 853.50 864.00 1659600
20070402 866.50 870.00 860.00 868.50 1700400
20070403 877.50 877.50 865.00 870.50 1836800
20070404 868.50 881.50 867.00 881.00 2924800
20070405 878.00 889.00 874.00 886.50 2224100
20070406 886.50 886.50 886.50 886.50 0
20070409 886.50 886.50 886.50 886.50 0
20070410 889.00 916.00 889.00 901.00 5386300
20070411 898.50 907.50 898.50 901.00 2235300
20070412 900.00 907.50 888.50 907.00 2096100
20070413 903.50 910.00 899.50 907.00 1855200
20070416 913.50 914.00 902.00 911.00 2901600
20070417 910.00 910.00 895.50 905.00 4241500
20070418 907.50 930.00 902.00 922.00 4250800
20070419 917.00 936.00 914.50 930.00 4713500
20070420 936.00 943.50 931.50 937.50 4903200
20070423 944.00 944.00 933.50 934.50 3614400
20070424 944.50 944.50 898.50 927.50 4132900
20070425 935.00 937.00 927.00 930.00 2798700
20070426 937.00 941.00 927.00 932.00 1653300
20070427 927.00 934.00 920.50 925.50 1662500
20070430 920.50 930.50 917.00 926.50 2286600
20070501 934.00 934.00 918.00 919.00 1460800
20070502 919.50 928.50 915.00 927.50 1907900
20070503 927.50 931.00 924.00 929.50 2447800
20070504 930.00 938.50 926.00 932.50 1113600
20070507 932.50 932.50 932.50 932.50 0
20070508 928.50 955.00 928.50 947.00 2391500
20070509 946.00 955.00 942.00 946.50 1800500
20070510 942.00 953.00 940.50 942.00 1632900
20070511 933.50 949.00 928.50 945.50 1929000
20070514 950.00 951.00 939.50 942.50 1801900
20070515 943.50 949.00 935.50 945.00 3656400
20070516 947.50 949.00 939.50 943.50 2595500
20070517 948.50 948.50 938.50 943.00 1380500
20070518 940.00 955.50 940.00 948.50 2429600
20070521 956.00 956.00 942.00 945.00 1302000
20070522 950.00 953.00 938.50 941.50 4368800
20070523 936.50 944.00 924.00 925.50 4114500
20070524 918.00 933.00 918.00 925.00 2430000
20070525 918.00 927.50 918.00 925.50 1531700
20070528 925.50 925.50 925.50 925.50 0
20070529 929.00 935.00 925.00 932.00 602000
20070530 919.00 927.00 913.50 926.50 1570800
20070531 930.00 932.50 922.00 927.50 2847000
20070601 927.50 927.50 927.50 927.50 0
20070604 935.00 935.00 927.50 931.50 1634100
20070605 940.00 948.00 930.50 935.50 3633800
20070606 938.00 943.50 915.50 918.50 3580500
20070607 924.50 926.50 906.00 910.00 3731200
20070608 904.50 921.50 901.00 920.50 2523200
20070611 924.50 928.00 920.50 926.00 1383500
20070612 921.00 929.00 921.00 924.00 1095300
20070613 923.50 933.00 916.00 929.50 2687300
20070614 935.50 940.00 930.00 935.50 2357800
20070615 935.00 944.00 934.00 943.50 2758700
20070618 942.00 946.00 936.50 940.50 1391800
20070619 945.00 945.00 926.50 927.00 2824100
20070620 928.00 935.00 918.50 919.00 1881400
20070621 915.00 918.50 904.50 913.00 1484900
20070622 920.00 920.00 910.50 913.00 1688400
20070625 911.00 921.00 905.00 920.00 1795600
20070626 920.00 926.00 912.50 923.00 3121100
20070627 921.50 922.50 912.00 914.00 2761100
20070628 922.00 922.00 896.00 900.50 5052800
20070629 900.50 900.50 862.00 888.00 11618500
20070702 886.50 888.50 873.50 880.00 4306100
20070703 885.00 886.00 876.50 881.00 4129100
20070704 881.50 891.00 877.50 885.50 2565800
20070705 890.00 891.00 880.50 886.50 3692600
20070706 885.00 888.50 873.50 878.50 1557900
20070709 882.50 895.50 876.50 887.00 2507900
20070710 887.00 898.50 883.50 890.00 3923000
20070711 882.50 898.00 882.00 893.00 4723300
20070712 891.50 900.00 886.50 897.00 3284600
20070713 905.00 905.00 893.00 896.00 2361900
20070716 891.50 898.00 889.00 892.00 1648200
20070717 894.00 894.00 884.50 886.00 1302900
20070718 878.00 882.50 871.00 872.00 1440300
20070719 873.00 882.00 872.50 879.50 2358800
20070720 874.00 888.50 874.00 877.00 2484000
20070723 873.00 882.00 870.50 881.50 1123800
20070724 876.00 876.50 848.00 849.00 3548500
20070725 846.50 856.50 842.50 844.50 1758800
20070726 844.00 850.50 814.00 814.00 2373500
20070727 806.00 827.00 806.00 820.50 3225300
20070730 819.00 826.00 810.50 819.50 2934800
20070731 823.00 847.00 822.00 846.50 4317500
20070801 831.00 836.50 814.00 827.00 3525700
20070802 831.00 844.50 830.00 838.50 2256800
20070803 845.00 845.00 825.00 827.50 994300
20070806 823.50 827.00 817.00 818.00 3128700
20070807 824.00 830.50 818.50 828.00 1584700
20070808 832.00 844.00 830.00 842.50 2368400
20070809 838.50 877.50 834.50 841.50 4305200
20070810 832.00 874.50 828.50 844.00 4330000
20070813 846.50 868.50 841.00 861.00 3844200
20070814 851.50 863.50 848.50 853.00 2013800
20070815 847.00 847.50 836.00 836.00 3490500
20070816 822.50 828.00 807.00 816.00 3835200
20070817 806.00 846.50 803.50 839.00 3921400
20070820 844.50 846.50 834.00 836.50 2627200
20070821 836.00 840.00 827.50 835.50 2141800
20070822 839.50 846.00 836.50 843.00 1463500
20070823 850.00 852.00 836.00 840.50 4605700
20070824 837.00 845.50 837.00 845.00 1133500
20070827 845.00 845.00 845.00 845.00 0
20070828 849.00 849.00 834.00 836.50 2117800
20070829 828.50 838.50 827.00 836.00 1921700
20070830 841.00 848.00 835.00 845.50 1016400
20070831 843.50 865.00 843.00 863.50 1317400
20070903 864.50 864.50 853.50 860.00 818400
20070904 856.00 865.00 852.50 865.00 1902900
20070905 858.50 867.50 843.00 846.00 2292400
20070906 854.00 854.50 833.50 847.50 1633400
20070907 847.50 852.00 836.00 837.00 2108300
20070910 828.00 834.00 797.50 808.50 6223600
20070911 816.00 819.00 808.00 815.50 3094400
20070912 812.00 814.50 803.50 812.00 2167600
20070913 814.50 815.50 793.50 802.50 3592400
20070914 795.00 801.00 780.00 793.00 2578600
20070917 789.00 790.50 774.50 774.50 1841600
20070918 769.50 783.50 766.50 780.00 1903300
20070919 793.00 802.00 773.00 797.00 2628700
20070920 796.50 799.50 775.50 778.00 2131200
20070921 771.50 783.50 771.00 775.50 2833500
20070924 770.50 779.00 770.50 773.00 1469800
20070925 767.00 784.50 765.50 779.50 5177300
20070926 784.00 802.50 775.00 800.00 5116200
20070927 803.00 808.50 791.50 803.00 3252000
20070928 796.50 801.00 788.00 800.50 4825800
20071001 795.50 798.00 776.00 778.50 4139100
20071002 776.00 797.00 776.00 793.00 2969400
20071003 796.50 811.50 791.50 810.00 2232900
20071004 810.00 810.50 797.50 805.00 5975900
20071005 816.00 816.00 802.00 811.00 1571500
20071008 816.00 819.00 806.50 809.50 2201300
20071009 814.00 820.50 806.50 813.00 1070400
20071010 816.50 823.50 808.50 819.00 2079100
20071011 825.00 829.50 819.50 828.00 4093000
20071012 826.50 841.50 825.00 840.50 3261400
20071015 837.50 847.00 830.00 833.50 1760700
20071016 829.00 835.00 821.50 824.50 1920100
20071017 829.50 856.50 826.50 849.00 2816300
20071018 851.50 858.50 841.50 843.50 2177700
20071019 846.00 851.50 838.50 840.50 1717000
20071022 832.00 849.00 829.00 847.00 2666500
20071023 852.50 858.50 844.50 852.50 1867000
20071024 857.50 868.50 847.00 863.00 11398300
20071025 868.00 887.00 864.50 886.50 5590200
20071026 889.50 902.00 886.00 900.00 2786500
20071029 908.50 908.50 896.00 899.50 5520900
20071030 895.00 919.00 892.50 911.50 4257200
20071031 912.00 917.50 903.00 912.00 2896500
20071101 909.00 922.00 900.50 921.00 6126700
20071102 910.00 925.00 908.00 918.00 4455500
20071105 916.50 924.50 905.00 912.00 3966300
20071106 901.50 903.50 881.00 890.50 7174000
20071107 897.00 905.00 892.00 898.00 3341000
20071108 892.00 906.50 884.50 898.00 3936100
20071109 897.50 912.50 890.00 894.00 3497000
20071112 893.00 901.00 884.00 893.50 2929700
20071113 885.00 935.50 885.00 925.00 3599600
20071114 931.00 934.50 907.00 921.50 6156500
20071115 925.50 940.50 914.50 917.00 4434900
20071116 903.50 907.50 890.00 901.00 5146800
20071119 900.00 904.00 883.00 884.00 3992300
20071120 890.00 908.50 886.00 906.00 3925300
20071121 899.00 903.00 868.00 876.50 4672600
20071122 884.00 884.00 857.00 869.00 3512200
20071123 867.50 885.50 863.00 882.00 2567900
20071126 890.00 894.00 878.00 881.00 2930900
20071127 860.00 868.50 852.00 862.00 4585600
20071128 871.00 895.00 855.50 891.00 4693600
20071129 896.50 896.50 865.50 876.00 2565600
20071130 877.00 887.00 869.00 887.00 7428100
20071203 890.00 892.50 878.50 882.00 1943900
20071204 882.00 888.00 866.00 874.50 3966300
20071205 869.50 876.50 864.50 874.00 2856600
20071206 874.50 883.50 868.50 873.00 2951000
20071207 883.50 887.00 852.00 859.50 5705500
20071210 855.00 871.00 855.00 870.00 1235800
20071211 876.00 885.50 865.50 878.50 2127700
20071212 871.00 890.50 870.00 883.00 2667500
20071213 876.50 881.50 863.00 865.00 2832400
20071214 876.00 876.00 858.50 872.00 1208700
20071217 861.50 874.50 854.50 869.50 1479600
20071218 863.50 878.00 863.50 871.00 1109400
20071219 875.50 880.50 869.00 874.50 1273100
20071220 878.50 893.50 878.50 890.50 1832100
20071221 895.00 900.00 892.00 896.00 1890200
20071224 900.00 902.00 894.00 902.00 469800
20071225 902.00 902.00 902.00 902.00 0
20071226 902.00 902.00 902.00 902.00 0
20071227 908.50 908.50 891.50 899.50 830600
20071228 897.00 899.50 887.50 895.00 743200
20071231 900.50 909.00 896.00 899.50 776000
20080101 899.50 899.50 899.50 899.50 0
20080102 902.00 917.50 898.00 900.00 988800
20080103 898.50 904.50 865.00 873.00 3751600
20080104 876.00 876.50 823.00 831.50 4150600
20080107 830.00 838.00 820.50 834.00 2848400
20080108 841.00 842.00 822.00 826.50 2443000
20080109 823.50 823.50 780.00 789.50 4740800
20080110 796.50 804.50 784.50 801.00 2773600
20080111 807.00 812.00 780.00 794.00 4354700
20080114 794.00 804.00 791.50 797.50 2126400
20080115 798.00 798.00 754.50 766.00 3823800
20080116 763.00 781.00 762.00 775.00 5438800
20080117 817.00 849.50 817.00 838.00 8204800
20080118 830.50 847.00 822.00 831.00 4184600
20080121 818.50 844.00 804.00 806.50 4856200
20080122 770.50 852.50 767.00 844.50 5399400
20080123 853.50 865.50 810.00 824.50 5005500
20080124 845.50 869.00 818.50 860.50 4151100
20080125 883.50 886.50 861.50 867.50 4553700
20080128 858.00 870.00 846.00 853.50 2676400
20080129 858.00 888.00 855.00 885.50 4404300
20080130 876.50 890.00 871.50 874.00 3531600
20080131 868.50 883.00 848.00 866.50 4650000
20080201 870.00 881.50 865.50 876.50 3737300
20080204 887.00 887.00 872.00 880.50 2450400
20080205 864.00 876.00 842.00 848.00 2692700
20080206 843.00 865.00 840.50 856.50 2535900
20080207 857.00 857.00 821.00 824.50 3309200
20080208 834.50 834.50 815.00 830.00 1948100
20080211 824.00 824.00 808.50 810.50 2193400
20080212 823.00 839.00 817.50 834.00 2629600
20080213 829.50 847.00 822.00 843.50 1894400
20080214 849.50 856.00 847.00 850.50 2035000
20080215 853.50 857.50 834.50 841.00 1586900
20080218 846.50 863.00 844.00 861.00 1576700
20080219 852.50 874.50 847.50 861.50 2134700
20080220 848.50 864.50 841.50 861.00 2009900
20080221 871.50 875.50 858.50 872.50 2313300
20080222 866.50 880.00 865.50 876.50 3296100
20080225 883.50 892.00 837.50 850.50 4783500
20080226 850.00 863.00 842.00 847.00 2359600
20080227 855.00 870.00 845.50 865.50 2621700
20080228 868.00 871.50 852.50 854.50 1834900
20080229 855.00 862.00 844.50 848.50 2320900
20080303 835.00 848.50 824.50 825.00 2578700
20080304 828.50 831.50 810.50 817.50 2988200
20080305 826.50 829.00 816.50 825.50 2451300
20080306 831.50 831.50 814.50 824.50 1559100
20080307 821.00 826.00 810.00 819.00 3018800
20080310 819.50 845.50 813.50 839.50 3093900
20080311 843.50 859.00 839.00 847.00 2456300
20080312 854.00 856.50 838.00 848.00 3590200
20080313 837.00 854.00 833.00 851.50 2401200
20080314 848.50 863.50 845.00 854.00 3288400
20080317 838.00 851.00 826.00 840.00 2707100
20080318 853.00 855.00 842.50 851.50 2243900
20080319 855.50 868.00 845.00 865.50 2250300
20080320 861.50 883.00 858.00 869.00 4954800
20080321 869.00 869.00 869.00 869.00 0
20080324 869.00 869.00 869.00 869.00 0
20080325 887.00 893.50 878.00 888.50 3295500
20080326 889.50 893.50 881.50 885.00 3067800
20080327 881.50 898.50 881.50 889.50 2806600
20080328 885.50 885.50 873.00 879.00 1659700
20080331 872.00 881.00 866.50 875.00 2443800
20080401 876.00 910.00 864.50 904.00 4548300
20080402 904.00 906.00 887.00 895.00 2148200
20080403 892.50 900.50 884.50 890.00 1919800
20080404 887.00 897.50 886.00 892.50 1789600
20080407 893.00 897.00 885.50 890.00 2018200
20080408 890.00 890.50 885.00 890.00 989500
20080409 889.00 893.50 878.00 881.50 2709300
20080410 884.50 894.50 877.50 892.50 2034900
20080411 899.50 901.00 876.00 885.00 2903300
20080414 882.00 886.50 875.00 877.00 1890000
20080415 880.50 881.50 867.50 877.00 3868300
20080416 879.00 898.00 868.50 896.50 1944100
20080417 896.00 901.50 887.50 890.50 2051500
20080418 894.50 908.50 890.00 899.50 2100000
20080421 903.50 903.50 886.00 890.00 3872800
20080422 889.00 889.00 856.00 871.00 4454400
20080423 869.50 890.00 867.50 878.50 2468400
20080424 881.00 890.00 871.00 889.00 3493500
20080425 891.00 891.00 878.00 883.00 1469400
20080428 883.50 889.00 878.50 879.50 1753400
20080429 879.50 879.50 859.50 864.50 2320800
20080430 862.00 885.50 858.00 881.50 2182900
20080501 884.00 884.00 872.00 878.00 763500
20080502 882.50 890.00 878.50 887.00 1303200
20080506 888.00 889.00 878.00 883.50 927700
20080507 888.50 888.50 877.50 882.00 1135900
20080508 879.50 890.00 875.00 888.50 1307200
20080509 886.00 893.00 882.00 891.00 2839500
20080512 893.50 901.50 889.50 898.50 1730700
20080513 900.00 901.00 879.50 889.50 1851400
20080514 888.00 897.50 887.00 892.50 1856600
20080515 891.00 898.50 885.00 889.50 1664600
20080516 891.50 894.50 881.00 885.50 1538100
20080519 883.50 887.50 878.50 884.50 1503500
20080520 883.50 885.50 868.00 868.00 1554500
20080521 867.50 876.50 858.00 863.50 1657100
20080522 862.00 874.50 858.00 861.00 1758900
20080523 863.00 863.00 844.00 844.50 2027600
20080527 850.00 856.00 844.50 852.00 2214700
20080528 854.00 868.00 853.50 859.50 2502900
20080529 864.50 865.00 846.00 851.00 1728000
20080530 853.00 877.00 853.00 861.50 6821200
20080602 857.50 863.00 837.00 841.00 2191500
20080603 841.00 846.50 838.00 841.50 1734000
20080604 833.00 847.00 828.50 842.50 1900800
20080605 844.50 859.00 841.50 844.00 2304600
20080606 846.50 849.00 831.00 831.50 1507200
20080610 820.50 827.50 813.00 820.50 1730300
20080611 823.00 827.00 801.50 805.00 1790900
20080612 808.00 815.50 804.00 811.50 2133200
20080613 807.00 820.00 793.00 818.50 1481300
20080616 820.50 820.50 804.00 809.50 2021100
20080617 811.50 830.00 809.50 822.00 1650000
20080618 819.50 819.50 795.00 796.00 2728400
20080619 795.50 810.00 793.50 796.00 2157400
20080620 793.50 799.00 775.00 775.00 2865300
20080623 776.50 786.50 770.00 779.50 2313400
20080624 778.50 781.00 767.50 778.50 3353200
20080625 778.50 796.50 774.50 792.50 3698400
20080626 784.00 787.50 763.00 763.00 1725900
20080627 762.00 769.50 747.50 766.50 3004900
20080630 767.50 770.50 756.00 758.50 2855900
20080701 754.00 758.00 737.00 748.50 2095000
20080702 750.00 751.00 734.50 742.50 2210200
20080703 737.50 754.00 734.00 750.50 2034200
20080704 755.00 755.50 732.00 734.50 2148700
20080707 740.00 744.00 728.50 741.50 1948500
20080708 728.50 760.50 722.50 757.00 1720600
20080709 762.50 777.50 758.50 768.00 2203000
20080710 760.50 760.50 726.50 738.50 3796200
20080711 745.50 745.50 721.00 729.50 2430500
20080714 738.00 747.00 732.50 737.00 1122400
20080715 732.50 732.50 711.00 723.00 3262300
20080716 726.00 742.50 719.00 739.50 2319600
20080717 750.00 758.50 738.00 751.50 2141400
20080718 749.50 750.00 734.00 741.50 2606000
20080721 743.00 743.00 727.00 735.00 1731300
20080722 731.50 757.50 722.50 749.50 2392200
20080723 757.50 762.50 734.00 740.00 2319900
20080724 749.00 755.50 740.50 747.00 2436800
20080725 742.00 744.50 731.00 737.50 1909800
20080728 735.00 742.50 729.00 730.50 1447900
20080729 725.00 741.00 714.00 735.00 688500
20080730 741.50 742.00 725.50 727.00 885100
20080731 723.00 730.00 710.50 716.50 2228300
20080801 715.50 728.00 712.00 727.50 1913300
20080804 724.50 732.50 721.50 724.00 1758400
20080805 725.00 758.00 725.00 756.50 1974400
20080806 762.50 762.50 746.50 753.50 1648400
20080807 750.50 758.50 742.50 750.50 1553200
20080808 745.50 780.50 745.50 778.00 2144300
20080811 775.50 784.50 768.50 784.50 1484700
20080812 778.50 793.00 773.00 789.00 1415400
20080813 788.50 789.50 776.50 778.50 1535200
20080814 781.00 787.50 774.00 779.00 1317800
20080815 783.50 801.00 780.50 790.50 1389800
20080818 787.50 788.00 777.00 779.00 1053000
20080819 775.00 780.00 770.00 775.00 1415600
20080820 772.00 786.00 772.00 783.00 1142000
20080821 773.00 773.00 760.50 764.00 1698300
20080822 763.00 803.50 759.00 799.50 1787500
20080826 789.00 807.00 783.00 803.50 1776600
20080827 804.00 806.00 786.00 790.50 1682100
20080828 789.50 809.50 785.50 804.50 1169200
20080829 802.00 814.00 802.00 806.50 2246100
20080901 800.00 809.50 794.00 805.50 1085200
20080902 801.50 824.50 797.50 823.50 1344000
20080903 816.00 820.50 804.00 809.00 2358400
20080904 806.50 816.00 790.00 792.00 1734800
20080905 788.00 801.00 786.50 790.00 1107600
20080908 802.50 803.00 783.50 794.50 772500
20080909 790.00 798.50 780.50 794.00 3332700
20080910 791.50 791.50 771.50 777.50 2105200
20080911 772.00 776.50 764.00 769.50 1048600
20080912 776.00 778.00 761.50 776.50 985600
20080915 759.50 777.00 750.00 768.00 3375400
20080916 762.50 776.50 730.00 745.50 2992000
20080917 736.00 749.50 729.50 745.00 2252200
20080918 745.00 761.00 736.50 757.00 3157000
20080919 725.00 790.50 725.00 770.00 3982400
20080922 774.50 775.50 754.00 757.50 1325700
20080923 754.00 766.00 745.00 749.50 2222400
20080924 754.50 755.00 734.00 735.50 1700300
20080925 740.00 750.50 732.50 749.00 1763900
20080926 742.00 746.50 735.50 740.00 1572900
20080929 732.50 744.00 717.50 721.00 1904700
20080930 716.00 721.00 705.00 710.00 3744800
20081001 711.50 732.00 705.00 729.00 1842000
20081002 730.00 739.50 725.50 726.50 971700
20081003 728.00 740.00 710.50 724.50 1015300
20081006 710.50 716.00 675.50 677.00 789700
20081007 685.50 716.50 685.50 709.00 1786200
20081008 689.00 704.50 666.00 666.50 1670300
20081009 673.00 685.50 642.00 649.00 1379800
20081010 590.00 645.50 590.00 611.50 3159000
20081013 661.00 661.00 620.50 644.00 2178600
20081014 661.50 665.00 643.00 659.00 1792100
20081015 660.00 660.00 633.00 634.00 2509200
20081016 605.00 653.50 601.00 634.50 1668600
20081017 654.50 669.00 634.50 665.00 3154700
20081020 678.50 678.50 650.00 678.00 1918100
20081021 691.50 698.50 677.00 682.50 1415700
20081022 673.50 682.50 627.50 627.50 2585400
20081023 652.00 652.00 622.50 638.00 2849900
20081024 625.00 630.50 600.00 626.50 1569100
20081027 616.50 636.50 601.50 625.00 2104700
20081028 665.00 665.00 616.50 642.50 1516400
20081029 670.00 684.50 650.00 663.50 1601400
20081030 692.00 692.00 660.00 664.00 1384400
20081031 669.50 704.50 662.00 695.50 2533900
20081103 706.50 707.50 675.00 707.50 1617400
20081104 724.50 724.50 688.00 698.00 2081800
20081105 705.00 712.00 687.50 696.50 1480800
20081106 691.00 705.00 677.00 681.50 1496600
20081107 688.00 715.00 683.50 706.50 1855500
20081110 725.00 725.00 701.50 702.50 1056200
20081111 695.00 700.00 678.00 681.50 1145500
20081112 694.00 698.00 671.00 675.50 1146200
20081113 668.50 676.00 657.50 670.50 1357900
20081114 687.00 691.00 666.50 668.00 1106100
20081117 660.50 666.00 649.50 656.50 1870500
20081118 659.50 673.00 645.50 671.50 1822100
20081119 673.00 678.00 655.50 658.00 1927800
20081120 639.50 650.50 619.50 626.00 2088700
20081121 627.00 641.00 620.00 621.50 1393200
20081124 628.00 674.00 628.00 670.00 1790900
20081125 665.50 674.50 641.00 647.50 2401800
20081126 637.50 671.50 634.50 660.00 2355300
20081127 669.00 671.00 649.00 656.50 1795100
20081128 659.00 679.00 654.00 677.00 1362100
20081201 677.00 678.50 648.00 648.00 1678300
20081202 639.00 661.50 633.50 659.50 1062100
20081203 649.00 651.00 622.50 646.50 1508500
20081204 645.50 670.50 634.50 646.00 2120000
20081205 634.00 647.00 628.50 632.50 2744900
20081208 670.00 682.00 650.50 652.00 2971900
20081209 644.00 679.00 632.00 667.00 2071500
20081210 668.00 672.00 658.50 661.00 1164000
20081211 659.00 677.00 652.00 662.50 1485700
20081212 641.50 662.50 641.50 659.50 1393500
20081215 672.00 672.00 647.00 653.00 1268500
20081216 656.00 679.50 650.00 675.00 1694000
20081217 676.00 691.00 661.50 677.50 2028400
20081218 674.50 696.00 670.00 690.50 1765600
20081219 688.00 718.50 684.00 711.50 2264900
20081222 710.50 712.50 698.00 706.00 1069400
20081223 708.00 716.00 685.00 707.50 941500
20081224 728.50 732.50 699.00 712.00 166500
20081229 714.00 730.50 708.50 720.50 620200
20081230 729.00 738.00 717.50 733.00 689200
20081231 742.50 747.50 721.00 730.00 262000
20090102 747.00 757.00 732.50 740.00 1204900
20090105 743.50 752.00 712.00 717.50 701300
20090106 722.00 748.00 717.50 738.50 1683100
20090107 741.00 741.50 723.50 728.50 841700
20090108 726.00 740.50 719.50 729.50 754400
20090109 735.00 737.50 715.50 717.50 1054400
20090112 722.00 732.00 704.50 714.50 835800
20090113 709.00 711.50 691.00 695.00 1451100
20090114 704.00 704.00 666.00 675.00 1464200
20090115 676.50 694.00 660.00 677.50 2734700
20090116 687.50 691.50 672.50 675.50 1095400
20090119 685.50 689.50 674.50 682.50 1332200
20090120 687.00 687.00 670.50 675.00 1002600
20090121 670.00 681.00 664.50 668.00 2114400
20090122 671.00 673.50 659.00 669.50 1751000
20090123 671.00 672.50 653.00 666.00 1928700
20090126 665.50 675.00 662.50 673.50 1621300
20090127 673.00 676.50 655.00 674.50 1508800
20090128 681.00 681.50 666.50 676.00 1632600
20090129 675.50 676.00 662.00 665.00 1032400
20090130 666.50 670.50 652.50 663.00 1276000
20090202 657.50 661.50 647.50 651.00 764200
20090203 654.00 676.50 647.50 673.00 1359600
20090204 677.50 683.00 666.50 671.00 971100
20090205 660.50 670.00 646.00 664.00 1272900
20090206 668.00 668.50 657.00 664.00 1085700
20090209 664.00 673.00 658.00 669.50 885700
20090210 666.00 684.50 658.50 660.50 1257000
20090211 663.00 670.00 655.00 662.50 792800
20090212 659.50 665.50 651.50 662.50 870000
20090213 666.00 673.00 658.50 664.50 893700
