20030101 143.25 143.25 143.25 143.25 0
20030102 147.00 150.75 144.75 148.50 373600
20030103 152.25 156.25 150.50 152.00 681300
20030106 154.25 155.50 153.50 155.50 328100
20030107 154.75 160.50 154.25 155.00 917400
20030108 157.00 157.00 145.50 148.00 1267100
20030109 145.75 152.25 145.00 152.25 302800
20030110 151.75 160.00 151.00 156.25 1341400
20030113 156.00 162.00 156.00 156.00 684600
20030114 156.00 157.00 151.75 154.00 220100
20030115 155.05 157.25 153.25 154.50 908100
20030116 154.00 160.00 154.00 159.00 261400
20030117 162.75 170.50 160.25 168.50 1382100
20030120 165.50 169.75 165.25 169.75 544200
20030121 169.25 171.75 169.25 171.00 248500
20030122 171.00 175.00 171.00 172.75 575300
20030123 170.75 177.75 170.50 175.00 621600
20030124 172.25 176.00 170.50 175.25 759400
20030127 172.00 175.50 170.00 174.75 1652900
20030128 173.50 175.00 157.25 164.25 820100
20030129 169.00 169.00 158.50 162.00 605700
20030130 161.00 170.00 159.75 167.75 1504700
20030131 162.00 171.50 160.25 170.00 774700
20030203 179.25 179.50 162.50 177.00 664100
20030204 177.75 183.00 176.25 180.00 699900
20030205 177.50 195.00 177.50 193.25 1050800
20030206 192.25 202.25 186.25 195.00 2270500
20030207 193.75 193.75 186.50 186.75 973100
20030210 184.00 186.00 180.50 184.50 134500
20030211 181.75 186.75 181.75 184.50 774400
20030212 184.50 185.50 180.00 181.00 617000
20030213 182.50 183.00 173.75 178.75 378300
20030214 178.75 179.00 176.50 177.00 564800
20030217 177.00 179.75 177.00 178.25 378900
20030218 178.25 180.00 177.75 178.50 954500
20030219 178.00 180.50 177.50 178.50 420200
20030220 180.00 180.00 173.00 179.50 724100
20030221 178.00 180.00 176.75 180.00 384400
20030224 181.00 187.50 181.00 187.00 153300
20030225 183.75 183.75 179.75 181.50 447600
20030226 181.50 181.50 179.25 179.50 91500
20030227 177.75 184.00 177.00 183.00 361400
20030228 184.75 185.00 180.75 185.00 326500
20030303 188.50 196.00 185.50 193.75 675500
20030304 198.00 199.00 188.00 193.00 655200
20030305 190.75 192.50 190.00 192.50 437800
20030306 194.00 196.75 186.75 195.00 850000
20030307 191.50 195.75 191.25 195.00 829600
20030310 195.00 199.75 184.00 184.75 520600
20030311 188.25 188.25 175.00 181.25 698300
20030312 184.25 186.00 180.00 183.00 927900
20030313 183.25 185.00 180.25 182.00 373300
20030314 180.25 190.25 180.25 185.00 603300
20030317 185.00 196.00 184.00 188.75 560300
20030318 186.00 202.00 185.00 193.00 833700
20030319 193.00 205.75 190.50 200.25 1105200
20030320 200.00 204.25 195.00 202.50 105900
20030321 201.50 201.50 197.50 200.00 374300
20030324 202.00 202.00 196.75 197.25 231800
20030325 192.00 199.00 191.75 195.50 367400
20030326 197.75 203.75 195.50 200.25 218300
20030327 203.00 203.00 192.50 195.50 103500
20030328 199.00 202.25 195.75 199.00 206900
20030331 196.00 196.00 189.50 194.75 300300
20030401 190.00 204.25 189.75 197.00 554700
20030402 202.00 202.75 197.50 201.50 735400
20030403 203.00 206.00 202.00 204.50 852400
20030404 206.00 213.00 206.00 212.75 665100
20030407 215.00 225.25 215.00 223.00 843700
20030408 220.00 229.00 220.00 223.25 446900
20030409 226.00 231.50 222.00 231.25 321000
20030410 231.25 232.00 225.25 231.00 363100
20030411 227.00 238.00 227.00 237.50 473600
20030414 238.00 238.00 228.00 230.50 761100
20030415 231.00 231.00 228.25 228.25 951200
20030416 232.00 232.00 228.50 228.50 1857100
20030417 227.75 230.00 227.75 229.25 283100
20030418 229.25 229.25 229.25 229.25 0
20030421 229.25 229.25 229.25 229.25 0
20030422 230.00 237.00 229.75 237.00 129500
20030423 238.00 238.50 233.50 234.75 259200
20030424 234.00 234.00 229.75 232.50 540900
20030425 230.00 240.00 230.00 238.00 582600
20030428 238.00 238.00 230.25 232.50 270000
20030429 236.00 236.00 228.75 229.75 720100
20030430 225.25 233.00 225.25 232.00 1001000
20030501 231.00 232.00 227.50 230.00 192400
20030502 224.25 245.00 223.00 238.00 1017000
20030505 238.00 238.00 238.00 238.00 0
20030506 235.50 245.50 233.25 244.00 451500
20030507 243.50 252.50 230.50 250.00 974600
20030508 245.00 248.00 242.00 248.00 338600
20030509 250.00 250.00 236.25 238.75 678600
20030512 242.00 242.00 238.25 239.50 475000
20030513 242.00 247.50 241.25 245.00 587400
20030514 240.00 240.00 231.75 236.00 740700
20030515 237.00 237.00 230.50 230.50 680700
20030516 235.00 244.00 235.00 238.00 497100
20030519 238.00 238.00 230.00 230.00 289600
20030520 223.25 237.00 223.25 236.00 815800
20030521 238.00 239.00 234.50 238.00 922700
20030522 239.75 239.75 231.00 231.00 419900
20030523 232.00 232.50 225.25 225.25 289300
20030526 225.25 225.25 225.25 225.25 0
20030527 227.25 232.25 226.75 228.50 495400
20030528 228.00 237.50 228.00 235.50 372000
20030529 233.00 233.00 229.75 231.25 319100
20030530 231.00 231.75 226.75 229.00 1009100
20030602 229.25 236.25 227.50 235.00 450200
20030603 231.00 235.50 231.00 233.00 406800
20030604 235.50 239.00 235.00 239.00 648700
20030605 240.75 247.50 240.00 246.00 832500
20030606 247.50 270.50 245.00 266.75 984400
20030609 261.75 270.75 260.00 270.00 545100
20030610 267.00 267.00 261.50 263.50 954000
20030611 262.75 268.75 245.75 256.00 644100
20030612 254.75 270.50 253.50 256.00 543800
20030613 256.00 264.75 256.00 264.75 416600
20030616 269.00 269.00 260.00 265.75 285100
20030617 268.25 273.50 263.75 263.75 583500
20030618 266.00 276.25 266.00 273.75 567600
20030619 273.50 280.00 271.00 274.50 790900
20030620 272.25 277.00 272.00 272.00 327000
20030623 269.00 271.25 262.25 265.00 104400
20030624 265.00 266.00 255.00 262.00 668300
20030625 265.00 266.25 258.25 264.00 516100
20030626 265.00 265.25 260.00 261.50 474800
20030627 262.00 262.00 259.50 260.25 166300
20030630 262.25 267.00 260.00 260.00 289700
20030701 263.50 265.00 258.25 258.25 505700
20030702 259.75 269.00 258.50 267.50 412800
20030703 263.25 271.00 263.25 271.00 233200
20030704 272.75 278.75 271.50 275.00 284900
20030707 274.25 276.25 272.25 275.00 315000
20030708 276.00 290.00 269.00 288.75 893000
20030709 285.75 287.25 281.75 283.25 471300
20030710 279.25 281.25 276.75 276.75 632000
20030711 271.25 277.75 270.50 270.50 339200
20030714 267.75 273.00 267.75 269.00 389600
20030715 269.50 270.00 268.00 268.25 467700
20030716 269.00 269.00 261.75 261.75 632000
20030717 266.25 266.25 258.50 260.75 604100
20030718 261.25 266.50 260.75 262.00 188400
20030721 265.25 265.25 258.00 263.00 123900
20030722 262.75 263.00 259.75 260.00 152700
20030723 253.00 262.00 253.00 261.00 306900
20030724 260.00 260.00 257.00 259.50 372400
20030725 260.00 261.00 257.50 260.00 241000
20030728 263.75 264.00 259.25 262.50 502200
20030729 267.00 267.00 262.25 264.00 496400
20030730 263.00 268.00 263.00 266.25 462300
20030731 269.75 272.50 265.00 266.75 399800
20030801 267.00 270.00 266.00 268.00 484600
20030804 265.00 270.75 265.00 269.00 201100
20030805 267.25 268.25 263.00 263.75 78600
20030806 264.00 264.25 260.75 263.00 446300
20030807 262.50 264.00 256.25 258.00 223400
20030808 258.75 259.50 250.00 253.50 818500
20030811 253.00 268.50 253.00 262.75 368600
20030812 263.25 268.00 256.25 256.25 142900
20030813 255.00 260.00 255.00 260.00 589400
20030814 262.25 268.25 261.00 264.00 632200
20030815 267.00 292.00 266.50 279.50 439000
20030818 277.00 279.25 274.25 278.75 299400
20030819 275.50 280.75 275.50 279.25 53300
20030820 277.50 284.00 277.50 283.00 374100
20030821 280.00 288.00 280.00 287.00 343400
20030822 290.00 290.75 287.00 288.00 277100
20030825 288.00 288.00 288.00 288.00 0
20030826 288.00 293.25 288.00 289.00 325400
20030827 289.00 291.00 286.00 286.00 154300
20030828 268.00 273.00 267.00 273.00 2594600
20030829 269.25 272.00 266.25 266.25 593200
20030901 269.00 279.75 268.50 276.00 771400
20030902 276.00 282.00 276.00 279.50 401300
20030903 282.00 286.00 281.25 286.00 572800
20030904 288.75 288.75 280.00 281.50 280900
20030905 281.00 282.00 265.25 278.00 349700
20030908 274.50 279.07 274.53 275.50 267500
20030909 275.25 277.50 275.25 275.75 115800
20030910 270.25 273.75 268.75 273.25 563500
20030911 273.50 278.00 270.00 276.00 316600
20030912 280.25 280.25 267.00 268.00 654700
20030915 267.75 279.50 267.75 270.00 208100
20030916 268.25 271.00 267.75 271.00 291600
20030917 270.50 270.50 268.00 268.50 269300
20030918 268.75 269.75 266.00 268.50 457700
20030919 268.25 270.50 266.25 268.25 280000
20030922 267.25 270.75 263.75 270.75 286700
20030923 269.00 272.50 266.75 267.25 542600
20030924 268.25 271.00 266.00 267.25 419100
20030925 266.75 270.75 266.75 267.75 384400
20030926 273.00 273.00 261.00 264.75 582800
20030929 262.00 269.00 260.50 264.50 436900
20030930 264.25 264.75 258.00 263.50 505300
20031001 265.00 266.00 255.25 266.00 263200
20031002 260.25 267.75 260.25 263.00 318600
20031003 264.25 275.00 254.50 272.50 541200
20031006 273.00 277.50 273.00 273.25 381400
20031007 268.25 272.25 262.00 265.75 561600
20031008 269.00 273.75 268.50 272.75 356800
20031009 272.00 272.00 268.50 270.50 339700
20031010 270.50 270.50 268.00 269.00 155400
20031013 269.00 274.00 268.75 274.00 761000
20031014 272.00 282.75 269.50 282.00 1174700
20031015 282.25 291.00 279.00 284.00 657600
20031016 278.00 290.00 273.50 280.00 707500
20031017 275.00 283.50 275.00 283.50 243300
20031020 283.50 283.50 279.25 280.00 241300
20031021 278.75 283.00 276.00 280.50 184000
20031022 279.25 279.25 265.25 271.75 250200
20031023 262.25 264.75 257.50 258.25 549900
20031024 254.00 264.00 249.00 260.00 666600
20031027 262.00 269.25 262.00 268.00 268900
20031028 267.50 267.50 264.00 264.25 326900
20031029 265.75 266.00 254.00 260.00 322300
20031030 258.50 260.25 255.50 257.75 318400
20031031 250.00 264.75 250.00 254.50 269000
20031103 254.00 259.00 253.00 253.00 240900
20031104 253.75 259.25 253.75 256.25 280100
20031105 251.75 262.25 251.75 261.50 274100
20031106 260.00 267.25 259.50 263.00 344400
20031107 263.25 262.00 252.75 260.00 1079200
20031110 263.00 267.00 262.25 266.50 334400
20031111 265.50 268.75 265.00 268.25 102500
20031112 256.25 271.75 256.25 270.50 149300
20031113 269.25 270.75 268.00 268.00 390200
20031114 268.00 268.25 265.75 265.75 152900
20031117 266.00 268.00 264.75 265.75 265300
20031118 268.25 274.50 264.75 267.25 370700
20031119 265.00 272.50 265.00 270.00 529900
20031120 270.00 271.25 264.50 266.00 671100
20031121 260.00 267.75 260.00 266.25 343200
20031124 265.25 270.25 265.00 268.25 541400
20031125 268.00 277.50 268.00 276.00 441500
20031126 263.25 273.00 263.25 270.75 382900
20031127 262.00 270.25 262.00 269.00 125600
20031128 264.00 273.75 262.50 273.75 482000
20031201 265.00 273.00 263.25 270.50 261700
20031202 267.75 276.00 266.25 273.00 447000
20031203 270.75 280.00 270.75 274.25 543500
20031204 275.50 275.75 267.25 267.25 205900
20031205 271.50 271.50 261.75 266.75 145900
20031208 260.00 266.00 258.25 266.00 138000
20031209 266.00 271.75 261.25 267.25 308300
20031210 268.75 270.00 264.25 266.00 199600
20031211 267.00 268.25 260.25 262.50 332500
20031212 262.50 268.50 259.50 264.25 368400
20031215 270.00 270.00 258.00 259.00 299500
20031216 257.75 269.25 255.75 256.00 615300
20031217 258.50 259.75 251.00 251.00 500100
20031218 254.00 259.25 254.00 256.00 279800
20031219 256.00 258.00 255.50 257.00 198200
20031222 257.00 258.50 251.50 257.00 347900
20031223 255.50 259.75 255.50 257.50 154900
20031224 250.00 258.50 250.00 257.00 12100
20031225 257.00 257.00 257.00 257.00 0
20031226 257.00 257.00 257.00 257.00 0
20031229 257.00 260.00 254.00 255.50 184100
20031230 260.00 260.50 254.00 257.25 169600
20031231 261.00 261.00 255.00 260.00 127100
20040101 260.00 260.00 260.00 260.00 0
20040102 259.00 261.00 256.25 259.00 430200
20040105 257.75 263.75 257.75 263.00 494200
20040106 261.75 253.00 252.75 253.00 434800
20040107 255.00 256.00 251.50 252.25 557600
20040108 263.00 270.25 260.75 267.00 2406800
20040109 267.50 267.75 265.75 266.75 425100
20040112 266.50 267.75 266.00 267.75 188600
20040113 270.00 273.00 267.25 270.75 208600
20040114 275.00 280.00 274.00 279.00 1116300
20040115 270.00 284.00 270.00 282.00 444000
20040116 287.00 293.50 285.25 292.00 1308100
20040119 281.00 288.25 277.00 288.00 734000
20040120 287.39 293.00 284.75 288.50 304300
20040121 289.00 289.00 284.00 286.25 704700
20040122 296.25 296.25 278.50 282.00 716800
20040123 281.00 281.25 272.25 274.75 871000
20040126 275.25 275.25 272.25 272.50 968000
20040127 274.00 278.00 270.75 276.00 473400
20040128 273.00 279.50 271.50 273.00 588900
20040129 274.25 274.25 271.50 272.50 354100
20040130 272.00 276.00 268.25 273.00 295200
20040202 274.25 286.50 273.75 281.25 1265500
20040203 277.25 277.25 269.25 274.00 589700
20040204 279.00 279.00 273.00 274.50 349200
20040205 273.75 273.75 270.50 271.50 354600
20040206 267.25 275.00 267.25 272.25 549200
20040209 273.50 274.75 269.75 274.75 727900
20040210 275.00 279.00 272.25 274.75 711500
20040211 271.50 275.50 269.00 275.25 535400
20040212 277.00 277.25 273.50 275.50 558000
20040213 275.50 277.25 270.50 271.75 243600
20040216 270.75 275.00 270.75 274.75 389200
20040217 272.00 277.00 272.00 274.75 399600
20040218 271.25 280.00 271.25 276.75 323400
20040219 267.50 280.00 267.50 278.25 274400
20040220 275.00 277.00 273.00 276.25 564100
20040223 277.00 280.00 277.00 279.75 406900
20040224 284.25 287.00 282.00 286.25 1127700
20040225 285.00 287.00 277.00 281.50 372200
20040226 283.75 284.75 280.00 283.75 326700
20040227 284.00 285.25 282.00 282.00 207000
20040301 280.50 286.50 280.50 285.25 326600
20040302 286.00 295.00 286.00 290.25 632700
20040303 291.00 291.00 283.25 286.00 287300
20040304 285.00 286.00 283.50 286.00 289000
20040305 281.25 291.75 281.00 291.75 366000
20040308 291.75 292.00 289.00 291.50 161500
20040309 290.25 298.75 285.00 285.00 520700
20040310 287.75 289.50 285.00 286.50 360700
20040311 282.00 283.00 275.00 276.00 1140200
20040312 278.25 291.00 278.25 290.50 726700
20040315 289.25 289.25 280.75 283.00 715100
20040316 281.75 288.75 281.75 288.25 628800
20040317 290.00 299.75 285.25 295.25 704300
20040318 296.75 301.25 295.75 298.25 864600
20040319 299.50 306.00 288.00 300.00 769700
20040322 293.50 297.50 291.25 294.00 411400
20040323 294.00 298.00 293.75 296.50 625000
20040324 300.00 309.50 300.00 303.50 1224300
20040325 306.25 317.75 305.50 310.25 902100
20040326 312.25 312.50 306.75 308.25 948700
20040329 306.75 311.50 302.25 308.00 409900
20040330 310.00 318.75 307.00 310.00 346900
20040331 308.25 310.75 305.25 310.25 951600
20040401 304.75 317.75 304.75 314.00 579900
20040402 312.00 314.00 311.00 312.25 528600
20040405 317.00 323.00 304.25 304.25 643200
20040406 308.25 309.75 304.25 309.00 591100
20040407 307.50 309.75 306.00 308.25 355200
20040408 305.00 310.00 305.00 308.50 233800
20040409 308.50 308.50 308.50 308.50 0
20040412 308.50 308.50 308.50 308.50 0
20040413 320.00 320.00 303.75 305.00 550800
20040414 302.75 302.75 295.00 300.00 1660500
20040415 303.00 303.00 299.50 300.00 1027900
20040416 300.00 301.50 297.50 300.75 707800
20040419 307.00 307.00 299.50 300.75 566300
20040420 302.25 313.25 301.25 313.00 702800
20040421 309.00 315.50 309.00 311.75 876800
20040422 311.50 313.00 310.75 312.25 343400
20040423 311.00 318.75 311.00 315.75 487000
20040426 317.50 317.50 311.00 314.75 345200
20040427 316.25 316.25 311.25 312.00 446700
20040428 311.00 313.00 302.75 302.75 708700
20040429 305.50 306.00 297.50 299.00 824300
20040430 299.75 306.00 299.75 302.50 1081900
20040503 302.50 302.50 302.50 302.50 0
20040504 302.50 307.50 300.75 302.75 873100
20040505 305.00 306.75 303.50 305.00 739800
20040506 288.50 292.00 281.00 291.00 2961200
20040507 293.50 293.50 281.00 284.25 986500
20040510 280.25 280.25 270.75 274.25 503400
20040511 273.75 276.50 273.25 274.00 399500
20040512 270.25 278.25 266.00 267.50 854500
20040513 268.25 270.00 266.00 267.75 920500
20040514 268.50 269.00 267.00 268.25 611500
20040517 264.00 272.50 267.00 268.75 700000
20040518 269.00 271.00 264.25 265.50 420400
20040519 264.25 272.00 264.25 268.00 1290800
20040520 266.00 271.50 265.00 268.50 479400
20040521 268.75 271.00 257.00 264.50 643900
20040524 269.00 273.50 265.00 271.75 824900
20040525 271.75 271.75 265.50 269.00 822800
20040526 270.50 272.00 266.25 270.75 614700
20040527 271.50 271.75 260.00 266.50 401400
20040528 267.00 268.25 264.75 268.25 300100
20040531 268.25 268.25 268.25 268.25 0
20040601 267.00 267.25 262.50 264.75 674300
20040602 270.00 270.00 263.25 263.75 368100
20040603 269.75 269.75 264.75 267.00 608100
20040604 268.25 271.00 265.00 268.50 432900
20040607 269.75 275.50 269.00 272.25 1443300
20040608 272.50 276.75 272.50 275.50 554100
20040609 277.50 284.75 275.00 280.25 780100
20040610 281.50 281.50 279.25 280.00 619500
20040611 281.50 284.50 281.25 283.50 683600
20040614 282.25 283.00 272.25 272.25 1170100
20040615 270.00 273.25 267.50 271.75 993800
20040616 273.50 273.50 264.25 269.50 987100
20040617 269.75 277.25 276.25 276.25 859600
20040618 273.00 274.75 269.75 274.75 350100
20040621 274.00 275.50 272.25 275.25 394100
20040622 273.75 276.25 272.75 275.00 376600
20040623 275.75 275.75 270.00 270.00 594200
20040624 268.75 272.50 263.25 265.50 933400
20040625 281.00 281.00 265.75 271.00 705400
20040628 266.75 274.25 266.75 271.00 711000
20040629 272.25 279.50 271.50 275.50 634400
20040630 274.25 275.75 270.75 273.00 740300
20040701 271.75 275.50 271.00 272.75 639300
20040702 266.00 271.75 266.00 270.00 436000
20040705 266.00 266.75 262.50 265.25 552600
20040706 263.00 266.00 259.50 261.75 594100
20040707 265.00 265.00 260.75 263.75 601100
20040708 259.25 263.00 255.75 262.00 921200
20040709 262.00 264.00 256.50 258.50 338400
20040712 263.00 264.50 260.00 261.50 584700
20040713 263.75 266.50 262.00 266.50 325800
20040714 267.00 268.00 262.75 265.25 739500
20040715 266.00 266.25 260.75 261.00 536700
20040716 259.75 264.75 259.75 260.25 334000
20040719 261.00 270.25 261.00 270.00 724000
20040720 290.00 315.00 280.50 293.00 3549300
20040721 288.00 302.50 288.00 295.00 2221000
20040722 295.00 295.00 289.00 289.75 745100
20040723 290.00 290.00 284.75 287.25 423500
20040726 287.50 287.50 276.50 279.50 542300
20040727 281.25 281.25 276.25 278.00 469900
20040728 278.00 280.50 276.00 278.00 431500
20040729 272.75 284.00 272.75 280.50 502800
20040730 279.25 280.50 272.25 272.25 460500
20040802 276.00 282.00 272.50 278.75 413500
20040803 278.00 279.50 272.25 275.00 446800
20040804 274.75 275.75 270.50 272.25 369500
20040805 273.25 274.50 270.50 273.25 185000
20040806 272.25 274.00 269.00 271.00 308000
20040809 271.25 272.25 268.50 272.00 388400
20040810 272.00 275.00 271.00 275.00 241600
20040811 275.00 278.25 273.75 277.00 489600
20040812 274.75 275.25 269.75 270.50 403100
20040813 273.25 273.25 262.75 265.50 675600
20040816 263.50 271.50 263.50 268.75 629600
20040817 274.00 275.50 272.50 275.00 870000
20040818 276.25 295.00 274.00 295.00 976800
20040819 295.00 311.75 295.00 306.00 2131900
20040820 305.00 307.50 303.25 306.25 946800
20040823 308.00 308.50 302.25 303.75 454600
20040824 299.75 300.50 297.25 299.50 582100
20040825 300.25 303.25 298.00 300.00 346100
20040826 300.00 305.50 300.00 303.00 484200
20040827 307.75 312.00 304.00 310.75 462600
20040830 310.75 310.75 310.75 310.75 0
20040831 315.00 324.00 310.00 317.75 878000
20040901 320.00 322.75 315.25 320.00 1322600
20040902 312.00 319.25 297.75 314.75 3495400
20040903 324.00 325.00 315.75 325.00 1624400
20040906 328.00 335.00 318.00 319.50 1744000
20040907 320.00 328.00 319.75 320.00 2067100
20040908 320.00 321.50 318.00 319.75 1203500
20040909 316.50 321.25 307.75 312.00 617300
20040910 313.50 323.00 312.50 319.00 4643500
20040913 319.00 328.00 319.00 321.00 2564800
20040914 322.50 323.00 303.00 307.00 3245200
20040915 305.00 312.00 301.50 310.00 1073000
20040916 308.50 311.00 306.25 308.00 405900
20040917 308.50 313.00 308.00 312.00 1622500
20040920 310.25 311.00 306.00 306.00 325700
20040921 307.50 310.00 305.50 305.50 507000
20040922 307.25 309.00 304.50 304.75 338400
20040923 304.00 304.25 295.00 296.50 649600
20040924 297.50 298.00 295.25 295.75 539100
20040927 295.00 302.00 295.00 299.00 1753200
20040928 300.00 306.00 299.75 305.00 969600
20040929 308.00 318.00 307.50 315.50 2064500
20040930 315.50 320.75 308.25 317.25 2497400
20041001 319.00 345.00 315.00 342.00 7680800
20041004 335.25 347.00 324.75 326.50 3825900
20041005 326.50 330.50 316.00 317.00 3052900
20041006 315.50 327.50 313.25 324.00 1911100
20041007 327.75 329.00 320.25 324.25 1798400
20041008 324.50 329.75 322.75 326.75 1450700
20041011 326.75 326.75 323.00 323.00 1566300
20041012 320.00 323.00 309.75 313.00 1546500
20041013 315.00 319.25 314.50 315.50 1461300
20041014 315.00 317.50 310.75 310.75 666900
20041015 309.25 314.25 309.25 314.00 575800
20041018 314.00 314.00 310.00 310.50 483000
20041019 316.50 316.50 312.00 312.00 733800
20041020 313.25 313.25 308.00 309.50 744800
20041021 310.00 314.75 309.50 314.00 1375800
20041022 316.00 319.00 315.25 317.25 1770900
20041025 314.00 315.00 311.25 314.00 614700
20041026 315.00 316.50 314.75 315.50 1266700
20041027 316.50 317.00 315.25 316.50 1803300
20041028 314.25 318.25 314.25 316.75 1124900
20041029 316.75 318.00 313.25 317.00 914000
20041101 314.25 319.50 314.25 319.25 721400
20041102 316.75 320.00 316.50 318.25 1226200
20041103 319.00 323.00 317.00 322.00 1374200
20041104 324.00 324.00 314.00 319.00 567800
20041105 322.25 328.00 321.00 324.50 2083900
20041108 324.00 324.25 319.75 321.25 816600
20041109 322.50 323.00 315.25 316.00 1389200
20041110 315.00 316.00 313.50 314.75 1768400
20041111 317.00 317.50 311.75 315.75 1946600
20041112 313.25 323.75 312.75 321.00 714500
20041115 324.00 327.00 321.25 323.00 738400
20041116 321.50 323.25 317.75 318.00 679600
20041117 319.25 320.00 315.75 316.50 696100
20041118 314.00 323.25 314.00 318.75 784700
20041119 319.50 318.50 319.50 319.50 1759200
20041122 318.00 318.00 312.00 312.00 790600
20041123 313.75 314.00 304.75 309.00 1580400
20041124 306.75 306.75 299.25 300.25 1884700
20041125 301.25 302.50 300.00 300.75 441700
20041126 301.75 302.00 297.00 297.25 588600
20041129 297.00 298.75 296.00 298.00 790100
20041130 300.50 300.50 294.75 296.25 689900
20041201 296.00 304.50 294.75 302.00 1674400
20041202 302.00 302.50 297.00 299.00 486600
20041203 300.00 303.00 297.75 299.75 766300
20041206 299.00 299.00 294.00 294.75 418200
20041207 292.00 301.00 287.25 300.00 1352700
20041208 299.50 301.75 291.00 291.00 1388900
20041209 293.00 298.50 292.00 293.50 622700
20041210 294.00 292.25 289.25 291.75 683900
20041213 294.50 298.75 291.25 296.75 1167200
20041214 299.50 299.50 290.75 293.00 739500
20041215 293.25 296.00 293.00 295.25 417100
20041216 295.00 295.25 293.00 293.00 845400
20041217 293.25 293.25 288.50 290.00 642500
20041220 291.75 288.75 287.00 288.50 1034000
20041221 286.25 290.00 285.25 285.50 449800
20041222 286.75 293.75 286.00 292.75 1256200
20041223 292.00 293.75 289.00 292.50 270000
20041224 290.50 299.00 290.50 298.50 305500
20041227 298.50 298.50 298.50 298.50 0
20041228 298.50 298.50 298.50 298.50 0
20041229 300.00 300.00 294.00 297.50 542200
20041230 299.50 299.50 293.25 295.00 403900
20041231 294.50 297.75 294.00 297.75 505000
20050103 297.75 297.75 297.75 297.75 0
20050104 298.75 302.75 294.50 301.00 955500
20050105 300.50 303.75 300.00 301.00 1290800
20050106 300.00 306.75 298.50 305.25 1342600
20050107 304.50 314.50 303.00 310.75 2341500
20050110 308.50 312.75 303.00 303.50 745400
20050111 304.00 309.50 300.00 305.50 647300
20050112 308.25 315.50 307.00 315.00 1792700
20050113 314.00 317.00 313.25 315.00 790700
20050114 315.75 319.75 315.00 319.75 783800
20050117 320.00 320.00 316.50 319.75 588000
20050118 317.50 319.50 315.00 316.00 856800
20050119 319.25 319.25 313.50 313.50 1018700
20050120 307.00 308.00 300.75 306.00 5144800
20050121 306.75 308.00 306.50 307.50 1820800
20050124 308.50 308.50 304.25 306.75 1173400
20050125 306.00 316.50 306.00 313.25 1678100
20050126 313.00 317.00 310.00 315.50 919300
20050127 314.25 315.00 307.25 313.50 861200
20050128 315.00 317.75 312.75 316.50 778100
20050131 315.50 320.00 312.00 313.25 1670400
20050201 314.50 318.75 313.00 318.25 1128200
20050202 318.25 323.50 317.00 319.00 1088000
20050203 317.75 322.75 317.75 320.00 796300
20050204 320.00 324.50 316.50 318.50 777000
20050207 320.00 322.00 315.50 319.00 532600
20050208 319.50 319.75 316.50 317.75 731600
20050209 316.50 317.00 309.50 309.75 1011000
20050210 310.50 318.00 308.50 313.75 1154600
20050211 314.50 316.00 312.00 313.25 926500
20050214 314.00 313.00 310.75 313.00 645200
20050215 313.50 315.50 308.50 310.00 1874400
20050216 309.75 310.00 303.75 306.00 1210400
20050217 306.00 309.00 305.00 306.00 301900
20050218 306.50 309.50 304.00 307.50 1695600
20050221 305.75 306.75 301.25 303.00 409600
20050222 304.75 308.00 300.00 300.00 876100
20050223 296.00 302.00 296.00 301.00 1255800
20050224 303.00 303.25 301.00 302.00 1021900
20050225 302.00 305.00 300.00 303.50 500400
20050228 301.75 305.00 299.00 300.00 1076500
20050301 301.50 309.50 301.50 309.50 1247500
20050302 310.00 311.00 306.50 310.25 1160800
20050303 309.00 311.00 307.25 309.00 1038000
20050304 310.00 313.75 309.00 313.50 804700
20050307 315.00 318.00 311.25 314.75 1909600
20050308 316.00 316.00 310.50 312.00 792500
20050309 313.00 318.50 313.00 314.25 2563000
20050310 317.00 317.00 300.75 307.25 1813200
20050311 306.75 309.75 306.00 307.00 1083500
20050314 308.00 309.50 306.50 309.00 1508600
20050315 310.25 312.25 309.25 311.50 836500
20050316 311.75 312.50 310.75 311.00 1365400
20050317 312.75 315.25 311.00 313.00 1180100
20050318 314.00 319.50 312.75 317.00 1037300
20050321 315.25 315.50 311.75 313.25 2751800
20050322 315.00 315.00 311.50 313.00 1246000
20050323 311.50 318.75 308.00 313.25 1946000
20050324 313.25 318.00 310.00 313.00 652800
20050325 313.00 313.00 313.00 313.00 0
20050328 313.00 313.00 313.00 313.00 0
20050329 312.50 313.25 311.50 313.25 960300
20050330 310.75 316.25 313.50 316.00 1675100
20050331 317.75 324.25 312.50 319.00 1435800
20050401 310.00 319.00 310.00 317.50 811600
20050404 317.00 318.00 316.00 317.50 622800
20050405 317.75 319.00 316.25 317.50 1093900
20050406 316.50 317.50 316.50 317.50 589500
20050407 317.50 321.75 316.75 321.50 640700
20050408 321.00 329.25 321.00 328.50 1884900
20050411 329.00 330.00 326.50 328.25 1325800
20050412 330.00 331.75 329.00 329.25 1187200
20050413 329.25 332.25 325.00 328.00 1826100
20050414 327.25 328.75 319.25 320.50 2763000
20050415 319.75 333.00 316.25 325.25 2127900
20050418 319.00 328.00 314.25 318.00 1223200
20050419 320.25 321.50 317.50 317.50 921900
20050420 319.00 322.25 318.75 321.00 1104500
20050421 317.75 327.00 317.75 323.25 1069900
20050422 328.50 328.50 321.00 326.00 813100
20050425 326.75 327.00 323.00 323.75 816300
20050426 324.50 327.00 323.00 325.25 593500
20050427 327.25 327.25 319.25 319.50 662300
20050428 323.75 325.50 317.50 320.00 1142500
20050429 318.00 323.75 316.00 323.00 816400
20050502 323.00 323.00 323.00 323.00 0
20050503 324.75 327.50 321.25 325.50 904100
20050504 327.25 330.00 320.50 320.75 1644300
20050505 322.25 326.25 320.00 326.25 1388800
20050506 328.00 331.50 323.00 329.75 666600
20050509 324.75 329.50 324.75 326.00 828000
20050510 329.25 329.25 320.25 324.00 1327300
20050511 317.00 319.75 316.00 317.50 775800
20050512 319.25 322.00 319.00 320.00 1061600
20050513 316.75 329.75 316.75 320.50 512700
20050516 321.75 324.25 319.00 324.25 417000
20050517 324.00 324.00 321.50 323.00 941500
20050518 325.00 332.00 322.50 332.00 2073400
20050519 326.25 333.25 326.25 332.00 720600
20050520 331.25 335.50 327.00 332.50 643200
20050523 332.75 333.50 330.75 333.25 356500
20050524 331.00 335.75 329.25 334.75 443400
20050525 337.00 337.00 330.00 332.75 593000
20050526 331.00 337.25 328.25 335.50 952000
20050527 333.25 338.75 327.00 336.00 674000
20050530 336.00 336.00 336.00 336.00 0
20050531 334.75 338.50 334.75 336.00 1239400
20050601 338.00 349.00 336.50 347.50 947300
20050602 347.00 347.00 341.75 344.25 944900
20050603 344.25 344.25 344.25 344.25 0
20050606 342.50 347.25 332.00 346.75 475400
20050607 347.00 350.50 346.00 349.75 390200
20050608 347.75 353.25 346.25 349.75 378600
20050609 350.25 350.25 347.00 350.00 436300
20050610 352.25 353.00 338.50 352.50 317000
20050613 354.00 354.00 348.00 354.00 874700
20050614 352.25 352.25 347.50 348.00 616000
20050615 349.50 349.50 346.25 347.00 432300
20050616 348.75 349.00 341.00 348.00 848300
20050617 348.00 349.00 346.00 347.25 754700
20050620 343.75 348.00 343.25 346.75 630000
20050621 347.00 347.50 342.00 346.00 455000
20050622 346.00 350.00 343.25 348.00 889700
20050623 365.00 365.00 346.50 351.00 902600
20050624 349.00 351.00 346.50 349.25 637600
20050627 349.25 350.50 346.00 346.00 854500
20050628 345.00 348.75 345.00 346.50 588700
20050629 346.50 347.00 345.25 345.75 634600
20050630 342.25 345.00 327.75 330.00 3471100
20050701 326.00 340.25 326.00 338.50 1559300
20050704 334.50 338.50 333.00 333.75 436600
20050705 332.00 333.00 324.50 328.00 1465900
20050706 326.25 334.75 324.75 331.00 3673100
20050707 333.50 335.25 316.50 326.00 1094700
20050708 328.25 331.00 328.25 330.75 978200
20050711 330.75 335.75 329.25 332.00 1225500
20050712 330.25 335.75 327.25 331.75 1637300
20050713 332.00 337.00 332.00 335.00 911600
20050714 336.75 336.75 332.50 335.25 4587500
20050715 335.25 337.50 331.50 335.00 2148400
20050718 336.00 336.00 333.50 336.00 1359100
20050719 334.50 336.50 333.50 335.75 2089500
20050720 335.00 337.00 334.75 336.25 1687600
20050721 339.25 340.25 335.00 340.25 1358800
20050722 342.00 345.50 337.00 340.00 8641800
20050725 342.00 342.00 330.75 340.00 4518700
20050726 341.00 342.75 339.50 340.00 2672000
20050727 340.00 347.25 339.75 344.00 2226200
20050728 344.00 346.75 343.75 345.50 556600
20050729 345.75 347.50 342.00 344.50 4595500
20050801 344.50 348.50 343.75 346.50 2111000
20050802 345.00 345.75 342.00 345.00 1128900
20050803 342.75 347.50 338.50 344.00 2013400
20050804 342.00 345.00 339.00 343.00 3188700
20050805 341.25 348.75 341.25 346.50 6802100
20050808 345.00 347.75 343.00 343.00 1040600
20050809 344.50 356.50 344.25 352.50 7220900
20050810 351.75 356.75 349.00 350.75 1677100
20050811 350.50 352.50 348.00 350.00 2447300
20050812 352.50 352.50 346.25 346.25 1707000
20050815 346.50 351.50 345.00 349.75 1328700
20050816 353.50 357.00 351.00 357.00 4331800
20050817 357.00 357.50 354.00 357.50 3114500
20050818 359.25 364.00 358.00 361.75 4226000
20050819 360.25 364.50 359.00 359.50 756200
20050822 362.00 368.00 360.25 366.25 1441400
20050823 367.00 372.00 364.50 367.00 7109300
20050824 364.50 368.75 363.50 365.75 1295600
20050825 363.75 364.00 353.25 358.75 11944100
20050826 360.75 361.25 355.00 359.25 1048700
20050829 359.25 359.25 359.25 359.25 0
20050830 362.75 362.75 358.25 360.00 1004100
20050831 362.00 363.00 356.75 360.00 2285400
20050901 351.00 351.50 335.50 343.50 12701800
20050902 344.00 350.00 342.50 349.50 4020800
20050905 348.00 349.75 344.00 349.00 1165100
20050906 350.00 350.00 343.50 345.50 967100
20050907 348.50 349.50 335.50 346.75 1810200
20050908 345.25 350.00 342.50 347.00 1655100
20050909 349.50 350.00 337.25 348.75 1962700
20050912 348.75 350.50 344.00 348.00 3320100
20050913 348.00 348.00 339.75 345.00 2881300
20050914 344.00 349.25 342.00 349.00 1418700
20050915 347.50 350.25 342.00 349.75 2675800
20050916 347.50 352.75 347.50 351.00 1592100
20050919 348.00 354.00 348.00 351.50 3798500
20050920 350.00 355.50 347.50 352.75 3810700
20050921 348.50 352.00 345.25 345.75 1727600
20050922 346.25 358.50 346.00 353.50 1447900
20050923 355.00 361.00 351.50 359.75 6919300
20050926 360.00 360.50 358.25 358.50 1756900
20050927 358.00 359.00 350.00 353.00 3347400
20050928 355.75 359.75 350.25 359.75 6830800
20050929 357.00 365.50 357.00 364.00 4484900
20050930 366.25 367.00 362.50 364.00 8143600
20051003 364.50 365.25 356.50 359.25 2385000
20051004 360.00 364.75 355.25 360.75 1669800
20051005 361.00 362.25 354.50 357.50 1199600
20051006 355.75 355.75 344.75 346.25 3001400
20051007 347.25 347.25 340.75 345.25 1981300
20051010 348.50 349.00 345.75 348.75 2699500
20051011 348.00 350.75 344.50 345.25 1517400
20051012 345.25 347.50 340.00 341.25 1755100
20051013 340.00 340.00 327.75 333.25 10563800
20051014 333.00 335.75 332.00 332.25 2203800
20051017 335.25 335.25 330.00 333.00 1091600
20051018 334.00 335.00 333.75 334.75 2069700
20051019 333.00 333.00 323.00 328.50 5585400
20051020 335.25 350.00 325.25 327.75 1924000
20051021 324.50 326.50 321.00 322.00 820100
20051024 324.75 334.00 323.00 329.00 1326400
20051025 333.25 333.25 326.50 326.75 963300
20051026 339.75 339.75 322.50 337.50 1749100
20051027 332.50 333.25 325.25 328.50 1418600
20051028 324.25 325.00 316.50 324.00 2017600
20051031 327.00 343.50 327.00 341.00 2873100
20051101 337.75 340.50 336.50 339.50 1780600
20051102 340.25 344.00 336.75 341.25 1314900
20051103 344.00 345.75 339.25 339.25 3991500
20051104 341.50 343.00 340.25 340.75 1527800
20051107 340.75 343.50 340.50 341.75 1517600
20051108 346.00 367.25 340.75 358.25 7855200
20051109 352.00 365.50 352.00 361.75 2412400
20051110 375.00 375.00 360.25 360.25 901800
20051111 365.75 368.25 361.00 366.00 2430400
20051114 363.75 366.25 358.50 364.50 1515100
20051115 364.00 364.75 355.50 360.50 1144100
20051116 359.75 365.50 355.75 362.50 1315100
20051117 365.00 369.50 360.50 364.00 1679000
20051118 366.00 369.25 358.75 360.50 4199500
20051121 361.00 368.75 359.25 365.50 1353300
20051122 368.00 368.00 359.75 365.50 1274200
20051123 372.00 382.75 355.75 357.00 11027200
20051124 363.50 375.75 363.50 372.00 15324100
20051125 372.00 372.00 353.00 354.00 7566300
20051128 355.50 355.50 346.00 349.25 5612100
20051129 352.00 354.50 338.75 352.50 2380200
20051130 349.25 351.00 340.25 347.50 5090900
20051201 350.50 356.25 350.00 356.25 2165400
20051202 354.25 365.00 350.50 358.25 3276900
20051205 369.00 369.00 355.00 357.00 2515800
20051206 360.00 360.00 350.00 351.00 6533100
20051207 353.50 353.50 341.75 343.75 4030600
20051208 338.75 346.50 326.00 342.00 8869800
20051209 340.00 345.50 340.00 344.50 1981800
20051212 351.00 351.00 332.50 333.25 2257500
20051213 336.50 343.50 330.00 340.25 4348300
20051214 344.25 344.25 334.50 342.00 1698300
20051215 339.75 340.75 331.25 333.00 2065000
20051216 334.50 335.25 331.00 332.50 3756100
20051219 332.50 332.75 331.00 332.00 1235800
20051220 331.75 333.75 331.00 333.00 3129300
20051221 333.00 338.25 333.00 335.75 2124600
20051222 337.25 344.00 333.75 339.25 1204900
20051223 336.75 341.00 336.75 341.00 189000
20051226 341.00 341.00 341.00 341.00 0
20051227 341.00 341.00 341.00 341.00 0
20051228 341.00 341.75 337.25 341.00 506000
20051229 339.00 344.50 339.00 343.75 617200
20051230 340.00 343.50 337.50 343.50 461100
20060102 343.50 343.50 343.50 343.50 0
20060103 346.75 346.75 330.00 340.00 2184700
20060104 346.75 346.75 340.25 342.50 3525700
20060105 339.50 344.25 339.25 342.50 1292400
20060106 345.00 345.00 341.25 343.50 1236100
20060109 347.25 349.75 341.00 342.50 1039200
20060110 344.25 347.00 340.00 344.25 2799400
20060111 348.50 348.50 344.00 344.00 2648300
20060112 348.00 362.50 348.00 362.00 3185200
20060113 358.75 362.00 348.50 351.75 2832700
20060116 354.75 354.75 351.00 353.00 1094300
20060117 349.50 352.25 340.50 348.50 2238200
20060118 345.00 349.25 342.25 348.00 3298000
20060119 352.00 366.25 348.50 365.75 6059900
20060120 367.50 376.75 364.00 374.50 6135000
20060123 370.75 372.50 366.25 370.50 2745400
20060124 367.50 372.25 366.25 370.75 4775700
20060125 370.75 383.50 368.00 376.50 4982700
20060126 379.75 381.50 374.75 380.00 1819300
20060127 383.75 384.75 370.00 378.00 1136600
20060130 380.75 381.50 375.00 380.00 3104900
20060131 377.75 381.00 371.25 377.00 1826900
20060201 380.00 381.25 375.25 379.50 1333200
20060202 382.00 382.50 376.00 381.50 2196000
20060203 383.50 386.75 380.25 383.50 3930700
20060206 387.50 393.75 383.25 384.75 4410200
20060207 382.50 383.75 377.50 381.00 2999200
20060208 375.25 386.25 375.25 383.75 1775500
20060209 389.00 389.00 382.75 388.25 2156600
20060210 386.25 388.00 385.00 386.50 696700
20060213 390.00 398.25 385.00 390.50 2807800
20060214 394.00 394.00 387.00 388.75 941600
20060215 388.50 390.25 387.00 390.00 1682300
20060216 390.00 395.75 387.75 395.50 1522900
20060217 398.75 413.75 395.75 398.00 1274500
20060220 393.75 404.50 393.75 397.50 1259700
20060221 409.50 409.50 394.00 400.25 2244000
20060222 405.00 405.25 396.25 402.50 882200
20060223 402.50 406.75 395.75 404.25 1315600
20060224 404.25 405.00 397.25 399.50 1411600
20060227 380.75 402.00 380.75 401.00 1191000
20060228 403.25 403.25 395.00 397.00 1236800
20060301 396.50 412.00 389.50 402.25 1429800
20060302 420.00 420.00 401.50 403.00 740500
20060303 399.50 401.50 395.00 395.75 2079900
20060306 397.00 411.00 397.00 403.00 1503300
20060307 399.00 403.00 398.75 401.75 864000
20060308 405.25 405.25 390.00 398.00 1869500
20060309 404.25 404.50 393.00 399.50 770300
20060310 397.25 403.00 391.00 401.50 754500
20060313 406.75 410.00 405.00 406.25 2079200
20060314 405.00 407.50 400.00 400.50 2081600
20060315 353.25 402.00 353.25 396.00 3593600
20060316 392.25 395.75 380.75 383.50 4762700
20060317 389.50 390.00 384.50 388.50 3100800
20060320 394.75 394.75 380.00 384.25 2277000
20060321 380.00 393.50 380.00 390.00 3107300
20060322 395.00 395.00 380.75 383.75 2156300
20060323 382.25 393.75 380.25 391.00 3953700
20060324 394.50 397.00 389.00 394.25 2745400
20060327 392.75 395.00 390.75 391.75 1970500
20060328 396.50 398.00 393.00 395.25 3266800
20060329 398.75 402.25 396.50 400.25 3358700
20060330 398.00 403.50 397.25 400.25 2809300
20060331 402.75 404.25 400.00 403.00 1751800
20060403 402.25 404.25 395.75 398.00 4052700
20060404 394.50 409.75 392.50 402.25 2601700
20060405 407.75 408.25 398.75 403.25 2478900
20060406 402.00 404.00 397.00 400.50 4502500
20060407 400.50 408.25 400.50 406.25 2335300
20060410 410.00 410.00 395.50 398.00 1568400
20060411 400.50 400.50 375.75 389.00 2125000
20060412 385.75 390.75 375.00 386.25 1838600
20060413 384.25 394.00 384.25 392.25 1998600
20060414 392.25 392.25 392.25 392.25 0
20060417 392.25 392.25 392.25 392.25 0
20060418 394.25 399.00 391.75 395.25 1943600
20060419 401.75 401.75 391.50 393.00 5636600
20060420 391.00 395.00 384.50 384.50 2259800
20060421 388.25 388.50 384.00 387.50 3209500
20060424 388.25 394.25 382.75 387.25 1921100
20060425 390.75 395.00 387.25 391.75 2290600
20060426 391.00 400.75 391.00 398.00 1662700
20060427 396.25 409.75 391.00 393.25 1023800
20060428 391.00 396.50 390.00 393.50 2429300
20060501 393.50 393.50 393.50 393.50 0
20060502 399.50 403.00 392.75 396.00 3621300
20060503 398.75 400.00 395.25 396.75 2861400
20060504 399.75 409.25 398.00 408.25 3602600
20060505 407.25 415.00 405.50 410.00 1655100
20060508 410.50 416.75 407.25 415.25 2609100
20060509 418.00 418.00 410.75 412.00 1833400
20060510 400.75 412.25 400.75 406.25 1829400
20060511 409.25 410.00 401.25 401.50 919600
20060512 410.00 410.00 380.75 390.00 2045300
20060515 390.00 390.00 360.50 380.00 3955300
20060516 383.75 381.65 372.50 378.75 5689700
20060517 381.25 383.60 362.50 365.75 3046400
20060518 363.00 377.00 352.75 361.00 2192000
20060519 359.25 368.72 358.00 367.75 2340900
20060522 370.00 383.65 345.00 345.50 4430000
20060523 365.00 367.75 351.00 365.00 6820500
20060524 347.25 370.74 347.25 359.50 6102000
20060525 363.00 363.25 352.37 363.25 754800
20060526 368.50 370.00 359.68 366.00 2370800
20060529 366.00 366.00 366.00 366.00 0
20060530 360.25 378.75 358.25 362.00 2477200
20060531 345.00 365.97 358.08 363.00 929700
20060601 370.00 387.50 368.00 369.75 2275300
20060602 375.00 384.05 371.48 374.00 2438500
20060605 379.25 372.38 364.00 364.00 1429500
20060606 349.00 358.00 349.00 356.00 3151200
20060607 355.25 359.70 353.37 354.25 909300
20060608 343.50 349.75 337.89 340.25 1443900
20060609 345.50 350.66 342.89 347.00 2449500
20060612 335.00 349.18 341.00 342.25 1556100
20060613 335.00 353.86 333.60 341.50 2534800
20060614 346.75 346.17 335.65 336.75 2815500
20060615 347.00 348.00 342.12 345.50 11401900
20060616 340.00 340.00 307.75 312.50 29765700
20060619 317.00 320.25 314.00 318.50 28907600
20060620 319.00 325.00 314.75 319.25 6609100
20060621 322.75 321.13 316.96 318.75 1755600
20060622 323.00 323.50 316.90 320.50 4129800
20060623 320.25 322.95 319.52 320.50 3447600
20060626 322.00 322.00 313.25 314.75 5792900
20060627 319.25 319.25 310.50 312.75 1582000
20060628 312.00 315.95 311.00 312.50 1422900
20060629 317.75 317.75 311.75 315.00 2079000
20060630 320.00 320.00 315.50 318.25 1886000
20060703 320.00 321.75 315.00 321.25 2796200
20060704 322.00 322.50 319.00 320.50 1127100
20060705 318.00 320.75 316.00 319.75 3340700
20060706 322.00 334.75 322.00 331.00 10940200
20060707 333.00 335.00 329.00 331.25 4181000
20060710 328.75 331.50 325.00 327.00 824500
20060711 324.25 331.00 318.00 324.50 3274600
20060712 327.50 327.50 321.00 322.50 2593000
20060713 319.25 320.75 306.00 308.50 3661500
20060714 302.25 303.75 298.25 300.00 3422600
20060717 304.00 304.50 295.00 299.00 3929000
20060718 296.00 298.00 288.75 292.50 4505500
20060719 295.00 297.50 290.25 296.25 1774200
20060720 297.50 299.00 293.00 294.25 2039900
20060721 292.25 294.00 281.75 284.00 3097700
20060724 282.75 294.50 281.50 289.75 2363300
20060725 290.00 294.50 287.00 290.25 1443500
20060726 287.50 296.00 287.50 290.25 4721200
20060727 293.75 301.25 288.25 295.25 8821600
20060728 291.75 292.50 280.50 284.25 6027300
20060731 285.75 287.75 272.00 277.00 6059100
20060801 278.25 280.00 268.75 271.25 6774800
20060802 271.00 281.00 269.00 281.00 9808800
20060803 281.00 281.00 281.00 281.00 0
20060804 286.75 290.00 284.50 290.00 4567300
20060807 286.00 286.75 280.50 282.00 4555400
20060808 284.50 284.50 277.00 279.50 3246000
20060809 278.75 284.75 275.00 282.00 3219700
20060810 281.00 281.75 275.00 281.50 2070500
20060811 284.00 286.25 281.50 282.50 7105200
20060814 287.50 287.50 276.00 278.00 10752500
20060815 266.00 278.00 266.00 275.00 1796900
20060816 274.25 277.00 273.50 275.25 3744900
20060817 274.25 291.00 274.25 288.00 8663000
20060818 290.00 292.75 290.00 292.25 7537100
20060821 294.75 294.75 290.75 294.00 4993800
20060822 292.50 295.50 292.50 294.75 6812500
20060823 296.75 297.50 293.50 294.50 3198400
20060824 296.50 297.25 287.75 296.25 3277900
20060825 296.25 299.50 295.75 296.75 4665200
20060828 296.75 296.75 296.75 296.75 0
20060829 296.00 301.00 293.50 298.50 2879900
20060830 300.00 300.00 295.50 295.50 4479500
20060831 291.00 325.25 291.00 323.00 15144100
20060901 325.00 325.00 306.00 317.50 9351900
20060904 320.00 322.75 314.00 319.00 3222200
20060905 319.00 321.00 304.50 318.50 4954500
20060906 316.50 321.25 314.00 318.00 20945400
20060907 313.00 320.00 312.25 316.50 5426300
20060908 316.00 334.00 315.25 324.00 10366500
20060911 320.50 324.75 319.00 322.75 8465300
20060912 320.50 330.00 320.50 329.75 7451800
20060913 328.75 335.00 326.00 333.25 5643800
20060914 331.75 339.50 325.00 334.50 9291600
20060915 332.75 336.00 331.50 335.00 4368500
20060918 337.25 342.50 333.25 334.75 3044000
20060919 337.00 337.00 328.75 332.00 5405500
20060920 333.50 336.25 328.00 335.00 5331700
20060921 335.00 341.00 331.00 339.50 3618400
20060922 336.25 339.75 333.00 334.75 2845000
20060925 334.75 338.75 331.50 334.25 2203500
20060926 337.25 338.75 332.75 337.00 2038100
20060927 340.00 350.00 338.00 348.25 4108000
20060928 350.75 363.25 347.50 355.50 6252600
20060929 352.75 360.75 351.50 358.00 3725100
20061002 355.00 373.00 350.50 353.50 2749700
20061003 349.00 355.00 345.75 348.25 3012200
20061004 345.75 361.50 345.50 355.00 5774100
20061005 357.00 370.00 357.00 363.75 5022700
20061006 360.50 386.75 360.50 380.50 12499800
20061009 375.00 381.75 370.50 374.00 2537500
20061010 378.75 379.00 368.25 371.25 3860900
20061011 367.00 375.00 367.00 372.75 1399500
20061012 369.00 372.50 366.75 367.00 3584800
20061013 371.50 381.00 365.75 375.75 5856100
20061016 375.25 380.50 371.75 374.75 2394500
20061017 370.00 373.75 366.00 367.50 2419500
20061018 370.00 375.00 365.25 372.00 2197300
20061019 366.75 373.00 365.25 370.75 1553700
20061020 375.75 376.25 369.25 372.00 1583500
20061023 377.00 379.00 370.75 373.50 1759800
20061024 374.00 378.00 370.50 371.75 2494800
20061025 367.75 376.25 367.75 372.25 1421800
20061026 377.00 380.25 365.00 374.25 1932500
20061027 372.50 379.00 363.75 371.00 2983900
20061030 366.00 376.75 366.00 375.00 7189800
20061031 371.00 382.25 371.00 373.00 3142600
20061101 375.75 392.00 372.25 375.25 7519800
20061102 380.00 385.00 366.00 378.50 2264200
20061103 378.50 380.00 372.50 376.50 1553900
20061106 381.00 382.50 375.25 380.00 4364000
20061107 382.00 388.25 378.75 383.00 3922400
20061108 378.00 395.50 378.00 394.50 8316500
20061109 395.75 412.25 390.75 393.00 6883900
20061110 392.00 401.75 392.00 399.75 6824900
20061113 417.00 438.75 409.00 415.00 47441100
20061114 420.00 428.50 420.00 428.25 19639700
20061115 433.75 433.75 419.50 421.00 5825900
20061116 425.00 430.00 419.00 427.50 4212000
20061117 426.50 429.00 419.25 423.00 2983500
20061120 416.50 426.00 416.50 424.00 3093100
20061121 428.00 428.00 420.25 426.75 2094600
20061122 428.25 428.25 416.50 420.50 5655300
20061123 421.00 421.00 416.00 417.50 1297100
20061124 415.00 421.00 411.25 417.50 1960000
20061127 412.75 421.00 410.50 411.00 1828800
20061128 406.50 411.00 404.75 409.00 2749600
20061129 411.75 420.25 410.00 414.00 4159000
20061130 418.00 421.00 413.00 414.25 3761500
20061201 416.50 420.25 413.00 413.00 1856600
20061204 410.50 423.25 410.50 417.00 2037200
20061205 421.25 421.25 417.00 419.75 2378800
20061206 420.00 423.00 410.50 416.75 4080500
20061207 412.50 420.00 412.50 417.50 1887300
20061208 413.00 421.25 412.25 418.00 2064300
20061211 419.00 436.00 408.75 428.25 4622500
20061212 430.00 434.75 420.50 425.25 4809600
20061213 421.75 440.75 410.00 439.50 19312800
20061214 439.50 444.75 423.75 429.75 4372000
20061215 426.75 439.75 426.00 429.50 4074200
20061218 433.25 433.25 427.00 429.75 3654500
20061219 427.50 434.00 427.00 430.00 5171200
20061220 436.25 444.50 429.50 430.00 14215400
20061221 429.00 434.25 417.00 418.50 20890900
20061222 414.50 419.00 414.25 415.00 1846200
20061225 415.00 415.00 415.00 415.00 0
20061226 415.00 415.00 415.00 415.00 0
20061227 430.00 430.00 413.50 418.50 1908400
20061228 416.25 425.50 416.25 423.00 3331300
20061229 421.25 423.75 420.00 421.50 460500
20070101 421.50 421.50 421.50 421.50 0
20070102 427.75 441.50 421.25 421.50 3861600
20070103 423.25 432.50 421.75 428.25 5236700
20070104 428.00 432.50 422.25 431.00 3203500
20070105 425.25 431.75 425.25 428.00 3165800
20070108 432.25 432.25 421.00 422.75 1942900
20070109 423.00 423.00 419.00 419.50 5550500
20070110 419.50 421.75 419.00 421.25 4150500
20070111 425.25 427.00 420.25 424.00 20719000
20070112 422.00 438.50 422.00 438.00 13481000
20070115 438.00 452.50 438.00 450.50 25340200
20070116 448.00 450.25 444.50 447.50 6372800
20070117 448.50 448.50 443.50 443.75 3605300
20070118 442.75 444.00 439.00 444.00 8103300
20070119 445.00 446.50 443.00 446.50 2716400
20070122 449.00 453.75 444.00 453.25 10735900
20070123 452.00 452.75 447.25 451.25 7915200
20070124 452.00 453.25 447.00 451.25 6171400
20070125 451.00 460.00 450.50 452.75 4086500
20070126 452.25 453.25 447.00 453.00 2838300
20070129 456.25 458.75 452.25 458.50 7152800
20070130 458.50 465.25 455.00 462.00 7658800
20070131 458.75 467.00 458.75 463.50 4272300
20070201 466.00 475.00 466.00 468.50 6916000
20070202 467.00 469.25 461.75 465.50 9883100
20070205 465.00 470.50 460.75 465.50 2880800
20070206 465.50 465.50 457.50 460.00 3718600
20070207 459.75 466.00 458.25 465.50 2693100
20070208 463.00 465.00 463.00 463.75 2537300
20070209 486.00 486.00 470.25 478.50 9228800
20070212 472.50 473.25 466.75 472.00 3221400
20070213 475.50 477.75 473.25 477.00 1364600
20070214 479.50 483.25 474.25 481.50 2377200
20070215 483.50 483.50 477.50 482.00 2598600
20070216 484.50 486.25 480.25 481.00 2503400
20070219 481.25 493.00 481.25 492.25 2427000
20070220 494.00 494.00 483.00 484.50 4759100
20070221 488.00 488.00 478.75 485.75 2242400
20070222 489.25 494.25 484.50 485.50 1365900
20070223 489.75 489.75 480.50 484.25 2016800
20070226 482.50 491.00 482.00 488.75 2996700
20070227 484.50 484.50 467.00 471.50 5128100
20070228 457.25 465.00 445.50 461.75 5898300
20070301 464.00 478.50 450.75 460.50 7346000
20070302 467.00 467.00 454.25 462.75 3992900
20070305 448.75 455.50 429.75 451.00 3393300
20070306 458.50 469.75 453.00 460.00 2550700
20070307 466.75 486.50 461.75 472.25 3322000
20070308 479.75 484.25 473.00 480.75 2753100
20070309 475.50 486.25 475.50 482.00 2597700
20070312 488.75 493.75 478.50 489.25 5141500
20070313 485.00 504.75 485.00 499.25 6687400
20070314 501.00 513.75 473.00 499.50 10765400
20070315 512.75 524.50 500.25 502.50 6804500
20070316 485.00 509.50 485.00 508.25 4578200
20070319 513.25 523.00 505.50 521.50 4727700
20070320 518.25 528.50 511.25 512.25 7987900
20070321 510.00 520.50 510.00 518.00 4067700
20070322 528.50 529.00 513.50 516.25 5254000
20070323 519.75 535.25 516.50 523.00 5608400
20070326 526.00 527.75 512.50 515.50 4624900
20070327 522.75 522.75 515.25 520.50 3240100
20070328 512.50 519.75 510.00 513.75 2776700
20070329 520.00 526.00 516.25 523.00 2474900
20070330 527.25 532.75 523.00 530.00 6548600
20070402 532.00 535.00 530.00 534.25 2696300
20070403 534.25 543.50 534.25 539.50 6851500
20070404 545.00 545.00 535.50 538.50 6578300
20070405 536.00 538.50 533.50 537.00 7055600
20070406 537.00 537.00 537.00 537.00 0
20070409 537.00 537.00 537.00 537.00 0
20070410 541.50 546.00 537.75 542.75 7492200
20070411 546.00 546.00 535.25 536.50 4941400
20070412 531.75 537.25 529.00 532.75 10001600
20070413 535.00 539.25 534.00 536.75 6554000
20070416 539.00 539.00 533.00 534.75 5017800
20070417 535.00 537.50 530.00 532.75 5584200
20070418 532.00 535.00 528.00 530.00 5749400
20070419 504.00 529.50 503.25 525.25 4280700
20070420 531.75 534.00 522.75 532.25 7927800
20070423 536.50 538.25 531.75 536.50 3199100
20070424 536.00 539.75 528.00 536.00 5025400
20070425 540.75 547.00 533.75 547.00 6454400
20070426 548.00 552.00 543.25 549.00 5217200
20070427 550.00 564.00 545.00 553.25 6146300
20070430 557.25 565.25 557.25 562.25 4633600
20070501 543.00 570.00 543.00 562.25 3447200
20070502 565.75 568.25 554.50 557.25 6009500
20070503 563.25 563.25 554.75 558.00 4291200
20070504 558.00 570.25 554.75 567.50 1253100
20070507 567.50 567.50 567.50 567.50 0
20070508 571.00 571.00 560.25 565.50 6207700
20070509 564.00 564.00 547.25 557.00 3568400
20070510 556.00 568.50 556.00 566.00 5683300
20070511 566.00 571.25 556.00 568.00 6349400
20070514 572.00 573.50 564.75 568.50 2048400
20070515 568.50 578.00 566.25 575.25 18189400
20070516 573.50 578.25 567.50 569.25 5191300
20070517 572.00 575.00 564.25 565.00 5486300
20070518 565.00 570.25 565.00 569.00 1281400
20070521 574.00 576.50 569.50 574.00 3862700
20070522 578.25 578.75 574.75 577.25 2630200
20070523 581.25 586.50 580.00 582.50 2119000
20070524 583.00 591.00 577.00 585.00 3736300
20070525 579.25 592.75 579.25 591.50 4266500
20070528 591.50 591.50 591.50 591.50 0
20070529 594.00 604.00 593.75 596.00 4912500
20070530 588.00 596.25 587.50 595.00 1431100
20070531 602.00 602.00 590.00 595.00 4257100
20070601 595.00 595.00 595.00 595.00 0
20070604 610.00 612.25 600.75 608.00 6752200
20070605 612.00 616.50 601.25 603.00 14475800
20070606 605.50 605.50 575.50 577.00 7613700
20070607 580.00 580.50 561.00 566.00 5408700
20070608 559.25 571.00 549.00 568.25 5383300
20070611 578.00 578.00 564.00 567.50 2324600
20070612 570.75 573.75 560.25 562.00 1997100
20070613 559.00 564.75 554.50 560.25 2488100
20070614 570.75 571.50 566.00 568.00 2756200
20070615 567.50 580.00 567.50 576.50 2580800
20070618 574.50 580.00 574.00 577.00 4290700
20070619 569.50 580.00 564.50 569.50 1910800
20070620 575.50 580.00 566.00 571.00 4388600
20070621 565.50 570.00 551.50 567.50 5236000
20070622 570.50 570.50 563.00 566.50 3520400
20070625 565.00 577.00 560.50 563.00 4576700
20070626 559.50 585.50 559.50 572.00 4064500
20070627 568.00 571.00 558.00 562.00 8985600
20070628 585.00 596.00 566.50 594.00 6326000
20070629 595.00 605.50 586.00 589.50 6280100
20070702 586.00 595.50 583.00 587.50 3597900
20070703 593.50 615.00 577.50 612.50 5576200
20070704 611.00 616.00 608.50 612.50 3996000
20070705 615.50 619.50 608.50 612.00 4532100
20070706 607.50 626.00 607.50 625.50 4733700
20070709 627.00 628.00 618.50 626.50 2746400
20070710 627.50 627.50 616.00 620.00 2260800
20070711 612.50 653.00 612.50 644.50 12737800
20070712 642.00 653.00 641.50 652.00 4269500
20070713 658.50 665.00 650.50 656.00 2480100
20070716 655.00 669.50 645.00 666.50 4099800
20070717 662.50 667.50 652.00 659.50 3996300
20070718 650.00 664.00 645.50 649.00 4626700
20070719 655.00 662.00 647.00 654.50 2741700
20070720 652.00 664.00 652.00 657.00 3409300
20070723 660.00 660.00 651.00 660.00 1527500
20070724 655.00 669.00 653.00 653.50 2573600
20070725 645.00 654.50 626.00 645.50 2174900
20070726 637.50 649.50 616.00 616.00 3507500
20070727 607.50 619.50 600.00 600.50 9402400
20070730 610.00 615.50 598.00 611.50 4805300
20070731 621.00 653.00 618.50 642.00 3859200
20070801 633.50 641.00 622.50 633.00 3000100
20070802 644.50 657.00 606.50 632.00 2655200
20070803 635.50 640.50 625.50 628.00 1707600
20070806 619.50 642.50 600.00 640.00 3637600
20070807 650.00 670.00 639.00 648.50 3324900
20070808 656.00 685.50 653.00 680.50 9562800
20070809 682.50 758.00 678.00 683.00 10623000
20070810 672.00 692.00 618.50 656.00 8735900
20070813 660.00 670.00 648.00 653.50 5901500
20070814 653.00 661.50 644.50 644.50 2586700
20070815 633.00 653.50 627.00 647.50 1633700
20070816 631.00 650.00 592.50 600.00 5790800
20070817 608.50 610.00 586.00 599.50 5959700
20070820 612.00 623.50 603.00 605.00 3202400
20070821 612.00 615.00 595.00 599.50 2080700
20070822 608.00 636.00 608.00 630.00 2671500
20070823 638.50 649.00 634.00 636.00 2588400
20070824 630.00 644.00 622.50 633.00 1640900
20070827 633.00 633.00 633.00 633.00 0
20070828 629.00 646.50 620.00 621.50 1605800
20070829 612.00 634.00 612.00 634.00 1364700
20070830 647.50 647.50 633.50 640.00 5257200
20070831 647.50 661.50 638.50 652.50 2463200
20070903 652.00 662.00 652.00 658.50 1000800
20070904 662.00 670.00 650.00 670.00 1184200
20070905 676.50 676.50 648.00 655.00 2375600
20070906 667.00 706.00 667.00 685.50 3818900
20070907 698.00 702.00 672.00 684.00 5442300
20070910 679.50 688.00 671.00 680.00 4698200
20070911 686.00 704.00 682.50 700.00 1751400
20070912 704.00 738.50 700.50 733.00 17236000
20070913 736.50 736.50 721.50 726.00 11544200
20070914 720.00 725.00 704.50 714.50 5350500
20070917 709.00 713.00 693.00 701.00 4005200
20070918 694.50 719.00 694.50 715.00 5080700
20070919 730.00 758.50 730.00 734.50 6948400
20070920 735.00 735.00 719.50 726.00 2412900
20070921 727.00 729.00 724.00 727.00 5046700
20070924 728.50 743.00 725.00 726.00 7007900
20070925 719.50 735.00 706.50 723.00 5561400
20070926 729.50 733.50 721.50 724.50 2366900
20070927 730.00 735.00 727.50 733.00 5532300
20070928 735.00 747.50 730.50 741.00 5621700
20071001 746.50 775.00 746.50 775.00 4942600
20071002 778.00 791.50 758.50 764.50 3162300
20071003 776.00 776.00 757.50 766.50 1830900
20071004 766.50 793.50 760.50 790.50 2828100
20071005 790.00 790.00 762.00 770.00 5410900
20071008 778.00 779.00 768.00 769.50 2013500
20071009 773.50 790.00 773.00 782.50 2006200
20071010 799.50 814.00 786.50 801.00 3780400
20071011 806.00 827.50 802.50 805.00 5339300
20071012 792.50 801.50 781.00 795.50 2268700
20071015 799.00 800.00 788.50 792.00 3455500
20071016 797.00 800.50 792.00 796.00 2713200
20071017 799.00 800.00 790.00 800.00 1776000
20071018 800.00 807.00 789.00 799.00 2015000
20071019 798.00 810.50 785.00 788.50 2630300
20071022 777.00 805.00 761.00 802.50 4732400
20071023 814.50 844.50 791.50 817.50 3021400
20071024 817.50 839.00 810.00 816.50 2960700
20071025 825.00 843.50 819.50 840.50 4133700
20071026 844.00 847.00 826.50 839.00 1810800
20071029 839.50 849.00 821.00 825.50 3743300
20071030 824.50 828.50 817.00 822.50 2571700
20071031 825.50 836.50 822.00 834.50 2769600
20071101 839.50 849.50 824.00 830.00 2065100
20071102 818.00 834.00 816.50 820.00 1885300
20071105 817.00 829.00 800.00 804.50 1329800
20071106 799.50 803.00 792.00 799.00 2183100
20071107 800.50 808.00 782.00 782.00 2062700
20071108 779.00 781.00 766.50 775.50 2968900
20071109 777.00 780.50 763.00 770.50 2219900
20071112 762.00 773.50 743.00 752.50 1478700
20071113 745.00 750.00 723.50 731.00 3909200
20071114 742.00 754.50 733.00 744.00 2273800
20071115 745.50 749.50 724.50 731.00 2266000
20071116 724.50 727.50 707.50 715.50 1678800
20071119 716.00 756.50 715.50 738.50 3906000
20071120 741.00 757.00 737.50 750.50 2712400
20071121 737.00 739.00 718.00 723.00 1749300
20071122 730.00 730.00 699.00 725.00 2555900
20071123 725.00 739.00 721.50 738.50 1596700
20071126 741.00 745.50 722.00 732.00 2667600
20071127 723.50 734.50 717.00 729.00 3546300
20071128 730.50 767.00 725.50 767.00 1768800
20071129 768.00 781.00 760.00 777.50 1217400
20071130 774.00 781.50 765.00 767.50 1676900
20071203 765.00 778.50 751.00 751.50 2052100
20071204 748.50 759.50 719.00 726.00 3298900
20071205 727.50 750.50 725.50 750.00 2297500
20071206 748.50 750.00 732.50 739.50 2102900
20071207 744.50 757.00 743.00 755.00 2019100
20071210 754.50 765.50 748.00 758.00 1426000
20071211 764.50 773.00 763.50 771.00 2288000
20071212 759.50 794.50 745.00 790.00 2846000
20071213 790.50 816.50 778.00 795.50 4299300
20071214 807.50 814.00 783.50 810.00 3483600
20071217 804.50 821.00 800.50 817.50 2833700
20071218 823.50 848.00 823.50 830.00 3587800
20071219 842.00 842.00 820.50 830.00 14089900
20071220 830.50 832.00 824.00 828.00 3859000
20071221 830.50 833.00 827.00 830.00 4336000
20071224 820.00 833.50 820.00 830.00 909000
20071225 830.00 830.00 830.00 830.00 0
20071226 830.00 830.00 830.00 830.00 0
20071227 834.00 835.50 826.00 832.00 2493800
20071228 830.00 841.50 827.00 840.50 1805400
20071231 840.50 847.00 827.50 838.50 978100
20080101 838.50 838.50 838.50 838.50 0
20080102 840.00 847.00 824.50 829.50 2177200
20080103 825.50 840.00 822.00 834.00 2864500
20080104 837.00 847.00 810.00 814.50 2887300
20080107 812.00 822.50 788.50 798.00 4429000
20080108 805.00 812.50 800.00 802.00 3449900
20080109 800.50 802.00 782.00 798.50 1728300
20080110 801.50 812.50 789.00 796.50 2244400
20080111 798.00 806.00 774.00 776.00 3888200
20080114 770.00 787.50 759.00 766.00 3288000
20080115 767.00 773.00 747.50 749.50 3426200
20080116 740.50 749.00 725.00 738.50 4040500
20080117 747.00 755.50 712.00 714.50 4689300
20080118 708.50 726.00 693.50 716.00 4639500
20080121 703.50 706.00 645.50 665.00 5660300
20080122 653.00 690.50 640.00 677.00 6004300
20080123 687.50 690.50 634.00 642.00 6082000
20080124 669.50 675.00 657.00 675.00 3698800
20080125 694.50 701.00 679.00 691.50 4667300
20080128 679.00 693.00 670.50 686.00 2821100
20080129 695.50 700.50 673.50 680.50 3062200
20080130 673.50 682.00 664.50 677.50 3348200
20080131 687.50 688.00 660.00 684.00 3917000
20080201 693.50 716.50 690.50 714.50 3279500
20080204 716.00 736.00 715.00 732.50 3533700
20080205 726.00 730.50 706.50 710.50 2689700
20080206 708.00 729.00 708.00 727.50 2655400
20080207 722.50 724.50 710.00 716.00 3060700
20080208 728.00 728.00 711.50 720.00 1802300
20080211 716.00 726.00 707.00 715.50 1607500
20080212 718.00 734.50 712.50 732.00 2538100
20080213 724.50 737.00 718.50 735.50 1495100
20080214 738.50 751.00 736.00 745.50 1974500
20080215 748.00 750.50 726.00 736.00 2138900
20080218 744.50 755.00 741.50 753.50 867300
20080219 748.50 753.00 740.00 749.00 1640900
20080220 743.50 750.00 737.00 740.00 2422200
20080221 758.00 758.00 739.00 742.00 1289100
20080222 734.50 742.00 727.00 731.50 1619000
20080225 735.50 754.00 732.50 741.50 1566400
20080226 749.00 761.00 743.50 758.00 2567500
20080227 763.00 772.00 751.00 769.50 1845100
20080228 770.00 772.50 752.50 765.00 2618100
20080229 759.50 800.00 752.00 775.00 4049500
20080303 761.50 781.00 758.00 772.00 2222400
20080304 778.00 778.00 756.50 773.00 3284200
20080305 776.00 807.50 776.00 806.00 2594500
20080306 807.50 807.50 784.00 787.00 1505700
20080307 783.50 802.00 772.50 788.50 1665600
20080310 766.00 781.00 758.50 761.00 2110100
20080311 773.00 779.00 736.00 744.50 4591900
20080312 753.50 759.50 738.50 755.50 2217100
20080313 743.00 748.00 725.00 741.00 2409200
20080314 747.50 760.00 723.50 731.00 3113900
20080317 717.00 721.00 693.00 693.00 3520500
20080318 704.50 715.00 698.50 712.50 3188900
20080319 719.00 720.00 692.50 703.00 2787000
20080320 697.50 698.50 683.50 686.00 2886900
20080321 686.00 686.00 686.00 686.00 0
20080324 686.00 686.00 686.00 686.00 0
20080325 704.50 717.00 701.50 716.00 3220500
20080326 713.50 724.00 710.00 721.00 2836600
20080327 718.50 741.00 717.00 730.50 1716600
20080328 729.00 730.50 720.00 721.50 1835200
20080331 714.50 725.00 713.00 723.50 1731600
20080401 726.00 747.00 723.00 746.50 1669300
20080402 750.00 750.00 709.50 720.00 2921600
20080403 724.00 728.50 714.00 723.00 1187100
20080404 723.50 730.50 713.00 718.00 1988400
20080407 720.00 725.50 712.50 717.00 991800
20080408 716.50 726.50 714.00 718.50 1780500
20080409 715.00 724.00 715.00 720.50 1084600
20080410 722.50 724.50 711.50 720.50 2065300
20080411 744.00 761.50 734.50 741.00 3299800
20080414 732.00 736.50 723.00 728.00 2316000
20080415 735.00 742.50 728.50 738.50 2318300
20080416 749.00 755.50 735.00 754.00 1974300
20080417 756.00 771.50 751.00 769.50 3978600
20080418 770.00 786.50 770.00 777.50 1504300
20080421 777.00 784.00 762.00 770.00 1899100
20080422 767.50 775.50 754.00 765.00 1602800
20080423 769.50 777.00 754.50 757.50 2585500
20080424 765.50 770.00 739.00 748.50 2324300
20080425 750.00 761.50 746.50 758.00 2099600
20080428 761.00 782.00 761.00 778.50 1846300
20080429 771.50 801.00 771.50 792.50 4571700
20080430 794.00 802.00 780.00 795.00 2221000
20080501 794.00 798.00 788.50 793.00 716500
20080502 796.50 830.50 796.50 816.50 2049300
20080506 822.00 833.50 815.50 830.50 1428200
20080507 831.00 842.00 825.50 831.00 2532600
20080508 824.00 843.50 816.50 843.50 1294000
20080509 836.00 839.50 825.00 832.50 1005200
20080512 832.00 843.50 828.00 830.50 960300
20080513 833.50 841.00 822.50 833.50 2151200
20080514 835.00 839.50 808.50 823.00 4155300
20080515 822.50 851.00 821.00 844.50 2926500
20080516 847.00 849.50 839.50 842.50 2874200
20080519 843.50 845.50 835.00 845.00 1355500
20080520 842.00 851.50 833.50 834.00 2043300
20080521 825.50 836.50 816.50 819.00 2153800
20080522 815.50 824.00 814.00 819.50 1556700
20080523 817.50 819.50 809.50 809.50 1533400
20080527 812.50 820.00 807.00 813.00 1747700
20080528 814.50 820.00 808.50 815.00 2399700
20080529 818.00 838.00 816.50 831.00 1416300
20080530 831.00 837.50 827.00 834.50 1355100
20080602 845.00 852.00 816.00 848.50 1727800
20080603 848.50 891.00 848.00 884.00 2804600
20080604 881.00 909.50 878.50 907.00 6259600
20080605 906.50 906.50 893.50 899.50 3488900
20080606 900.00 905.00 895.00 897.00 2714500
20080610 898.50 898.50 880.50 894.50 2154300
20080611 895.50 935.00 895.00 914.00 3197300
20080612 914.50 936.50 905.50 933.50 3116900
20080613 932.50 934.00 911.50 918.00 1642800
20080616 921.00 921.00 903.00 907.50 2261100
20080617 916.00 960.00 913.50 951.00 4909700
20080618 944.00 952.50 939.50 948.00 2443300
20080619 943.50 949.00 928.00 929.50 2007800
20080620 937.00 956.00 926.00 950.50 1794300
20080623 943.50 961.00 935.00 940.00 1468800
20080624 937.50 941.00 892.50 901.50 2795200
20080625 902.00 921.00 902.00 918.00 2050000
20080626 907.00 918.00 879.50 879.50 1935600
20080627 872.00 893.00 865.00 878.00 2225400
20080630 874.00 895.00 874.00 890.00 2416900
20080701 881.00 894.00 873.00 876.50 1985800
20080702 874.00 881.50 849.50 849.50 2852000
20080703 843.00 899.00 842.50 874.00 4913200
20080704 882.50 894.00 871.00 886.00 2856200
20080707 920.00 924.00 902.00 915.50 1947500
20080708 896.00 913.00 885.00 902.00 3765300
20080709 918.00 919.00 891.00 908.50 2150300
20080710 891.50 903.00 859.00 861.00 3032200
20080711 862.00 881.50 850.00 867.50 4330000
20080714 882.50 890.50 859.50 874.50 1986000
20080715 865.00 877.00 839.00 839.50 2806600
20080716 845.00 848.50 814.50 821.50 4252000
20080717 840.50 854.00 818.00 849.50 2952900
20080718 845.50 845.50 822.50 833.50 2263200
20080721 839.50 861.50 822.50 845.50 2453800
20080722 833.00 872.00 833.00 869.50 2928300
20080723 893.00 893.00 866.00 868.00 2143800
20080724 872.50 872.50 820.00 832.00 2755700
20080725 821.50 837.00 820.00 826.50 1443800
20080728 822.00 839.00 819.00 821.00 2272500
20080729 810.50 835.50 808.00 822.50 1314300
20080730 844.50 845.50 832.00 832.50 1055600
20080731 841.50 855.50 833.50 849.00 1771600
20080801 843.50 855.00 831.00 849.50 2115100
20080804 860.00 867.00 833.50 838.50 1890200
20080805 840.00 843.00 811.00 820.00 2275700
20080806 830.00 830.00 819.50 822.50 2557000
20080807 815.50 839.50 815.50 832.00 1723800
20080808 823.00 840.50 820.50 824.50 1153500
20080811 830.00 842.50 816.00 820.00 2672200
20080812 814.00 817.00 787.50 795.00 3972700
20080813 795.50 800.00 761.50 765.00 3887000
20080814 767.50 791.50 767.50 777.00 3854000
20080815 781.50 790.50 775.00 780.00 1739800
20080818 780.00 784.50 767.50 770.00 2054000
20080819 766.50 771.00 754.50 761.50 1704300
20080820 762.50 794.00 762.50 785.00 1808500
20080821 785.00 811.00 780.50 800.00 2073200
20080822 801.50 819.50 797.00 812.50 2050600
20080826 797.50 807.00 795.50 800.00 2750200
20080827 788.00 829.00 787.00 823.50 2319400
20080828 825.50 856.00 815.50 835.00 3025200
20080829 839.50 846.50 829.00 845.00 1946700
20080901 843.50 854.50 839.50 846.50 1478400
20080902 850.00 858.00 825.50 832.50 3492100
20080903 825.50 836.00 820.00 820.50 2646600
20080904 823.50 829.00 791.50 791.50 1650800
20080905 785.00 791.50 745.50 746.00 5448600
20080908 770.50 800.00 763.50 774.00 1858500
20080909 774.00 781.50 714.00 717.00 5482300
20080910 713.00 734.00 699.00 723.00 4061500
20080911 724.50 743.00 722.50 731.00 2336000
20080912 744.00 758.50 737.00 753.50 2977200
20080915 725.00 740.00 700.50 708.00 3265900
20080916 694.00 698.50 646.50 665.00 5795300
20080917 668.00 680.50 654.00 655.00 3112000
20080918 664.00 672.50 610.50 635.00 4222300
20080919 623.00 714.50 623.00 714.50 2449600
20080922 735.50 759.00 686.00 694.00 2716300
20080923 674.50 689.50 659.00 661.00 5833400
20080924 667.00 684.50 644.50 677.50 5354200
20080925 683.00 683.00 642.50 662.00 4526300
20080926 658.50 658.50 624.50 632.00 6338400
20080929 626.50 632.50 597.00 598.50 3681200
20080930 574.00 638.00 571.00 636.50 4626400
20081001 648.00 648.00 610.50 620.50 2907600
20081002 638.50 651.00 598.50 603.00 2938100
20081003 601.50 610.00 589.00 593.50 1831100
20081006 576.50 578.00 500.50 510.50 2003100
20081007 525.00 549.50 502.50 529.50 2039300
20081008 510.50 558.50 486.50 504.00 3605700
20081009 514.00 556.50 500.00 528.00 3162500
20081010 480.00 536.00 459.75 469.00 3283300
20081013 501.00 526.50 486.75 525.50 3082800
20081014 557.50 606.50 542.00 579.00 3117000
20081015 590.00 590.00 494.00 501.50 4582700
20081016 476.50 502.50 446.50 452.75 2949200
20081017 480.25 509.50 433.00 453.00 6149000
20081020 466.25 471.75 430.75 468.25 6378100
20081021 478.50 493.75 457.75 466.00 5523800
20081022 454.00 464.00 442.00 442.00 2171200
20081023 444.75 444.75 413.50 436.25 2604500
20081024 426.50 429.50 395.25 426.25 4118200
20081027 407.00 411.50 383.75 393.00 2628200
20081028 405.75 412.25 373.50 377.50 3778900
20081029 394.00 432.25 385.25 430.75 8686400
20081030 448.00 508.50 436.25 493.25 6662900
20081031 495.75 521.00 475.50 517.00 2663400
20081103 532.00 554.00 517.00 528.50 1663100
20081104 523.50 594.50 521.00 590.50 2914100
20081105 596.50 596.50 537.50 539.50 2512400
20081106 518.00 538.50 505.50 508.50 2545100
20081107 513.00 532.50 500.50 516.00 1967800
20081110 535.50 565.50 529.00 539.00 1547700
20081111 528.00 528.00 493.25 493.25 2826400
20081112 503.50 519.50 472.50 476.50 2537200
20081113 472.50 501.50 454.50 498.00 1951900
20081114 522.50 531.50 497.75 503.00 1334800
20081117 503.50 519.00 494.25 503.00 1504000
20081118 508.00 508.00 457.00 498.50 2901600
20081119 495.25 509.50 451.00 457.50 2551900
20081120 448.75 452.50 428.00 430.25 3208000
20081121 430.50 470.00 428.00 436.50 2225900
20081124 446.75 466.00 444.50 465.00 2554100
20081125 458.00 500.00 446.25 492.50 2945000
20081126 483.75 510.50 467.00 487.00 1989400
20081127 496.50 517.50 493.25 511.50 2039000
20081128 508.50 529.00 508.50 525.00 1793100
20081201 525.00 534.00 479.00 479.00 1520800
20081202 472.00 503.50 454.75 497.75 2031000
20081203 500.50 505.50 476.00 488.00 3169600
20081204 484.75 495.00 463.25 478.50 2577500
20081205 469.75 478.00 440.75 447.00 2650600
20081208 478.25 492.50 464.75 485.75 1776000
20081209 479.25 500.00 468.75 482.00 2330200
20081210 485.75 499.00 458.00 491.50 1536900
20081211 492.50 512.50 470.00 505.50 1697100
20081212 483.00 521.00 473.75 515.50 2326800
20081215 518.00 532.50 510.50 521.00 1902200
20081216 525.00 528.50 513.00 521.00 1012200
20081217 507.50 535.50 490.75 518.50 1829400
20081218 518.00 518.00 503.50 509.50 1354700
20081219 499.50 503.00 482.75 492.75 2060000
20081222 489.00 494.25 474.50 476.50 1079800
20081223 470.50 493.25 470.50 479.50 826900
20081224 495.00 495.00 470.00 489.00 240500
20081229 494.25 499.00 465.00 470.00 740700
20081230 479.50 489.25 472.25 484.25 704300
20081231 473.25 498.25 473.25 492.75 328900
20090102 499.75 508.00 488.25 508.00 373700
20090105 510.00 539.50 510.00 533.00 1561500
20090106 538.00 554.50 525.50 548.00 1549500
20090107 548.00 558.00 528.00 531.50 1600000
20090108 523.00 559.00 521.00 555.00 1704300
20090109 563.00 568.00 535.00 537.50 2052200
20090112 539.00 549.00 533.50 539.50 1010200
20090113 537.50 540.00 511.00 537.50 1506000
20090114 546.00 572.50 542.50 572.00 4345900
20090115 574.50 585.00 557.50 564.50 3056500
20090116 578.00 587.50 561.50 563.50 2700700
20090119 577.00 584.00 561.50 570.00 1546200
20090120 573.00 575.00 541.50 548.00 1835300
20090121 538.00 557.00 525.00 556.00 3004500
20090122 564.50 567.00 551.50 555.00 2455200
20090123 553.00 560.50 541.00 555.50 1744400
20090126 553.50 571.00 530.50 567.00 1674600
20090127 571.50 571.50 550.50 561.50 1199200
20090128 569.50 579.00 563.50 567.50 2075200
20090129 568.00 568.00 549.00 560.00 2327200
20090130 561.00 575.50 554.50 565.50 2116500
20090202 561.50 565.50 539.00 542.50 1584200
20090203 545.00 551.50 528.50 549.00 1305500
20090204 550.50 566.50 546.00 560.00 1554200
20090205 550.50 570.00 535.50 567.50 1969300
20090206 574.50 589.50 562.00 581.00 2019400
20090209 581.00 586.50 572.50 582.00 1345800
20090210 577.50 577.50 554.00 556.50 1453500
20090211 554.50 575.50 550.00 572.00 1934600
20090212 569.50 572.00 545.00 559.50 1846400
20090213 564.50 584.50 564.50 577.00 1454300
