20030101 2050.00 2050.00 2050.00 2050.00 0
20030102 2035.00 2055.00 2020.00 2024.00 12400
20030103 2065.00 2065.00 2022.50 2065.00 5200
20030106 2025.00 2060.00 2020.00 2030.00 4600
20030107 2022.00 2055.00 2021.50 2021.50 21200
20030108 2035.00 2050.00 2021.50 2040.00 105600
20030109 2040.00 2040.00 2021.00 2030.00 75900
20030110 2050.00 2050.00 2031.75 2031.75 2000
20030113 2055.00 2073.75 2050.00 2056.80 4300
20030114 2051.25 2075.00 2045.00 2065.00 11700
20030115 2085.00 2085.00 2038.00 2055.00 34200
20030116 2035.00 2060.00 2022.00 2025.00 155700
20030117 2048.00 2048.00 2005.00 2015.00 41900
20030120 2025.00 2025.00 1992.00 2015.00 2500
20030121 2015.00 2015.00 1970.00 1985.00 2400
20030122 1965.00 2000.00 1962.00 1980.00 6000
20030123 1965.00 1997.00 1952.25 1990.00 13400
20030124 1957.00 1960.00 1941.00 1945.00 6100
20030127 1886.75 1905.00 1850.00 1903.00 4200
20030128 1870.00 1908.00 1860.00 1895.00 39200
20030129 1815.00 1848.50 1802.50 1840.00 16700
20030130 1853.13 1855.00 1842.00 1845.00 44100
20030131 1842.50 1860.00 1830.00 1845.00 36700
20030203 1875.00 1893.00 1847.25 1870.00 9000
20030204 1887.02 1900.50 1185.00 1887.02 10300
20030205 1878.00 1887.60 1842.00 1885.00 22600
20030206 1880.00 1883.00 1847.00 1875.00 4400
20030207 1843.65 1885.00 1842.00 1880.00 20300
20030210 1848.00 1883.00 1848.00 1850.00 2700
20030211 1881.00 1883.00 1847.00 1865.00 5400
20030212 1880.00 1883.00 1847.00 1880.00 20900
20030213 1842.00 1880.00 1842.00 1875.00 1900
20030214 1875.00 1878.00 1846.75 1846.75 3900
20030217 1882.50 1890.00 1860.00 1890.00 3700
20030218 1895.00 1915.00 1871.75 1915.00 9000
20030219 1895.00 1923.00 1891.75 1920.00 9600
20030220 1920.00 1925.00 1900.00 1905.75 97700
20030221 1918.50 1920.00 1905.75 1918.00 6000
20030224 1928.00 1929.00 1920.50 1925.00 3500
20030225 1920.50 1929.50 1905.00 1905.00 6100
20030226 1915.00 1928.00 1900.00 1900.00 9800
20030227 1903.00 1922.00 1901.25 1901.25 55900
20030228 1920.00 1922.00 1891.75 1910.00 6600
20030303 1925.00 1928.00 1911.00 1915.00 3000
20030304 1915.75 1925.00 1915.75 1920.00 7500
20030305 1882.00 1902.00 1862.25 1892.00 45900
20030306 1862.00 1895.50 1852.00 1868.13 16600
20030307 1872.00 1872.00 1825.00 1825.00 11100
20030310 1821.50 1850.00 1821.00 1822.00 19900
20030311 1820.00 1820.00 1805.00 1819.25 13300
20030312 1813.00 1815.00 1781.00 1784.28 40400
20030313 1781.00 1820.00 1781.00 1815.00 9000
20030314 1863.00 1863.00 1825.00 1831.00 30700
20030317 1860.00 1875.00 1820.00 1871.91 8000
20030318 1915.00 1950.00 1901.00 1940.00 25000
20030319 1935.00 1975.00 1900.00 1926.25 12800
20030320 1925.00 1960.00 1925.00 1935.00 20800
20030321 1958.00 1965.00 1943.00 1947.00 20800
20030324 1921.00 1940.00 1905.00 1906.50 6300
20030325 1908.00 1925.00 1880.00 1886.00 4500
20030326 1925.00 1960.00 1890.00 1959.26 67300
20030327 1930.00 1960.00 1926.00 1955.00 22300
20030328 1931.50 1958.50 1931.50 1935.00 3200
20030331 1926.50 1953.25 1915.00 1947.00 14900
20030401 1965.00 1975.00 1935.00 1965.00 16600
20030402 1993.00 2025.00 1980.00 2008.00 11900
20030403 2020.00 2040.00 2003.00 2005.00 30600
20030404 2005.00 2064.00 2005.00 2027.00 8500
20030407 2020.00 2065.00 2020.00 2060.00 48000
20030408 2036.25 2044.75 2035.00 2043.00 76700
20030409 2035.00 2074.00 2035.00 2070.00 9100
20030410 2057.00 2064.50 2050.00 2051.00 202100
20030411 2055.00 2067.00 2050.50 2065.00 1900
20030414 2065.00 2078.00 2035.00 2065.00 14800
20030415 2081.91 2089.00 2061.25 2077.50 23900
20030416 2076.75 2080.00 2050.00 2055.00 27800
20030417 2052.00 2053.00 2026.50 2050.00 20700
20030418 2050.00 2050.00 2050.00 2050.00 0
20030421 2050.00 2050.00 2050.00 2050.00 0
20030422 2030.00 2051.91 2023.09 2051.50 6000
20030423 2043.50 2094.38 2043.50 2059.00 41600
20030424 2065.00 2090.00 2062.00 2070.00 2100
20030425 2066.50 2090.00 2066.50 2075.50 4000
20030428 2070.75 2110.00 2068.00 2085.00 12500
20030429 2116.91 2116.91 2090.25 2090.25 1900
20030430 2094.75 2114.00 2090.00 2110.00 13800
20030501 2112.05 2112.05 2085.00 2111.35 58800
20030502 2105.00 2110.00 2103.00 2103.00 20700
20030505 2103.00 2103.00 2103.00 2103.00 0
20030506 2120.00 2145.00 2110.00 2140.00 8200
20030507 2130.00 2157.50 2130.00 2142.00 18000
20030508 2150.50 2155.00 2145.00 2152.50 10900
20030509 2143.00 2154.00 2136.00 2145.00 5400
20030512 2158.75 2160.00 2136.25 2160.00 1700
20030513 2150.00 2173.00 2150.00 2173.00 4000
20030514 2165.00 2176.91 2152.50 2158.00 36100
20030515 2141.75 2203.75 2141.75 2203.75 5500
20030516 2210.00 2288.00 2197.00 2225.00 2900
20030519 2188.50 2216.91 2170.00 2170.00 1200
20030520 2191.00 2191.00 2140.00 2140.00 8700
20030521 2131.00 2138.00 2106.00 2136.00 5700
20030522 2112.00 2143.00 2111.00 2143.00 13600
20030523 2150.00 2153.25 2123.00 2148.25 20700
20030526 2148.25 2148.25 2148.25 2148.25 0
20030527 2111.00 2140.00 2111.00 2140.00 51000
20030528 2135.00 2135.00 2116.00 2121.00 18200
20030529 2111.00 2135.00 2110.00 2115.00 4000
20030530 2129.00 2129.00 2112.00 2120.00 3000
20030602 2123.00 2134.75 2123.00 2134.75 2600
20030603 2127.00 2127.00 2127.00 2127.00 200
20030604 2135.00 2140.00 2135.00 2140.00 35300
20030605 2170.00 2185.00 2161.25 2180.00 13500
20030606 2180.00 2213.00 2180.00 2213.00 6600
20030609 2213.75 2213.75 2170.00 2196.91 6300
20030610 2191.91 2194.00 2175.00 2175.00 4300
20030611 2221.91 2221.91 2186.75 2195.00 17800
20030612 2215.00 2234.00 2211.25 2232.00 22700
20030613 2230.00 2234.25 2222.95 2233.00 5500
20030616 2230.00 2241.91 2221.00 2230.00 5300
20030617 2245.00 2275.00 2245.00 2273.50 4600
20030618 2266.91 2266.91 2230.00 2230.00 24500
20030619 2241.50 2268.25 2240.00 2265.00 8000
20030620 2240.00 2268.25 2236.50 2260.00 11700
20030623 2263.00 2263.00 2245.75 2257.05 12000
20030624 2256.91 2256.91 2225.00 2253.25 1100
20030625 2250.00 2256.91 2218.09 2218.09 2300
20030626 2235.00 2235.00 2190.00 2190.00 18500
20030627 2193.00 2228.00 2188.09 2190.00 16100
20030630 2187.00 2225.00 2185.51 2185.51 3100
20030701 2220.00 2220.00 2185.00 2185.00 5300
20030702 2209.90 2210.00 2178.00 2195.00 8500
20030703 2178.09 2208.00 2175.00 2205.00 10000
20030704 2206.91 2206.91 2160.51 2205.00 11900
20030707 2160.51 2220.00 2160.51 2215.00 8400
20030708 2210.51 2215.00 2200.00 2210.51 11300
20030709 2224.90 2250.00 2210.00 2223.00 18400
20030710 2212.00 2240.00 2210.51 2230.00 10300
20030711 2218.09 2235.00 2218.00 2225.00 2500
20030714 2230.00 2249.90 2225.00 2245.00 2800
20030715 2250.00 2259.00 2240.51 2258.00 7800
20030716 2270.00 2299.90 2255.00 2299.90 12400
20030717 2270.00 2300.00 2257.00 2277.50 7800
20030718 2255.51 2300.00 2255.51 2265.00 4400
20030721 2295.00 2295.00 2270.00 2270.00 4300
20030722 2270.51 2275.00 2270.00 2270.00 3400
20030723 2300.00 2305.00 2265.51 2295.00 3700
20030724 2267.00 2292.50 2267.00 2283.65 28100
20030725 2278.15 2288.00 2252.00 2280.00 2400
20030728 2270.00 2284.78 2265.51 2265.51 13400
20030729 2287.00 2288.00 2273.00 2280.00 17200
20030730 2273.00 2295.00 2271.00 2288.00 3600
20030731 2280.00 2292.50 2270.00 2292.50 14900
20030801 2278.12 2295.00 2278.12 2285.00 7200
20030804 2277.00 2303.50 2273.75 2296.25 2100
20030805 2290.00 2301.25 2285.00 2285.00 7400
20030806 2278.12 2290.00 2259.37 2259.37 1700
20030807 2285.63 2285.63 2255.00 2280.00 1700
20030808 2286.00 2286.00 2250.00 2280.00 4200
20030811 2288.00 2288.00 2250.00 2287.00 6900
20030812 2285.00 2290.00 2250.00 2255.00 4200
20030813 2277.00 2294.58 2258.09 2294.58 20000
20030814 2255.62 2290.00 2255.00 2265.00 5400
20030815 2255.62 2292.50 2275.00 2292.50 5500
20030818 2291.91 2293.00 2278.09 2281.87 5100
20030819 2297.00 2310.00 2287.50 2308.25 23400
20030820 2303.75 2304.25 2290.00 2293.75 12300
20030821 2290.00 2308.00 2290.00 2302.70 6900
20030822 2300.00 2309.00 2300.00 2307.00 20700
20030825 2307.00 2307.00 2307.00 2307.00 0
20030826 2309.00 2309.00 2291.87 2291.87 3300
20030827 2307.00 2333.50 2305.00 2308.75 11800
20030828 2325.00 2330.00 2308.00 2330.00 14600
20030829 2310.00 2326.88 2307.00 2310.00 3700
20030901 2308.12 2332.50 2308.12 2332.50 2200
20030902 2350.00 2350.00 2338.09 2340.00 5200
20030903 2338.75 2363.00 2338.00 2351.87 3100
20030904 2363.13 2371.88 2353.12 2355.00 13000
20030905 2378.50 2378.50 2346.75 2370.00 5500
20030908 2355.00 2390.00 2350.00 2390.00 15100
20030909 2382.50 2391.88 2370.00 2373.09 30600
20030910 2377.50 2389.38 2350.00 2355.00 38500
20030911 2367.50 2367.50 2346.25 2346.25 40800
20030912 2365.00 2365.00 2355.00 2355.00 2800
20030915 2370.00 2372.50 2370.00 2372.50 4900
20030916 2370.00 2390.00 2370.00 2390.00 8600
20030917 2387.50 2387.50 2380.81 2380.81 15300
20030918 2387.50 2387.50 2382.00 2382.00 5700
20030919 2390.00 2393.13 2390.00 2393.13 8200
20030922 2387.50 2387.00 2355.00 2355.00 11400
20030923 2370.00 2385.50 2350.00 2350.00 6100
20030924 2367.50 2375.00 2345.00 2350.00 5400
20030925 2357.50 2366.88 2340.00 2340.00 14600
20030926 2330.00 2343.25 2295.00 2307.50 19700
20030929 2307.50 2313.13 2297.50 2297.50 5800
20030930 2305.00 2310.00 2276.87 2276.87 2300
20031001 2282.50 2300.00 2275.00 2288.86 18300
20031002 2307.50 2312.50 2306.00 2311.25 5600
20031003 2305.00 2313.75 2292.00 2311.30 8300
20031006 2317.50 2318.75 2315.00 2315.00 4300
20031007 2312.50 2314.38 2310.62 2312.39 3300
20031008 2272.50 2290.00 2270.25 2286.00 41000
20031009 2292.50 2325.00 2291.25 2325.00 6400
20031010 2327.50 2344.37 2325.62 2333.12 13900
20031013 2340.00 2375.00 2335.00 2335.00 11800
20031014 2365.00 2365.00 2338.00 2365.00 2500
20031015 2352.50 2352.50 2338.75 2342.00 80500
20031016 2350.00 2358.00 2340.00 2349.90 30700
20031017 2347.50 2355.00 2340.00 2355.00 6600
20031020 2350.00 2355.00 2342.00 2342.50 3700
20031021 2355.00 2376.25 2351.50 2351.50 2000
20031022 2362.50 2370.00 2326.00 2352.00 10100
20031023 2327.50 2331.91 2291.00 2291.00 11300
20031024 2312.50 2330.00 2298.09 2320.00 3300
20031027 2312.50 2325.00 2296.00 2305.00 1600
20031028 2320.00 2335.00 2308.09 2309.37 3700
20031029 2332.50 2340.00 2305.00 2340.00 9100
20031030 2322.50 2343.00 2303.00 2321.00 14000
20031031 2325.00 2338.00 2311.25 2313.12 20700
20031103 2310.00 2310.00 2310.00 2308.00 1000
20031104 2305.00 2330.00 2300.00 2300.00 3000
20031105 2345.00 2350.00 2310.00 2320.00 6100
20031106 2335.00 2370.00 2335.00 2358.00 600
20031107 2375.00 2375.00 2375.00 2363.00 500
20031110 2370.00 2370.00 2370.00 2370.00 500
20031111 2340.00 2340.00 2335.00 2343.00 1100
20031112 2343.00 2343.00 2343.00 2343.00 17400
20031113 2350.00 2350.00 2350.00 2350.00 500
20031114 2340.00 2340.00 2340.00 2348.00 700
20031117 2323.00 2323.00 2323.00 2323.00 2800
20031118 2315.00 2315.00 2295.00 2315.00 3800
20031119 2285.00 2285.00 2285.00 2290.00 500
20031120 2318.00 2318.00 2250.00 2249.00 5600
20031121 2249.00 2260.00 2249.00 2270.00 1600
20031124 2305.00 2305.00 2305.00 2293.00 200
20031125 2303.00 2303.00 2303.00 2303.00 51600
20031126 2325.00 2325.00 2280.00 2280.00 1600
20031127 2280.00 2280.00 2280.00 2290.00 3400
20031128 2275.00 2275.00 2261.00 2272.00 3700
20031201 2285.00 2310.00 2278.00 2278.00 1800
20031202 2310.00 2310.00 2295.00 2298.00 6000
20031203 2303.00 2303.00 2302.00 2302.00 3200
20031204 2305.00 2310.00 2305.00 2310.00 1400
20031205 2300.00 2300.00 2300.00 2295.00 400
20031208 2290.00 2290.00 2290.00 2295.00 1000
20031209 2295.00 2295.00 2295.00 2295.00 17000
20031210 2293.00 2293.00 2293.00 2293.00 29100
20031211 2298.00 2298.00 2298.00 2294.00 2000
20031212 2296.00 2296.00 2296.00 2296.00 3900
20031215 2350.00 2350.00 2330.00 2332.00 5700
20031216 2320.00 2320.00 2270.00 2278.00 3600
20031217 2270.00 2270.00 2230.00 2267.00 7200
20031218 2279.00 2279.00 2279.00 2265.00 600
20031219 2265.00 2265.00 2265.00 2265.00 1600
20031222 2266.00 2266.00 2266.00 2266.00 4100
20031223 2280.00 2280.00 2280.00 2281.00 500
20031224 2280.00 2280.00 2280.00 2276.00 500
20031225 2276.00 2276.00 2276.00 2276.00 0
20031226 2276.00 2276.00 2276.00 2276.00 0
20031229 2290.00 2305.00 2290.00 2299.00 2000
20031230 2309.00 2340.00 2309.00 2330.00 8100
20031231 2345.00 2352.00 2345.00 2345.00 6700
20040101 2345.00 2345.00 2345.00 2345.00 0
20040102 2345.00 2345.00 2345.00 2345.00 0
20040105 2345.00 2350.00 2345.00 2349.00 10000
20040106 2355.00 2355.00 2345.00 2347.00 900
20040107 2345.00 2345.00 2345.00 2355.00 0
20040108 2365.00 2375.00 2365.00 2380.00 1800
20040109 2370.00 2370.00 2365.00 2370.00 900
20040112 2362.00 2362.00 2360.00 2360.00 200
20040113 2360.00 2360.00 2350.00 2350.00 1100
20040114 2346.00 2346.00 2346.00 2346.00 1200
20040115 2330.00 2330.00 2311.00 2325.00 200
20040116 2330.00 2330.00 2330.00 2330.00 1900
20040119 2325.00 2325.00 2325.00 2325.00 200
20040120 2335.00 2340.00 2335.00 2340.00 500
20040121 2336.00 2350.00 2336.00 2345.00 3700
20040122 2343.00 2343.00 2343.00 2343.00 18700
20040123 2330.00 2330.00 2330.00 2340.00 1500
20040126 2325.00 2325.00 2310.00 2316.00 800
20040127 2335.00 2335.00 2335.00 2335.00 3100
20040128 2315.00 2334.00 2310.00 2312.00 3700
20040129 2310.00 2325.00 2255.00 2255.00 4800
20040130 2275.00 2275.00 2270.00 2270.00 700
20040202 2265.00 2265.00 2260.00 2260.00 700
20040203 2262.00 2265.00 2260.00 2260.00 2700
20040204 2265.00 2265.00 2259.00 2265.00 600
20040205 2270.00 2270.00 2255.00 2261.00 1600
20040206 2255.00 2260.00 2255.00 2260.00 1600
20040209 2260.00 2284.00 2245.00 2249.00 10800
20040210 2265.00 2265.00 2235.00 2235.00 2000
20040211 2250.00 2292.00 2230.00 2231.00 7500
20040212 2231.00 2252.00 2211.00 2211.00 6800
20040213 2216.00 2253.00 2216.00 2226.00 4000
20040216 2215.00 2240.00 2215.00 2225.00 3900
20040217 2246.00 2250.00 2230.00 2230.00 22900
20040218 2233.00 2250.00 2233.00 2240.00 1300
20040219 2257.00 2265.00 2251.00 2265.00 1400
20040220 2270.00 2280.00 2270.00 2275.00 1500
20040223 2260.00 2260.00 2260.00 2260.00 900
20040224 2271.00 2271.00 2253.00 2253.00 3400
20040225 2260.00 2260.00 2258.00 2258.00 500
20040226 2270.00 2270.00 2259.00 2259.00 2900
20040227 2280.00 2300.00 2261.00 2261.00 3900
20040301 2285.00 2285.00 2285.00 2285.00 16100
20040302 2300.00 2305.00 2290.00 2283.00 8100
20040303 2250.00 2250.00 2250.00 2277.00 500
20040304 2295.00 2325.00 2290.00 2290.00 4200
20040305 2286.00 2286.00 2276.00 2300.00 300
20040308 2300.00 2320.00 2300.00 2315.00 800
20040309 2320.00 2320.00 2307.00 2307.00 2600
20040310 2290.00 2290.00 2290.00 2290.00 7900
20040311 2272.00 2272.00 2255.00 2270.00 1500
20040312 2230.00 2260.00 2230.00 2260.00 3200
20040315 2264.00 2265.00 2225.00 2235.00 800
20040316 2230.00 2230.00 2212.00 2222.00 5300
20040317 2224.00 2227.00 2224.00 2223.00 2200
20040318 2230.00 2230.00 2215.00 2215.00 600
20040319 2230.00 2265.00 2202.00 2265.00 900
20040322 2152.00 2152.00 2152.00 2152.00 600
20040323 2200.00 2240.00 2180.00 2185.00 12800
20040324 2200.00 2200.00 2180.00 2176.00 1500
20040325 2190.00 2205.00 2180.00 2195.00 3000
20040326 2195.00 2220.00 2190.00 2212.00 9100
20040329 2225.00 2230.00 2225.00 2228.00 1000
20040330 2245.00 2250.00 2220.00 2225.00 1800
20040331 2225.00 2250.00 2205.00 2212.00 6600
20040401 2250.00 2250.00 2250.00 2228.00 400
20040402 2250.00 2292.00 2250.00 2290.00 9600
20040405 2290.00 2312.00 2275.00 2293.00 3600
20040406 2305.00 2330.00 2295.00 2295.00 4800
20040407 2318.00 2345.00 2318.00 2340.00 14200
20040408 2340.00 2340.00 2340.00 2325.00 100
20040409 2325.00 2325.00 2325.00 2325.00 0
20040412 2325.00 2325.00 2325.00 2325.00 0
20040413 2340.00 2340.00 2340.00 2330.00 0
20040414 2230.00 2315.00 2230.00 2284.00 2000
20040415 2320.00 2365.00 2320.00 2355.00 15900
20040416 2320.00 2326.00 2320.00 2325.00 1300
20040419 2347.00 2380.00 2347.00 2375.00 5800
20040420 2375.00 2376.00 2358.00 2376.00 2500
20040421 2321.00 2321.00 2321.00 2338.00 100
20040422 2350.00 2350.00 2350.00 2336.00 200
20040423 2360.00 2365.00 2360.00 2356.00 600
20040426 2365.00 2370.00 2350.00 2361.00 1900
20040427 2370.00 2370.00 2330.00 2348.00 700
20040428 2325.00 2335.00 2300.00 2313.00 6700
20040429 2280.00 2280.00 2275.00 2280.00 500
20040430 2271.00 2271.00 2270.00 2270.00 1100
20040503 2270.00 2270.00 2270.00 2270.00 0
20040504 2278.00 2278.00 2278.00 2280.00 100
20040505 2280.00 2280.00 2270.00 2281.00 500
20040506 2290.00 2310.00 2280.00 2293.00 2000
20040507 2275.00 2285.00 2261.00 2276.00 1600
20040510 2206.00 2206.00 2206.00 2218.00 3000
20040511 2230.00 2240.00 2230.00 2228.00 2500
20040512 2215.00 2230.00 2200.00 2200.00 3300
20040513 2240.00 2240.00 2240.00 2240.00 300
20040514 2195.00 2230.00 2187.00 2206.00 2600
20040517 2167.00 2172.00 2167.00 2178.00 400
20040518 2200.00 2210.00 2186.00 2190.00 1900
20040519 2225.00 2225.00 2190.00 2210.00 4100
20040520 2230.00 2230.00 2151.00 2155.00 2600
20040521 2200.00 2200.00 2200.00 2209.00 4000
20040524 2210.00 2210.00 2210.00 2210.00 8800
20040525 2181.00 2183.00 2181.00 2209.00 1000
20040526 2200.00 2224.00 2192.00 2192.00 3700
20040527 2190.00 2190.00 2165.00 2165.00 2100
20040528 2161.00 2161.00 2161.00 2181.00 1100
20040531 2181.00 2181.00 2181.00 2181.00 0
20040601 2175.00 2175.00 2175.00 2175.00 8300
20040602 2190.00 2195.00 2160.00 2175.00 2300
20040603 2175.00 2175.00 2144.00 2157.00 3700
20040604 2150.00 2170.00 2145.00 2160.00 9200
20040607 2180.00 2190.00 2171.00 2171.00 1700
20040608 2205.00 2205.00 2171.00 2171.00 2900
20040609 2208.00 2210.00 2186.00 2193.00 5800
20040610 2192.00 2193.00 2192.00 2193.00 3700
20040611 2182.00 2182.00 2182.00 2192.00 300
20040614 2215.00 2215.00 2215.00 2193.00 400
20040615 2198.00 2198.00 2198.00 2198.00 18100
20040616 2203.00 2203.00 2203.00 2198.00 300
20040617 2180.00 2195.00 2180.00 2194.00 1300
20040618 2171.00 2171.00 2171.00 2171.00 700
20040621 2200.00 2200.00 2200.00 2190.00 500
20040622 2175.00 2175.00 2170.00 2170.00 1100
20040623 2200.00 2200.00 2200.00 2190.00 1200
20040624 2200.00 2200.00 2200.00 2193.00 500
20040625 2193.00 2193.00 2193.00 2193.00 5300
20040628 2195.00 2200.00 2195.00 2195.00 2400
20040629 2200.00 2200.00 2200.00 2196.00 1000
20040630 2190.00 2191.00 2190.00 2191.00 100
20040701 2200.00 2200.00 2171.00 2181.00 4200
20040702 2189.00 2189.00 2189.00 2189.00 0
20040705 2173.00 2173.00 2173.00 2173.00 3700
20040706 2153.00 2153.00 2153.00 2168.00 0
20040707 2184.00 2184.00 2153.00 2165.00 2300
20040708 2141.00 2165.00 2140.00 2155.00 2800
20040709 2170.00 2170.00 2170.00 2170.00 100
20040712 2140.00 2160.00 2140.00 2160.00 1400
20040713 2160.00 2160.00 2160.00 2139.00 500
20040714 2135.00 2135.00 2112.00 2135.00 6400
20040715 2120.00 2120.00 2115.00 2122.00 2000
20040716 2122.00 2122.00 2120.00 2122.00 1100
20040719 2117.00 2130.00 2115.00 2115.00 2000
20040720 2105.00 2115.00 2095.00 2103.00 2300
20040721 2113.00 2130.00 2113.00 2130.00 3700
20040722 2110.00 2110.00 2095.00 2095.00 4100
20040723 2101.00 2120.00 2101.00 2111.00 3400
20040726 2110.00 2110.00 2095.00 2103.00 1900
20040727 2100.00 2108.00 2100.00 2105.00 6500
20040728 2115.00 2120.00 2110.00 2110.00 1500
20040729 2120.00 2130.00 2120.00 2130.00 1500
20040730 2125.00 2125.00 2123.00 2136.00 500
20040802 2133.00 2133.00 2133.00 2133.00 5300
20040803 2135.00 2135.00 2135.00 2136.00 500
20040804 2132.00 2135.00 2129.00 2128.00 11000
20040805 2134.00 2140.00 2125.00 2126.00 5500
20040806 2110.00 2111.00 2081.00 2094.00 2400
20040809 2067.00 2080.00 2067.00 2075.00 300
20040810 2066.00 2092.00 2066.00 2094.00 2100
20040811 2100.00 2100.00 2081.00 2090.00 6200
20040812 2095.00 2100.00 2095.00 2100.00 8500
20040813 2085.00 2090.00 2080.00 2081.00 4100
20040816 2080.00 2097.00 2080.00 2085.00 3700
20040817 2086.00 2109.00 2086.00 2106.00 3800
20040818 2101.00 2133.00 2101.00 2133.00 4400
20040819 2120.00 2125.00 2120.00 2116.00 1800
20040820 2107.00 2107.00 2107.00 2108.00 2900
20040823 2120.00 2137.00 2120.00 2137.00 1900
20040824 2140.00 2150.00 2140.00 2150.00 3300
20040825 2146.00 2146.00 2146.00 2148.00 100
20040826 2159.00 2160.00 2159.00 2163.00 600
20040827 2169.00 2170.00 2169.00 2173.00 700
20040830 2173.00 2173.00 2173.00 2173.00 0
20040831 2165.00 2172.00 2165.00 2170.00 1800
20040901 2199.00 2199.00 2199.00 2193.00 100
20040902 2190.00 2220.00 2190.00 2215.00 2500
20040903 2219.00 2220.00 2215.00 2220.00 1800
20040906 2220.00 2240.00 2220.00 2240.00 5500
20040907 2255.00 2255.00 2255.00 2249.00 0
20040908 2250.00 2250.00 2250.00 2250.00 8000
20040909 2250.00 2255.00 2250.00 2255.00 5600
20040910 2259.00 2259.00 2259.00 2253.00 0
20040913 2258.00 2260.00 2246.00 2252.00 300
20040914 2249.00 2249.00 2248.00 2252.00 100
20040915 2251.00 2251.00 2251.00 2252.00 3000
20040916 2254.00 2254.00 2254.00 2253.00 600
20040917 2255.00 2280.00 2255.00 2280.00 2600
20040920 2267.00 2267.00 2265.00 2265.00 1100
20040921 2280.00 2280.00 2280.00 2277.00 400
20040922 2275.00 2275.00 2275.00 2275.00 1900
20040923 2295.00 2295.00 2295.00 2295.00 500
20040924 2274.00 2274.00 2274.00 2274.00 3800
20040927 2275.00 2275.00 2275.00 2268.00 400
20040928 2274.00 2280.00 2274.00 2280.00 6000
20040929 2256.00 2262.00 2256.00 2262.00 1000
20040930 2261.00 2262.00 2261.00 2274.00 500
20041001 2290.00 2297.00 2290.00 2297.00 21000
20041004 2290.00 2310.00 2290.00 2302.00 500
20041005 2292.00 2315.00 2292.00 2305.00 500
20041006 2306.00 2306.00 2306.00 2306.00 3500
20041007 2315.00 2315.00 2301.00 2301.00 600
20041008 2295.00 2325.00 2295.00 2319.00 500
20041011 2301.00 2330.00 2300.00 2330.00 1200
20041012 2301.00 2301.00 2295.00 2313.00 100
20041013 2272.00 2272.00 2272.00 2272.00 2600
20041014 2273.00 2309.00 2273.00 2279.00 4300
20041015 2281.00 2309.00 2281.00 2309.00 1700
20041018 2290.00 2290.00 2290.00 2290.00 4200
20041019 2280.00 2280.00 2280.00 2280.00 1700
20041020 2295.00 2295.00 2294.00 2294.00 1900
20041021 2261.00 2261.00 2261.00 2281.00 400
20041022 2261.00 2261.00 2261.00 2271.00 0
20041025 2247.00 2247.00 2247.00 2271.00 200
20041026 2288.00 2288.00 2280.00 2270.00 1600
20041027 2278.00 2278.00 2278.00 2278.00 2000
20041028 2305.00 2305.00 2305.00 2295.00 100
20041029 2305.00 2305.00 2305.00 2293.00 1000
20041101 2306.00 2306.00 2306.00 2300.00 5000
20041102 2296.00 2309.00 2296.00 2305.00 4500
20041103 2319.00 2325.00 2315.00 2327.00 1500
20041104 2325.00 2340.00 2325.00 2340.00 1100
20041105 2331.00 2360.00 2331.00 2360.00 700
20041108 2348.00 2348.00 2335.00 2337.00 13100
20041109 2348.00 2350.00 2345.00 2345.00 1600
20041110 2344.00 2344.00 2340.00 2347.00 7500
20041111 2355.00 2355.00 2341.00 2347.00 1300
20041112 2365.00 2365.00 2365.00 2370.00 0
20041115 2378.00 2395.00 2364.00 2395.00 1300
20041116 2367.00 2367.00 2367.00 2373.00 200
20041117 2390.00 2417.00 2390.00 2417.00 2600
20041118 2416.00 2417.00 2416.00 2417.00 1300
20041119 2370.00 2387.00 2370.00 2365.00 1500
20041122 2360.00 2360.00 2358.00 2358.00 3500
20041123 2371.00 2380.00 2361.00 2361.00 500
20041124 2360.00 2381.00 2360.00 2373.00 100
20041125 2378.00 2393.00 2378.00 2386.00 700
20041126 2366.00 2399.00 2366.00 2399.00 300
20041129 2380.00 2380.00 2375.00 2373.00 1200
20041130 2389.00 2389.00 2375.00 2368.00 2400
20041201 2380.00 2385.00 2380.00 2385.00 5000
20041202 2399.00 2399.00 2399.00 2393.00 2500
20041203 2366.00 2388.00 2366.00 2377.00 600
20041206 2365.00 2365.00 2365.00 2378.00 100
20041207 2357.00 2357.00 2357.00 2375.00 200
20041208 2378.00 2378.00 2355.00 2378.00 2200
20041209 2352.00 2352.00 2335.00 2335.00 400
20041210 2364.00 2365.00 2336.00 2365.00 900
20041213 2336.00 2360.00 2336.00 2360.00 800
20041214 2353.00 2390.00 2351.00 2390.00 3700
20041215 2390.00 2390.00 2370.00 2390.00 1100
20041216 2390.00 2395.00 2377.00 2377.00 2300
20041217 2400.00 2400.00 2400.00 2371.00 200
20041220 2367.00 2367.00 2367.00 2367.00 5500
20041221 2370.00 2385.00 2370.00 2385.00 300
20041222 2385.00 2385.00 2360.00 2378.00 4600
20041223 2385.00 2385.00 2380.00 2380.00 1500
20041224 2385.00 2385.00 2380.00 2383.00 1500
20041227 2383.00 2383.00 2383.00 2383.00 0
20041228 2383.00 2383.00 2383.00 2383.00 0
20041229 2378.00 2378.00 2365.00 2365.00 1500
20041230 2377.00 2382.00 2376.00 2382.00 7500
20041231 2390.00 2390.00 2385.00 2384.00 10000
20050103 2384.00 2384.00 2384.00 2384.00 0
20050104 2390.00 2400.00 2381.00 2381.00 22500
20050105 2385.00 2385.00 2370.00 2370.00 3000
20050106 2397.00 2397.00 2396.00 2390.00 400
20050107 2388.00 2388.00 2388.00 2388.00 700
20050110 2415.00 2415.00 2410.00 2404.00 11500
20050111 2402.00 2402.00 2401.00 2402.00 1500
20050112 2408.00 2408.00 2408.00 2405.00 1300
20050113 2408.00 2409.00 2401.00 2407.00 1800
20050114 2405.00 2410.00 2401.00 2410.00 2900
20050117 2415.00 2425.00 2415.00 2426.00 4700
20050118 2440.00 2460.00 2440.00 2440.00 6000
20050119 2465.00 2470.00 2465.00 2470.00 2100
20050120 2470.00 2470.00 2470.00 2470.00 200
20050121 2464.00 2464.00 2464.00 2464.00 0
20050124 2423.00 2423.00 2423.00 2423.00 1000
20050125 2438.00 2438.00 2438.00 2438.00 14500
20050126 2450.00 2450.00 2450.00 2450.00 200
20050127 2431.00 2431.00 2429.00 2435.00 800
20050128 2450.00 2450.00 2450.00 2436.00 800
20050131 2441.00 2441.00 2441.00 2441.00 4000
20050201 2426.00 2450.00 2425.00 2440.00 2100
20050202 2460.00 2460.00 2451.00 2456.00 200
20050203 2450.00 2450.00 2426.00 2427.00 400
20050204 2426.00 2430.00 2426.00 2449.00 3000
20050207 2463.00 2463.00 2460.00 2463.00 500
20050208 2460.00 2470.00 2460.00 2470.00 300
20050209 2458.00 2465.00 2458.00 2463.00 3000
20050210 2470.00 2490.00 2470.00 2490.00 1200
20050211 2487.00 2490.00 2470.00 2490.00 500
20050214 2500.00 2500.00 2495.00 2495.00 1000
20050215 2500.00 2515.00 2500.00 2515.00 2300
20050216 2500.00 2500.00 2485.00 2505.00 3900
20050217 2500.00 2510.00 2495.00 2495.00 3400
20050218 2495.00 2495.00 2490.00 2490.00 1600
20050221 2495.00 2499.00 2490.00 2490.00 11600
20050222 2490.00 2490.00 2475.00 2475.00 10500
20050223 2466.00 2466.00 2460.00 2464.00 1900
20050224 2460.00 2460.00 2457.00 2460.00 3500
20050225 2470.00 2470.00 2455.00 2463.00 1400
20050228 2460.00 2462.00 2460.00 2463.00 6400
20050301 2460.00 2500.00 2460.00 2500.00 1400
20050302 2460.00 2495.00 2460.00 2465.00 1800
20050303 2470.00 2476.00 2470.00 2476.00 1400
20050304 2477.00 2485.00 2477.00 2481.00 3200
20050307 2505.00 2505.00 2490.00 2490.00 800
20050308 2491.00 2491.00 2491.00 2491.00 5400
20050309 2483.00 2485.00 2470.00 2471.00 6000
20050310 2471.00 2471.00 2471.00 2486.00 1500
20050311 2489.00 2489.00 2489.00 2489.00 3400
20050314 2466.00 2466.00 2456.00 2458.00 5100
20050315 2467.00 2468.00 2467.00 2475.00 3400
20050316 2455.00 2475.00 2445.00 2445.00 7300
20050317 2435.00 2446.00 2428.00 2428.00 5300
20050318 2428.00 2463.00 2428.00 2445.00 5500
20050321 2444.00 2444.00 2440.00 2453.00 1700
20050322 2445.00 2445.00 2436.00 2436.00 9200
20050323 2425.00 2440.00 2397.00 2412.00 6100
20050324 2450.00 2450.00 2408.00 2438.00 2500
20050325 2438.00 2438.00 2438.00 2438.00 0
20050328 2438.00 2438.00 2438.00 2438.00 0
20050329 2422.00 2422.00 2410.00 2409.00 2800
20050330 2390.00 2398.00 2380.00 2391.00 11200
20050331 2414.00 2414.00 2411.00 2411.00 3800
20050401 2410.00 2410.00 2401.00 2402.00 6600
20050404 2396.00 2396.00 2382.00 2382.00 6200
20050405 2390.00 2440.00 2386.00 2430.00 19800
20050406 2449.00 2459.00 2449.00 2459.00 4700
20050407 2431.00 2460.00 2431.00 2458.00 2200
20050408 2450.00 2450.00 2450.00 2466.00 1100
20050411 2448.00 2454.00 2445.00 2454.00 6700
20050412 2440.00 2440.00 2435.00 2435.00 3200
20050413 2438.00 2438.00 2438.00 2440.00 2500
20050414 2431.00 2431.00 2410.00 2410.00 2000
20050415 2413.00 2413.00 2376.00 2378.00 4900
20050418 2350.00 2350.00 2301.00 2350.00 11200
20050419 2338.00 2345.00 2338.00 2343.00 4100
20050420 2350.00 2350.00 2344.00 2345.00 8100
20050421 2334.00 2365.00 2334.00 2356.00 1200
20050422 2363.00 2373.00 2360.00 2373.00 5300
20050425 2341.00 2375.00 2341.00 2375.00 3100
20050426 2356.00 2356.00 2346.00 2346.00 9600
20050427 2335.00 2340.00 2325.00 2332.00 14700
20050428 2351.00 2351.00 2320.00 2326.00 9300
20050429 2315.00 2337.00 2310.00 2310.00 8800
20050502 2310.00 2310.00 2310.00 2310.00 0
20050503 2370.00 2370.00 2350.00 2359.00 9900
20050504 2370.00 2370.00 2343.00 2359.00 8200
20050505 2371.00 2382.00 2351.00 2356.00 4300
20050506 2362.00 2373.00 2362.00 2373.00 4900
20050509 2382.00 2385.00 2343.00 2345.00 7200
20050510 2377.00 2384.00 2359.00 2359.00 12200
20050511 2350.00 2355.00 2350.00 2355.00 4900
20050512 2360.00 2382.00 2360.00 2361.00 4500
20050513 2356.00 2364.00 2356.00 2374.00 1300
20050516 2350.00 2386.00 2350.00 2386.00 6700
20050517 2380.00 2380.00 2365.00 2382.00 3300
20050518 2399.00 2420.00 2380.00 2405.00 9200
20050519 2430.00 2430.00 2400.00 2425.00 14000
20050520 2405.00 2428.00 2405.00 2428.00 7400
20050523 2420.00 2428.00 2415.00 2428.00 1900
20050524 2410.00 2445.00 2407.00 2445.00 7100
20050525 2435.00 2450.00 2417.00 2448.00 5700
20050526 2449.00 2465.00 2449.00 2465.00 4300
20050527 2458.00 2480.00 2458.00 2480.00 800
20050530 2480.00 2480.00 2480.00 2480.00 0
20050531 2472.00 2480.00 2472.00 2464.00 2500
20050601 2441.00 2507.00 2441.00 2507.00 2000
20050602 2465.00 2467.00 2465.00 2467.00 4100
20050603 2467.00 2467.00 2467.00 2467.00 0
20050606 2465.00 2465.00 2463.00 2463.00 900
20050607 2509.00 2509.00 2473.00 2489.00 3900
20050608 2474.00 2474.00 2461.00 2490.00 800
20050609 2460.00 2460.00 2460.00 2460.00 500
20050610 2476.00 2480.00 2470.00 2481.00 2600
20050613 2477.00 2495.00 2477.00 2495.00 700
20050614 2495.00 2495.00 2475.00 2475.00 1700
20050615 2480.00 2485.00 2472.00 2472.00 1700
20050616 2505.00 2505.00 2481.00 2498.00 1500
20050617 2507.00 2525.00 2500.00 2522.00 3000
20050620 2510.00 2510.00 2506.00 2506.00 1800
20050621 2515.00 2518.00 2500.00 2518.00 3200
20050622 2515.00 2516.00 2515.00 2516.00 2300
20050623 2525.00 2535.00 2510.00 2524.00 4600
20050624 2500.00 2517.00 2500.00 2519.00 2400
20050627 2485.00 2510.00 2472.00 2472.00 1500
20050628 2505.00 2521.00 2505.00 2520.00 1000
20050629 2505.00 2518.00 2505.00 2518.00 2000
20050630 2515.00 2528.00 2515.00 2524.00 2300
20050701 2532.00 2559.00 2532.00 2551.00 3300
20050704 2556.00 2580.00 2556.00 2570.00 1300
20050705 2565.00 2565.00 2562.00 2565.00 2900
20050706 2589.00 2598.00 2583.00 2585.00 5700
20050707 2566.00 2566.00 2473.00 2498.00 10800
20050708 2565.00 2565.00 2565.00 2565.00 400
20050711 2573.00 2573.00 2573.00 2573.00 8700
20050712 2560.00 2590.00 2560.00 2585.00 4000
20050713 2579.00 2579.00 2571.00 2579.00 3500
20050714 2581.00 2600.00 2578.00 2600.00 18500
20050715 2582.00 2600.00 2575.00 2577.00 14600
20050718 2600.00 2606.00 2573.00 2573.00 20000
20050719 2575.00 2598.00 2570.00 2571.00 15800
20050720 2609.00 2609.00 2580.00 2581.00 9900
20050721 2600.00 2607.00 2575.00 2575.00 17300
20050722 2594.00 2595.00 2585.00 2597.00 12000
20050725 2610.00 2616.00 2608.00 2616.00 21600
20050726 2614.00 2614.00 2597.00 2603.00 5200
20050727 2605.00 2610.00 2605.00 2605.00 19700
20050728 2630.00 2630.00 2607.00 2607.00 11300
20050729 2616.00 2630.00 2615.00 2620.00 16300
20050801 2639.00 2640.00 2622.00 2640.00 4200
20050802 2639.00 2667.00 2639.00 2642.00 14100
20050803 2643.00 2651.00 2643.00 2651.00 10200
20050804 2646.00 2655.00 2645.00 2648.00 5100
20050805 2640.00 2640.00 2640.00 2647.00 9000
20050808 2640.00 2640.00 2640.00 2640.00 12300
20050809 2659.00 2670.00 2656.00 2670.00 14300
20050810 2656.00 2670.00 2656.00 2672.00 13400
20050811 2646.00 2667.00 2646.00 2650.00 2300
20050812 2648.00 2660.00 2647.00 2660.00 3200
20050815 2635.00 2667.00 2635.00 2654.00 5000
20050816 2639.00 2654.00 2638.00 2645.00 14000
20050817 2644.00 2648.00 2625.00 2625.00 10400
20050818 2627.00 2627.00 2607.00 2625.00 13800
20050819 2610.00 2634.00 2610.00 2628.00 7200
20050822 2628.00 2628.00 2617.00 2620.00 3000
20050823 2616.00 2616.00 2616.00 2616.00 16200
20050824 2616.00 2634.00 2603.00 2603.00 8600
20050825 2594.00 2615.00 2594.00 2595.00 10300
20050826 2591.00 2591.00 2590.00 2590.00 13800
20050829 2590.00 2590.00 2590.00 2590.00 0
20050830 2602.00 2620.00 2599.00 2613.00 27400
20050831 2617.00 2617.00 2617.00 2628.00 4400
20050901 2645.00 2660.00 2641.00 2659.00 5400
20050902 2660.00 2660.00 2640.00 2648.00 6600
20050905 2640.00 2640.00 2640.00 2650.00 1800
20050906 2640.00 2660.00 2631.00 2631.00 6500
20050907 2635.00 2651.00 2635.00 2647.00 5600
20050908 2638.00 2660.00 2637.00 2637.00 8600
20050909 2644.00 2645.00 2640.00 2641.00 4700
20050912 2645.00 2669.00 2645.00 2661.00 8800
20050913 2646.00 2652.00 2645.00 2645.00 14700
20050914 2640.00 2664.00 2640.00 2659.00 7100
20050915 2659.00 2670.00 2655.00 2669.00 19800
20050916 2675.00 2699.00 2675.00 2699.00 118000
20050919 2685.00 2698.00 2685.00 2698.00 4400
20050920 2695.00 2695.00 2695.00 2695.00 181300
20050921 2695.00 2700.00 2672.00 2672.00 11300
20050922 2667.00 2668.00 2660.00 2668.00 22200
20050923 2671.00 2700.00 2671.00 2700.00 6400
20050926 2685.00 2710.00 2685.00 2710.00 4900
20050927 2705.00 2705.00 2700.00 2703.00 10900
20050928 2720.00 2735.00 2706.00 2725.00 5700
20050929 2748.00 2749.00 2717.00 2735.00 7800
20050930 2744.00 2744.00 2740.00 2740.00 6700
20051003 2745.00 2751.00 2745.00 2754.00 1600
20051004 2745.00 2780.00 2745.00 2780.00 15600
20051005 2741.00 2750.00 2741.00 2758.00 4600
20051006 2740.00 2740.00 2702.00 2709.00 43000
20051007 2720.00 2720.00 2680.00 2693.00 6000
20051010 2702.00 2702.00 2682.00 2682.00 2300
20051011 2700.00 2704.00 2700.00 2702.00 12000
20051012 2670.00 2671.00 2659.00 2659.00 18200
20051013 2651.00 2661.00 2615.00 2622.00 34900
20051014 2622.00 2633.00 2617.00 2632.00 10900
20051017 2631.00 2635.00 2630.00 2634.00 14100
20051018 2638.00 2645.00 2628.00 2631.00 18600
20051019 2604.00 2611.00 2580.00 2590.00 14100
20051020 2620.00 2630.00 2595.00 2595.00 17200
20051021 2585.00 2605.00 2581.00 2605.00 5200
20051024 2590.00 2601.00 2590.00 2605.00 23700
20051025 2605.00 2610.00 2590.00 2600.00 17400
20051026 2613.00 2613.00 2601.00 2607.00 69500
20051027 2600.00 2606.00 2586.00 2606.00 4200
20051028 2568.00 2600.00 2568.00 2600.00 5600
20051031 2623.00 2670.00 2623.00 2665.00 11400
20051101 2669.00 2670.00 2650.00 2651.00 11700
20051102 2702.00 2735.00 2700.00 2735.00 11000
20051103 2740.00 2788.00 2740.00 2757.00 14900
20051104 2783.00 2783.00 2751.00 2755.00 10100
20051107 2775.00 2795.00 2750.00 2794.00 6800
20051108 2795.00 2805.00 2776.00 2777.00 64300
20051109 2785.00 2790.00 2785.00 2790.00 5700
20051110 2793.00 2793.00 2771.00 2772.00 4200
20051111 2781.00 2797.00 2781.00 2783.00 9300
20051114 2776.00 2799.00 2775.00 2795.00 20200
20051115 2775.00 2804.00 2775.00 2800.00 16900
20051116 2794.00 2800.00 2776.00 2780.00 20700
20051117 2800.00 2808.00 2800.00 2801.00 9900
20051118 2818.00 2871.00 2818.00 2871.00 26500
20051121 2856.00 2874.00 2845.00 2874.00 6100
20051122 2875.00 2880.00 2875.00 2880.00 11500
20051123 2877.00 2896.00 2865.00 2896.00 44200
20051124 2873.00 2905.00 2866.00 2874.00 4600
20051125 2882.00 2903.00 2881.00 2902.00 11500
20051128 2900.00 2915.00 2876.00 2894.00 6000
20051129 2867.00 2900.00 2866.00 2866.00 35300
20051130 2862.00 2900.00 2862.00 2863.00 34000
20051201 2865.00 2898.00 2860.00 2898.00 32600
20051202 2900.00 2905.00 2866.00 2905.00 32000
20051205 2904.00 2905.00 2866.00 2905.00 10900
20051206 2900.00 2904.00 2874.00 2902.00 6700
20051207 2904.00 2920.00 2904.00 2909.00 14400
20051208 2871.00 2895.00 2866.00 2886.00 6600
20051209 2868.00 2895.00 2865.00 2879.00 4100
20051212 2870.00 2880.00 2870.00 2870.00 13300
20051213 2904.00 2904.00 2875.00 2888.00 14600
20051214 2890.00 2890.00 2890.00 2890.00 900
20051215 2904.00 2905.00 2880.00 2905.00 4300
20051216 2878.00 2920.00 2878.00 2920.00 10400
20051219 2917.00 2917.00 2901.00 2901.00 6600
20051220 2918.00 2919.00 2892.00 2892.00 8900
20051221 2892.00 2922.00 2892.00 2922.00 2400
20051222 2929.00 2940.00 2929.00 2940.00 15400
20051223 2940.00 2950.00 2940.00 2950.00 2400
20051226 2950.00 2950.00 2950.00 2950.00 0
20051227 2950.00 2950.00 2950.00 2950.00 0
20051228 2945.00 2960.00 2945.00 2950.00 5100
20051229 2994.00 3013.00 2972.00 3013.00 26500
20051230 2980.00 2980.00 2960.00 2975.00 10100
20060102 2975.00 2975.00 2975.00 2975.00 0
20060103 2993.00 3020.00 2990.00 3020.00 7300
20060104 3035.00 3035.00 3006.00 3034.00 8600
20060105 3034.00 3035.00 3010.00 3020.00 12200
20060106 3033.00 3036.00 3020.00 3027.00 14300
20060109 3027.00 3040.00 3025.00 3025.00 7000
20060110 3026.00 3026.00 3000.00 3000.00 28900
20060111 3039.00 3039.00 3020.00 3038.00 13600
20060112 3039.00 3039.00 3033.00 3033.00 6000
20060113 3026.00 3026.00 3020.00 3031.00 14800
20060116 3056.00 3056.00 3032.00 3032.00 19500
20060117 3025.00 3025.00 3010.00 3015.00 80300
20060118 3010.00 3010.00 2960.00 2988.00 6700
20060119 3026.00 3026.00 3000.00 3026.00 11000
20060120 3026.00 3026.00 3001.00 2997.00 8300
20060123 2981.00 2989.00 2960.00 2976.00 6700
20060124 3000.00 3000.00 2995.00 2997.00 13900
20060125 3013.00 3014.00 3000.00 3000.00 4800
20060126 3015.00 3030.00 3005.00 3030.00 6400
20060127 3037.00 3074.00 3037.00 3074.00 15500
20060130 3050.00 3083.00 3050.00 3083.00 28900
20060131 3073.00 3073.00 3073.00 3073.00 22100
20060201 3062.00 3105.00 3062.00 3105.00 15300
20060202 3104.00 3105.00 3065.00 3065.00 11500
20060203 3092.00 3100.00 3066.00 3100.00 10800
20060206 3092.00 3092.00 3065.00 3092.00 6400
20060207 3072.00 3080.00 3058.00 3058.00 19200
20060208 3040.00 3074.00 3040.00 3065.00 17200
20060209 3074.00 3101.00 3073.00 3101.00 6400
20060210 3075.00 3075.00 3073.00 3065.00 4700
20060213 3067.00 3100.00 3067.00 3100.00 5700
20060214 3091.00 3091.00 3071.00 3071.00 4100
20060215 3072.00 3105.00 3072.00 3105.00 4300
20060216 3107.00 3107.00 3107.00 3101.00 8300
20060217 3108.00 3125.00 3080.00 3125.00 21400
20060220 3125.00 3125.00 3099.00 3125.00 13400
20060221 3098.00 3125.00 3098.00 3113.00 2200
20060222 3087.00 3125.00 3087.00 3108.00 6200
20060223 3100.00 3121.00 3100.00 3100.00 11500
20060224 3105.00 3105.00 3105.00 3120.00 5800
20060227 3117.00 3117.00 3117.00 3117.00 2800
20060228 3117.00 3125.00 3090.00 3105.00 11700
20060301 3091.00 3111.00 3091.00 3091.00 60300
20060302 3110.00 3110.00 3088.00 3098.00 21300
20060303 3098.00 3106.00 3087.00 3087.00 38500
20060306 3113.00 3117.00 3107.00 3107.00 5600
20060307 3105.00 3125.00 3090.00 3108.00 15200
20060308 3070.00 3070.00 3035.00 3039.00 19600
20060309 3054.00 3076.00 3048.00 3063.00 45700
20060310 3049.00 3080.00 3048.00 3072.00 34800
20060313 3082.00 3120.00 3082.00 3120.00 13400
20060314 3096.00 3120.00 3096.00 3120.00 8300
20060315 3120.00 3140.00 3101.00 3140.00 22200
20060316 3105.00 3140.00 3105.00 3140.00 308400
20060317 3115.00 3171.00 3115.00 3140.00 60200
20060320 3175.00 3233.00 3175.00 3205.00 22300
20060321 3205.00 3220.00 3205.00 3221.00 199200
20060322 3205.00 3250.00 3205.00 3236.00 215600
20060323 3236.00 3265.00 3236.00 3252.00 150100
20060324 3267.00 3295.00 3254.00 3295.00 138200
20060327 3286.00 3300.00 3285.00 3290.00 74900
20060328 3288.00 3290.00 3284.00 3285.00 8600
20060329 3267.00 3299.00 3267.00 3275.00 36300
20060330 3298.00 3298.00 3278.00 3278.00 7200
20060331 3277.00 3300.00 3277.00 3300.00 76500
20060403 3299.00 3305.00 3282.00 3305.00 19900
20060404 3291.00 3320.00 3290.00 3308.00 16900
20060405 3306.00 3324.00 3300.00 3324.00 272300
20060406 3325.00 3355.00 3325.00 3340.00 182100
20060407 3339.00 3339.00 3339.00 3339.00 6200
20060410 3333.00 3354.00 3333.00 3340.00 51300
20060411 3338.00 3348.00 3328.00 3328.00 12000
20060412 3326.00 3332.00 3326.00 3328.00 14200
20060413 3334.00 3380.00 3334.00 3367.00 32700
20060414 3367.00 3367.00 3367.00 3367.00 0
20060417 3367.00 3367.00 3367.00 3367.00 0
20060418 3342.00 3374.00 3342.00 3370.00 290000
20060419 3400.00 3400.00 3378.00 3400.00 96000
20060420 3409.00 3409.00 3408.00 3408.00 105700
20060421 3411.00 3416.00 3376.00 3419.00 3600
20060424 3394.00 3395.00 3394.00 3384.00 3600
20060425 3415.00 3415.00 3380.00 3382.00 14000
20060426 3381.00 3425.00 3381.00 3386.00 12900
20060427 3386.00 3387.00 3350.00 3358.00 24600
20060428 3355.00 3370.00 3355.00 3365.00 5000
20060501 3365.00 3365.00 3365.00 3365.00 0
20060502 3380.00 3386.00 3380.00 3380.00 22300
20060503 3360.00 3363.00 3340.00 3340.00 1053300
20060504 3342.00 3377.00 3325.00 3325.00 20100
20060505 3322.00 3400.00 3322.00 3400.00 11700
20060508 3400.00 3409.00 3340.00 3340.00 8100
20060509 3409.00 3409.00 3340.00 3340.00 3600
20060510 3361.00 3361.00 3285.00 3285.00 22200
20060511 3306.00 3307.00 3277.00 3277.00 14200
20060512 3277.00 3278.00 3145.00 3145.00 15400
20060515 3130.00 3130.00 3050.00 3065.00 44900
20060516 3073.00 3090.00 3050.00 3088.00 19400
20060517 3089.00 3105.00 2979.00 2979.00 29100
20060518 3022.00 3097.00 2987.00 3020.00 85300
20060519 2985.00 3000.00 2970.00 2984.00 15100
20060522 2966.00 2966.00 2837.00 2837.00 31900
20060523 2900.00 3033.00 2901.00 3020.00 20500
20060524 2950.00 2995.00 2870.00 2870.00 33700
20060525 2923.00 2944.00 2876.50 2944.00 20700
20060526 2972.00 3106.00 2955.00 3106.00 24800
20060529 3106.00 3106.00 3106.00 3106.00 0
20060530 3061.00 3061.00 2891.00 2891.00 22200
20060531 2880.00 3060.00 2870.00 3000.00 30800
20060601 2980.00 3059.00 2960.00 2960.00 6100
20060602 3000.00 3099.00 2981.00 3099.00 11800
20060605 3042.00 3080.00 3020.00 3020.00 12700
20060606 3016.00 3026.00 2956.00 3026.00 25200
20060607 3010.00 2997.00 2919.00 2925.00 9600
20060608 2857.00 2925.00 2841.01 2831.00 25100
20060609 2887.00 2922.00 2878.00 2878.00 6600
20060612 2870.00 2889.00 2848.00 2886.00 16600
20060613 2800.00 2864.00 2780.00 2790.00 39800
20060614 2818.00 2872.00 2750.00 2854.00 18700
20060615 2864.00 2963.00 2863.00 2953.00 23200
20060616 2995.00 2996.00 2830.00 2906.00 26800
20060619 2906.00 2980.00 2858.00 2995.00 26100
20060620 2921.00 3044.00 2900.00 3044.00 33900
20060621 335.00 337.50 330.50 334.50 717100
20060622 338.50 343.00 336.00 343.00 700800
20060623 342.50 347.00 340.50 344.00 317700
20060626 346.00 347.00 343.50 345.50 807100
20060627 348.00 349.00 341.00 341.50 3409400
20060628 338.00 342.00 337.00 339.00 577900
20060629 344.00 346.00 342.25 344.75 1432600
20060630 352.00 352.00 344.50 344.50 496200
20060703 349.25 349.50 346.25 347.00 405700
20060704 348.75 352.00 347.50 347.50 613000
20060705 347.75 349.25 342.50 344.75 304200
20060706 343.75 346.00 343.75 345.25 419800
20060707 345.00 346.50 340.75 344.00 636300
20060710 342.50 344.50 340.00 340.00 449900
20060711 341.25 343.00 339.00 341.75 516300
20060712 345.00 345.50 342.00 343.75 647500
20060713 342.25 343.75 337.00 339.00 437100
20060714 337.00 342.00 336.00 336.75 551000
20060717 339.75 339.75 331.25 335.00 413800
20060718 333.50 335.00 331.00 332.50 358500
20060719 337.00 345.00 333.25 344.00 561400
20060720 345.50 347.00 341.00 343.50 630400
20060721 339.00 343.00 336.00 339.75 309400
20060724 339.50 347.75 339.50 347.75 246700
20060725 346.00 351.00 346.00 347.00 536500
20060726 350.00 351.00 347.00 347.00 719200
20060727 350.00 355.50 349.00 353.25 366400
20060728 350.00 351.50 344.00 351.50 405500
20060731 349.00 352.00 345.25 345.25 316700
20060801 347.25 350.00 341.00 341.00 376100
20060802 342.25 348.00 340.00 341.25 739000
20060803 341.25 341.25 341.25 341.25 0
20060804 338.50 349.75 337.00 349.75 764800
20060807 344.00 344.00 337.50 337.75 426600
20060808 339.50 342.50 339.00 341.00 919800
20060809 342.00 343.00 340.00 342.50 353900
20060810 339.50 342.00 338.00 341.25 350800
20060811 341.50 341.50 339.00 339.00 176400
20060814 343.50 346.00 339.00 345.75 544300
20060815 342.00 348.00 341.50 348.00 357800
20060816 346.00 348.50 344.00 346.00 1455200
20060817 347.00 347.00 343.50 343.50 480200
20060818 343.75 344.50 343.00 343.00 562000
20060821 344.00 344.00 342.00 342.50 844800
20060822 345.75 345.75 340.00 341.75 565900
20060823 342.25 342.25 339.50 341.00 1135100
20060824 339.50 342.00 339.00 341.50 227600
20060825 341.75 342.75 340.00 340.25 344900
20060828 340.25 340.25 340.25 340.25 0
20060829 341.75 344.75 341.75 342.75 1304300
20060830 345.00 345.00 342.50 344.50 613600
20060831 343.75 345.00 342.50 342.50 812800
20060901 345.25 347.50 344.50 345.00 273200
20060904 347.00 350.00 347.00 348.00 601600
20060905 348.50 349.00 347.00 349.00 1315800
20060906 347.75 348.00 345.50 346.00 385700
20060907 345.00 346.50 343.00 345.50 299600
20060908 344.25 346.50 343.75 346.50 391700
20060911 343.75 343.75 340.50 343.00 347500
20060912 343.00 347.00 343.00 345.00 624100
20060913 346.75 348.00 345.00 346.00 295400
20060914 347.50 350.00 346.00 348.00 758500
20060915 345.75 350.50 345.75 347.25 1163400
20060918 348.75 350.00 346.75 349.50 520100
20060919 349.75 349.75 345.00 345.00 717700
20060920 345.50 349.00 344.50 349.00 247300
20060921 347.00 351.00 347.00 351.00 1541300
20060922 347.50 347.50 343.00 343.00 212900
20060925 344.50 346.00 343.00 344.00 392600
20060926 346.50 349.00 346.50 349.00 467400
20060927 350.25 351.75 349.50 350.25 183300
20060928 351.25 353.00 350.00 351.75 339800
20060929 352.50 354.50 352.50 354.25 969300
20061002 354.50 354.50 352.00 352.00 178300
20061003 352.00 352.00 347.25 349.50 568700
20061004 350.75 352.50 350.00 350.00 689900
20061005 352.50 356.75 352.50 356.75 379200
20061006 355.00 357.50 354.50 357.25 461100
20061009 356.50 358.00 355.25 355.25 282100
20061010 356.00 360.25 356.00 360.25 737900
20061011 359.25 360.75 358.50 358.50 786400
20061012 360.00 362.75 359.00 362.25 865500
20061013 363.50 369.00 362.50 368.25 2457100
20061016 367.50 369.00 367.25 369.00 3073200
20061017 369.00 369.00 361.25 361.25 1722400
20061018 362.75 367.50 362.75 367.50 651300
20061019 366.50 367.00 364.00 367.00 304500
20061020 367.00 369.50 365.75 365.75 322000
20061023 366.75 368.00 365.00 368.00 329300
20061024 368.00 370.00 367.00 370.00 374200
20061025 368.25 371.00 368.00 371.00 609700
20061026 371.00 373.75 371.00 372.50 1189800
20061027 372.00 372.00 359.50 360.25 783300
20061030 363.00 365.25 359.00 362.00 1089100
20061031 363.00 364.50 363.00 363.50 576700
20061101 364.50 367.25 364.00 367.25 356000
20061102 364.00 367.50 363.50 366.25 661100
20061103 366.25 366.25 364.00 366.25 188300
20061106 367.00 369.25 366.75 369.25 279400
20061107 369.25 372.00 369.25 372.00 1260400
20061108 370.00 370.75 368.00 370.75 812400
20061109 371.00 371.00 368.50 370.00 761500
20061110 369.00 369.50 366.50 368.00 359300
20061113 369.00 370.75 367.75 370.25 424400
20061114 371.00 371.00 368.50 370.00 497400
20061115 372.00 375.50 371.00 374.50 583200
20061116 375.00 377.00 374.00 377.00 460200
20061117 376.00 376.00 369.50 371.50 430100
20061120 369.00 372.50 368.00 371.00 345000
20061121 371.00 372.50 371.00 372.00 476800
20061122 373.00 373.00 367.50 367.75 445200
20061123 368.00 368.00 365.25 366.75 1060300
20061124 365.75 365.75 361.00 362.75 643700
20061127 362.50 362.50 354.50 354.50 643000
20061128 354.00 357.75 353.50 357.00 711600
20061129 357.50 365.50 357.50 365.50 916100
20061130 365.75 366.00 360.75 360.75 518800
20061201 364.00 366.00 360.00 360.75 876000
20061204 363.50 365.00 363.50 364.50 370500
20061205 365.00 366.50 364.50 365.25 524900
20061206 366.75 367.00 364.50 366.00 629300
20061207 365.75 369.00 365.00 367.00 320700
20061208 366.00 368.25 364.25 368.25 367400
20061211 368.25 369.00 366.00 367.00 401000
20061212 366.00 366.50 366.00 366.25 412500
20061213 365.00 368.00 365.00 367.50 800900
20061214 368.00 368.75 366.00 367.00 590600
20061215 368.00 368.75 367.00 367.75 638200
20061218 367.25 368.50 367.00 367.75 468200
20061219 367.25 367.25 361.50 363.00 327700
20061220 366.00 367.50 363.25 363.50 626700
20061221 364.25 364.75 363.00 364.25 340200
20061222 363.00 365.00 363.00 365.00 38200
20061225 365.00 365.00 365.00 365.00 0
20061226 365.00 365.00 365.00 365.00 0
20061227 364.50 367.50 364.00 367.00 204700
20061228 367.25 370.00 367.25 367.75 349000
20061229 367.00 368.00 366.25 366.25 156700
20070101 366.25 366.25 366.25 366.25 0
20070102 367.50 373.00 367.50 373.00 291000
20070103 371.25 373.25 370.50 371.50 399700
20070104 371.00 372.00 370.00 372.00 353100
20070105 369.50 369.50 369.00 369.00 289300
20070108 369.25 370.25 367.75 367.75 409400
20070109 368.50 370.00 368.50 369.00 1736600
20070110 367.50 368.25 366.00 367.00 573900
20070111 367.75 370.50 365.25 369.00 507600
20070112 369.50 370.00 366.50 367.50 805000
20070115 369.50 371.00 368.75 371.00 572400
20070116 370.25 371.00 365.50 367.00 503800
20070117 366.75 367.00 364.00 364.50 766900
20070118 366.00 368.25 364.75 368.25 686900
20070119 366.75 368.75 366.00 368.75 349600
20070122 368.00 369.75 366.25 367.75 248800
20070123 368.50 368.50 363.50 366.25 565300
20070124 367.50 370.50 367.25 370.50 992400
20070125 369.50 370.75 367.50 368.50 394200
20070126 365.75 367.50 365.25 366.25 1198400
20070129 367.00 369.25 367.00 369.00 409000
20070130 367.50 368.00 366.75 368.00 1333400
20070131 367.50 368.00 365.25 365.50 743200
20070201 367.00 370.00 367.00 369.75 1334700
20070202 369.00 372.00 369.00 369.50 586600
20070205 369.50 372.00 369.50 372.00 368000
20070206 372.25 376.25 372.25 376.00 2247300
20070207 376.25 377.50 375.25 377.50 361700
20070208 376.50 376.50 374.25 374.50 1601000
20070209 375.50 376.75 375.50 376.50 287900
20070212 374.00 375.25 373.50 374.50 378200
20070213 375.00 375.75 373.75 375.00 825700
20070214 376.75 377.75 375.00 377.75 841100
20070215 378.00 378.00 376.00 377.00 328800
20070216 375.75 377.00 375.00 376.25 543400
20070219 376.25 377.50 376.00 377.50 384200
20070220 376.75 377.75 372.00 374.00 1662400
20070221 375.00 376.50 371.25 371.25 1911900
20070222 374.50 376.50 373.00 375.50 591700
20070223 375.00 375.00 373.50 373.75 262800
20070226 375.50 379.00 375.50 376.75 324700
20070227 375.00 375.00 362.00 363.00 1446600
20070228 359.25 362.00 357.00 360.00 1448700
20070301 360.25 366.00 352.50 357.00 1661300
20070302 359.75 359.75 353.75 356.50 778600
20070305 350.00 354.50 348.00 354.00 816200
20070306 353.25 359.00 353.25 357.00 990000
20070307 357.50 363.50 357.50 362.00 695000
20070308 362.00 368.50 362.00 367.75 634400
20070309 367.50 368.75 365.00 367.00 325000
20070312 367.00 370.25 366.50 367.75 613800
20070313 367.25 367.50 361.50 361.50 706800
20070314 356.00 356.25 348.00 348.00 3434000
20070315 357.25 361.00 353.75 361.00 851000
20070316 359.50 360.50 351.00 358.00 2010000
20070319 361.00 362.75 357.75 362.75 770400
20070320 364.75 364.75 358.00 362.75 1315900
20070321 361.25 367.00 361.25 366.25 1160600
20070322 370.25 372.75 368.00 369.75 564000
20070323 370.00 370.50 367.75 369.00 1977600
20070326 369.25 369.50 365.00 365.75 640900
20070327 366.75 368.00 366.00 366.00 1258400
20070328 363.00 365.50 363.00 364.25 1102400
20070329 366.00 367.50 365.25 366.00 1069900
20070330 366.00 366.00 364.25 365.50 1091800
20070402 364.50 366.00 363.00 366.00 1088400
20070403 366.75 370.25 366.00 370.25 1299500
20070404 370.25 370.25 367.75 369.00 580200
20070405 368.25 371.75 368.00 370.00 756900
20070406 370.00 370.00 370.00 370.00 0
20070409 370.00 370.00 370.00 370.00 0
20070410 370.25 372.75 370.25 371.25 896000
20070411 370.50 374.25 370.50 370.50 1458900
20070412 369.75 372.00 369.25 372.00 436400
20070413 371.25 373.00 370.00 372.00 748800
20070416 374.50 374.50 372.00 374.50 1009900
20070417 373.00 374.00 370.50 371.00 836600
20070418 371.25 371.75 369.75 371.00 696600
20070419 368.75 370.00 367.50 369.50 713500
20070420 372.25 374.00 370.75 374.00 640500
20070423 375.00 375.00 371.00 372.50 1653100
20070424 372.25 372.75 369.00 371.25 813200
20070425 372.00 372.50 370.75 372.00 1938600
20070426 372.75 375.50 372.75 375.00 726300
20070427 373.50 374.00 370.50 371.75 758400
20070430 371.50 373.75 371.00 372.75 737200
20070501 371.00 371.00 368.00 369.00 864700
20070502 370.00 374.75 370.00 374.25 2574900
20070503 375.75 377.00 373.00 376.00 621900
20070504 377.00 379.25 376.00 379.00 942800
20070507 379.00 379.00 379.00 379.00 0
20070508 378.50 378.50 375.50 375.50 481400
20070509 378.00 378.50 375.75 376.00 1459300
20070510 376.75 376.75 374.50 375.50 998800
20070511 374.50 376.25 371.00 375.50 1494800
20070514 376.25 378.00 374.00 377.25 1185400
20070515 377.00 379.75 376.00 378.75 945100
20070516 376.50 380.00 376.50 379.50 886600
20070517 380.00 381.50 379.00 380.00 483000
20070518 380.00 384.00 380.00 383.50 407600
20070521 384.00 384.00 381.50 382.50 829500
20070522 382.00 383.25 381.00 381.25 594900
20070523 383.00 383.00 381.50 382.50 533300
20070524 379.00 382.00 378.00 379.00 676300
20070525 378.75 379.50 377.00 379.25 1064800
20070528 379.25 379.25 379.25 379.25 0
20070529 379.25 381.50 379.25 381.50 464000
20070530 378.00 379.50 377.00 379.50 1058900
20070531 381.00 382.50 381.00 381.25 1254700
20070601 381.25 381.25 381.25 381.25 0
20070604 385.00 386.50 383.00 384.25 1293600
20070605 386.00 386.00 381.00 382.75 476300
20070606 380.75 381.50 374.50 374.50 923000
20070607 377.25 377.75 372.50 372.50 1206800
20070608 371.00 373.00 366.50 371.50 1299200
20070611 373.00 374.75 372.00 373.50 934700
20070612 373.50 376.00 370.50 370.50 1531600
20070613 369.50 371.50 368.25 370.50 1775800
20070614 373.25 375.50 373.25 375.00 631500
20070615 376.50 384.00 376.25 384.00 1430600
20070618 382.50 383.25 379.50 380.50 477800
20070619 379.50 381.00 377.00 377.50 2043000
20070620 380.25 380.25 376.50 376.50 1414400
20070621 375.50 376.00 367.50 367.50 1422100
20070622 370.75 373.25 366.50 366.50 917700
20070625 365.75 370.00 364.75 366.50 626400
20070626 366.00 368.00 364.75 367.00 1014300
20070627 364.00 366.00 363.00 363.50 1411600
20070628 366.25 366.25 364.50 365.75 924800
20070629 365.25 369.75 363.50 367.50 852100
20070702 367.50 367.50 367.50 367.50 0
20070703 367.50 367.50 367.50 367.50 0
20070704 367.50 367.50 367.50 367.50 0
20070705 367.50 367.50 367.50 367.50 0
20070706 367.50 367.50 367.50 367.50 0
20070709 367.50 367.50 367.50 367.50 0
20070710 367.50 367.50 367.50 367.50 0
20070711 367.50 367.50 367.50 367.50 0
20070712 367.50 367.50 367.50 367.50 0
20070713 367.50 367.50 367.50 367.50 0
20070716 367.50 367.50 367.50 367.50 0
20070717 367.50 367.50 367.50 367.50 0
20070718 367.50 367.50 367.50 367.50 0
20070719 367.50 367.50 367.50 367.50 0
20070720 367.50 367.50 367.50 367.50 0
20070723 367.50 367.50 367.50 367.50 0
20070724 367.50 367.50 367.50 367.50 0
20070725 367.50 367.50 367.50 367.50 0
20070726 367.50 367.50 367.50 367.50 0
20070727 367.50 367.50 367.50 367.50 0
20070730 367.50 367.50 367.50 367.50 0
20070731 367.50 367.50 367.50 367.50 0
20070801 367.50 367.50 367.50 367.50 0
20070802 367.50 367.50 367.50 367.50 0
20070803 367.50 367.50 367.50 367.50 0
20070806 367.50 367.50 367.50 367.50 0
20070807 367.50 367.50 367.50 367.50 0
20070808 367.50 367.50 367.50 367.50 0
20070809 367.50 367.50 367.50 367.50 0
20070810 367.50 367.50 367.50 367.50 0
20070813 367.50 367.50 367.50 367.50 0
20070814 367.50 367.50 367.50 367.50 0
20070815 367.50 367.50 367.50 367.50 0
20070816 367.50 367.50 367.50 367.50 0
20070817 367.50 367.50 367.50 367.50 0
20070820 367.50 367.50 367.50 367.50 0
20070821 367.50 367.50 367.50 367.50 0
20070822 367.50 367.50 367.50 367.50 0
20070823 367.50 367.50 367.50 367.50 0
20070824 367.50 367.50 367.50 367.50 0
20070827 367.50 367.50 367.50 367.50 0
20070828 367.50 367.50 367.50 367.50 0
20070829 367.50 367.50 367.50 367.50 0
20070830 367.50 367.50 367.50 367.50 0
20070831 367.50 367.50 367.50 367.50 0
20070903 367.50 367.50 367.50 367.50 0
20070904 367.50 367.50 367.50 367.50 0
20070905 367.50 367.50 367.50 367.50 0
20070906 367.50 367.50 367.50 367.50 0
20070907 367.50 367.50 367.50 367.50 0
20070910 367.50 367.50 367.50 367.50 0
20070911 367.50 367.50 367.50 367.50 0
20070912 367.50 367.50 367.50 367.50 0
20070913 367.50 367.50 367.50 367.50 0
20070914 367.50 367.50 367.50 367.50 0
20070917 367.50 367.50 367.50 367.50 0
20070918 367.50 367.50 367.50 367.50 0
20070919 367.50 367.50 367.50 367.50 0
20070920 367.50 367.50 367.50 367.50 0
20070921 367.50 367.50 367.50 367.50 0
20070924 367.50 367.50 367.50 367.50 0
20070925 367.50 367.50 367.50 367.50 0
20070926 367.50 367.50 367.50 367.50 0
20070927 367.50 367.50 367.50 367.50 0
20070928 367.50 367.50 367.50 367.50 0
20071001 367.50 367.50 367.50 367.50 0
20071002 367.50 367.50 367.50 367.50 0
20071003 367.50 367.50 367.50 367.50 0
20071004 367.50 367.50 367.50 367.50 0
20071005 367.50 367.50 367.50 367.50 0
20071008 367.50 367.50 367.50 367.50 0
20071009 367.50 367.50 367.50 367.50 0
20071010 367.50 367.50 367.50 367.50 0
20071011 367.50 367.50 367.50 367.50 0
20071012 367.50 367.50 367.50 367.50 0
20071015 367.50 367.50 367.50 367.50 0
20071016 367.50 367.50 367.50 367.50 0
20071017 367.50 367.50 367.50 367.50 0
20071018 367.50 367.50 367.50 367.50 0
20071019 367.50 367.50 367.50 367.50 0
20071022 367.50 367.50 367.50 367.50 0
20071023 367.50 367.50 367.50 367.50 0
20071024 367.50 367.50 367.50 367.50 0
20071025 367.50 367.50 367.50 367.50 0
20071026 367.50 367.50 367.50 367.50 0
20071029 367.50 367.50 367.50 367.50 0
20071030 367.50 367.50 367.50 367.50 0
20071031 367.50 367.50 367.50 367.50 0
20071101 367.50 367.50 367.50 367.50 0
20071102 367.50 367.50 367.50 367.50 0
20071105 367.50 367.50 367.50 367.50 0
20071106 367.50 367.50 367.50 367.50 0
20071107 367.50 367.50 367.50 367.50 0
20071108 367.50 367.50 367.50 367.50 0
20071109 367.50 367.50 367.50 367.50 0
20071112 367.50 367.50 367.50 367.50 0
20071113 367.50 367.50 367.50 367.50 0
20071114 367.50 367.50 367.50 367.50 0
20071115 367.50 367.50 367.50 367.50 0
20071116 367.50 367.50 367.50 367.50 0
20071119 367.50 367.50 367.50 367.50 0
20071120 367.50 367.50 367.50 367.50 0
20071121 367.50 367.50 367.50 367.50 0
20071122 367.50 367.50 367.50 367.50 0
20071123 367.50 367.50 367.50 367.50 0
20071126 367.50 367.50 367.50 367.50 0
20071127 367.50 367.50 367.50 367.50 0
20071128 367.50 367.50 367.50 367.50 0
20071129 367.50 367.50 367.50 367.50 0
20071130 367.50 367.50 367.50 367.50 0
20071203 367.50 367.50 367.50 367.50 0
20071204 367.50 367.50 367.50 367.50 0
20071205 367.50 367.50 367.50 367.50 0
20071206 367.50 367.50 367.50 367.50 0
20071207 367.50 367.50 367.50 367.50 0
20071210 367.50 367.50 367.50 367.50 0
20071211 367.50 367.50 367.50 367.50 0
20071212 367.50 367.50 367.50 367.50 0
20071213 367.50 367.50 367.50 367.50 0
20071214 367.50 367.50 367.50 367.50 0
20071217 367.50 367.50 367.50 367.50 0
20071218 367.50 367.50 367.50 367.50 0
20071219 367.50 367.50 367.50 367.50 0
20071220 367.50 367.50 367.50 367.50 0
20071221 367.50 367.50 367.50 367.50 0
20071224 367.50 367.50 367.50 367.50 0
20071225 367.50 367.50 367.50 367.50 0
20071226 367.50 367.50 367.50 367.50 0
20071227 367.50 367.50 367.50 367.50 0
20071228 367.50 367.50 367.50 367.50 0
20071231 367.50 367.50 367.50 367.50 0
20080101 367.50 367.50 367.50 367.50 0
20080102 367.50 367.50 367.50 367.50 0
20080103 367.50 367.50 367.50 367.50 0
20080104 367.50 367.50 367.50 367.50 0
20080107 367.50 367.50 367.50 367.50 0
20080108 367.50 367.50 367.50 367.50 0
20080109 367.50 367.50 367.50 367.50 0
20080110 367.50 367.50 367.50 367.50 0
20080111 367.50 367.50 367.50 367.50 0
20080114 367.50 367.50 367.50 367.50 0
20080115 367.50 367.50 367.50 367.50 0
20080116 367.50 367.50 367.50 367.50 0
20080117 367.50 367.50 367.50 367.50 0
20080118 367.50 367.50 367.50 367.50 0
20080121 367.50 367.50 367.50 367.50 0
20080122 367.50 367.50 367.50 367.50 0
20080123 367.50 367.50 367.50 367.50 0
20080124 367.50 367.50 367.50 367.50 0
20080125 367.50 367.50 367.50 367.50 0
20080128 367.50 367.50 367.50 367.50 0
20080129 367.50 367.50 367.50 367.50 0
20080130 367.50 367.50 367.50 367.50 0
20080131 367.50 367.50 367.50 367.50 0
20080201 367.50 367.50 367.50 367.50 0
20080204 367.50 367.50 367.50 367.50 0
20080205 367.50 367.50 367.50 367.50 0
20080206 367.50 367.50 367.50 367.50 0
20080207 367.50 367.50 367.50 367.50 0
20080208 367.50 367.50 367.50 367.50 0
20080211 367.50 367.50 367.50 367.50 0
20080212 367.50 367.50 367.50 367.50 0
20080213 367.50 367.50 367.50 367.50 0
20080214 367.50 367.50 367.50 367.50 0
20080215 367.50 367.50 367.50 367.50 0
20080218 367.50 367.50 367.50 367.50 0
20080219 367.50 367.50 367.50 367.50 0
20080220 367.50 367.50 367.50 367.50 0
20080221 367.50 367.50 367.50 367.50 0
20080222 367.50 367.50 367.50 367.50 0
20080225 367.50 367.50 367.50 367.50 0
20080226 367.50 367.50 367.50 367.50 0
20080227 367.50 367.50 367.50 367.50 0
20080228 367.50 367.50 367.50 367.50 0
20080229 367.50 367.50 367.50 367.50 0
20080303 367.50 367.50 367.50 367.50 0
20080304 367.50 367.50 367.50 367.50 0
20080305 367.50 367.50 367.50 367.50 0
20080306 367.50 367.50 367.50 367.50 0
20080307 367.50 367.50 367.50 367.50 0
20080310 367.50 367.50 367.50 367.50 0
20080311 367.50 367.50 367.50 367.50 0
20080312 367.50 367.50 367.50 367.50 0
20080313 367.50 367.50 367.50 367.50 0
20080314 367.50 367.50 367.50 367.50 0
20080317 318.00 321.00 314.00 315.00 1066600
20080318 315.00 315.00 315.00 315.00 0
20080319 315.00 315.00 315.00 315.00 0
20080320 315.00 315.00 315.00 315.00 0
20080321 315.00 315.00 315.00 315.00 0
20080324 315.00 315.00 315.00 315.00 0
20080325 330.75 335.25 325.75 335.25 845300
20080326 332.50 332.50 324.00 325.50 679500
20080327 324.00 331.00 323.00 330.25 587200
20080328 327.50 328.75 325.50 326.50 683400
20080331 328.00 330.75 324.25 329.00 951500
20080401 326.25 341.50 326.25 340.00 909700
20080402 341.00 343.50 335.00 342.00 889300
20080403 341.50 341.50 333.50 336.50 832300
20080404 335.25 337.25 332.00 335.00 729100
20080407 335.00 339.50 335.00 339.25 849900
20080408 339.25 339.25 333.25 336.00 807300
20080409 336.00 337.50 333.50 333.50 1302700
20080410 333.00 336.50 330.50 333.75 890800
20080411 334.25 337.75 328.75 330.00 682300
20080414 328.50 331.00 324.00 325.00 402400
20080415 325.25 331.50 324.75 330.25 668200
20080416 332.00 338.25 330.75 338.25 566800
20080417 339.75 340.25 332.25 335.00 866200
20080418 336.00 338.50 333.25 338.25 1139700
20080421 337.25 337.75 335.50 336.25 414100
20080422 336.25 339.75 335.50 337.00 718200
20080423 336.50 341.75 334.25 341.50 1352000
20080424 341.50 343.75 339.00 343.00 650500
20080425 344.00 346.50 342.75 346.00 836400
20080428 346.00 348.00 344.50 347.50 552300
20080429 348.25 348.25 342.00 343.25 419700
20080430 343.00 347.50 341.50 344.25 815100
20080501 347.00 350.00 342.00 345.75 235700
20080502 346.25 351.25 346.25 351.00 530400
20080506 349.00 353.00 345.75 348.25 547900
20080507 350.50 353.25 349.00 349.50 560100
20080508 349.00 350.75 348.00 349.75 516900
20080509 350.75 350.75 343.75 347.50 716900
20080512 348.25 350.00 348.00 348.50 578700
20080513 349.50 352.75 345.75 349.75 669800
20080514 351.00 351.00 345.25 348.00 872300
20080515 347.00 349.25 346.00 347.75 418900
20080516 348.75 351.25 348.25 348.75 764800
20080519 348.75 354.00 348.25 353.75 642500
20080520 352.50 352.50 342.25 342.25 986200
20080521 343.00 348.50 342.25 342.25 528900
20080522 341.00 343.75 340.50 342.00 853800
20080523 343.75 343.75 337.75 338.00 564800
20080527 338.25 341.50 336.75 338.25 745300
20080528 339.25 341.75 336.50 339.00 570000
20080529 340.00 341.00 339.00 341.00 404300
20080530 341.50 342.00 337.25 338.25 1042100
20080602 336.75 340.00 334.75 335.00 565500
20080603 335.50 338.50 333.50 337.25 836200
20080604 335.00 336.25 332.50 335.25 436100
20080605 334.50 336.25 332.50 334.75 621400
20080606 335.75 340.00 328.25 329.25 832000
20080609 325.75 331.50 325.25 328.75 544300
20080610 328.25 328.75 324.00 326.00 609300
20080611 328.25 330.75 320.00 320.00 878800
20080612 320.00 326.50 320.00 326.00 687100
20080613 325.00 327.75 322.25 327.00 583100
20080616 326.25 328.75 321.00 323.00 734300
20080617 324.50 328.50 323.25 327.00 645500
20080618 325.75 327.25 322.25 322.50 948300
20080619 320.25 323.75 320.25 321.00 803500
20080620 324.75 324.75 317.00 319.50 896200
20080623 316.25 319.25 315.25 318.75 935800
20080624 319.75 319.75 312.50 315.50 1145600
20080625 315.25 320.75 315.25 319.75 796200
20080626 318.50 318.50 311.00 311.00 975800
20080627 311.25 312.25 306.50 308.50 1438500
20080630 307.50 313.25 306.50 312.75 710400
20080701 311.50 313.25 304.50 305.00 826400
20080702 304.00 309.25 303.25 305.00 963800
20080703 303.50 308.00 302.25 308.00 775600
20080704 307.50 307.50 302.75 302.75 411000
20080707 307.00 310.00 302.50 308.75 290100
20080708 305.25 305.75 302.00 305.75 518400
20080709 306.75 314.00 306.75 313.25 569800
20080710 311.00 311.50 307.00 307.50 771200
20080711 307.75 308.75 296.50 297.00 1135900
20080714 301.00 308.50 301.00 306.00 533100
20080715 304.50 305.25 295.75 298.50 501700
20080716 299.75 301.75 294.50 300.00 566500
20080717 299.00 312.00 299.00 310.00 812600
20080718 306.00 312.25 305.00 310.00 948400
20080721 309.00 310.00 306.00 308.25 662200
20080722 304.25 307.75 303.75 307.00 627100
20080723 310.00 316.00 310.00 315.00 609300
20080724 314.50 318.00 308.25 310.50 582400
20080725 305.00 308.00 297.75 305.00 786100
20080728 303.75 305.25 300.25 300.25 499200
20080729 296.00 301.75 296.00 300.75 724400
20080730 305.75 312.50 303.25 312.00 689600
20080731 315.00 315.00 306.75 308.00 857300
20080801 304.25 310.00 299.75 303.00 586800
20080804 299.50 309.25 299.50 305.25 595300
20080805 307.50 315.50 307.00 314.00 865000
20080806 315.75 320.50 312.75 320.00 1228500
20080807 317.25 318.25 314.50 316.50 308700
20080808 315.25 316.25 309.50 315.00 575900
20080811 317.50 320.00 314.25 320.00 310200
20080812 319.75 319.75 314.75 318.25 977000
20080813 317.75 317.75 310.50 311.00 1006900
20080814 311.00 315.00 310.25 311.00 722200
20080815 311.25 313.00 306.50 308.75 1108400
