20030101 1889.00 1889.00 1889.00 1889.00 0
20030102 1887.30 1889.00 1835.39 1850.71 3669057
20030103 1871.13 1874.53 1849.86 1860.92 2933835
20030106 1842.20 1889.00 1829.43 1850.71 4057822
20030107 1854.11 1854.11 1790.29 1812.42 3566695
20030108 1795.40 1801.35 1743.49 1756.26 6227525
20030109 1775.83 1789.44 1689.04 1737.54 7013282
20030110 1749.45 1795.40 1737.54 1791.14 4506289
20030113 1812.42 1818.37 1744.34 1774.13 3066401
20030114 1770.72 1793.70 1757.96 1761.36 3035610
20030115 1782.64 1791.14 1752.85 1779.23 4818429
20030116 1780.08 1786.04 1756.26 1773.28 2890704
20030117 1773.28 1776.68 1746.90 1750.30 2937243
20030120 1752.85 1772.42 1746.05 1749.45 2540957
20030121 1763.06 1768.17 1727.33 1730.73 2984370
20030122 1732.43 1732.43 1660.11 1691.59 4569398
20030123 1713.71 1752.00 1642.24 1643.94 4891998
20030124 1658.40 1658.40 1610.75 1615.86 5944883
20030127 1592.03 1601.39 1531.62 1548.64 7643321
20030128 1546.08 1574.16 1535.87 1562.25 4951229
20030129 1565.66 1635.43 1531.62 1635.43 8188861
20030130 1655.00 1782.64 1613.31 1768.17 13349046
20030131 1740.09 1786.89 1727.33 1748.60 7606066
20030203 1774.98 1795.40 1757.11 1777.53 3927254
20030204 1733.28 1769.87 1718.82 1732.43 4522507
20030205 1727.33 1764.77 1708.61 1759.66 4684688
20030206 1752.00 1781.78 1728.18 1751.15 4704314
20030207 1752.00 1761.36 1728.18 1749.45 3567752
20030210 1750.30 1788.59 1731.58 1760.51 4377366
20030211 1791.99 1824.33 1765.62 1816.67 3266659
20030212 1808.16 1823.48 1757.96 1797.10 3170291
20030213 1794.55 1794.55 1752.00 1765.62 3590317
20030214 1778.38 1836.24 1776.68 1789.44 3643202
20030217 1830.29 1844.75 1814.12 1823.48 2228817
20030218 1820.93 1889.00 1786.04 1862.62 3136679
20030219 1912.19 1917.40 1845.23 1866.97 3243211
20030220 1875.66 1893.05 1848.71 1873.92 2681324
20030221 1851.32 1900.01 1825.23 1897.40 3909402
20030224 1886.10 1900.01 1841.75 1848.71 2191887
20030225 1823.49 1829.58 1771.31 1786.97 4374919
20030226 1792.18 1803.49 1754.79 1765.23 4008416
20030227 1778.27 1786.97 1704.36 1721.75 6085649
20030228 1721.75 1780.88 1700.01 1780.88 5004425
20030303 1786.97 1822.62 1773.92 1814.79 2739974
20030304 1810.45 1814.79 1782.62 1798.27 3328310
20030305 1791.31 1795.66 1754.79 1759.14 3011602
20030306 1766.97 1781.75 1717.40 1760.01 2671779
20030307 1739.14 1767.84 1717.40 1741.75 4148140
20030310 1718.27 1718.27 1683.49 1708.71 5178534
20030311 1695.66 1695.66 1638.27 1652.18 5435673
20030312 1666.97 1677.40 1566.10 1588.70 8149197
20030313 1602.62 1682.62 1597.40 1680.01 5124600
20030314 1698.27 1761.75 1698.27 1737.40 5570567
20030317 1717.40 1843.49 1685.23 1808.71 5797231
20030318 1817.40 1861.75 1792.18 1820.88 5428543
20030319 1818.27 1916.53 1802.62 1886.97 6194438
20030320 1900.88 1941.75 1875.66 1920.01 6097034
20030321 1982.62 1996.53 1924.36 1966.97 4733372
20030324 1956.53 1973.92 1900.88 1917.40 4081556
20030325 1880.01 1955.66 1840.88 1940.01 4602618
20030326 1951.32 1983.49 1896.53 1972.19 3895142
20030327 1972.19 1986.97 1912.19 1933.05 5003045
20030328 1935.66 1952.19 1888.71 1912.19 3806822
20030331 1915.66 1915.66 1854.79 1875.66 5838171
20030401 1876.53 1941.75 1873.92 1926.97 3734143
20030402 1945.23 1988.71 1926.10 1969.58 5287209
20030403 1969.58 1973.92 1881.75 1904.36 6644546
20030404 1904.36 1964.36 1886.97 1940.88 4928756
20030407 1967.84 2047.84 1967.84 2046.97 4922316
20030408 2000.01 2036.53 1973.06 2008.71 4583413
20030409 2000.88 2036.53 1978.27 2002.62 3550259
20030410 1982.62 2000.01 1926.97 1926.97 3399725
20030411 1930.45 1943.49 1894.79 1900.01 4430579
20030414 1906.97 1949.58 1892.19 1941.75 2065502
20030415 1947.84 2040.88 1947.84 1982.62 3892037
20030416 1991.32 2006.10 1911.32 1911.32 5142540
20030417 1908.71 1944.36 1886.10 1924.36 3637428
20030418 1924.36 1924.36 1924.36 1924.36 0
20030421 1924.36 1924.36 1924.36 1924.36 0
20030422 1947.84 1956.53 1909.58 1950.45 2095747
20030423 1973.92 2024.36 1973.92 2024.36 4646778
20030424 2026.10 2069.58 2025.23 2046.97 6647421
20030425 2065.23 2088.71 2043.49 2070.45 5775381
20030428 2065.23 2113.93 2057.40 2107.84 4773162
20030429 2122.62 2130.45 2047.84 2066.10 4837101
20030430 2086.97 2173.93 2086.10 2134.80 12389337
20030501 2147.84 2163.49 2121.75 2139.14 4031991
20030502 2165.23 2191.32 2149.58 2180.88 7002079
20030505 2180.88 2180.88 2180.88 2180.88 0
20030506 2291.32 2300.01 2200.88 2226.10 11988910
20030507 2226.10 2226.10 2186.97 2204.36 5694996
20030508 2206.97 2206.97 2158.27 2166.10 5023630
20030509 2144.62 2183.49 2130.45 2165.23 4750507
20030512 2178.27 2202.62 2157.40 2196.53 3670548
20030513 2196.53 2236.53 2196.53 2232.19 3753348
20030514 2240.01 2277.40 2224.36 2245.23 6324963
20030515 2241.75 2293.93 2236.53 2278.27 4917026
20030516 2327.84 2343.49 2273.06 2326.97 5923385
20030519 2309.58 2326.97 2213.06 2217.40 6620166
20030520 2206.97 2206.97 2148.71 2181.75 7190333
20030521 2178.27 2183.49 2119.14 2129.58 5090790
20030522 2145.23 2181.75 2140.01 2181.75 4348584
20030523 2194.80 2200.88 2126.97 2146.10 3942522
20030526 2146.10 2146.10 2146.10 2146.10 0
20030527 2164.36 2182.62 2108.71 2175.67 2903158
20030528 2191.32 2229.58 2191.32 2199.14 4597903
20030529 2199.14 2200.88 2162.62 2180.01 3520819
20030530 2160.88 2174.80 2150.45 2150.45 4316959
20030602 2182.62 2189.58 2124.36 2186.97 4507168
20030603 2178.27 2191.32 2149.58 2187.84 3259771
20030604 2193.06 2215.67 2166.10 2201.75 3162136
20030605 2216.53 2246.97 2201.75 2234.80 4405164
20030606 2311.32 2343.49 2297.40 2342.62 6770125
20030609 2314.80 2334.80 2284.36 2292.19 3018732
20030610 2292.19 2323.49 2292.19 2310.45 2806788
20030611 2304.36 2316.54 2267.84 2313.06 3915957
20030612 2334.80 2339.14 2294.80 2306.10 3137181
20030613 2327.84 2327.84 2268.71 2286.97 2501350
20030616 2269.58 2299.14 2265.23 2289.58 2784823
20030617 2309.58 2324.36 2288.71 2321.75 4609863
20030618 2342.62 2346.97 2299.14 2344.36 5640717
20030619 2339.14 2343.49 2267.84 2269.58 4759017
20030620 2266.10 2270.45 2230.45 2230.45 4676907
20030623 2223.49 2225.23 2176.53 2180.01 4425174
20030624 2182.62 2200.01 2160.88 2165.23 3365800
20030625 2149.58 2185.23 2142.62 2152.19 3532089
20030626 2127.84 2146.97 2120.88 2125.23 4012556
20030627 2136.53 2162.62 2129.58 2158.27 2800003
20030630 2139.14 2189.58 2113.06 2113.06 3797622
20030701 2085.23 2130.45 2060.88 2060.88 4974181
20030702 2089.58 2116.53 2075.66 2091.32 4122725
20030703 2091.32 2181.75 2091.32 2173.93 7029449
20030704 2171.32 2183.49 2143.49 2163.49 2851063
20030707 2184.36 2230.45 2183.49 2230.45 4533043
20030708 2171.32 2215.67 2141.75 2167.84 8245451
20030709 2185.23 2190.45 2119.14 2134.80 8877373
20030710 2240.88 2243.49 2186.97 2213.06 8451415
20030711 2189.58 2226.10 2180.01 2208.71 3768758
20030714 2226.97 2233.06 2130.45 2226.10 5827706
20030715 2213.06 2218.27 2136.53 2138.27 7228857
20030716 2146.97 2165.23 2131.32 2134.80 4473244
20030717 2125.23 2133.06 2092.19 2117.40 3717928
20030718 2112.19 2141.75 2108.71 2113.06 2256976
20030721 2139.14 2139.14 2080.01 2081.75 1763399
20030722 2086.97 2140.88 2086.97 2105.23 2067687
20030723 2115.66 2147.84 2106.10 2130.45 3062087
20030724 2139.14 2282.62 2139.14 2180.88 7230237
20030725 2173.93 2179.14 2144.36 2168.71 2437640
20030728 2174.80 2195.67 2133.06 2140.88 2840253
20030729 2146.10 2146.10 2093.93 2139.14 5054795
20030730 2140.01 2173.93 2123.49 2166.10 3247581
20030731 2166.10 2173.93 2099.14 2159.14 4884711
20030801 2130.45 2156.53 2107.84 2113.06 3001597
20030804 2121.75 2126.10 2073.06 2083.49 3033797
20030805 2091.32 2119.14 2078.27 2107.84 2470185
20030806 2104.36 2104.36 2059.14 2075.66 2904883
20030807 2073.06 2126.10 2052.19 2109.58 4236805
20030808 2114.79 2170.45 2113.93 2165.23 3223546
20030811 2172.19 2192.19 2125.23 2150.45 2025138
20030812 2156.53 2180.88 2153.93 2164.36 2215692
20030813 2195.67 2247.84 2194.80 2205.23 6991154
20030814 2225.23 2269.58 2209.58 2263.49 4201385
20030815 2265.23 2297.40 2239.14 2254.80 2412570
20030818 2248.71 2260.88 2231.32 2244.36 1911058
20030819 2239.14 2250.45 2204.36 2234.80 3733913
20030820 2237.87 2239.63 2189.56 2197.47 4473719
20030821 2194.83 2202.74 2143.89 2143.89 4479868
20030822 2158.82 2158.82 2104.37 2109.64 5814173
20030825 2109.64 2109.64 2109.64 2109.64 0
20030826 2107.88 2158.82 2107.88 2150.92 3649727
20030827 2160.58 2215.91 2160.58 2212.40 4324337
20030828 2215.91 2238.75 2211.52 2227.33 4232909
20030829 2229.97 2252.80 2134.23 2134.23 4642571
20030901 2169.36 2205.37 2169.36 2197.47 2974206
20030902 2193.96 2211.52 2178.15 2182.54 3092618
20030903 2204.49 2253.68 2171.12 2253.68 5698721
20030904 2253.68 2286.18 2250.17 2276.51 4478274
20030905 2299.35 2341.51 2287.93 2327.45 4647467
20030908 2325.70 2345.02 2299.35 2337.12 3305192
20030909 2330.09 2363.86 2328.03 2348.53 4613310
20030910 2346.78 2369.61 2331.85 2366.98 4316823
20030911 2353.80 2362.59 2337.99 2342.39 3319879
20030912 2353.80 2356.44 2309.89 2333.60 2795904
20030915 2338.87 2356.44 2295.84 2309.89 2956899
20030916 2309.89 2333.60 2292.32 2324.82 2881297
20030917 2335.36 2337.12 2301.98 2334.48 3033981
20030918 2336.24 2343.26 2319.55 2335.36 2285705
20030919 2348.53 2351.17 2314.28 2322.19 4654982
20030922 2314.28 2322.19 2264.22 2293.20 3054020
20030923 2301.11 2304.62 2261.58 2280.03 3937561
20030924 2289.69 2289.69 2245.77 2250.17 3416317
20030925 2242.26 2265.97 2222.94 2239.63 4085121
20030926 2234.36 2251.92 2211.52 2241.38 3315325
20030929 2246.65 2259.83 2228.21 2228.21 3580843
20030930 2243.14 2265.10 2221.18 2232.60 4907633
20031001 2244.02 2271.24 2224.70 2263.34 4601924
20031002 2291.45 2321.31 2241.38 2287.05 5326973
20031003 2283.54 2381.91 2280.03 2381.91 6097908
20031006 2378.40 2399.47 2352.93 2370.49 3400719
20031007 2374.00 2374.00 2319.55 2343.26 4051874
20031008 2328.33 2369.61 2265.97 2339.75 3704607
20031009 2347.66 2369.61 2309.89 2361.71 3118920
20031010 2366.98 2376.64 2345.02 2361.71 2745351
20031013 2352.05 2388.06 2345.02 2364.34 2465942
20031014 2376.64 2395.08 2350.29 2371.37 3054590
20031015 2388.93 2398.60 2365.22 2371.37 3855469
20031016 2368.73 2395.08 2358.19 2381.03 3458559
20031017 2388.06 2437.24 2384.54 2432.85 3917977
20031020 2437.24 2449.54 2421.43 2437.24 4066107
20031021 2452.17 2453.93 2444.27 2444.27 3943140
20031022 2446.02 2448.66 2395.08 2415.28 5800624
20031023 2384.54 2529.46 2360.83 2502.23 12754746
20031024 2503.11 2517.16 2464.47 2485.55 4800948
20031027 2529.46 2529.46 2489.94 2518.92 3178809
20031028 2541.76 2541.76 2493.45 2505.75 3663504
20031029 2519.80 2522.43 2477.64 2495.21 3524938
20031030 2484.67 2511.89 2482.03 2485.55 4558316
20031031 2469.74 2484.67 2431.09 2431.09 5284163
20031103 2420.55 2467.98 2412.65 2431.09 4433755
20031104 2419.67 2446.02 2390.69 2405.62 5138538
20031105 2375.76 2406.50 2368.73 2393.33 5454950
20031106 2388.93 2437.24 2380.15 2415.28 4382405
20031107 2426.70 2467.10 2419.67 2430.21 4537025
20031110 2397.72 2406.50 2349.41 2349.41 5357715
20031111 2366.98 2431.09 2351.17 2402.99 6706253
20031112 2394.20 2424.07 2389.81 2395.08 3481900
20031113 2435.48 2443.39 2396.84 2430.21 4338797
20031114 2441.63 2511.02 2441.63 2498.72 5676632
20031117 2460.95 2481.15 2437.24 2440.75 3737398
20031118 2439.88 2478.52 2439.88 2460.95 4594068
20031119 2439.88 2450.41 2393.33 2393.33 4099353
20031120 2384.54 2401.23 2342.39 2382.79 6967557
20031121 2336.24 2388.93 2336.24 2362.59 3820514
20031124 2371.37 2388.93 2346.78 2371.37 3339577
20031125 2365.91 2396.84 2342.39 2352.05 3552492
20031126 2351.17 2369.61 2323.06 2334.48 4225508
20031127 2345.02 2348.53 2319.55 2331.85 2349921
20031128 2344.14 2344.14 2303.74 2317.79 2816398
20031201 2336.24 2337.99 2301.98 2337.99 2966463
20031202 2362.59 2362.59 2301.98 2306.38 3647450
20031203 2301.98 2352.05 2339.75 2348.53 4472239
20031204 2358.41 2368.73 2329.21 2338.87 2522416
20031205 2337.31 2348.53 2323.94 2341.51 3092846
20031208 2336.24 2370.49 2311.65 2318.67 2982859
20031209 2323.94 2343.26 2282.66 2287.05 3489414
20031210 2287.05 2313.40 2287.05 2297.59 3841920
20031211 2290.15 2306.38 2268.61 2296.71 2849189
20031212 2296.71 2318.67 2250.17 2257.19 4763375
20031215 2281.78 2291.45 2239.63 2253.68 4144555
20031216 2253.68 2293.20 2249.29 2266.85 3514236
20031217 2260.78 2287.05 2240.50 2240.50 5382422
20031218 2240.50 2296.71 2222.06 2291.45 5601030
20031219 2292.32 2330.09 2292.32 2305.50 3303142
20031222 2303.74 2340.63 2303.74 2314.28 2061404
20031223 2321.31 2352.93 2317.79 2352.93 1638079
20031224 2345.90 2371.37 2324.82 2338.87 408865
20031225 2338.87 2338.87 2338.87 2338.87 0
20031226 2338.87 2338.87 2338.87 2338.87 0
20031229 2338.87 2377.52 2336.24 2367.86 1881052
20031230 2380.15 2383.67 2358.19 2366.98 1574432
20031231 2357.32 2380.15 2351.17 2353.80 583068
20040101 2353.80 2353.80 2353.80 2353.80 0
20040102 2366.10 2385.42 2345.02 2380.15 1263257
20040105 2343.06 2379.27 2323.06 2330.97 3152508
20040106 2327.45 2327.45 2263.34 2303.74 4418498
20040107 2317.79 2323.94 2286.18 2291.45 3519131
20040108 2300.23 2329.21 2270.37 2284.42 3142033
20040109 2274.76 2301.11 2271.24 2287.93 3516627
20040112 2248.41 2297.59 2244.02 2248.41 4008950
20040113 2259.83 2265.97 2223.82 2230.84 3307697
20040114 2223.82 2248.41 2204.49 2216.79 4231998
20040115 2218.55 2218.55 2186.93 2201.86 4415424
20040116 2196.59 2244.90 2196.59 2244.02 4727054
20040119 2238.75 2281.78 2238.75 2279.15 3002898
20040120 2251.92 2280.91 2251.92 2251.92 3875736
20040121 2276.29 2296.71 2244.90 2292.32 4327753
20040122 2345.77 2359.07 2313.40 2343.26 7694542
20040123 2317.79 2330.97 2291.45 2314.28 5415897
20040126 2336.24 2336.24 2290.57 2313.40 3055956
20040127 2337.12 2316.04 2304.62 2309.89 5398135
20040128 2291.45 2368.73 2291.45 2362.59 3926061
20040129 2283.54 2382.79 2271.24 2298.47 8129140
20040130 2317.10 2342.39 2285.30 2285.30 5553324
20040202 2309.32 2324.82 2287.93 2310.77 3930046
20040203 2319.55 2319.55 2273.88 2291.45 4199549
20040204 2278.27 2331.85 2271.24 2318.67 3591887
20040205 2324.82 2339.75 2307.25 2316.04 3299385
20040206 2338.87 2341.51 2308.13 2314.28 2902589
20040209 2326.58 2335.36 2303.74 2327.45 2478239
20040210 2317.79 2330.97 2310.77 2330.97 3149661
20040211 2301.11 2305.50 2270.37 2278.27 6764662
20040212 2290.57 2292.32 2222.06 2251.04 6388133
20040213 2257.19 2295.84 2249.29 2283.54 4466888
20040216 2292.32 2292.32 2250.17 2270.37 2046830
20040217 2257.54 2283.54 2244.90 2252.80 3534502
20040218 2268.05 2286.00 2265.36 2271.64 4745686
20040219 2266.26 2290.48 2262.67 2278.82 5315588
20040220 2274.33 2305.73 2272.54 2281.51 4598334
20040223 2295.86 2298.56 2269.85 2282.41 2788538
20040224 2283.30 2287.79 2257.29 2273.44 3799268
20040225 2286.00 2303.04 2269.85 2294.97 3498769
20040226 2283.30 2320.09 2283.30 2304.84 2681200
20040227 2317.40 2336.24 2289.58 2289.58 4329713
20040301 2318.29 2333.55 2329.06 2330.85 3497654
20040302 2352.39 2356.87 2337.13 2350.59 3941939
20040303 2340.72 2359.56 2333.55 2346.11 2476335
20040304 2359.56 2404.42 2350.59 2387.38 6284966
20040305 2389.17 2412.50 2371.23 2385.58 3659607
20040308 2402.63 2406.22 2393.66 2395.45 2116092
20040309 2377.51 2449.28 2373.02 2443.00 7411282
20040310 2450.18 2487.86 2446.59 2466.33 8866187
20040311 2449.28 2449.28 2380.20 2384.68 6045102
20040312 2373.02 2412.50 2387.38 2410.70 5230097
20040315 2412.50 2414.29 2374.82 2395.45 2780847
20040316 2395.45 2408.91 2373.92 2404.42 2646982
20040317 2397.25 2397.25 2366.74 2380.20 4145244
20040318 2381.99 2381.99 2337.13 2337.13 4083160
20040319 2364.05 2364.95 2328.16 2332.65 4807213
20040322 2331.75 2331.75 2279.72 2296.76 3752566
20040323 2301.25 2313.81 2260.88 2260.88 3739971
20040324 2262.67 2290.48 2255.49 2280.61 4581169
20040325 2295.86 2295.86 2254.59 2265.36 3766387
20040326 2269.85 2271.64 2249.21 2257.29 2870685
20040329 2266.26 2294.97 2265.36 2286.00 2204815
20040330 2301.25 2310.22 2265.36 2274.33 2075631
20040331 2274.33 2289.58 2259.98 2263.57 2817295
20040401 2263.57 2294.97 2256.39 2286.00 3599641
20040402 2286.00 2297.66 2259.98 2291.38 3482273
20040405 2289.58 2303.94 2278.82 2298.56 2949934
20040406 2309.32 2330.85 2285.10 2322.78 2788538
20040407 2309.32 2359.56 2309.32 2359.56 4061202
20040408 2368.54 2368.54 2321.88 2329.06 3126823
20040409 2329.06 2329.06 2329.06 2329.06 0
20040412 2329.06 2329.06 2329.06 2329.06 0
20040413 2358.67 2358.67 2329.06 2341.62 2237027
20040414 2323.68 2343.41 2338.03 2338.93 2836577
20040415 2338.93 2401.73 2329.06 2399.94 4725400
20040416 2424.16 2448.38 2348.80 2401.73 6367113
20040419 2408.01 2408.01 2357.77 2368.54 2494280
20040420 2368.54 2369.43 2343.41 2364.05 2868790
20040421 2339.83 2373.02 2339.83 2356.87 3857005
20040422 2350.59 2399.94 2350.59 2395.45 2204592
20040423 2400.83 2422.37 2374.82 2381.99 3105979
20040426 2369.43 2389.17 2338.93 2364.95 4290144
20040427 2363.15 2391.86 2335.34 2364.05 2340352
20040428 2366.74 2369.43 2313.81 2313.81 3451955
20040429 2323.68 2344.31 2335.34 2335.34 7731845
20040430 2341.62 2402.63 2340.72 2365.84 6744856
20040503 2365.84 2365.84 2365.84 2365.84 0
20040504 2373.02 2411.60 2365.84 2408.91 4808327
20040505 2399.94 2436.72 2398.14 2430.44 3952416
20040506 2435.82 2435.82 2386.48 2387.38 4169320
20040507 2401.73 2407.11 2359.56 2392.76 3722026
20040510 2390.07 2390.07 2350.59 2355.98 4819362
20040511 2357.77 2380.20 2347.90 2378.40 3089595
20040512 2382.89 2384.68 2355.08 2360.46 2649768
20040513 2369.43 2404.42 2369.43 2398.14 3498769
20040514 2383.79 2404.42 2373.92 2392.76 2585901
20040517 2357.77 2371.23 2327.27 2355.08 4014723
20040518 2355.08 2395.45 2354.18 2381.99 4456890
20040519 2373.92 2408.01 2355.08 2365.84 5559688
20040520 2365.84 2365.84 2317.40 2327.27 4744795
20040521 2332.65 2311.12 2302.15 2308.43 5874566
20040524 2307.53 2328.16 2291.38 2293.17 3908612
20040525 2291.38 2321.88 2284.20 2321.88 3991093
20040526 2338.03 2350.59 2295.86 2305.73 3307836
20040527 2311.12 2331.75 2298.56 2324.57 2548784
20040528 2328.16 2340.72 2279.72 2279.72 4462686
20040531 2279.72 2279.72 2279.72 2279.72 0
20040601 2291.38 2292.28 2265.36 2276.13 2672952
20040602 2287.79 2316.50 2273.44 2273.44 3023052
20040603 2278.82 2293.17 2262.67 2292.28 3925777
20040604 2294.97 2314.71 2284.20 2314.71 2988945
20040607 2329.96 2345.21 2312.01 2327.27 2504646
20040608 2335.34 2348.80 2321.88 2340.72 2810607
20040609 2358.67 2359.56 2308.43 2327.27 4278552
20040610 2323.68 2323.68 2290.48 2300.35 3385747
20040611 2306.63 2306.63 2276.13 2294.07 1588211
20040614 2296.76 2298.56 2268.05 2268.05 3424424
20040615 2272.54 2298.56 2259.98 2292.28 3062509
20040616 2296.76 2321.88 2284.20 2310.22 2694687
20040617 2311.12 2328.16 2286.89 2292.28 2369109
20040618 2309.32 2316.50 2283.30 2301.25 3653366
20040621 2292.28 2319.19 2272.54 2309.32 2639737
20040622 2299.45 2321.88 2285.10 2288.69 3090263
20040623 2304.84 2328.16 2280.61 2326.37 3282423
20040624 2334.44 2346.11 2285.10 2295.86 4255702
20040625 2283.30 2295.86 2238.45 2243.83 6291208
20040628 2238.45 2267.16 2224.09 2243.83 3768617
20040629 2245.62 2265.36 2237.55 2261.77 3991539
20040630 2253.70 2257.29 2219.60 2219.60 5628014
20040701 2242.93 2259.98 2200.76 2200.76 4477287
20040702 2207.04 2233.96 2189.10 2226.78 4145579
20040705 2237.55 2237.55 2202.56 2202.56 1613847
20040706 2210.63 2210.63 2176.54 2183.72 3104976
20040707 2183.72 2184.62 2136.17 2141.55 5999291
20040708 2131.68 2185.51 2117.33 2166.67 6519481
20040709 2141.55 2162.19 2114.64 2122.71 5936650
20040712 2124.50 2124.50 2073.37 2086.82 6842161
20040713 2097.59 2112.84 2088.62 2110.15 4641024
20040714 2103.87 2129.89 2096.69 2128.99 4073575
20040715 2099.38 2113.74 2082.34 2089.52 6385170
20040716 2087.72 2087.72 2045.55 2058.11 5128333
20040719 2060.81 2067.09 2035.68 2047.35 3191024
20040720 2056.32 2130.78 2056.32 2103.87 5590563
20040721 2124.50 2154.11 2110.15 2147.83 4386224
20040722 2137.96 2184.62 2094.90 2132.58 11471594
20040723 2155.91 2185.51 2153.21 2163.08 5381238
20040726 2167.57 2167.57 2130.78 2135.27 2810384
20040727 2150.52 2181.92 2146.04 2171.16 3130724
20040728 2184.62 2201.66 2164.88 2178.34 4081043
20040729 2178.34 2204.35 2176.54 2189.10 4338072
20040730 2196.28 2227.68 2184.62 2207.94 4075692
20040802 2203.46 2214.22 2186.41 2212.43 3678110
20040803 2221.40 2221.40 2194.48 2207.94 3119801
20040804 2204.35 2213.32 2177.44 2207.04 3164719
20040805 2207.04 2216.02 2185.51 2189.10 2786197
20040806 2164.88 2178.34 2140.65 2140.65 4444741
20040809 2135.27 2164.88 2121.81 2160.39 4241213
20040810 2160.39 2166.67 2133.48 2162.19 2786531
20040811 2180.81 2181.71 2150.83 2156.28 3754855
20040812 2162.64 2198.06 2158.10 2198.06 4945443
20040813 2197.16 2208.96 2172.63 2185.35 3115082
20040816 2162.64 2194.43 2157.19 2182.62 3147340
20040817 2192.61 2192.61 2162.64 2175.36 3959525
20040818 2167.18 2187.16 2165.36 2176.26 1720154
20040819 2198.06 2206.24 2181.71 2192.61 3665126
20040820 2182.62 2216.23 2178.08 2213.50 2208434
20040823 2225.31 2256.19 2218.05 2247.11 3273511
20040824 2238.94 2259.83 2233.49 2243.48 2145348
20040825 2258.92 2267.09 2227.13 2250.74 3093172
20040826 2265.28 2284.35 2258.01 2281.63 2413654
20040827 2277.08 2316.14 2277.08 2314.32 2870887
20040830 2314.32 2314.32 2314.32 2314.32 0
20040831 2307.06 2341.57 2296.16 2320.68 5458605
20040901 2336.12 2336.12 2297.98 2320.68 2865822
20040902 2327.04 2339.76 2316.14 2327.95 2576598
20040903 2357.92 2388.80 2348.84 2385.17 4728992
20040906 2379.72 2420.59 2379.72 2420.59 4019087
20040907 2406.06 2411.51 2386.99 2389.71 4682972
20040908 2402.43 2402.43 2361.56 2378.81 6021971
20040909 2377.00 2392.44 2272.54 2279.81 18497602
20040910 2257.10 2277.08 2220.77 2225.31 14295424
20040913 2088.16 2126.31 2069.99 2125.40 24709710
20040914 2116.32 2149.92 2109.05 2132.67 7969585
20040915 2141.75 2144.47 2130.85 2138.12 5828090
20040916 2134.48 2139.93 2109.96 2116.32 5468183
20040917 2109.05 2134.48 2109.05 2119.04 5772161
20040920 2111.78 2120.86 2100.88 2115.41 4490963
20040921 2109.96 2147.20 2108.14 2139.02 4520909
20040922 2143.57 2173.54 2134.48 2146.29 3729422
20040923 2139.93 2161.73 2130.85 2135.39 3636941
20040924 2129.03 2140.84 2122.68 2129.94 2142816
20040927 2126.31 2135.39 2097.24 2108.14 3270208
20040928 2104.51 2104.51 2081.80 2089.98 5561105
20040929 2089.98 2097.24 2069.09 2069.09 9812497
20040930 2075.44 2086.34 2057.28 2057.28 8065810
20041001 2058.19 2089.98 2058.19 2079.99 5724599
20041004 2086.34 2089.07 2070.90 2074.54 6647431
20041005 2078.17 2095.43 2068.18 2073.63 4270769
20041006 2062.73 2066.36 2001.87 2010.96 15357639
20041007 2011.86 2020.04 1936.48 1961.00 15603815
20041008 1962.82 1991.88 1959.18 1966.45 4738461
20041011 1953.73 1985.52 1951.01 1980.07 4181480
20041012 1977.35 1984.62 1949.19 1962.82 3318100
20041013 1947.38 1988.25 1947.38 1951.01 4016665
20041014 1944.65 1950.10 1914.68 1922.85 5228612
20041015 1917.40 1931.03 1906.50 1910.14 6502323
20041018 1909.23 1941.93 1909.23 1941.02 3852951
20041019 1947.38 1985.52 1947.38 1985.52 5933232
20041020 1975.53 1991.88 1954.64 1974.62 6346206
20041021 1970.99 2039.11 1949.19 2014.59 14081835
20041022 2014.59 2029.12 1981.89 1995.51 5787684
20041025 1979.17 1986.43 1959.18 1963.72 4804959
20041026 1970.99 1979.17 1961.00 1970.08 2755946
20041027 1984.62 2013.68 1968.27 2006.41 3710486
20041028 2023.67 2036.39 1996.42 2017.31 3797022
20041029 2022.76 2037.30 2005.51 2027.30 3677897
20041101 2033.66 2043.65 2018.22 2037.30 3052877
20041102 2040.93 2051.83 2027.30 2050.01 3734267
20041103 2089.07 2107.23 2079.99 2106.33 8451149
20041104 2104.51 2106.33 2080.89 2106.33 4136891
20041105 2116.32 2124.49 2099.97 2109.96 4186545
20041108 2114.50 2099.06 2092.70 2092.70 2388662
20041109 2093.61 2116.32 2092.70 2109.96 3742854
20041110 2116.32 2125.40 2099.06 2100.88 3117834
20041111 2100.88 2122.68 2095.43 2119.95 3138202
20041112 2119.95 2107.23 2087.25 2103.60 4029326
20041115 2111.78 2119.95 2092.70 2115.41 3888292
20041116 2124.49 2136.30 2121.77 2123.58 2794479
20041117 2121.77 2149.92 2119.04 2147.20 5128424
20041118 2144.47 2173.54 2136.30 2149.92 5573986
20041119 1998.24 2030.94 1925.58 1948.28 41602652
20041122 1929.21 1948.28 1910.14 1934.66 7986210
20041123 1970.08 1974.62 1942.83 1948.28 7284452
20041124 1948.28 1952.82 1900.14 1906.50 7534592
20041125 1906.50 1916.49 1886.52 1895.60 5059503
20041126 1889.24 1891.97 1866.54 1889.24 2848097
20041129 1889.24 1921.03 1889.24 1902.87 3728432
20041130 1902.87 1902.87 1855.64 1857.45 5818952
20041201 1862.00 1894.69 1857.45 1886.52 3998830
20041202 1893.79 1924.67 1887.43 1920.13 4914616
20041203 1934.66 1947.38 1890.15 1898.33 5504735
20041206 1885.61 1886.52 1864.72 1873.80 4553718
20041207 1879.25 1907.41 1874.71 1896.51 3875411
20041208 1881.07 1913.77 1881.07 1901.96 4531148
20041209 1907.41 1938.29 1903.78 1921.94 5086037
20041210 1932.84 1945.56 1907.41 1912.86 7296232
20041213 1898.33 1905.59 1884.70 1889.24 6248110
20041214 1897.42 1897.42 1862.00 1867.45 7357556
20041215 1869.26 1871.08 1845.65 1845.65 4785472
20041216 1852.91 1876.53 1840.20 1867.45 6337949
20041217 1880.16 1894.69 1695.78 1713.04 28583690
20041220 1718.49 1750.28 1704.86 1734.84 7735629
20041221 1738.47 1746.64 1719.39 1724.84 4178948
20041222 1739.38 1739.38 1696.69 1699.41 6398832
20041223 1700.32 1700.32 1671.25 1692.15 7007008
20041224 1681.25 1711.22 1681.25 1698.50 502262
20041227 1698.50 1698.50 1698.50 1698.50 0
20041228 1698.50 1698.50 1698.50 1698.50 0
20041229 1707.59 1725.75 1691.24 1707.59 3942130
20041230 1708.49 1716.67 1693.05 1716.67 2657189
20041231 1713.04 1723.03 1708.49 1715.76 653755
20050103 1715.76 1715.76 1715.76 1715.76 0
20050104 1736.65 1740.28 1705.77 1734.84 8021881
20050105 1725.75 1758.45 1721.21 1737.56 5671972
20050106 1741.19 1767.53 1736.65 1760.27 4829071
20050107 1759.36 1773.89 1747.55 1760.27 4496578
20050110 1757.54 1767.53 1721.21 1754.82 7668470
20050111 1761.18 1765.72 1747.55 1755.73 3346065
20050112 1746.64 1759.36 1722.12 1747.55 7188337
20050113 1748.46 1759.36 1732.11 1743.92 3621748
20050114 1723.94 1738.47 1718.49 1719.39 5475450
20050117 1730.29 1732.11 1709.40 1723.03 2779616
20050118 1717.58 1718.49 1705.77 1709.40 3226280
20050119 1715.76 1726.66 1703.05 1713.94 6017567
20050120 1713.94 1714.85 1699.41 1706.68 3757717
20050121 1707.59 1712.13 1693.05 1705.77 3958204
20050124 1706.68 1706.68 1679.43 1690.33 3865062
20050125 1681.25 1719.39 1681.25 1718.49 5349609
20050126 1713.04 1733.93 1694.87 1727.57 9138044
20050127 1726.66 1813.86 1726.66 1798.42 19462932
20050128 1802.05 1823.85 1794.78 1812.04 7544060
20050131 1819.31 1839.29 1807.50 1807.50 7505967
20050201 1814.76 1843.83 1804.77 1840.20 8976862
20050202 1848.37 1882.89 1846.55 1880.16 9365614
20050203 1886.52 1891.97 1866.54 1871.08 8442121
20050204 1870.17 1895.60 1866.54 1881.98 6039146
20050207 1897.42 1902.87 1881.98 1893.79 5342673
20050208 1890.15 1911.04 1887.43 1904.69 5633659
20050209 1930.46 1985.75 1930.46 1984.81 8683249
20050210 1983.87 1983.87 1966.07 1970.75 6115900
20050211 1966.07 1977.31 1953.88 1969.82 3434585
20050214 1967.94 1971.69 1930.46 1952.01 5321654
20050215 1952.01 1962.32 1922.96 1923.90 5340221
20050216 1924.83 1963.26 1924.83 1946.39 5553856
20050217 1946.39 1963.26 1930.46 1939.83 3899202
20050218 1930.46 1951.07 1925.77 1944.51 5425163
20050221 1977.31 2030.73 1977.31 2026.04 8654651
20050222 2033.54 2045.72 2016.67 2036.35 7787948
20050223 2024.17 2024.17 1998.87 2004.49 5902799
20050224 2009.17 2011.05 1975.44 1982.93 5217291
20050225 1990.43 1990.43 1942.64 1955.76 9190978
20050228 1960.44 1967.94 1914.53 1921.09 7459386
20050301 1911.71 1955.76 1911.71 1943.58 6668021
20050302 1954.82 1956.70 1933.27 1942.64 4333728
20050303 2000.74 2035.41 2000.74 2016.67 12854137
20050304 2014.80 2043.85 2013.86 2024.17 6695445
20050307 2032.60 2042.91 2022.29 2032.60 3407694
20050308 2034.48 2037.29 2006.36 2007.30 3596678
20050309 1999.80 2032.60 1996.05 2000.74 4078476
20050310 2005.43 2035.41 1997.93 2021.36 4434036
20050311 2036.35 2052.28 2026.98 2051.34 5245569
20050314 2041.04 2055.09 2025.10 2042.91 3767948
20050315 2059.78 2078.52 2050.41 2062.59 5293055
20050316 2054.16 2061.65 2022.29 2035.41 4851274
20050317 2039.16 2039.16 2014.80 2014.80 3210919
20050318 2010.11 2026.04 1986.68 1986.68 5537849
20050321 1996.99 2021.36 1971.69 2003.55 3402038
20050322 2003.55 2015.73 1986.68 1996.99 3053521
20050323 1983.87 1998.87 1972.63 1986.68 3654408
20050324 1995.12 2015.73 1986.68 1997.93 2872860
20050325 1997.93 1997.93 1997.93 1997.93 0
20050328 1997.93 1997.93 1997.93 1997.93 0
20050329 1996.05 1996.05 1960.44 1972.63 4376839
20050330 1956.70 1973.56 1940.76 1953.88 5202351
20050331 1953.88 1980.12 1951.07 1954.82 3486659
20050401 1967.00 1995.12 1956.70 1966.07 3541935
20050404 1965.13 1974.50 1945.45 1950.14 3164394
20050405 1967.94 2022.29 1949.20 2011.05 7041828
20050406 2035.41 2043.85 2022.29 2027.92 5487055
20050407 2018.54 2046.66 2002.61 2039.16 5890528
20050408 2036.35 2053.22 2036.35 2045.72 2948625
20050411 2044.78 2048.53 2025.10 2043.85 2513459
20050412 2033.54 2043.85 2028.85 2041.04 2458503
20050413 2048.53 2086.02 2047.60 2073.83 5233724
20050414 2088.83 2126.31 2086.95 2100.07 7306149
20050415 2140.37 2159.11 2112.26 2140.37 10591660
20050418 2134.75 2143.18 2091.64 2129.12 7020592
20050419 2122.56 2140.37 2103.82 2133.81 3384537
20050420 2141.31 2141.31 2113.19 2125.38 3258619
20050421 2108.51 2131.94 2103.82 2120.69 4313986
20050422 2137.56 2137.56 2106.63 2118.82 2358836
20050425 2121.63 2124.44 2105.70 2113.19 2319673
20050426 2121.63 2155.36 2110.38 2150.68 4874643
20050427 2145.99 2163.80 2117.88 2136.62 5145261
20050428 2153.49 2216.28 2128.19 2145.99 8489463
20050429 2145.99 2160.05 2132.87 2137.56 4689180
20050502 2137.56 2137.56 2137.56 2137.56 0
20050503 2165.67 2198.47 2150.68 2197.53 4638813
20050504 2197.53 2224.71 2175.04 2213.46 5466887
20050505 2220.96 2222.84 2178.79 2188.16 3902617
20050506 2191.91 2220.96 2191.91 2204.09 3037728
20050509 2201.28 2201.28 2164.73 2181.60 4299047
20050510 2195.66 2205.97 2149.74 2164.73 4149439
20050511 2166.61 2182.54 2142.24 2152.55 4150826
20050512 2175.04 2175.04 2146.93 2155.36 2145628
20050513 2151.62 2161.92 2131.94 2157.24 2999419
20050516 2158.18 2180.67 2154.43 2174.11 2409417
20050517 2189.10 2204.09 2175.98 2197.53 4140155
20050518 2201.28 2227.52 2199.41 2214.40 3876366
20050519 2219.09 2229.40 2175.04 2201.28 4315053
20050520 2199.41 2207.84 2173.17 2183.48 3669561
20050523 2175.98 2181.60 2160.99 2178.79 3978702
20050524 2156.30 2178.79 2156.30 2164.73 4981994
20050525 2170.36 2189.10 2165.67 2176.92 3218923
20050526 2169.42 2200.35 2169.42 2191.91 3585153
20050527 2201.28 2203.16 2175.98 2197.53 3239625
20050530 2197.53 2197.53 2197.53 2197.53 0
20050531 2212.53 2212.53 2177.85 2188.16 4697077
20050601 2195.66 2211.59 2176.92 2206.91 2783544
20050602 2205.97 2207.84 2170.36 2179.73 2962711
20050603 2179.73 2179.73 2179.73 2179.73 0
20050606 2181.60 2182.54 2158.18 2162.86 2387861
20050607 2162.86 2175.98 2144.12 2160.99 5116876
20050608 2145.99 2163.80 2145.06 2149.74 3192458
20050609 2142.24 2172.23 2131.94 2168.48 4594742
20050610 2168.48 2191.91 2159.11 2163.80 3612898
20050613 2164.73 2175.04 2147.87 2159.11 3440667
20050614 2160.99 2162.86 2129.12 2132.87 4345786
20050615 2143.18 2143.18 2103.82 2104.76 6201589
20050616 2112.26 2116.94 2089.77 2095.39 4395300
20050617 2102.89 2134.75 2099.14 2127.25 6923379
20050620 2112.26 2148.80 2112.26 2145.99 4703160
20050621 2149.74 2162.86 2144.12 2152.55 3056189
20050622 2153.49 2171.29 2148.80 2155.36 1735113
20050623 2160.05 2160.05 2119.75 2122.56 4911672
20050624 2115.07 2116.00 2094.45 2109.45 3093858
20050627 2101.95 2114.13 2081.33 2085.08 2945744
20050628 2099.14 2111.32 2087.89 2103.82 2599895
20050629 2118.82 2130.06 2105.70 2124.44 3891306
20050630 2122.56 2178.79 2122.56 2165.67 7543367
20050701 2155.36 2189.10 2155.36 2165.67 2824414
20050704 2175.98 2175.98 2154.43 2170.36 2087257
20050705 2165.67 2204.09 2165.67 2197.53 4312706
20050706 2211.59 2224.71 2195.66 2212.53 4506705
20050707 2206.91 2208.78 2112.26 2202.22 6619894
20050708 2229.40 2229.40 2209.72 2226.58 3692184
20050711 2244.39 2251.89 2217.21 2237.83 2793895
20050712 2230.33 2242.52 2205.97 2206.91 3741164
20050713 2227.52 2231.27 2208.78 2228.46 2015228
20050714 2221.90 2247.20 2216.28 2235.96 5552469
20050715 2230.33 2261.26 2221.90 2229.40 7684865
20050718 2229.40 2243.45 2217.21 2220.02 5421321
20050719 2228.46 2228.46 2178.79 2196.60 15279774
20050720 2197.53 2223.77 2186.29 2192.85 11008365
20050721 2202.22 2222.84 2169.42 2196.60 6828940
20050722 2205.97 2224.71 2186.29 2194.72 5090839
20050725 2201.28 2204.09 2173.17 2204.09 4485363
20050726 2196.60 2208.78 2179.73 2181.60 4763558
20050727 2182.54 2216.28 2173.17 2200.35 6012711
20050728 2237.83 2337.16 2220.96 2324.04 27782406
20050729 2348.41 2441.18 2348.41 2397.14 22490310
20050801 2400.89 2421.50 2390.58 2398.08 9007116
20050802 2390.58 2414.94 2390.58 2401.82 10210063
20050803 2408.38 2435.56 2399.01 2422.44 9979462
20050804 2429.94 2454.30 2429.94 2435.56 4402022
20050805 2423.38 2464.61 2423.38 2444.93 8415086
20050808 2447.74 2447.74 2427.13 2434.62 4506065
20050809 2435.56 2447.74 2406.51 2444.00 8927083
20050810 2463.01 2470.62 2453.50 2463.01 6231631
20050811 2457.31 2467.77 2442.09 2456.36 4708136
20050812 2467.77 2468.72 2452.55 2457.31 7192965
20050815 2450.65 2460.16 2433.53 2444.95 2649187
20050816 2458.26 2489.64 2445.90 2477.28 7038071
20050817 2477.28 2487.74 2453.50 2457.31 9379362
20050818 2459.21 2477.28 2434.49 2447.80 8028427
20050819 2445.90 2465.87 2431.63 2437.34 4978491
20050822 2425.93 2455.41 2414.51 2436.39 4152283
20050823 2436.39 2442.09 2417.37 2429.73 7633252
20050824 2433.53 2440.19 2403.10 2405.96 6187045
20050825 2383.13 2400.25 2381.23 2388.84 7445864
20050826 2402.15 2402.15 2356.51 2357.46 6742268
20050829 2357.46 2357.46 2357.46 2357.46 0
20050830 2381.23 2412.61 2378.38 2406.91 8820355
20050831 2414.51 2420.22 2392.64 2405.96 3895492
20050901 2423.07 2443.04 2414.51 2434.49 6002497
20050902 2433.53 2482.98 2430.68 2480.13 7586878
20050905 2484.89 2484.89 2458.26 2465.87 4578479
20050906 2471.57 2500.10 2459.21 2483.94 4495932
20050907 2503.91 2531.48 2492.49 2526.73 7382140
20050908 2536.24 2545.75 2512.46 2517.22 8101931
20050909 2519.12 2540.04 2499.15 2522.93 4992056
20050912 2522.93 2545.75 2518.17 2528.63 5957385
20050913 2529.58 2535.29 2504.86 2517.22 3835974
20050914 2513.42 2537.19 2513.42 2517.22 6174427
20050915 2506.76 2523.88 2495.35 2521.97 4727590
20050916 2510.56 2526.73 2496.30 2496.30 10301683
20050919 2496.30 2517.22 2486.79 2507.71 3270237
20050920 2502.96 2517.22 2460.16 2478.23 9117104
20050921 2456.36 2472.52 2434.49 2436.39 6726074
20050922 2441.14 2484.89 2439.24 2469.67 5771260
20050923 2485.84 2504.86 2460.16 2493.45 4294138
20050926 2513.42 2536.24 2495.35 2528.63 3607471
20050927 2519.12 2571.43 2519.12 2537.19 7247225
20050928 2529.58 2572.38 2483.94 2509.61 20657310
20050929 2510.56 2534.34 2494.40 2501.05 9571377
20050930 2508.66 2523.88 2501.05 2505.81 6808095
20051003 2519.12 2547.65 2509.61 2525.78 6259603
20051004 2525.78 2579.03 2524.83 2568.57 7115360
20051005 2565.72 2626.58 2559.06 2617.07 7621369
20051006 2591.40 2625.63 2581.89 2617.07 6356136
20051007 2617.07 2632.29 2607.56 2631.34 5062405
20051010 2640.85 2640.85 2610.42 2615.17 6498622
20051011 2632.29 2632.29 2590.44 2594.25 5853807
20051012 2579.98 2736.89 2566.67 2580.93 7895826
20051013 2585.69 2590.44 2539.09 2546.70 5148633
20051014 2562.87 2565.72 2536.24 2558.11 5615419
20051017 2558.11 2558.11 2521.97 2536.24 3469927
20051018 2471.57 2485.84 2455.41 2484.89 13776132
20051019 2488.69 2516.27 2465.87 2502.00 11152077
20051020 2539.09 2539.09 2435.44 2454.46 8973461
20051021 2442.09 2486.79 2434.49 2468.72 8233060
20051024 2468.72 2498.20 2457.31 2483.94 3881507
20051025 2507.71 2507.71 2448.75 2463.01 6045927
20051026 2453.50 2491.54 2444.00 2462.06 7347439
20051027 2451.60 2501.05 2367.92 2377.43 20176854
20051028 2376.48 2377.43 2334.63 2363.16 16943212
20051031 2365.06 2409.76 2363.16 2408.81 8787125
20051101 2409.76 2409.76 2391.69 2409.76 7094434
20051102 2401.20 2434.49 2396.45 2424.02 8052718
20051103 2443.04 2448.75 2420.22 2448.75 6426275
20051104 2454.46 2491.54 2439.24 2482.03 9933533
20051107 2473.48 2507.71 2464.92 2502.96 5996503
20051108 2509.61 2512.46 2463.97 2467.77 5971266
20051109 2453.50 2467.77 2438.29 2443.04 11646099
20051110 2449.70 2461.11 2405.01 2416.42 15252098
20051111 2424.98 2457.31 2416.42 2457.31 7264366
20051114 2462.06 2481.08 2452.55 2460.16 8194047
20051115 2453.50 2463.97 2418.32 2451.60 7441237
20051116 2453.50 2472.52 2441.14 2453.50 7141228
20051117 2463.01 2471.57 2448.75 2465.87 8094570
20051118 2476.33 2505.81 2474.43 2486.79 9440563
20051121 2509.61 2509.61 2463.01 2470.62 11678381
20051122 2464.92 2479.18 2459.21 2470.62 4178887
20051123 2484.89 2532.44 2471.57 2529.58 8138315
20051124 2540.99 2540.99 2511.51 2518.17 4459653
20051125 2508.66 2567.62 2508.66 2549.55 6153080
20051128 2547.65 2558.11 2534.34 2540.99 6291886
20051129 2547.65 2565.72 2533.39 2549.55 5616891
20051130 2540.04 2561.92 2526.73 2537.19 9130354
20051201 2547.65 2562.87 2540.99 2561.92 5952443
20051202 2566.67 2589.49 2553.36 2589.49 4660605
20051205 2599.00 2599.00 2560.01 2573.33 8425811
20051206 2579.98 2582.84 2559.06 2571.43 9701980
20051207 2571.43 2577.13 2547.65 2553.36 8887234
20051208 2552.41 2571.43 2535.29 2571.43 6668028
20051209 2574.28 2614.22 2560.96 2590.44 6539317
20051212 2603.76 2615.17 2571.43 2579.03 3909478
20051213 2578.08 2620.88 2578.08 2608.51 6615450
20051214 2619.92 2638.94 2609.46 2632.29 5764951
20051215 2631.34 2632.29 2590.44 2595.20 6556983
20051216 2595.20 2635.14 2595.20 2612.32 11681957
20051219 2681.74 2724.53 2661.77 2691.25 10497904
20051220 2675.08 2687.44 2636.09 2653.21 7917908
20051221 2663.67 2663.67 2618.02 2633.24 5056411
20051222 2633.24 2649.40 2633.24 2641.80 3566881
20051223 2653.21 2666.52 2649.40 2657.96 952290
20051226 2657.96 2657.96 2657.96 2657.96 0
20051227 2657.96 2657.96 2657.96 2657.96 0
20051228 2662.72 2697.90 2662.72 2692.20 4963769
20051229 2704.56 2710.27 2684.59 2697.90 4569015
20051230 2723.58 2723.58 2669.38 2690.30 4413069
20060102 2690.30 2690.30 2690.30 2690.30 0
20060103 2710.27 2732.14 2699.81 2729.29 7717902
20060104 2744.50 2759.72 2724.53 2757.82 4906459
20060105 2772.08 2772.08 2744.50 2754.01 3433438
20060106 2763.52 2765.42 2741.65 2757.82 4054172
20060109 2772.08 2772.08 2729.29 2736.89 11686058
20060110 2747.35 2748.31 2694.10 2696.00 11087301
20060111 2702.66 2723.58 2696.95 2723.58 11886064
20060112 2732.14 2733.09 2706.46 2715.02 8180061
20060113 2722.63 2722.63 2657.01 2676.98 9090500
20060116 2666.52 2693.15 2666.52 2683.64 3790126
20060117 2679.84 2679.84 2650.36 2662.72 5304894
20060118 2589.49 2600.91 2543.85 2547.65 20204406
20060119 2540.04 2572.38 2533.39 2536.24 10245740
20060120 2547.65 2580.93 2530.53 2540.99 7735673
20060123 2547.65 2547.65 2505.81 2516.27 6729649
20060124 2512.46 2522.93 2475.38 2481.08 9338352
20060125 2490.59 2541.95 2484.89 2541.95 8661359
20060126 2546.70 2562.87 2527.68 2545.75 6128053
20060127 2554.31 2588.54 2554.31 2587.59 6585691
20060130 2574.28 2607.56 2561.92 2571.43 8148935
20060131 2577.13 2595.20 2562.87 2588.54 5173870
20060201 2589.49 2625.63 2589.49 2599.95 8415926
20060202 2616.12 2617.07 2496.30 2508.66 26303646
20060203 2519.12 2534.34 2509.61 2524.83 13313237
20060206 2524.83 2546.70 2499.15 2527.68 5271455
20060207 2534.34 2563.82 2520.07 2553.36 9766756
20060208 2575.02 2654.78 2575.02 2599.64 13006146
20060209 2602.59 2641.98 2583.88 2641.00 7121376
20060210 2639.03 2639.03 2583.88 2598.65 9370969
20060213 2610.47 2610.47 2576.01 2581.91 8786534
20060214 2593.73 2600.62 2461.78 2576.01 14519584
20060215 2584.87 2589.79 2562.22 2562.22 6584264
20060216 2563.20 2574.04 2547.45 2560.25 7247402
20060217 2566.16 2573.05 2541.54 2544.49 5840391
20060220 2550.40 2554.34 2528.74 2534.65 4380471
20060221 2542.52 2604.56 2535.63 2567.14 10747413
20060222 2557.30 2615.39 2554.34 2604.56 7767656
20060223 2612.44 2624.26 2574.04 2594.71 5858264
20060224 2584.87 2605.55 2572.07 2598.65 4590583
20060227 2593.73 2634.10 2593.73 2629.18 5772452
20060228 2629.18 2643.95 2586.84 2594.71 11206532
20060301 2585.85 2614.41 2580.93 2607.52 7398411
20060302 2589.79 2619.33 2576.01 2594.71 7839657
20060303 2594.71 2613.42 2576.01 2598.65 4943783
20060306 2609.49 2629.18 2603.58 2618.35 8819843
20060307 2619.33 2621.30 2592.75 2604.56 12181234
20060308 2609.49 2691.22 2606.53 2672.51 26316340
20060309 2704.02 2797.57 2688.26 2788.70 20638128
20060310 2794.61 2834.98 2754.24 2834.98 17672082
20060313 2880.28 2931.49 2865.51 2899.98 21049112
20060314 2908.84 2912.78 2859.60 2878.31 16010782
20060315 2891.11 2891.11 2823.17 2840.89 13301054
20060316 2826.12 2859.60 2815.29 2856.65 9258347
20060317 2856.65 2863.54 2842.86 2856.65 11270713
20060320 2864.53 2875.36 2825.14 2839.91 4833091
20060321 2849.75 2869.45 2835.97 2840.89 3807917
20060322 2880.28 2912.78 2843.85 2875.36 6939292
20060323 2866.49 2902.93 2866.49 2877.33 6486063
20060324 2876.34 2930.50 2871.42 2929.52 6812148
20060327 2911.79 2938.38 2846.80 2854.68 11728919
20060328 2866.49 2884.22 2846.80 2852.71 10800423
20060329 2874.37 2900.96 2858.62 2862.56 5940217
20060330 2855.66 2893.08 2855.66 2872.40 4405758
20060331 2856.65 2875.36 2840.89 2855.66 5066967
20060403 2855.66 2888.16 2833.01 2862.56 7241512
20060404 2846.80 2872.40 2838.92 2855.66 7122493
20060405 2856.65 2891.11 2836.95 2879.30 7929531
20060406 2879.30 2904.90 2871.42 2877.33 7818433
20060407 2877.33 2913.76 2875.36 2894.07 9784897
20060410 2881.27 2901.94 2871.42 2877.33 6616862
20060411 2892.10 2894.07 2859.60 2865.51 6551056
20060412 2867.48 2890.13 2867.48 2880.28 7137319
20060413 2882.25 2898.01 2875.36 2895.05 4700057
20060414 2895.05 2895.05 2895.05 2895.05 0
20060417 2895.05 2895.05 2895.05 2895.05 0
20060418 2870.43 2892.10 2870.43 2881.27 9206758
20060419 2899.98 2904.90 2875.36 2902.93 4894936
20060420 2903.91 2957.09 2888.16 2944.29 9419105
20060421 2939.36 2988.60 2927.55 2986.63 8217433
20060424 2960.04 2983.68 2936.41 2946.26 4284808
20060425 2957.09 2985.65 2941.33 2954.13 6219081
20060426 2963.98 2981.71 2930.50 2945.27 6896843
20060427 2941.33 3029.96 2919.67 3008.29 18472518
20060428 3008.29 3021.09 2956.10 2983.68 6434271
20060501 2983.68 2983.68 2983.68 2983.68 0
20060502 2977.77 2981.71 2939.36 2966.94 5309271
20060503 2968.90 2982.69 2922.62 2928.53 7387545
20060504 2898.01 2917.70 2876.34 2907.85 10989819
20060505 2896.04 2903.91 2872.40 2885.20 9493848
20060508 2881.27 2900.96 2861.57 2882.25 3528445
20060509 2886.19 2921.64 2881.27 2909.82 6749490
20060510 2897.02 2914.75 2888.16 2897.02 5283578
20060511 2903.91 2908.84 2850.74 2856.65 5953521
20060512 2853.69 2858.62 2810.37 2813.32 8605161
20060515 2792.64 2820.21 2752.27 2806.43 10773613
20060516 2820.21 2863.40 2802.11 2855.66 8579570
20060517 2855.66 2871.84 2782.79 2782.79 8128371
20060518 2765.07 2841.32 2749.31 2772.95 10149471
20060519 2772.95 2782.55 2742.42 2758.18 12070745
20060522 2764.08 2764.08 2704.94 2714.85 7728254
20060523 2714.85 2785.75 2704.82 2778.86 8065104
20060524 2763.10 2801.50 2735.53 2752.27 7075169
20060525 2781.81 2792.64 2755.12 2769.99 3873723
20060526 2768.02 2810.37 2753.25 2805.44 6005211
20060529 2805.44 2805.44 2805.44 2805.44 0
20060530 2803.47 2803.47 2725.68 2730.60 6041668
20060531 2722.73 2784.76 2703.03 2780.82 10174859
20060601 2779.84 2820.21 2746.85 2820.21 6947924
20060602 2826.12 2854.97 2820.21 2851.72 6999614
20060605 2846.80 2883.24 2836.95 2869.45 4736921
20060606 2848.77 2869.60 2767.04 2844.83 6618893
20060607 2840.89 2871.87 2826.07 2870.43 4576467
20060608 2828.09 2870.43 2773.93 2775.90 8108061
20060609 2806.43 2877.57 2775.90 2864.53 13805466
20060612 2863.54 2884.47 2844.24 2880.28 8759419
20060613 2855.66 2898.47 2845.82 2897.02 12677318
20060614 2890.13 3035.37 2852.49 2969.89 17778814
20060615 3015.19 3072.30 2985.65 3016.17 16919170
20060616 3046.70 3044.51 2863.79 2985.65 14917264
20060619 3002.39 3045.86 2989.46 3027.00 3803957
20060620 3011.25 3083.26 3009.33 3082.15 7178854
20060621 3087.07 3097.90 3040.79 3056.54 7061358
20060622 3075.25 3103.27 3048.18 3067.38 11650622
20060623 3062.45 3092.98 3049.80 3074.27 6327539
20060626 3082.15 3088.45 3059.65 3067.38 10373801
20060627 3095.93 3095.93 3044.80 3045.71 6312611
20060628 3030.94 3100.86 3026.02 3083.13 5216452
20060629 3102.83 3195.39 3097.90 3192.43 8958259
20060630 3193.42 3238.72 3180.62 3214.10 8599169
20060703 3204.25 3220.99 3196.37 3214.10 4776628
20060704 3203.27 3203.27 3154.03 3169.79 6057307
20060705 3162.89 3192.43 3125.47 3145.17 5252097
20060706 3147.14 3208.19 3147.14 3196.37 8430389
20060707 3196.37 3205.24 3167.82 3193.42 4735093
20060710 3209.17 3233.79 3176.68 3229.85 6511958
20060711 3227.88 3241.67 3188.50 3198.34 4986842
20060712 3206.22 3226.90 3181.60 3203.27 5432251
20060713 3182.59 3187.51 3116.61 3131.38 6907810
20060714 3111.69 3112.67 3071.31 3075.25 4729406
20060717 3069.35 3081.16 3037.83 3053.59 6880899
20060718 3055.56 3077.22 3039.80 3065.41 4259623
20060719 3082.15 3123.50 3038.82 3110.70 6830224
20060720 3115.63 3146.15 3115.63 3129.41 5303279
20060721 3128.43 3163.88 3121.54 3144.18 6833068
20060724 3174.71 3278.10 3161.91 3263.33 9619976
20060725 3261.36 3281.06 3223.95 3239.70 7826963
20060726 3236.75 3272.20 3225.91 3269.24 5564879
20060727 3286.97 3299.77 3056.54 3159.94 18946262
20060728 3159.94 3218.04 3145.17 3208.19 6138753
20060731 3208.19 3244.62 3208.19 3219.02 7555614
20060801 3239.70 3239.70 3173.72 3185.54 7982237
20060802 3181.60 3186.53 3108.73 3160.92 6800571
20060803 3160.92 3160.92 3160.92 3160.92 0
20060804 3134.34 3170.77 3122.52 3167.82 5942248
20060807 3134.34 3188.50 3134.34 3147.14 4744842
20060808 3169.79 3172.74 3146.15 3156.00 8075868
20060809 3198.00 3218.00 3154.00 3213.00 7756900
20060810 3190.00 3226.00 3154.00 3212.00 5382700
20060811 3206.00 3214.00 3178.00 3195.00 6094600
20060814 3201.00 3249.00 3200.00 3249.00 4054800
20060815 3248.00 3283.00 3226.00 3279.00 5774000
20060816 3278.00 3293.00 3251.00 3282.00 8800200
20060817 3278.00 3307.00 3278.00 3295.00 5405100
20060818 3299.00 3330.00 3283.00 3320.00 4346900
20060821 3320.00 3352.00 3320.00 3343.00 3941800
20060822 3350.00 3350.00 3304.00 3332.00 4890700
20060823 3318.00 3339.00 3317.00 3331.00 4379000
20060824 3336.00 3346.00 3311.00 3340.00 6412400
20060825 3342.00 3351.00 3319.00 3331.00 3941900
20060828 3331.00 3331.00 3331.00 3331.00 0
20060829 3349.00 3374.00 3340.00 3367.00 4888200
20060830 3369.00 3414.00 3369.00 3385.00 7519700
20060831 3407.00 3416.00 3363.00 3404.00 7662700
20060901 3406.00 3444.00 3403.00 3435.00 3788700
20060904 3436.00 3446.00 3417.00 3429.00 2928700
20060905 3423.00 3439.00 3376.00 3391.00 7397400
20060906 3397.00 3398.00 3349.00 3360.00 5900100
20060907 3367.00 3382.00 3332.00 3345.00 5625500
20060908 3299.00 3320.00 3276.00 3300.00 7135600
20060911 3273.00 3300.00 3266.00 3294.00 4789300
20060912 3302.00 3367.00 3294.00 3356.00 4994100
20060913 3368.00 3368.00 3308.00 3328.00 4134900
20060914 3326.00 3360.00 3310.00 3330.00 5951400
20060915 3330.00 3345.00 3295.00 3295.00 7088900
20060918 3323.00 3352.00 3300.00 3324.00 4317900
20060919 3332.00 3347.00 3286.00 3292.00 5074300
20060920 3297.00 3346.00 3282.00 3339.00 4246900
20060921 3339.00 3357.00 3305.00 3342.00 4598700
20060922 3315.00 3343.00 3302.00 3324.00 2893300
20060925 3332.00 3365.00 3296.00 3308.00 7851100
20060926 3320.00 3338.00 3299.00 3313.00 6018800
20060927 3325.00 3340.00 3308.00 3338.00 5885700
20060928 3345.00 3369.00 3335.00 3355.00 2542300
20060929 3365.00 3365.00 3329.00 3338.00 4149800
20061002 3356.00 3364.00 3322.00 3335.00 4623300
20061003 3324.00 3349.00 3310.00 3349.00 3985300
20061004 3354.00 3360.00 3305.00 3345.00 5444200
20061005 3360.00 3378.00 3326.00 3353.00 8770700
20061006 3359.00 3372.00 3294.00 3300.00 6636400
20061009 3305.00 3322.00 3293.00 3312.00 4940100
20061010 3317.00 3328.00 3293.00 3296.00 7803000
20061011 3310.00 3315.00 3281.00 3288.00 8922600
20061012 3280.00 3345.00 3280.00 3335.00 6444300
20061013 3340.00 3360.00 3325.00 3353.00 5961100
20061016 3344.00 3379.00 3337.00 3368.00 4744800
20061017 3374.00 3387.00 3368.00 3376.00 4105100
20061018 3381.00 3432.00 3381.00 3422.00 6843800
20061019 3408.00 3524.00 3408.00 3509.00 11957400
20061020 3508.00 3530.00 3477.00 3504.00 6363300
20061023 3507.00 3527.00 3490.00 3498.00 5173400
20061024 3495.00 3523.00 3472.00 3487.00 4932800
20061025 3480.00 3529.00 3456.00 3529.00 6548300
20061026 3380.00 3434.00 3224.00 3262.00 32017400
20061027 3268.00 3268.00 3106.00 3139.00 21311400
20061030 3117.00 3158.00 3105.00 3151.00 10068000
20061031 3137.00 3156.00 3097.00 3098.00 10651600
20061101 3089.00 3168.00 3089.00 3152.00 10692700
20061102 3144.00 3218.00 3134.00 3200.00 10299800
20061103 3201.00 3217.00 3186.00 3190.00 7809400
20061106 3161.00 3219.00 3161.00 3216.00 4169000
20061107 3208.00 3240.00 3208.00 3226.00 6014700
20061108 3211.00 3224.00 3151.00 3162.00 6987100
20061109 3161.00 3161.00 3060.00 3075.00 15595800
20061110 3055.00 3055.00 2978.00 3010.00 19935900
20061113 3018.00 3081.00 3005.00 3066.00 8755400
20061114 3066.00 3089.00 3050.00 3058.00 5076100
20061115 3086.00 3098.00 3061.00 3070.00 4826400
20061116 3080.00 3102.00 3067.00 3080.00 4742500
20061117 3090.00 3090.00 3028.00 3035.00 5807600
20061120 3040.00 3042.00 3005.00 3031.00 7106400
20061121 3025.00 3029.00 2987.00 3010.00 10934100
20061122 2983.00 3024.00 2980.00 3000.00 10177800
20061123 3012.00 3012.00 2960.00 2990.00 8295300
20061124 2979.00 2993.00 2965.00 2973.00 6344300
20061127 2965.00 2975.00 2906.00 2919.00 9632700
20061128 2924.00 2952.00 2885.00 2931.00 10159600
20061129 2950.00 3038.00 2933.00 3008.00 11878700
20061130 3004.00 3020.00 2944.00 2950.00 10549000
20061201 2943.00 2950.00 2850.00 2890.00 16371400
20061204 2922.00 2945.00 2890.00 2905.00 14681200
20061205 2908.00 2929.00 2896.00 2899.00 6901000
20061206 2901.00 2910.00 2849.00 2870.00 10105400
20061207 2858.00 2912.00 2854.00 2901.00 9277700
20061208 2891.00 2920.00 2881.00 2914.00 5051200
20061211 2904.00 2904.00 2875.00 2892.00 7065000
20061212 2883.00 2936.00 2883.00 2925.00 8699000
20061213 2925.00 2933.00 2887.00 2900.00 8806100
20061214 2908.00 2918.00 2874.00 2889.00 8198300
20061215 2894.00 2903.00 2866.00 2871.00 17614200
20061218 2873.00 2899.00 2852.00 2864.00 6578700
20061219 2856.00 2872.00 2707.00 2738.00 23076400
20061220 2739.00 2744.00 2717.00 2735.00 10974700
20061221 2729.00 2742.00 2722.00 2728.00 5335500
20061222 2702.00 2753.00 2702.00 2737.00 2653900
20061225 2737.00 2737.00 2737.00 2737.00 0
20061226 2737.00 2737.00 2737.00 2737.00 0
20061227 2714.00 2757.00 2714.00 2750.00 3086300
20061228 2755.00 2755.00 2736.00 2747.00 6612600
20061229 2742.00 2753.00 2732.00 2744.00 4383700
20070101 2744.00 2744.00 2744.00 2744.00 0
20070102 2754.00 2785.00 2733.00 2774.00 3522200
20070103 2769.00 2787.00 2748.00 2787.00 8474800
20070104 2765.00 2855.00 2765.00 2846.00 13362700
20070105 2832.00 2896.00 2832.00 2858.00 11039500
20070108 2880.00 2897.00 2800.00 2804.00 7415000
20070109 2814.00 2829.00 2797.00 2806.00 7499000
20070110 2788.00 2822.00 2780.00 2794.00 7768900
20070111 2805.00 2841.00 2784.00 2836.00 11059600
20070112 2840.00 2887.00 2840.00 2873.00 13548200
20070115 2889.00 2910.00 2883.00 2896.00 5217400
20070116 2885.00 2933.00 2885.00 2914.00 7539900
20070117 2906.00 2936.00 2893.00 2898.00 8547900
20070118 2909.00 2922.00 2875.00 2885.00 6573800
20070119 2892.00 2893.00 2853.00 2890.00 6724800
20070122 2881.00 2887.00 2839.00 2850.00 7201300
20070123 2841.00 2863.00 2828.00 2834.00 5843400
20070124 2833.00 2896.00 2825.00 2882.00 8809100
20070125 2880.00 2892.00 2842.00 2844.00 7283800
20070126 2823.00 2832.00 2789.00 2804.00 9866300
20070129 2796.00 2831.00 2772.00 2811.00 6513700
20070130 2812.00 2850.00 2810.00 2826.00 5572800
20070131 2823.00 2851.00 2811.00 2840.00 10626700
20070201 2838.00 2953.00 2800.00 2903.00 19738200
20070202 2918.00 2968.00 2914.00 2935.00 9663100
20070205 2940.00 2953.00 2929.00 2944.00 5362800
20070206 2944.00 2991.00 2935.00 2984.00 12145200
20070207 2923.00 2951.00 2913.00 2950.00 8897200
20070208 2962.00 2962.00 2926.00 2935.00 4762700
20070209 2946.00 2947.00 2910.00 2923.00 6542600
20070212 2899.00 2924.00 2891.00 2921.00 6780500
20070213 2916.00 2941.00 2915.00 2932.00 5129600
20070214 2931.00 2941.00 2917.00 2936.00 4688200
20070215 2929.00 2961.00 2907.00 2948.00 5136400
20070216 2938.00 2990.00 2938.00 2956.00 6586400
20070219 2956.00 2966.00 2929.00 2946.00 4511300
20070220 2946.00 2950.00 2920.00 2933.00 4086800
20070221 2948.00 2953.00 2905.00 2908.00 6510100
20070222 2913.00 2935.00 2903.00 2906.00 6183200
20070223 2907.00 2920.00 2895.00 2911.00 5186900
20070226 2903.00 2932.00 2903.00 2921.00 4599900
20070227 2920.00 2925.00 2874.00 2879.00 8664300
20070228 2839.00 2907.00 2829.00 2864.00 11930600
20070301 2856.00 2856.00 2780.00 2810.00 14006300
20070302 2812.00 2828.00 2778.00 2803.00 8579900
20070305 2774.00 2814.00 2747.00 2797.00 8442200
20070306 2815.00 2849.00 2788.00 2843.00 7975900
20070307 2852.00 2882.00 2824.00 2869.00 6362900
20070308 2889.00 2926.00 2876.00 2919.00 8505000
20070309 2923.00 2960.00 2895.00 2953.00 8814900
20070312 2930.00 2949.00 2914.00 2937.00 8988900
20070313 2926.00 2938.00 2901.00 2912.00 7778500
20070314 2877.00 2905.00 2848.00 2853.00 9052400
20070315 2879.00 2882.00 2843.00 2874.00 7925700
20070316 2874.00 2910.00 2871.00 2881.00 8983400
20070319 2871.00 2890.00 2756.00 2861.00 15746800
20070320 2849.00 2857.00 2809.00 2855.00 11055200
20070321 2867.00 2867.00 2824.00 2836.00 10113400
20070322 2872.00 2872.00 2801.00 2838.00 12801300
20070323 2838.00 2838.00 2789.00 2799.00 12042200
20070326 2805.00 2810.00 2752.00 2762.00 16095400
20070327 2770.00 2790.00 2734.00 2755.00 10648900
20070328 2741.00 2773.00 2708.00 2737.00 9402800
20070329 2733.00 2746.00 2718.00 2739.00 6734400
20070330 2743.00 2748.00 2721.00 2734.00 6872200
20070402 2737.00 2760.00 2702.00 2718.00 11911800
20070403 2724.00 2743.00 2714.00 2730.00 8900600
20070404 2729.00 2758.00 2701.00 2749.00 12399100
20070405 2744.00 2772.00 2728.00 2766.00 4324400
20070406 2766.00 2766.00 2766.00 2766.00 0
20070409 2766.00 2766.00 2766.00 2766.00 0
20070410 2770.00 2773.00 2723.00 2735.00 12052400
20070411 2724.00 2739.00 2710.00 2720.00 9800300
20070412 2728.00 2763.00 2705.00 2751.00 10613300
20070413 2752.00 2838.00 2752.00 2820.00 13979600
20070416 2849.00 2865.00 2816.00 2860.00 10564500
20070417 2859.00 2863.00 2830.00 2855.00 6917400
20070418 2836.00 2901.00 2836.00 2880.00 10846000
20070419 2852.00 2931.00 2852.00 2918.00 11341900
20070420 2942.00 2973.00 2934.00 2953.00 15897600
20070423 2897.00 2925.00 2820.00 2832.00 27897200
20070424 2810.00 2810.00 2755.00 2789.00 26027700
20070425 2775.00 2785.00 2747.00 2762.00 12504300
20070426 2774.00 2792.00 2746.00 2760.00 11811300
20070427 2751.00 2763.00 2721.00 2740.00 9599200
20070430 2726.00 2765.00 2725.00 2740.00 7979700
20070501 2723.00 2732.00 2702.00 2713.00 7019100
20070502 2722.00 2723.00 2668.00 2700.00 15540100
20070503 2701.00 2728.00 2650.00 2665.00 15865400
20070504 2685.00 2709.00 2662.00 2697.00 7048000
20070507 2697.00 2697.00 2697.00 2697.00 0
20070508 2704.00 2708.00 2663.00 2693.00 6926000
20070509 2700.00 2718.00 2691.00 2696.00 9549000
20070510 2702.00 2714.00 2678.00 2695.00 9394200
20070511 2677.00 2694.00 2672.00 2688.00 8833100
20070514 2689.00 2699.00 2665.00 2685.00 5372100
20070515 2680.00 2732.00 2680.00 2722.00 15595000
20070516 2710.00 2729.00 2705.00 2724.00 9626200
20070517 2727.00 2762.00 2725.00 2745.00 8314700
20070518 2765.00 2765.00 2738.00 2748.00 8348400
20070521 2745.00 2760.00 2719.00 2720.00 7850800
20070522 2716.00 2717.00 2696.00 2707.00 14110600
20070523 2714.00 2725.00 2695.00 2702.00 7814800
20070524 2685.00 2701.00 2674.00 2694.00 12647900
20070525 2696.00 2710.00 2673.00 2693.00 11474900
20070528 2693.00 2693.00 2693.00 2693.00 0
20070529 2718.00 2718.00 2673.00 2703.00 5849200
20070530 2677.00 2697.00 2671.00 2693.00 8042100
20070531 2701.00 2708.00 2676.00 2686.00 6548900
20070601 2686.00 2686.00 2686.00 2686.00 0
20070604 2676.00 2686.00 2664.00 2675.00 5807400
20070605 2673.00 2680.00 2635.00 2648.00 10367500
20070606 2635.00 2680.00 2623.00 2625.00 11640800
20070607 2632.00 2652.00 2595.00 2610.00 10294700
20070608 2586.00 2590.00 2558.00 2574.00 15768100
20070611 2571.00 2634.00 2571.00 2634.00 10930300
20070612 2629.00 2638.00 2616.00 2622.00 9354500
20070613 2612.00 2620.00 2585.00 2596.00 14337300
20070614 2611.00 2618.00 2577.00 2604.00 10090300
20070615 2612.00 2629.00 2594.00 2623.00 12646600
20070618 2623.00 2632.00 2611.00 2618.00 5363100
20070619 2625.00 2628.00 2597.00 2603.00 7968100
20070620 2610.00 2623.00 2586.00 2608.00 7847000
20070621 2597.00 2605.00 2568.00 2580.00 7993100
20070622 2585.00 2592.00 2552.00 2567.00 9959900
20070625 2564.00 2594.00 2555.00 2585.00 12546300
20070626 2565.00 2595.00 2565.00 2583.00 8415000
20070627 2583.00 2681.00 2582.00 2659.00 17355700
20070628 2666.00 2666.00 2631.00 2651.00 7695300
20070629 2668.00 2686.00 2621.00 2683.00 7255400
20070702 2674.00 2701.00 2656.00 2658.00 5726600
20070703 2652.00 2687.00 2644.00 2669.00 5117700
20070704 2657.00 2696.00 2657.00 2684.00 4475300
20070705 2695.00 2711.00 2664.00 2669.00 6616200
20070706 2679.00 2699.00 2673.00 2688.00 6585600
20070709 2684.00 2702.00 2649.00 2663.00 7908100
20070710 2657.00 2677.00 2627.00 2631.00 7218100
20070711 2648.00 2725.00 2631.00 2695.00 17118100
20070712 2707.00 2754.00 2693.00 2748.00 10524100
20070713 2770.00 2786.00 2750.00 2765.00 7679600
20070716 2772.00 2793.00 2752.00 2770.00 5657400
20070717 2774.00 2776.00 2745.00 2754.00 5718000
20070718 2722.00 2741.00 2685.00 2689.00 9223200
20070719 2729.00 2739.00 2698.00 2718.00 6881400
20070720 2725.00 2735.00 2700.00 2710.00 7206100
20070723 2702.00 2721.00 2690.00 2710.00 4380500
20070724 2713.00 2716.00 2664.00 2671.00 7654000
20070725 2669.00 2724.00 2655.00 2676.00 9173800
20070726 2669.00 2753.00 2582.00 2592.00 20411400
20070727 2562.00 2622.00 2549.00 2562.00 13847600
20070730 2564.00 2575.00 2540.00 2542.00 8618500
20070731 2547.00 2563.00 2535.00 2559.00 13066100
20070801 2537.00 2563.00 2506.00 2530.00 11344200
20070802 2547.00 2559.00 2530.00 2545.00 8199800
20070803 2544.00 2551.00 2506.00 2509.00 7727700
20070806 2492.00 2547.00 2483.00 2522.00 9185800
20070807 2538.00 2553.00 2488.00 2524.00 11574700
20070808 2518.00 2523.00 2482.00 2517.00 12092600
20070809 2513.00 2522.00 2200.00 2430.00 33036200
20070810 2415.00 2443.00 2350.00 2350.00 16619600
20070813 2370.00 2387.00 2354.00 2370.00 12651800
20070814 2364.00 2376.00 2352.00 2359.00 16423500
20070815 2351.00 2351.00 2315.00 2330.00 12546100
20070816 2298.00 2306.00 2250.00 2278.00 19626900
20070817 2260.00 2350.00 2246.00 2336.00 15520400
20070820 2341.00 2395.00 2341.00 2354.00 7164400
20070821 2365.00 2383.00 2331.00 2378.00 6472700
20070822 2391.00 2410.00 2373.00 2404.00 7264700
20070823 2410.00 2443.00 2397.00 2412.00 6800600
20070824 2415.00 2446.00 2415.00 2433.00 6573600
20070827 2433.00 2433.00 2433.00 2433.00 0
20070828 2406.00 2419.00 2375.00 2387.00 5650500
20070829 2388.00 2407.00 2358.00 2391.00 7905700
20070830 2397.00 2419.00 2370.00 2417.00 6465600
20070831 2425.00 2446.00 2398.00 2445.00 8066000
20070903 2455.00 2464.00 2418.00 2432.00 3858400
20070904 2419.00 2468.00 2411.00 2466.00 6790600
20070905 2455.00 2466.00 2417.00 2424.00 5691100
20070906 2441.00 2448.00 2388.00 2425.00 8035100
20070907 2400.00 2428.00 2373.00 2373.00 14480900
20070910 2382.00 2396.00 2341.00 2345.00 4885000
20070911 2366.00 2393.00 2354.00 2393.00 5621000
20070912 2380.00 2392.00 2367.00 2387.00 3634500
20070913 2393.00 2393.00 2365.00 2388.00 7624300
20070914 2367.00 2392.00 2349.00 2375.00 8244800
20070917 2375.00 2382.00 2352.00 2362.00 7038200
20070918 2348.00 2375.00 2341.00 2360.00 7335600
20070919 2391.00 2433.00 2367.00 2418.00 8835700
20070920 2407.00 2431.00 2394.00 2416.00 6189100
20070921 2423.00 2446.00 2420.00 2427.00 11254500
20070924 2423.00 2461.00 2415.00 2437.00 7679300
20070925 2433.00 2466.00 2425.00 2430.00 9754700
20070926 2431.00 2447.00 2402.00 2417.00 8636000
20070927 2429.00 2429.00 2401.00 2420.00 5873700
20070928 2412.00 2463.00 2408.00 2449.00 11006900
20071001 2433.00 2492.00 2427.00 2475.00 9257700
20071002 2476.00 2553.00 2472.00 2510.00 11917500
20071003 2505.00 2540.00 2505.00 2525.00 4622100
20071004 2524.00 2589.00 2517.00 2570.00 10901400
20071005 2571.00 2585.00 2542.00 2574.00 8846300
20071008 2571.00 2579.00 2544.00 2568.00 5219700
20071009 2561.00 2576.00 2546.00 2567.00 7960600
20071010 2567.00 2570.00 2543.00 2561.00 5728700
20071011 2560.00 2606.00 2547.00 2589.00 10465700
20071012 2582.00 2591.00 2557.00 2580.00 7954000
20071015 2575.00 2599.00 2551.00 2558.00 15453800
20071016 2549.00 2568.00 2525.00 2539.00 8236900
20071017 2551.00 2574.00 2536.00 2558.00 6985000
20071018 2563.00 2588.00 2554.00 2554.00 7561300
20071019 2521.00 2535.00 2447.00 2461.00 14831800
20071022 2412.00 2450.00 2402.00 2437.00 11491600
20071023 2446.00 2478.00 2427.00 2458.00 9094400
20071024 2448.00 2448.00 2369.00 2409.00 18053000
20071025 2429.00 2429.00 2390.00 2400.00 13082400
20071026 2388.00 2396.00 2353.00 2375.00 10637300
20071029 2375.00 2379.00 2338.00 2359.00 9859200
20071030 2355.00 2364.00 2332.00 2356.00 6219300
20071031 2365.00 2375.00 2335.00 2373.00 7525300
20071101 2320.00 2422.00 2296.00 2330.00 11851200
20071102 2323.00 2356.00 2290.00 2295.00 8394200
20071105 2296.00 2303.00 2239.00 2282.00 6505400
20071106 2297.00 2297.00 2245.00 2259.00 6949700
20071107 2258.00 2277.00 2229.00 2236.00 5003900
20071108 2232.00 2235.00 2180.00 2180.00 9126700
20071109 2193.00 2205.00 2135.00 2146.00 7436600
20071112 2148.00 2161.00 2121.00 2155.00 6519500
20071113 2131.00 2232.00 2124.00 2192.00 8734100
20071114 2214.00 2238.00 2193.00 2231.00 6387800
20071115 2233.00 2233.00 2182.00 2205.00 5410000
20071116 2192.00 2225.00 2177.00 2193.00 5891100
20071119 2190.00 2194.00 2124.00 2153.00 5694500
20071120 2155.00 2161.00 2102.00 2144.00 7653000
20071121 2120.00 2143.00 2090.00 2093.00 7076200
20071122 2103.00 2267.00 2092.00 2231.00 12087000
20071123 2226.00 2343.00 2225.00 2275.00 13975800
20071126 2275.00 2275.00 2225.00 2232.00 7831000
20071127 2208.00 2258.00 2207.00 2243.00 5707200
20071128 2244.00 2279.00 2222.00 2271.00 7262300
20071129 2255.00 2287.00 2224.00 2277.00 8012500
20071130 2280.00 2331.00 2257.00 2310.00 8799900
20071203 2302.00 2314.00 2278.00 2292.00 6101400
20071204 2286.00 2296.00 2252.00 2262.00 4688900
20071205 2281.00 2301.00 2256.00 2301.00 5395200
20071206 2284.00 2312.00 2250.00 2290.00 7309400
20071207 2301.00 2324.00 2286.00 2299.00 4828700
20071210 2300.00 2332.00 2283.00 2316.00 5076100
20071211 2303.00 2304.00 2283.00 2298.00 5007100
20071212 2275.00 2308.00 2264.00 2296.00 6725800
20071213 2275.00 2305.00 2262.00 2269.00 9647900
20071214 2251.00 2289.00 2251.00 2269.00 4727500
20071217 2243.00 2253.00 2222.00 2222.00 4663500
20071218 2210.00 2256.00 2207.00 2218.00 7104900
20071219 2216.00 2234.00 2205.00 2216.00 3865500
20071220 2225.00 2237.00 2208.00 2217.00 5114500
20071221 2243.00 2243.00 2199.00 2210.00 10375800
20071224 2215.00 2224.00 2190.00 2210.00 1184500
20071225 2210.00 2210.00 2210.00 2210.00 0
20071226 2210.00 2210.00 2210.00 2210.00 0
20071227 2203.00 2209.00 2174.00 2192.00 4549100
20071228 2181.00 2195.00 2154.00 2175.00 3442000
20071231 2175.00 2179.00 2152.00 2164.00 1190400
20080101 2164.00 2164.00 2164.00 2164.00 0
20080102 2163.00 2179.00 2141.00 2147.00 3717000
20080103 2142.00 2176.00 2132.00 2167.00 6949300
20080104 2160.00 2175.00 2107.00 2110.00 6597700
20080107 2109.00 2175.00 2109.00 2170.00 8617500
20080108 2182.00 2282.00 2155.00 2234.00 12782200
20080109 2233.00 2334.00 2231.00 2301.00 14336400
20080110 2305.00 2321.00 2256.00 2297.00 6894100
20080111 2310.00 2345.00 2295.00 2318.00 10183600
20080114 2303.00 2320.00 2271.00 2308.00 5981400
20080115 2280.00 2298.00 2220.00 2227.00 9244800
20080116 2256.00 2325.00 2250.00 2299.00 15166700
20080117 2302.00 2336.00 2282.00 2298.00 10966500
20080118 2300.00 2395.00 2291.00 2345.00 13371000
20080121 2314.00 2345.00 2206.00 2218.00 12568900
20080122 2175.00 2241.00 2094.00 2201.00 15676800
20080123 2251.00 2251.00 2131.00 2174.00 12287700
20080124 2231.00 2232.00 2148.00 2217.00 9130000
20080125 2250.00 2259.00 2162.00 2180.00 8227900
20080128 2169.00 2187.00 2137.00 2151.00 6464600
20080129 2178.00 2194.00 2155.00 2180.00 6370200
20080130 2162.00 2162.00 2116.00 2120.00 6705400
20080131 2103.00 2129.00 2014.00 2094.00 16354800
20080201 2067.00 2094.00 2056.00 2085.00 11980900
20080204 2100.00 2112.00 2080.00 2099.00 6233800
20080205 2105.00 2125.00 2060.00 2065.00 6942800
20080206 2015.00 2046.00 2000.00 2028.00 8518300
20080207 2020.00 2025.00 1954.00 1979.00 10711800
20080208 1986.00 1992.00 1920.00 1947.00 8313600
20080211 1943.00 1970.00 1922.00 1929.00 7343000
20080212 1937.00 1960.00 1889.00 1955.00 12733900
20080213 1956.00 2012.00 1944.00 1996.00 7459700
20080214 1996.00 2005.00 1940.00 1945.00 6747700
20080215 1941.00 1975.00 1941.00 1954.00 6910400
20080218 1965.00 2006.00 1965.00 2000.00 4921300
20080219 1988.00 2034.00 1983.00 2023.00 10980600
20080220 2010.00 2023.00 1993.00 1998.00 9936500
20080221 2012.00 2045.00 2000.00 2036.00 5443600
20080222 2031.00 2038.00 1997.00 2007.00 6266500
20080225 2017.00 2035.00 1984.00 1999.00 16022000
20080226 1998.00 2014.00 1982.00 2007.00 15112900
20080227 2015.00 2021.00 1956.00 1980.00 7278300
20080228 1973.00 1996.00 1931.00 1931.00 7103900
20080229 1937.00 1957.00 1893.00 1893.00 9375100
20080303 1879.00 1913.00 1866.00 1878.00 7948800
20080304 1873.00 1892.00 1837.00 1855.00 5665400
20080305 1860.00 1886.00 1853.00 1872.00 5831200
20080306 1878.00 1882.00 1835.00 1842.00 6222900
20080307 1825.00 1865.00 1815.00 1852.00 8279300
20080310 1846.00 1858.00 1818.00 1821.00 6277200
20080311 1828.00 1851.00 1817.00 1833.00 6996800
20080312 1860.00 1896.00 1843.00 1895.00 6702000
20080313 1880.00 1890.00 1837.00 1845.00 6829600
20080314 1836.00 1851.00 1772.00 1790.00 11003500
20080317 1757.00 1799.00 1743.00 1748.00 12056900
20080318 1765.00 1793.00 1753.00 1789.00 7196500
20080319 1812.00 1849.00 1794.00 1842.00 8817800
20080320 1834.00 1895.00 1831.00 1879.00 12030000
20080321 1879.00 1879.00 1879.00 1879.00 0
20080324 1879.00 1879.00 1879.00 1879.00 0
20080325 1940.00 1945.00 1907.00 1932.00 7582900
20080326 1905.00 1926.00 1844.00 1845.00 6578000
20080327 1848.00 1877.00 1838.00 1867.00 4042600
20080328 1870.00 1885.00 1840.00 1848.00 4257800
20080331 1900.00 1900.00 1863.00 1884.00 11106600
20080401 1904.00 2020.00 1890.00 2014.00 13738100
20080402 2036.00 2063.00 2021.00 2049.00 9773900
20080403 2048.00 2069.00 2031.00 2050.00 7444600
20080404 2052.00 2122.00 2052.00 2110.00 11399400
20080407 2116.00 2129.00 2062.00 2085.00 8499300
20080408 2059.00 2071.00 2012.00 2021.00 9788400
20080409 2015.00 2058.00 2015.00 2025.00 6596300
20080410 2016.00 2060.00 2013.00 2036.00 6565400
20080411 2050.00 2050.00 1998.00 2001.00 5470300
20080414 1986.00 2008.00 1981.00 1981.00 3546800
20080415 2130.00 2196.00 2113.00 2122.00 23083000
20080416 2128.00 2152.00 2096.00 2136.00 10083200
20080417 2140.00 2140.00 2066.00 2075.00 7719900
20080418 2060.00 2091.00 2052.00 2084.00 8010900
20080421 2095.00 2136.00 2087.00 2100.00 7021400
20080422 2085.00 2116.00 2069.00 2077.00 5431000
20080423 2070.00 2145.00 2069.00 2132.00 9385800
20080424 2163.00 2175.00 2016.00 2120.00 12751700
20080425 2133.00 2146.00 2093.00 2119.00 6986000
20080428 2123.00 2151.00 2115.00 2121.00 3198700
20080429 2102.00 2109.00 2084.00 2092.00 3216100
20080430 2098.00 2150.00 2088.00 2128.00 4671600
20080501 2126.00 2126.00 2085.00 2103.00 2544700
20080502 2111.00 2140.00 2104.00 2127.00 4607500
20080506 2139.00 2147.00 2076.00 2085.00 4516700
20080507 2105.00 2119.00 2090.00 2101.00 3374400
20080508 2093.00 2121.00 2088.00 2110.00 3109800
20080509 2104.00 2114.00 2064.00 2081.00 5149900
20080512 2084.00 2097.00 2071.00 2075.00 1424500
20080513 2095.00 2108.00 2062.00 2091.00 3547900
20080514 2125.00 2149.00 2095.00 2130.00 5770000
20080515 2134.00 2181.00 2126.00 2170.00 7448000
20080516 2202.00 2236.00 2185.00 2225.00 10034900
20080519 2219.00 2306.00 2210.00 2289.00 7652600
20080520 2297.00 2401.00 2263.00 2263.00 10550500
20080521 2261.00 2279.00 2242.00 2259.00 5064600
20080522 2233.00 2247.00 2219.00 2222.00 3857200
20080523 2207.00 2232.00 2176.00 2178.00 4952100
20080527 2190.00 2203.00 2170.00 2178.00 4156400
20080528 2190.00 2207.00 2168.00 2180.00 3814000
20080529 2181.00 2208.00 2174.00 2206.00 4205200
20080530 2218.00 2237.00 2202.00 2205.00 4978900
20080602 2211.00 2211.00 2168.00 2180.00 3552400
20080603 2197.00 2205.00 2167.00 2200.00 2595200
20080604 2189.00 2193.00 2159.00 2180.00 3153100
20080605 2191.00 2215.00 2177.00 2194.00 3602700
20080606 2185.00 2215.00 2131.00 2139.00 3968200
20080610 2119.00 2138.00 2095.00 2112.00 4292000
20080611 2110.00 2147.00 2075.00 2083.00 4678000
20080612 2073.00 2126.00 2059.00 2116.00 4224400
20080613 2085.00 2115.00 2082.00 2106.00 4190900
20080616 2139.00 2139.00 2075.00 2087.00 2793400
20080617 2092.00 2127.00 2076.00 2096.00 3422900
20080618 2085.00 2135.00 2069.00 2108.00 5882900
20080619 2095.00 2152.00 2089.00 2117.00 5743000
20080620 2120.00 2132.00 2092.00 2092.00 6171800
20080623 2091.00 2167.00 2088.00 2157.00 5156400
20080624 2159.00 2180.00 2117.00 2133.00 5930500
20080625 2138.00 2176.00 2138.00 2173.00 5324400
20080626 2165.00 2199.00 2147.00 2150.00 4893300
20080627 2147.00 2166.00 2095.00 2102.00 4848200
20080630 2105.00 2146.00 2091.00 2142.00 4267700
20080701 2124.00 2143.00 2089.00 2130.00 5316800
20080702 2201.00 2287.00 2201.00 2233.00 12363700
20080703 2228.00 2326.00 2217.00 2314.00 10606700
20080704 2330.00 2380.00 2300.00 2356.00 5411700
20080707 2358.00 2365.00 2314.00 2350.00 5589400
20080708 2309.00 2409.00 2309.00 2390.00 8120500
20080709 2404.00 2460.00 2397.00 2457.00 7654500
20080710 2418.00 2452.00 2366.00 2366.00 8059300
20080711 2366.00 2369.00 2292.00 2292.00 5794900
20080714 2318.00 2333.00 2260.00 2264.00 5183200
20080715 2264.00 2293.00 2236.00 2276.00 5469300
20080716 2292.00 2292.00 2231.00 2254.00 6676600
20080717 2235.00 2253.00 2200.00 2233.00 6926400
20080718 2213.00 2286.00 2213.00 2272.00 6600700
20080721 2263.00 2305.00 2223.00 2289.00 6298700
20080722 2303.00 2334.00 2248.00 2324.00 6137200
20080723 2312.00 2334.00 2276.00 2315.00 6506900
20080724 2312.00 2354.00 2284.00 2346.00 5018900
20080725 2324.00 2391.00 2324.00 2365.00 7258000
20080728 2353.00 2353.00 2278.00 2284.00 4962500
20080729 2269.00 2325.00 2256.00 2314.00 2024900
20080730 2334.00 2407.00 2334.00 2390.00 5416200
20080731 2387.00 2507.00 2318.00 2468.00 14082500
20080801 2450.00 2511.00 2419.00 2437.00 9849800
20080804 2406.00 2500.00 2406.00 2487.00 7625700
20080805 2525.00 2554.00 2504.00 2549.00 7488600
20080806 2536.00 2557.00 2504.00 2543.00 8575400
20080807 2555.00 2560.00 2525.00 2545.00 6942900
20080808 2540.00 2593.00 2531.00 2593.00 4806100
20080811 2555.00 2594.00 2542.00 2581.00 7011100
20080812 2538.00 2586.00 2538.00 2562.00 4367800
20080813 2550.00 2623.00 2536.00 2605.00 8586800
20080814 2619.00 2639.00 2594.00 2619.00 5284000
20080815 2636.00 2668.00 2604.00 2614.00 4700200
20080818 2605.00 2657.00 2583.00 2637.00 4081100
20080819 2611.00 2638.00 2589.00 2605.00 5189500
20080820 2603.00 2610.00 2558.00 2575.00 2522800
20080821 2543.00 2580.00 2540.00 2560.00 2637300
20080822 2572.00 2651.00 2570.00 2651.00 4849600
20080826 2604.00 2662.00 2593.00 2654.00 5141400
20080827 2640.00 2659.00 2616.00 2647.00 3915400
20080828 2656.00 2704.00 2645.00 2689.00 4501500
20080829 2740.00 2740.00 2675.00 2693.00 3751300
20080901 2674.00 2753.00 2668.00 2736.00 2871900
20080902 2753.00 2796.00 2730.00 2766.00 5500000
20080903 2787.00 2788.00 2683.00 2692.00 5429700
20080904 2666.00 2704.00 2616.00 2624.00 4275500
20080905 2626.00 2650.00 2592.00 2605.00 6348700
20080908 2613.00 2638.00 2562.00 2609.00 2473700
20080909 2621.00 2678.00 2614.00 2628.00 7667000
20080910 2630.00 2660.00 2609.00 2642.00 5894400
20080911 2596.00 2600.00 2507.00 2566.00 9212700
20080912 2607.00 2607.00 2507.00 2556.00 4797700
20080915 2561.00 2561.00 2475.00 2505.00 8225900
20080916 2505.00 2537.00 2420.00 2441.00 10164800
20080917 2410.00 2491.00 2410.00 2455.00 6856800
20080918 2420.00 2448.00 2397.00 2415.00 10108300
20080919 2300.00 2499.00 2300.00 2471.00 6913200
20080922 2484.00 2538.00 2473.00 2521.00 6050300
20080923 2517.00 2555.00 2493.00 2537.00 5769000
20080924 2534.00 2545.00 2459.00 2460.00 5458900
20080925 2481.00 2543.00 2454.00 2534.00 5149600
20080926 2528.00 2535.00 2491.00 2517.00 5514700
20080929 2472.00 2518.00 2425.00 2432.00 7843500
20080930 2396.00 2490.00 2392.00 2460.00 9590600
20081001 2482.00 2533.00 2473.00 2527.00 6682900
20081002 2549.00 2603.00 2501.00 2535.00 5993500
20081003 2560.00 2577.00 2513.00 2555.00 4872200
20081006 2456.00 2494.00 2391.00 2432.00 4525500
20081007 2452.00 2519.00 2429.00 2462.00 4180300
20081008 2391.00 2449.00 2257.00 2294.00 7701600
20081009 2340.00 2347.00 2178.00 2225.00 6685000
20081010 2037.00 2190.00 2015.00 2075.00 10589300
20081013 2121.00 2222.00 2107.00 2216.00 10021200
20081014 2299.00 2343.00 2224.00 2301.00 6489500
20081015 2318.00 2320.00 2182.00 2208.00 7824200
20081016 2130.00 2247.00 2095.00 2217.00 5461000
20081017 2310.00 2341.00 2199.00 2333.00 9349200
20081020 2386.00 2386.00 2293.00 2362.00 6711000
20081021 2400.00 2400.00 2269.00 2295.00 8396400
20081022 2237.00 2337.00 2237.00 2330.00 7541700
20081023 2344.00 2397.00 2300.00 2395.00 8832800
20081024 2369.00 2384.00 2200.00 2311.00 9567700
20081027 2210.00 2409.00 2209.00 2379.00 7988100
20081028 2421.00 2421.00 2326.00 2349.00 6597400
20081029 2412.00 2458.00 2373.00 2423.00 7331700
20081030 2439.00 2587.00 2367.00 2550.00 12718300
20081031 2550.00 2672.00 2529.00 2630.00 7480200
20081103 2662.00 2705.00 2598.00 2704.00 5664700
20081104 2700.00 2766.00 2685.00 2758.00 8123400
20081105 2776.00 2780.00 2612.00 2649.00 8738700
20081106 2621.00 2661.00 2587.00 2594.00 7790200
20081107 2620.00 2696.00 2574.00 2684.00 6596200
20081110 2780.00 2811.00 2750.00 2770.00 8799200
20081111 2761.00 2766.00 2697.00 2736.00 8297200
20081112 2749.00 2810.00 2742.00 2790.00 9365400
20081113 2757.00 2843.00 2723.00 2837.00 7736200
20081114 2875.00 2916.00 2868.00 2888.00 7145800
20081117 2872.00 2883.00 2792.00 2810.00 5605900
20081118 2785.00 2825.00 2761.00 2805.00 6246000
20081119 2755.00 2775.00 2487.00 2501.00 18082400
20081120 2428.00 2527.00 2405.00 2459.00 10868700
20081121 2450.00 2459.00 2227.00 2245.00 13845400
20081124 2290.00 2480.00 2269.00 2472.00 10228500
20081125 2487.00 2494.00 2350.00 2369.00 8495000
20081126 2365.00 2441.00 2365.00 2384.00 7323000
20081127 2438.00 2450.00 2306.00 2322.00 5334900
20081128 2322.00 2445.00 2321.00 2445.00 5763000
20081201 2430.00 2484.00 2406.00 2420.00 4514800
20081202 2384.00 2476.00 2380.00 2475.00 5256300
20081203 2450.00 2621.00 2446.00 2608.00 7298200
20081204 2609.00 2677.00 2531.00 2583.00 7275500
20081205 2559.00 2635.00 2546.00 2565.00 7194800
20081208 2658.00 2733.00 2646.00 2700.00 7152000
20081209 2651.00 2709.00 2651.00 2688.00 5173800
20081210 2682.00 2692.00 2612.00 2639.00 4139200
20081211 2623.00 2653.00 2579.00 2625.00 4891000
20081212 2552.00 2616.00 2536.00 2603.00 4812200
20081215 2616.00 2641.00 2518.00 2538.00 4984800
20081216 2560.00 2619.00 2539.00 2593.00 6352900
20081217 2622.00 2625.00 2559.00 2622.00 6976500
20081218 2642.00 2718.00 2630.00 2702.00 6250100
20081219 2687.00 2742.00 2659.00 2736.00 11510800
20081222 2701.00 2737.00 2678.00 2700.00 4259000
20081223 2700.00 2744.00 2692.00 2711.00 2911800
20081224 2682.00 2711.00 2605.00 2627.00 909900
20081229 2687.00 2770.00 2666.00 2754.00 4646900
20081230 2779.00 2800.00 2744.00 2748.00 2434700
20081231 2815.00 2843.00 2780.00 2807.00 1068700
20090102 2772.00 2800.00 2747.00 2794.00 1563400
20090105 2819.00 2819.00 2689.00 2699.00 4553800
20090106 2717.00 2792.00 2713.00 2792.00 4270600
20090107 2795.00 2806.00 2727.00 2756.00 4795600
20090108 2724.00 2741.00 2688.00 2732.00 3506900
20090109 2732.00 2796.00 2722.00 2744.00 3807800
20090112 2741.00 2759.00 2713.00 2759.00 2488500
20090113 2758.00 2758.00 2711.00 2751.00 2751800
20090114 2789.00 2789.00 2667.00 2708.00 5848100
20090115 2697.00 2738.00 2674.00 2723.00 4850700
20090116 2743.00 2745.00 2685.00 2689.00 5626300
20090119 2717.00 2790.00 2704.00 2760.00 4685300
20090120 2771.00 2850.00 2752.00 2805.00 7025000
20090121 2799.00 2825.00 2714.00 2748.00 7632900
20090122 2748.00 2803.00 2740.00 2780.00 4348100
20090123 2800.00 2881.00 2789.00 2881.00 6746000
20090126 2862.00 2966.00 2862.00 2947.00 5623700
20090127 2945.00 2956.00 2779.00 2832.00 7529600
20090128 2833.00 2913.00 2830.00 2860.00 5148300
20090129 2852.00 2930.00 2670.00 2680.00 14946000
20090130 2674.00 2726.00 2634.00 2671.00 7683800
20090202 2639.00 2702.00 2634.00 2694.00 4765000
20090203 2692.00 2780.00 2687.00 2767.00 5659900
20090204 2684.00 2694.00 2619.00 2622.00 7185600
20090205 2595.00 2640.00 2584.00 2628.00 5068900
20090206 2641.00 2641.00 2540.00 2584.00 6045900
20090209 2584.00 2604.00 2573.00 2587.00 2611400
20090210 2577.00 2657.00 2574.00 2613.00 4131400
20090211 2606.00 2647.00 2589.00 2639.00 3396800
20090212 2627.00 2630.00 2591.00 2625.00 3596600
20090213 2642.00 2656.00 2559.00 2563.00 4933900
