20030101 5.15 5.15 5.15 5.15 0
20030102 5.60 6.00 5.43 6.00 168900
20030103 6.00 6.30 6.00 6.25 478800
20030106 6.00 6.25 5.85 5.85 965800
20030107 6.00 6.60 5.49 6.25 934100
20030108 6.00 6.00 5.55 5.95 507300
20030109 6.00 6.45 6.00 6.30 720600
20030110 6.15 6.45 6.00 6.43 815500
20030113 6.80 6.60 5.75 5.75 4257800
20030114 5.80 6.20 5.75 6.01 584900
20030115 5.51 6.25 5.51 6.25 1854800
20030116 6.14 6.20 5.80 5.92 370900
20030117 5.70 5.71 5.60 5.69 38800
20030120 5.54 5.60 5.00 5.60 652100
20030121 5.85 6.00 5.30 5.40 677600
20030122 5.40 5.40 5.22 5.40 147500
20030123 5.01 5.01 4.38 4.75 565900
20030124 4.62 5.00 4.30 4.30 826700
20030127 5.00 5.20 4.99 5.20 661500
20030128 4.95 4.95 4.55 4.55 189000
20030129 5.00 5.00 4.80 5.00 340000
20030130 4.98 5.00 4.98 5.00 20300
20030131 4.75 4.75 4.70 4.70 85000
20030203 5.25 5.25 5.00 5.19 406000
20030204 5.32 5.40 5.00 5.32 533800
20030205 5.20 5.50 5.20 5.30 796200
20030206 5.20 5.20 5.05 5.05 137100
20030207 5.75 6.90 5.50 6.90 916000
20030210 8.00 8.55 7.10 7.50 2894600
20030211 7.00 7.50 6.35 6.50 1638100
20030212 6.55 6.80 6.30 6.30 500600
20030213 6.49 6.52 6.25 6.25 270900
20030214 6.00 6.95 6.00 6.25 1065300
20030217 5.20 5.30 4.75 5.25 945200
20030218 5.50 5.90 4.90 5.50 828100
20030219 5.25 5.50 4.95 5.00 477700
20030220 4.87 5.25 4.75 5.00 178200
20030221 5.24 5.25 4.75 4.75 191000
20030224 5.10 5.10 5.10 5.10 100000
20030225 4.75 4.75 4.50 4.50 98000
20030226 4.50 4.75 4.50 4.75 279000
20030227 4.50 4.75 4.50 4.75 395300
20030228 4.50 4.60 4.50 4.50 73900
20030303 4.50 4.82 4.50 4.82 352700
20030304 4.50 4.50 4.40 4.40 344200
20030305 4.60 4.60 4.60 4.60 13400
20030306 4.50 4.50 4.50 4.50 34800
20030307 4.60 4.60 4.60 4.60 48000
20030310 4.60 4.60 4.60 4.60 480700
20030311 4.90 4.90 4.00 4.00 122800
20030312 4.00 4.35 3.75 3.75 93600
20030313 3.75 4.00 3.75 3.86 401900
20030314 4.00 4.40 4.00 4.40 164000
20030317 3.50 4.30 3.50 4.30 23600
20030318 4.00 4.40 2.90 3.20 11636700
20030319 3.50 4.00 3.30 3.90 1405300
20030320 3.90 3.90 3.70 3.90 188000
20030321 4.00 4.10 3.00 4.10 1922600
20030324 4.25 4.25 4.00 4.25 1107800
20030325 4.25 4.25 3.70 3.80 882900
20030326 4.00 4.00 4.00 4.00 175000
20030327 3.75 3.75 3.75 3.75 836500
20030328 3.75 3.75 3.75 3.75 22500
20030331 4.00 4.00 3.75 3.75 130000
20030401 3.75 3.75 3.50 3.75 381300
20030402 3.51 4.25 3.51 3.75 39000
20030403 3.75 3.75 3.51 3.51 154300
20030404 3.51 3.75 3.51 3.60 561000
20030407 3.50 3.80 3.25 3.50 691100
20030408 3.85 3.85 3.85 3.85 50000
20030409 4.00 4.25 3.65 4.00 252000
20030410 4.00 4.00 3.80 3.80 325500
20030411 4.07 4.25 4.00 4.00 102400
20030414 4.50 4.50 3.75 3.75 396600
20030415 3.41 4.00 3.41 4.00 253000
20030416 4.00 4.18 3.80 3.96 348600
20030417 4.00 4.00 4.00 4.00 10000
20030418 4.00 4.00 4.00 4.00 0
20030421 4.00 4.00 4.00 4.00 0
20030422 3.50 3.75 3.00 3.75 76300
20030423 3.50 3.90 3.50 3.61 1494500
20030424 3.70 3.70 3.25 3.58 486900
20030425 3.75 3.85 3.75 3.85 1171700
20030428 3.80 4.00 3.65 3.65 280300
20030429 4.00 4.00 3.60 3.75 1455000
20030430 3.91 4.36 3.79 3.88 207100
20030501 3.85 3.90 3.65 3.65 638900
20030502 3.75 4.00 3.75 4.00 96100
20030505 4.00 4.00 4.00 4.00 0
20030506 3.01 4.25 3.01 3.90 761200
20030507 4.00 4.00 3.55 3.90 1662500
20030508 3.50 4.00 3.50 3.80 464500
20030509 4.00 5.30 4.00 4.88 7209800
20030512 5.00 6.90 4.75 6.71 10770300
20030513 6.83 9.00 6.83 7.17 11105800
20030514 7.00 7.00 5.90 6.60 5768000
20030515 6.00 6.70 5.75 6.00 803500
20030516 6.00 6.50 5.80 5.95 2152200
20030519 6.35 5.50 4.75 5.00 11833400
20030520 4.85 5.00 4.75 4.78 1118000
20030521 4.90 4.95 4.50 4.63 1174000
20030522 4.30 4.99 4.30 4.57 2215900
20030523 4.25 4.95 4.20 4.50 4186800
20030526 4.50 4.50 4.50 4.50 0
20030527 5.00 5.00 4.30 4.50 1997500
20030528 4.00 5.00 3.90 4.50 2900600
20030529 4.50 4.80 4.40 4.50 2392500
20030530 4.00 5.00 4.00 4.98 3166600
20030602 5.00 5.00 4.35 4.80 1571400
20030603 4.70 4.70 4.00 4.35 11434600
20030604 4.50 4.50 4.04 4.40 2688500
20030605 4.50 4.60 4.30 4.50 1744800
20030606 4.00 4.85 4.00 4.50 356000
20030609 5.74 5.75 4.40 4.55 4202000
20030610 4.46 4.46 4.20 4.35 1848000
20030611 4.50 4.60 4.25 4.45 782100
20030612 4.37 4.50 4.34 4.40 4550400
20030613 4.25 4.40 4.25 4.30 3970900
20030616 4.50 4.50 4.00 4.06 621900
20030617 4.00 4.15 4.00 4.15 1717000
20030618 4.00 4.05 3.97 4.01 2142200
20030619 4.00 4.15 3.90 4.05 433000
20030620 4.10 4.16 4.00 4.05 233400
20030623 3.90 4.25 3.90 4.00 353100
20030624 4.00 4.50 3.84 4.00 221000
20030625 4.00 4.40 3.25 3.95 198500
20030626 4.00 4.05 3.75 4.00 353600
20030627 4.00 4.20 3.80 3.85 953600
20030630 3.90 4.00 3.65 4.00 150000
20030701 4.25 4.40 4.00 4.00 584500
20030702 4.00 4.10 3.90 4.00 803500
20030703 4.00 4.40 4.00 4.00 1294500
20030704 4.00 4.40 4.00 4.40 138200
20030707 4.50 5.00 3.77 4.00 1190500
20030708 4.25 4.25 4.00 4.10 752200
20030709 4.08 4.10 4.00 4.00 356600
20030710 4.05 4.30 4.00 4.20 193000
20030711 4.25 4.30 4.00 4.30 100000
20030714 4.30 4.30 4.30 4.30 560500
20030715 4.00 4.40 4.00 4.40 122200
20030716 4.25 4.35 4.00 4.21 449500
20030717 4.07 4.40 4.07 4.40 109400
20030718 4.00 4.25 4.00 4.05 254700
20030721 4.05 4.05 4.00 4.00 275000
20030722 4.00 4.00 4.00 4.00 218000
20030723 4.00 4.00 4.00 4.00 664900
20030724 3.80 4.00 3.80 3.95 452000
20030725 3.90 4.00 3.80 4.00 582500
20030728 4.14 4.25 4.00 4.00 925000
20030729 4.00 4.10 3.95 4.10 430900
20030730 4.00 4.10 4.00 4.10 430000
20030731 3.50 4.00 3.50 3.90 362600
20030801 3.85 4.00 3.70 4.00 477000
20030804 4.00 4.00 4.00 4.00 2081800
20030805 3.95 3.95 3.95 3.95 2000
20030806 4.10 4.10 3.75 3.75 264500
20030807 3.50 3.50 3.50 3.50 200
20030808 4.10 4.10 3.75 3.75 450800
20030811 4.00 4.00 3.50 3.75 543000
20030812 3.85 3.85 3.75 3.75 117600
20030813 4.00 4.00 3.50 3.50 155800
20030814 3.74 3.90 3.67 3.67 561800
20030815 3.90 3.90 3.70 3.75 600100
20030818 3.80 3.80 3.75 3.75 193000
20030819 3.75 3.80 3.75 3.80 122500
20030820 3.75 4.00 3.75 3.93 356600
20030821 4.00 4.00 3.50 4.00 392500
20030822 4.00 4.50 4.00 4.30 875900
20030825 4.30 4.30 4.30 4.30 0
20030826 4.10 5.30 4.10 5.01 4766100
20030827 5.00 6.99 5.00 6.00 14008500
20030828 6.00 7.75 5.25 6.75 6993700
20030829 7.00 7.25 5.75 6.01 4648700
20030901 6.00 6.50 6.00 6.05 362000
20030902 6.25 6.25 6.00 6.00 641200
20030903 5.50 6.00 5.30 5.30 1083700
20030904 5.50 5.60 5.25 5.60 376900
20030905 5.50 5.75 5.30 5.70 1732300
20030908 5.75 7.25 5.75 6.25 7200500
20030909 6.17 7.25 6.10 6.58 3232300
20030910 6.94 6.94 6.50 6.50 2397900
20030911 6.00 6.55 6.00 6.30 230700
20030912 6.75 6.75 6.15 6.75 956000
20030915 7.00 7.00 6.45 6.50 320000
20030916 6.50 6.60 6.20 6.20 250000
20030917 6.20 6.35 6.00 6.00 342400
20030918 6.00 6.50 6.00 6.00 1043900
20030919 5.25 5.84 5.25 5.70 2025900
20030922 5.70 5.70 5.70 5.70 1578100
20030923 5.55 5.70 5.25 5.25 184000
20030924 5.50 5.50 5.25 5.30 523700
20030925 5.30 5.40 5.20 5.40 220000
20030926 5.20 5.50 5.20 5.30 472600
20030929 5.75 6.00 5.50 5.75 5137100
20030930 5.25 5.40 5.00 5.35 1924100
20031001 5.25 6.25 5.25 5.38 4651100
20031002 5.75 5.75 5.00 5.24 3080000
20031003 5.00 5.10 4.65 5.00 1886100
20031006 4.80 6.00 4.55 5.00 1118000
20031007 5.10 5.25 4.80 5.05 904700
20031008 4.75 5.25 4.50 4.90 1056100
20031009 4.95 5.00 4.65 4.74 796100
20031010 4.80 4.90 4.65 4.70 784000
20031013 4.75 4.90 4.70 4.75 1129400
20031014 4.75 4.85 4.69 4.75 673800
20031015 4.75 4.99 4.75 4.80 542800
20031016 5.00 5.00 4.80 4.90 194800
20031017 5.00 5.40 4.75 5.40 217000
20031020 5.19 5.25 4.90 5.00 920900
20031021 5.10 5.10 4.83 4.83 439000
20031022 5.10 5.25 5.00 5.00 457600
20031023 5.20 5.35 5.00 5.30 747700
20031024 5.00 5.30 5.00 5.20 2122600
20031027 5.22 5.25 5.18 5.18 309400
20031028 5.25 5.30 5.20 5.30 330000
20031029 5.20 5.30 5.20 5.25 815000
20031030 5.23 5.23 5.00 5.11 1695900
20031031 5.30 5.30 5.30 5.30 222500
20031103 5.40 5.50 5.20 5.50 827900
20031104 5.52 5.52 5.25 5.25 276000
20031105 5.50 5.50 5.11 5.11 872500
20031106 5.18 5.18 5.11 5.11 760000
20031107 5.25 5.50 5.25 5.25 1636600
20031110 5.18 5.18 5.15 5.15 170400
20031111 5.15 5.15 5.00 5.11 4977400
20031112 5.11 5.15 5.11 5.11 400100
20031113 5.11 5.12 5.11 5.11 2073200
20031114 5.11 5.11 4.70 5.10 144000
20031117 5.11 5.11 5.11 5.11 865000
20031118 5.11 5.11 5.11 5.11 2168400
20031119 5.11 5.11 4.75 5.05 711900
20031120 5.00 5.00 4.80 5.00 13500
20031121 5.00 5.10 4.80 5.10 474300
20031124 5.20 5.50 5.00 5.00 885500
20031125 5.25 5.30 5.00 5.30 786100
20031126 5.15 5.25 4.95 4.95 100000
20031127 5.25 5.25 5.10 5.10 12700
20031128 5.00 5.00 4.90 4.90 157000
20031201 4.80 4.95 4.80 4.90 317000
20031202 5.00 5.00 4.75 4.75 512600
20031203 5.00 5.00 4.75 4.90 1885100
20031204 4.85 4.85 4.85 4.85 75200
20031205 4.85 4.85 4.78 4.80 584200
20031208 4.51 4.75 4.40 4.40 152500
20031209 4.80 4.80 4.75 4.75 87700
20031210 4.50 4.75 4.20 4.75 499000
20031211 4.50 4.50 4.10 4.40 881000
20031212 4.50 4.50 4.20 4.50 138500
20031215 4.45 4.50 4.20 4.20 608900
20031216 4.20 4.50 3.70 4.05 834000
20031217 4.30 4.30 4.03 4.03 222500
20031218 4.16 4.25 3.75 4.20 2269700
20031219 4.50 4.75 4.11 4.11 6165600
20031222 4.15 4.30 4.15 4.15 1015500
20031223 4.00 4.50 4.00 4.50 212000
20031224 4.60 4.60 4.60 4.60 20000
20031225 4.60 4.60 4.60 4.60 0
20031226 4.60 4.60 4.60 4.60 0
20031229 4.00 4.50 4.00 4.40 1154900
20031230 4.50 4.50 4.25 4.45 324700
20031231 4.10 4.45 4.10 4.45 59200
20040101 4.45 4.45 4.45 4.45 0
20040102 4.50 4.50 4.45 4.45 888400
20040105 4.75 4.75 4.45 4.45 523000
20040106 4.25 4.50 4.25 4.50 517900
20040107 4.20 4.65 4.20 4.42 640900
20040108 4.40 4.50 4.40 4.42 422500
20040109 4.54 4.54 4.40 4.50 545700
20040112 4.50 4.50 4.50 4.50 628800
20040113 4.50 4.50 4.23 4.40 146700
20040114 4.26 4.50 4.26 4.40 381300
20040115 4.75 4.75 4.30 4.50 88000
20040116 4.40 4.40 4.35 4.35 75400
20040119 4.25 4.49 4.25 4.36 139700
20040120 4.35 4.35 4.21 4.21 238500
20040121 4.25 4.48 4.24 4.45 445000
20040122 4.49 4.75 4.40 4.45 3761800
20040123 4.30 4.50 4.25 4.35 410600
20040126 4.50 4.50 4.30 4.40 8133400
20040127 4.52 4.95 4.52 4.75 1898100
20040128 4.75 5.40 4.75 5.15 2767600
20040129 5.30 5.40 5.01 5.40 285300
20040130 5.40 5.95 5.30 5.85 3355100
20040202 6.10 6.85 5.70 6.50 10902400
20040203 6.50 8.08 6.50 7.91 32929300
20040204 8.50 13.50 8.50 10.25 45894700
20040205 8.69 11.68 5.00 6.90 41323200
20040206 6.50 6.90 6.10 6.70 8003900
20040209 6.50 7.35 6.05 7.20 3039100
20040210 7.40 8.50 7.40 7.95 6232300
20040211 8.00 8.25 7.80 7.80 3062100
20040212 7.60 8.00 7.10 7.30 1952900
20040213 7.10 8.00 7.10 7.30 1743800
20040216 7.50 7.50 7.15 7.32 223100
20040217 7.00 7.20 6.65 6.89 1385700
20040218 6.70 6.75 6.40 6.75 1492700
20040219 6.60 6.80 6.50 6.60 1341000
20040220 6.50 6.70 6.40 6.40 920800
20040223 6.20 6.60 6.20 6.25 435000
20040224 6.40 7.80 6.40 7.10 3122300
20040225 7.15 8.00 7.00 8.00 1158500
20040226 7.80 8.25 7.70 7.75 6083900
20040227 7.30 7.95 7.00 7.50 2644900
20040301 8.00 8.06 7.50 7.60 3261500
20040302 7.70 8.50 7.65 8.00 1748700
20040303 7.95 7.88 7.78 7.88 1558500
20040304 7.75 8.00 7.60 7.60 897900
20040305 7.80 8.00 7.50 7.90 510900
20040308 7.50 7.99 7.50 7.99 176200
20040309 7.75 7.80 7.41 7.45 756100
20040310 7.00 7.50 7.00 7.50 961700
20040311 7.35 7.40 7.00 7.00 908500
20040312 6.75 7.44 6.45 6.50 4253000
20040315 6.47 7.00 6.47 6.71 423600
20040316 6.75 7.15 6.75 7.00 746000
20040317 7.13 7.30 6.91 7.00 2043800
20040318 6.90 7.00 6.73 6.73 241000
20040319 7.00 7.00 6.60 6.60 637900
20040322 6.75 7.00 6.75 6.95 1676400
20040323 7.00 7.10 6.90 7.00 2317500
20040324 7.00 7.50 6.81 6.95 744500
20040325 6.85 6.90 6.70 6.75 106600
20040326 6.90 6.90 6.90 6.90 150000
20040329 7.00 7.59 6.95 6.99 370800
20040330 6.90 6.90 6.85 6.90 910700
20040331 7.00 7.00 6.90 6.90 595000
20040401 7.20 7.20 6.95 7.00 317500
20040402 7.00 7.89 6.95 7.45 1154400
20040405 7.21 8.00 7.20 7.40 884600
20040406 7.55 8.00 7.50 7.94 2703600
20040407 7.60 9.00 7.60 8.10 6176800
20040408 8.25 8.45 8.00 8.45 765800
20040409 8.45 8.45 8.45 8.45 0
20040412 8.45 8.45 8.45 8.45 0
20040413 8.70 8.70 8.70 8.70 10000
20040414 8.35 8.60 8.00 8.50 2777800
20040415 8.20 8.50 8.18 8.20 815100
20040416 8.30 8.40 8.20 8.35 2255000
20040419 8.00 8.50 8.00 8.39 2357600
20040420 8.35 8.50 8.35 8.50 163400
20040421 8.50 8.50 8.50 8.50 488000
20040422 8.50 8.90 8.50 8.90 2878200
20040423 8.60 9.00 8.60 8.80 795500
20040426 9.00 9.30 8.55 9.25 2717100
20040427 9.40 10.70 9.20 9.96 6062600
20040428 10.00 11.00 10.00 10.78 7073400
20040429 10.80 11.25 10.75 11.00 4152000
20040430 11.39 12.30 11.00 12.30 5099600
20040503 12.30 12.30 12.30 12.30 0
20040504 12.40 14.60 12.40 14.30 9513100
20040505 14.00 17.00 10.60 12.11 23363900
20040506 12.31 12.31 9.50 9.81 4547600
20040507 10.00 11.85 9.00 10.90 5763500
20040510 11.50 11.60 11.10 11.25 4474300
20040511 10.60 11.65 10.60 11.25 1816200
20040512 11.21 11.21 10.00 11.00 2086300
20040513 10.95 11.00 10.75 10.90 465100
20040514 10.90 11.50 10.90 11.45 4036100
20040517 11.50 12.35 11.01 11.55 2862600
20040518 11.95 11.95 11.65 11.70 1031000
20040519 11.85 12.00 11.00 11.30 200600
20040520 11.00 11.00 10.40 10.46 1686200
20040521 10.80 11.00 10.80 10.80 1030000
20040524 10.50 11.20 10.50 11.20 434000
20040525 11.00 11.99 11.00 11.50 2383300
20040526 11.25 11.73 11.00 11.21 681300
20040527 11.50 11.50 11.15 11.45 4438700
20040528 11.50 11.94 11.25 11.59 2145600
20040531 11.59 11.59 11.59 11.59 0
20040601 11.75 11.80 11.60 11.80 1394900
20040602 11.75 12.10 11.01 12.10 2108900
20040603 12.00 13.01 12.00 13.00 2635100
20040604 13.50 14.25 13.00 13.50 4193400
20040607 13.75 14.00 13.50 13.87 1918000
20040608 14.00 14.00 12.70 12.75 1337900
20040609 12.50 12.50 11.00 11.60 1790400
20040610 12.00 12.75 12.00 12.30 1482100
20040611 12.50 13.00 12.50 12.75 670000
20040614 12.75 13.25 12.75 13.10 1081500
20040615 13.25 13.25 12.45 12.75 527300
20040616 12.50 12.75 12.45 12.50 91400
20040617 12.35 12.80 10.25 12.54 3759400
20040618 11.80 12.50 11.80 12.00 2350000
20040621 11.75 12.00 11.75 12.00 221000
20040622 12.50 12.75 12.25 12.50 1208000
20040623 12.50 12.75 12.00 12.50 1949600
20040624 12.50 13.00 12.00 12.50 2317700
20040625 12.50 13.00 12.50 12.50 1082800
20040628 12.75 13.50 12.75 13.25 2878300
20040629 13.00 13.75 13.00 13.50 4760700
20040630 13.50 14.00 13.50 14.00 2562600
20040701 14.00 16.00 14.00 15.50 10627000
20040702 16.00 17.00 14.00 15.00 9616500
20040705 15.00 15.50 13.50 15.50 6125400
20040706 15.25 15.75 15.25 15.75 1807400
20040707 16.00 17.00 15.75 16.00 3433300
20040708 15.50 16.00 15.00 15.25 1752600
20040709 15.75 15.75 15.00 15.50 2368600
20040712 15.75 16.25 15.75 16.00 3461500
20040713 15.50 15.75 15.00 15.00 5718600
20040714 15.00 15.25 14.75 14.75 1873800
20040715 14.75 15.00 12.50 14.75 4156000
20040716 14.50 14.75 13.75 14.50 1282900
20040719 14.50 16.00 14.50 14.75 3479200
20040720 14.75 15.50 14.75 15.50 4172200
20040721 15.25 15.50 15.25 15.50 1183300
20040722 15.50 16.25 15.25 16.00 3344400
20040723 16.25 16.50 15.75 16.50 2861900
20040726 16.00 18.00 16.00 17.25 4273100
20040727 16.50 19.50 16.50 19.50 10008900
20040728 19.50 23.00 19.00 21.00 26377500
20040729 20.00 20.50 18.50 19.50 4870800
20040730 19.50 22.50 19.00 22.25 10654200
20040802 19.25 21.50 18.50 21.00 13706500
20040803 19.75 22.00 19.75 21.50 6454000
20040804 20.50 21.75 19.75 21.00 10358300
20040805 21.00 21.00 18.25 19.00 6262500
20040806 18.50 19.75 17.00 19.25 4674100
20040809 18.50 19.75 18.00 19.00 3126000
20040810 19.50 21.00 19.50 20.00 1840700
20040811 19.50 20.00 19.00 19.25 1959600
20040812 19.50 20.00 19.25 20.00 1164700
20040813 19.50 20.00 19.50 20.00 2639400
20040816 19.25 19.75 19.25 19.50 473500
20040817 19.75 20.00 19.50 20.00 1638000
20040818 20.00 20.00 19.75 19.75 1680300
20040819 20.00 20.00 19.50 19.75 1396000
20040820 19.75 20.00 19.50 19.50 4944200
20040823 19.50 20.00 19.25 19.50 1269100
20040824 19.25 19.50 19.00 19.25 1020600
20040825 19.25 19.75 19.25 19.75 1069900
20040826 19.50 19.75 19.25 19.75 652500
20040827 19.50 20.00 19.50 20.00 1685700
20040830 20.00 20.00 20.00 20.00 0
20040831 20.00 21.75 19.25 21.50 1686500
20040901 21.50 22.50 21.50 22.00 9145100
20040902 22.00 22.50 21.25 21.50 6549600
20040903 21.50 22.50 21.50 22.50 6015100
20040906 22.50 25.50 22.50 24.75 2700400
20040907 22.75 25.25 22.75 24.00 4789500
20040908 24.00 24.25 22.75 23.25 5731800
20040909 22.75 23.00 22.50 22.75 5313500
20040910 21.75 23.00 20.75 22.50 9083800
20040913 21.50 23.50 21.50 23.25 3174700
20040914 23.50 24.25 23.25 24.00 2508200
20040915 22.75 23.50 22.75 22.75 5641400
20040916 23.25 23.75 22.75 23.50 8320400
20040917 24.00 28.50 23.50 24.00 7992400
20040920 25.00 25.00 22.00 22.00 6854600
20040921 21.75 21.75 18.50 19.50 9473000
20040922 19.25 19.25 16.00 18.25 13979900
20040923 13.00 15.25 12.75 15.25 17250500
20040924 14.50 18.00 14.50 17.75 22984500
20040927 18.50 18.50 14.25 14.75 5014100
20040928 16.00 17.00 15.00 17.00 8117300
20040929 16.50 17.25 16.25 17.00 6036500
20040930 16.50 16.50 13.25 14.25 30541100
20041001 14.00 14.50 13.50 13.75 15097700
20041004 13.25 13.50 12.50 12.75 11882200
20041005 12.75 14.00 12.75 13.25 3199300
20041006 13.50 15.00 13.25 14.75 4693800
20041007 14.50 16.00 14.50 15.25 5143600
20041008 14.50 15.25 14.50 14.75 1182000
20041011 14.75 14.75 14.25 14.25 4057700
20041012 14.50 14.50 13.75 14.25 2430400
20041013 14.00 14.00 12.75 13.50 4875200
20041014 13.50 16.25 13.00 13.75 6040400
20041015 13.50 14.50 13.25 13.50 9741900
20041018 14.00 14.75 12.75 13.25 10380000
20041019 13.00 13.75 13.00 13.50 7007500
20041020 13.50 15.00 13.25 14.25 11658600
20041021 14.25 14.25 14.25 14.25 0
20041022 14.25 14.25 14.25 14.25 0
20041025 14.25 14.25 14.25 14.25 0
20041026 14.25 14.25 14.25 14.25 0
20041027 14.25 14.25 14.25 14.25 0
20041028 14.25 14.25 14.25 14.25 0
20041029 14.25 14.25 14.25 14.25 0
20041101 14.25 14.25 14.25 14.25 0
20041102 14.25 14.25 14.25 14.25 0
20041103 14.25 14.25 14.25 14.25 0
20041104 14.25 14.25 14.25 14.25 0
20041105 14.25 14.25 14.25 14.25 0
20041108 14.25 14.25 14.25 14.25 0
20041109 14.25 14.25 14.25 14.25 0
20041110 14.25 14.25 14.25 14.25 0
20041111 14.25 14.25 14.25 14.25 0
20041112 14.25 14.25 14.25 14.25 0
20041115 14.25 14.25 14.25 14.25 0
20041116 14.25 14.25 14.25 14.25 0
20041117 14.25 14.25 14.25 14.25 0
20041118 14.25 14.25 14.25 14.25 0
20041119 14.25 14.25 14.25 14.25 0
20041122 14.25 14.25 14.25 14.25 0
20041123 14.25 14.25 14.25 14.25 0
20041124 14.25 14.25 14.25 14.25 0
20041125 14.25 14.25 14.25 14.25 0
20041126 14.25 14.25 14.25 14.25 0
20041129 14.25 14.25 14.25 14.25 0
20041130 14.25 14.25 14.25 14.25 0
20041201 14.25 14.25 14.25 14.25 0
20041202 14.25 14.25 14.25 14.25 0
20041203 14.25 14.25 14.25 14.25 0
20041206 14.25 14.25 14.25 14.25 0
20041207 14.25 14.25 14.25 14.25 0
20041208 14.25 14.25 14.25 14.25 0
20041209 14.25 14.25 14.25 14.25 0
20041210 14.25 14.25 14.25 14.25 0
20041213 14.25 14.25 14.25 14.25 0
20041214 14.25 14.25 14.25 14.25 0
20041215 14.25 14.25 14.25 14.25 0
20041216 14.25 14.25 14.25 14.25 0
20041217 14.25 14.25 14.25 14.25 0
20041220 14.25 14.25 14.25 14.25 0
20041221 14.25 14.25 14.25 14.25 0
20041222 14.25 14.25 14.25 14.25 0
20041223 14.25 14.25 14.25 14.25 0
20041224 14.25 14.25 14.25 14.25 0
20041227 14.25 14.25 14.25 14.25 0
20041228 14.25 14.25 14.25 14.25 0
20041229 14.25 14.25 14.25 14.25 0
20041230 14.25 14.25 14.25 14.25 0
20041231 14.25 14.25 14.25 14.25 0
20050103 14.25 14.25 14.25 14.25 0
20050104 14.25 14.25 14.25 14.25 0
20050105 14.25 14.25 14.25 14.25 0
20050106 14.25 14.25 14.25 14.25 0
20050107 14.25 14.25 14.25 14.25 0
20050110 14.25 14.25 14.25 14.25 0
20050111 14.25 14.25 14.25 14.25 0
20050112 14.25 14.25 14.25 14.25 0
20050113 14.25 14.25 14.25 14.25 0
20050114 14.25 14.25 14.25 14.25 0
20050117 286.00 289.00 258.00 263.00 23483200
20050118 262.00 262.00 250.00 254.00 21593500
20050119 255.00 255.00 245.25 247.00 18720700
20050120 245.00 258.00 240.50 258.00 12470900
20050121 258.00 270.00 250.50 267.50 8685300
20050124 267.50 270.00 255.75 259.50 3301900
20050125 260.00 262.00 256.00 258.00 2504700
20050126 260.50 261.50 251.50 255.00 3924000
20050127 255.00 255.00 251.00 251.00 3267500
20050128 252.50 256.00 252.00 253.00 1654100
20050131 255.00 255.00 249.00 250.50 4205800
20050201 251.00 251.00 248.25 249.00 3104400
20050202 249.00 249.25 242.00 242.00 6854200
20050203 241.25 242.50 238.00 238.00 5843600
20050204 240.00 244.00 237.00 240.50 3649800
20050207 242.00 249.00 242.00 248.00 3386900
20050208 248.00 252.00 248.00 250.00 1593800
20050209 252.00 257.00 250.00 250.00 3354500
20050210 252.00 254.75 249.25 254.75 1887600
20050211 254.75 256.00 252.50 255.00 1864600
20050214 251.00 253.00 242.50 248.75 2086700
20050215 249.00 250.00 246.00 247.50 1892500
20050216 247.00 250.50 245.50 250.00 4341100
20050217 250.00 255.50 250.00 250.00 5173700
20050218 253.00 253.50 251.00 252.00 1474200
20050221 250.00 251.50 246.00 247.50 947000
20050222 249.00 249.00 247.00 248.00 759200
20050223 247.75 251.50 247.00 250.75 2423200
20050224 250.00 253.00 249.00 253.00 839500
20050225 253.00 259.00 253.00 256.25 7842000
20050228 256.00 259.50 255.25 255.25 3210900
20050301 254.50 257.00 254.50 255.50 491100
20050302 256.00 257.00 253.25 255.00 541100
20050303 254.00 258.00 253.50 255.00 1284000
20050304 255.50 265.00 255.50 264.25 6936900
20050307 264.00 272.75 263.00 271.50 7678700
20050308 272.00 277.00 272.00 277.00 4217600
20050309 277.00 289.75 277.00 287.00 12321700
20050310 285.75 292.00 284.00 290.25 6927300
20050311 289.00 291.25 287.00 288.00 4363800
20050314 288.00 290.00 287.00 289.00 3743000
20050315 289.00 290.50 286.00 286.00 4190100
20050316 287.00 289.00 287.00 287.50 4104300
20050317 286.50 287.50 285.00 285.00 2200600
20050318 285.75 300.00 280.50 290.00 9522400
20050321 288.00 290.00 283.00 287.00 11382400
20050322 285.50 285.75 283.00 283.75 7663000
20050323 282.00 282.50 275.25 275.75 7912300
20050324 277.00 279.00 275.00 275.00 1706400
20050325 275.00 275.00 275.00 275.00 0
20050328 275.00 275.00 275.00 275.00 0
20050329 279.75 281.00 275.00 278.00 1246100
20050330 281.00 281.00 275.00 276.75 1981500
20050331 279.25 279.25 276.00 278.00 1732300
20050401 277.00 282.00 277.00 279.75 1702700
20050404 280.25 282.00 278.50 279.25 2733200
20050405 280.00 286.50 280.00 283.75 4486300
20050406 283.00 293.00 283.00 292.00 7230800
20050407 293.50 309.00 292.00 305.00 13763700
20050408 307.25 308.50 305.50 308.00 2957100
20050411 308.00 310.75 308.00 310.75 3646200
20050412 311.00 328.00 311.00 316.50 12964000
20050413 317.00 320.00 315.00 317.00 3738900
20050414 316.75 316.75 307.00 309.00 3802900
20050415 305.00 310.00 303.00 309.25 2955400
20050418 306.50 308.00 298.00 305.00 4211700
20050419 305.00 312.25 305.00 312.00 5819900
20050420 315.25 324.00 313.50 314.00 5654000
20050421 312.00 319.00 310.00 317.00 3627300
20050422 318.00 326.00 317.00 324.00 5295900
20050425 325.00 331.75 317.00 325.50 4398700
20050426 325.00 329.00 320.25 324.00 2103800
20050427 321.00 325.00 312.00 318.00 4143500
20050428 318.00 321.25 313.00 320.00 3325600
20050429 318.00 320.00 308.25 314.00 3713600
20050502 314.00 314.00 314.00 314.00 0
20050503 314.50 320.75 314.00 319.00 5668700
20050504 320.25 323.00 316.25 317.50 2412400
20050505 319.00 322.00 317.25 321.00 2919800
20050506 320.75 331.75 320.75 325.00 3657700
20050509 323.25 327.00 322.00 326.00 977500
20050510 329.00 335.00 326.50 331.00 4820200
20050511 331.00 334.75 326.00 331.00 2755700
20050512 332.75 335.50 325.00 327.75 3904100
20050513 324.50 324.50 312.25 314.00 4608100
20050516 315.00 315.00 309.00 310.00 3344400
20050517 310.00 311.75 303.00 307.50 4404800
20050518 309.75 314.00 308.00 314.00 3348700
20050519 312.00 317.25 311.00 313.50 2720100
20050520 312.00 322.00 312.00 319.75 2110200
20050523 319.75 320.00 318.00 319.75 552100
20050524 322.00 331.50 320.00 325.50 2699500
20050525 326.00 330.00 322.00 329.75 2019000
20050526 331.50 340.50 329.00 338.50 7108900
20050527 340.00 340.75 337.00 338.00 1978400
20050530 338.00 338.00 338.00 338.00 0
20050531 336.25 340.00 334.25 337.00 824500
20050601 338.00 338.00 332.00 333.50 2105100
20050602 333.50 336.00 333.50 335.00 1439400
20050603 335.00 335.00 335.00 335.00 0
20050606 338.00 346.00 336.50 346.00 3346700
20050607 345.00 347.00 342.00 347.00 2718400
20050608 345.00 354.00 345.00 354.00 3835200
20050609 355.00 362.00 353.75 359.00 3775100
20050610 360.00 370.00 359.25 370.00 4466100
20050613 366.00 372.00 362.75 364.00 1853800
20050614 364.75 369.00 357.50 366.75 2798800
20050615 363.50 370.50 363.50 369.00 928100
20050616 371.00 371.00 366.25 369.00 1822300
20050617 375.00 392.50 375.00 382.50 4570500
20050620 385.00 385.00 379.75 380.00 1379400
20050621 380.00 383.00 378.00 380.00 1725100
20050622 380.00 396.50 380.00 395.00 4455100
20050623 396.00 400.00 392.00 399.50 2085500
20050624 398.00 400.00 396.00 399.50 3437300
20050627 396.00 403.75 396.00 400.00 1821700
20050628 401.50 414.50 400.50 409.50 4375700
20050629 408.00 408.00 393.25 400.00 4806900
20050630 400.00 409.00 399.50 407.00 2240600
20050701 408.00 411.25 407.00 408.75 1740000
20050704 410.00 413.00 408.75 413.00 961200
20050705 420.00 437.00 416.50 435.75 8488400
20050706 435.00 447.75 432.00 438.00 4981200
20050707 437.00 438.00 410.00 432.00 5707000
20050708 435.25 447.00 432.00 440.00 5281100
20050711 440.50 453.00 440.50 447.00 3929200
20050712 449.25 450.00 444.75 445.50 2298400
20050713 448.25 448.25 434.75 434.75 2404900
20050714 435.00 436.00 405.50 405.50 13063500
20050715 405.50 412.00 395.00 409.25 19573400
20050718 409.25 419.00 405.00 416.00 7163000
20050719 416.50 425.00 413.25 416.00 6165700
20050720 414.50 418.00 411.00 414.00 4756900
20050721 416.50 416.50 397.25 403.50 7801500
20050722 403.00 403.00 385.00 389.00 11845700
20050725 391.00 400.00 387.00 392.00 8103100
20050726 393.00 403.00 388.00 389.00 18990300
20050727 393.00 411.00 383.00 396.75 22897700
20050728 400.00 415.00 399.25 415.00 9178200
20050729 418.50 432.00 418.50 429.50 5768200
20050801 429.50 445.00 416.50 445.00 9456000
20050802 445.00 449.00 432.00 438.50 14370500
20050803 435.00 440.00 421.00 421.00 5694800
20050804 422.50 428.75 416.00 428.00 6060000
20050805 424.25 435.00 424.25 434.00 6189100
20050808 432.25 435.50 426.75 435.00 2161400
20050809 433.00 442.00 433.00 440.00 9464800
20050810 442.50 457.75 442.50 452.00 13326600
20050811 452.00 472.00 450.50 471.00 16036500
20050812 470.25 475.00 458.25 467.50 7409900
20050815 468.50 473.00 464.50 468.50 6346500
20050816 467.00 467.00 440.00 445.00 8588400
20050817 446.00 446.00 430.00 443.25 6635500
20050818 440.50 455.00 440.50 441.25 19448300
20050819 442.00 448.00 437.25 440.00 5300100
20050822 438.00 451.75 438.00 450.75 3769500
20050823 448.50 459.75 445.00 457.50 2738600
20050824 457.00 472.50 456.00 467.00 6852000
20050825 467.00 475.00 460.00 469.00 7121700
20050826 467.00 470.00 462.50 468.25 3886900
20050829 468.25 468.25 468.25 468.25 0
20050830 470.00 475.00 468.50 475.00 5545200
20050831 474.50 484.00 473.00 478.50 3470700
20050901 480.00 482.00 474.00 476.25 1679500
20050902 473.75 485.00 473.75 485.00 4366100
20050905 483.00 495.00 481.00 492.00 7781800
20050906 495.00 495.00 475.00 480.00 8441000
20050907 479.50 482.00 458.00 466.50 7763400
20050908 469.00 470.00 463.50 469.00 3801500
20050909 471.50 472.25 468.50 470.00 3199600
20050912 472.00 479.50 469.75 472.00 2697700
20050913 469.00 469.00 448.00 460.00 10604200
20050914 475.00 479.00 466.00 469.00 8846400
20050915 475.00 477.00 468.25 470.50 6267200
20050916 469.00 479.75 469.00 476.50 7460500
20050919 472.50 485.00 472.50 480.00 3326700
20050920 483.25 488.00 478.50 481.50 8308900
20050921 476.75 480.00 473.00 477.00 5397900
20050922 475.00 486.50 475.00 479.25 5913900
20050923 477.75 490.00 477.75 490.00 3698600
20050926 489.50 494.50 484.00 492.75 4493200
20050927 494.75 494.75 482.00 484.00 4028200
20050928 481.50 486.00 473.00 478.00 8832400
20050929 479.00 483.25 475.00 476.00 5743400
20050930 482.75 485.00 475.00 479.00 2945900
20051003 478.50 484.00 475.25 477.00 2930600
20051004 475.25 480.00 470.25 471.00 3641800
20051005 469.00 469.00 455.25 462.00 5257600
20051006 459.75 460.00 440.25 448.50 9734300
20051007 448.00 455.00 445.00 448.50 4428200
20051010 455.00 462.50 451.25 462.00 5565900
20051011 460.00 470.00 458.00 465.00 10493000
20051012 465.00 470.50 465.00 468.25 4254100
20051013 464.25 466.00 450.00 450.00 3894000
20051014 459.75 459.75 437.25 444.50 5734600
20051017 449.75 449.75 436.75 437.00 5325700
20051018 439.00 444.00 432.00 433.00 4753000
20051019 430.00 438.00 420.25 421.00 9839700
20051020 431.25 434.50 417.75 420.50 3313100
20051021 417.00 417.25 407.25 413.25 8871400
20051024 414.00 425.50 411.00 424.00 4668500
20051025 424.00 424.00 420.25 421.75 4288800
20051026 421.75 438.75 421.75 435.00 3801600
20051027 431.00 431.00 425.25 427.25 2687200
20051028 431.75 433.00 420.00 423.00 9139500
20051031 426.75 455.00 425.00 444.00 11558700
20051101 444.00 458.50 444.00 449.00 7303500
20051102 445.00 462.50 445.00 459.00 12970300
20051103 461.25 473.75 458.25 464.00 10569800
20051104 467.00 470.00 461.25 465.75 6276800
20051107 467.50 479.00 466.00 476.00 6423200
20051108 475.00 476.00 454.25 457.00 11957700
20051109 454.50 464.75 453.00 463.75 2793400
20051110 470.00 473.00 466.50 473.00 3744400
20051111 473.00 473.00 464.25 464.25 4292900
20051114 462.00 478.25 462.00 474.00 6162900
20051115 471.00 484.50 471.00 483.00 6745900
20051116 478.25 482.25 475.75 480.00 4928200
20051117 487.75 490.00 480.75 483.00 9455500
20051118 487.25 487.25 475.25 476.50 7866400
20051121 482.25 490.25 482.25 484.50 3947100
20051122 487.00 500.00 484.00 499.00 8727000
20051123 495.50 520.00 495.50 500.00 22163800
20051124 498.00 498.00 485.00 485.75 4041600
20051125 490.00 494.00 458.00 459.00 7080700
20051128 465.00 480.00 461.00 470.00 13403100
20051129 464.75 477.50 464.75 475.00 6492300
20051130 477.75 477.75 463.25 466.75 2509000
20051201 466.75 475.50 466.25 475.00 29626500
20051202 478.75 484.75 475.50 484.25 2436100
20051205 484.25 486.50 480.00 483.00 1120100
20051206 482.25 490.00 477.00 485.00 3932300
20051207 483.00 490.00 483.00 485.75 2047000
20051208 487.50 491.75 484.00 487.25 1179300
20051209 489.50 489.50 484.00 486.75 726100
20051212 487.00 493.00 486.50 490.00 1371200
20051213 477.00 505.25 477.00 505.25 11885800
20051214 510.00 522.00 500.00 509.75 13489700
20051215 506.50 513.00 494.00 494.00 4179300
20051216 508.00 508.00 485.00 490.00 3611200
20051219 492.00 519.00 488.00 500.00 8662600
20051220 496.50 506.25 496.50 503.00 3398800
20051221 500.00 514.75 500.00 510.00 1482400
20051222 506.00 541.00 506.00 522.00 7149000
20051223 518.25 523.50 516.75 522.50 575800
20051226 522.50 522.50 522.50 522.50 0
20051227 522.50 522.50 522.50 522.50 0
20051228 510.00 520.00 510.00 516.50 1952100
20051229 512.50 524.00 512.50 517.25 1656200
20051230 518.00 519.75 509.00 518.00 287400
20060102 518.00 518.00 518.00 518.00 0
20060103 515.00 540.00 515.00 535.00 12422100
20060104 540.00 560.00 540.00 550.00 9638100
20060105 552.00 568.25 548.50 561.50 6750400
20060106 556.75 566.50 553.25 557.00 3055300
20060109 561.75 564.75 550.00 551.50 1666700
20060110 550.50 554.00 545.00 549.25 5919500
20060111 559.00 567.75 548.00 567.75 4450200
20060112 572.75 581.00 566.00 575.25 5397300
20060113 582.25 588.00 576.00 580.00 15919800
20060116 575.25 598.75 575.25 592.50 4050000
20060117 585.25 594.00 579.75 582.50 9240100
20060118 581.75 592.00 572.25 586.25 7638300
20060119 592.00 618.00 590.00 606.00 7352800
20060120 611.25 622.50 603.50 610.00 6236200
20060123 608.75 627.00 598.00 619.00 6066100
20060124 625.25 635.25 619.00 619.00 7734300
20060125 626.75 635.00 617.25 630.00 19963300
20060126 629.00 630.00 610.00 612.00 11293100
20060127 617.00 617.00 605.50 610.00 6532000
20060130 606.25 613.00 604.25 610.00 6176800
20060131 610.00 613.00 605.50 610.00 6417900
20060201 613.00 624.50 605.25 619.50 5222500
20060202 625.00 635.50 620.00 623.50 6926000
20060203 623.00 629.50 618.75 619.50 5306800
20060206 619.50 625.25 617.25 622.50 2923300
20060207 629.25 629.25 620.75 625.25 3988400
20060208 615.75 629.75 612.75 615.00 4191300
20060209 613.50 615.50 605.25 608.50 4357400
20060210 610.00 610.00 583.25 593.00 13437800
20060213 598.75 599.00 584.75 595.25 4893700
20060214 601.00 601.25 589.00 589.00 5443300
20060215 590.00 598.25 589.00 595.25 5077300
20060216 596.50 605.25 584.75 604.00 3511000
20060217 603.25 608.75 596.75 602.00 5398600
20060220 606.25 621.00 601.75 619.75 2962700
20060221 625.00 635.50 616.25 631.00 18204500
20060222 624.50 635.25 620.75 632.50 9804900
20060223 633.75 634.00 607.25 612.00 10657400
20060224 608.00 623.50 607.00 620.00 6384900
20060227 622.50 634.75 620.00 628.50 5095500
20060228 622.00 628.00 613.25 617.00 6102600
20060301 615.00 632.50 615.00 624.00 6971400
20060302 621.50 627.00 610.00 610.00 5512000
20060303 606.50 620.00 606.50 620.00 3150700
20060306 623.50 625.00 617.00 621.75 2890800
20060307 614.00 616.50 608.00 615.75 4010100
20060308 618.25 625.50 596.25 596.75 12893800
20060309 600.00 605.00 586.00 599.50 7303500
20060310 596.50 618.75 596.00 617.00 6021700
20060313 614.75 618.00 610.00 616.25 4758400
20060314 613.00 627.00 610.50 622.00 9139000
20060315 622.00 660.00 620.00 646.00 9260800
20060316 646.00 653.75 638.00 649.25 2227200
20060317 647.00 661.50 642.75 649.50 5513100
20060320 648.00 666.00 648.00 649.00 4953500
20060321 650.00 650.00 627.50 632.50 13519800
20060322 635.00 654.00 617.50 650.50 6460700
20060323 650.00 660.50 627.50 641.00 8649700
20060324 655.00 655.00 635.00 640.00 7844500
20060327 643.50 643.50 628.50 630.50 2633000
20060328 627.00 631.50 619.50 629.50 9103000
20060329 626.50 640.50 620.50 636.00 3871300
20060330 635.50 655.50 635.50 650.50 4416900
20060331 645.50 653.00 636.50 650.00 5552900
20060403 648.00 679.50 648.00 678.00 4907400
20060404 673.50 694.00 673.50 682.00 6630300
20060405 678.00 700.00 662.50 678.00 11919800
20060406 676.00 710.50 676.00 694.00 7863400
20060407 690.50 711.00 678.50 682.00 6232900
20060410 678.00 685.00 672.00 682.50 4299100
20060411 685.50 685.50 677.00 681.00 11634400
20060412 680.00 703.50 677.00 693.00 4796100
20060413 693.50 703.00 693.50 701.00 3835000
20060414 701.00 701.00 701.00 701.00 0
20060417 701.00 701.00 701.00 701.00 0
20060418 705.00 717.50 704.00 713.50 2579900
20060419 727.00 746.50 722.50 730.00 4429000
20060420 730.50 744.00 725.00 728.50 5638100
20060421 730.50 731.00 715.50 723.50 3601700
20060424 725.50 727.50 714.00 725.00 4819400
20060425 723.00 732.00 713.00 715.00 5328200
20060426 713.00 713.00 682.00 682.00 16800900
20060427 670.00 674.00 657.00 657.50 15037300
20060428 657.50 674.50 657.50 662.00 5399400
20060501 662.00 662.00 662.00 662.00 0
20060502 646.50 684.00 646.50 669.00 9545300
20060503 672.50 681.00 669.50 674.00 10945400
20060504 678.50 678.50 671.50 674.00 3043200
20060505 670.50 680.50 664.50 672.00 8886300
20060508 672.00 685.00 655.50 661.00 7383700
20060509 661.00 682.00 661.00 681.00 7303200
20060510 679.50 698.50 677.00 689.00 5749000
20060511 685.50 700.00 683.50 685.00 4491000
20060512 686.00 686.00 653.50 665.00 9656300
20060515 665.50 676.04 639.15 660.50 4352000
20060516 660.50 674.50 650.65 670.00 6148100
20060517 672.00 686.35 648.15 645.50 9387100
20060518 642.00 650.65 630.15 642.00 4144000
20060519 637.00 648.50 628.00 634.50 8171700
20060522 632.00 634.00 619.60 627.50 9463900
20060523 624.50 646.00 622.50 637.00 10868600
20060524 626.00 636.35 623.56 630.00 8776600
20060525 627.50 648.00 628.94 644.00 6103300
20060526 653.50 672.00 652.57 671.50 7947400
20060529 671.50 671.50 671.50 671.50 0
20060530 663.50 674.00 662.50 667.00 7467500
20060531 660.00 699.25 660.98 692.00 6080500
20060601 682.00 694.50 675.00 691.00 3866800
20060602 701.00 709.50 684.15 686.00 6025800
20060605 669.50 695.35 676.15 686.00 2648100
20060606 683.50 687.82 674.85 682.50 4021100
20060607 681.00 703.25 660.15 700.00 6749900
20060608 685.00 692.00 662.65 664.00 19983800
20060609 670.00 697.30 398.95 684.50 6667000
20060612 682.00 687.19 678.20 685.50 4519300
20060613 676.50 678.00 650.00 657.50 23310400
20060614 658.00 662.99 641.65 646.00 6450500
20060615 647.00 668.50 635.50 661.00 5760900
20060616 675.00 686.85 669.50 669.50 6342900
20060619 678.00 701.65 671.16 687.50 5437600
20060620 679.00 696.39 669.20 694.50 3868600
20060621 696.00 695.15 685.63 690.00 2868100
20060622 700.00 698.00 668.25 674.50 8117700
20060623 680.00 683.03 663.25 674.50 10890300
20060626 680.50 685.00 676.50 680.50 8033200
20060627 683.00 686.58 675.42 676.50 5190100
20060628 676.50 677.92 669.51 673.50 4272000
20060629 682.50 682.50 666.50 671.00 6897400
20060630 678.00 684.00 662.00 673.00 8514200
20060703 676.00 677.00 663.00 670.00 6440500
20060704 673.50 689.00 670.50 684.50 7014300
20060705 676.00 689.00 676.00 686.00 3211200
20060706 689.00 700.50 684.00 694.50 5585400
20060707 696.00 723.00 696.00 717.00 13094100
20060710 713.00 720.00 704.50 709.00 9624700
20060711 704.00 712.00 686.50 690.00 6383700
20060712 691.50 706.00 691.50 700.00 8264300
20060713 700.00 701.50 686.50 695.00 10712500
20060714 692.50 697.50 681.00 690.00 3655900
20060717 687.00 696.50 681.00 693.00 9167900
20060718 693.00 698.00 682.50 688.50 6288800
20060719 689.00 703.50 689.00 697.00 8258700
20060720 700.00 700.00 686.00 690.00 7925000
20060721 688.00 688.00 675.00 685.00 9198300
20060724 689.00 700.00 686.00 697.00 2742200
20060725 704.50 707.00 697.00 703.00 8561600
20060726 707.50 718.50 702.00 718.50 10600400
20060727 719.50 734.00 710.50 718.00 5501300
20060728 719.50 737.00 717.50 735.00 2606000
20060731 735.00 738.00 726.50 734.00 9684800
20060801 730.50 740.50 717.50 722.00 9569000
20060802 728.50 737.50 719.50 735.00 4166700
20060803 735.00 735.00 735.00 735.00 0
20060804 730.50 734.50 729.00 733.50 8041900
20060807 730.00 756.50 730.00 738.00 2923800
20060808 738.00 743.50 725.00 726.00 4285900
20060809 730.00 741.50 721.50 737.00 5135100
20060810 726.50 738.00 724.50 738.00 4684800
20060811 738.00 750.50 737.50 747.00 5118400
20060814 756.00 760.00 743.50 753.50 5179600
20060815 750.00 753.50 734.50 751.50 4747900
20060816 730.00 734.50 696.00 718.00 17783500
20060817 722.50 722.50 707.00 717.00 4522200
20060818 717.00 717.00 682.00 685.50 9355400
20060821 677.50 685.50 673.50 681.00 6034200
20060822 682.00 688.00 669.50 671.00 4128700
20060823 674.50 674.50 660.50 662.50 3973200
20060824 666.00 666.00 645.00 655.50 10214600
20060825 655.00 668.00 655.00 663.00 8475400
20060828 663.00 663.00 663.00 663.00 0
20060829 665.00 677.50 665.00 671.00 9913200
20060830 670.00 675.50 665.00 674.00 7081900
20060831 678.00 678.50 668.50 670.50 4114900
20060901 676.50 696.50 673.00 690.50 6325300
20060904 687.50 698.50 685.00 692.50 2527800
20060905 692.00 694.00 685.00 690.00 4451900
20060906 686.50 688.00 664.50 667.00 5961800
20060907 658.50 671.50 652.50 657.00 4721100
20060908 661.50 668.50 654.00 657.50 3206000
20060911 658.00 658.50 640.00 648.50 4790300
20060912 652.00 652.00 633.50 641.00 4622100
20060913 639.00 639.00 630.50 633.00 5658600
20060914 630.00 646.00 630.00 634.00 4235400
20060915 637.50 637.50 631.00 634.00 8182400
20060918 630.00 642.50 625.50 635.00 3769200
20060919 587.50 602.00 580.00 582.50 25055800
20060920 582.00 583.00 566.00 574.00 15216500
20060921 576.00 576.00 562.50 568.50 6423700
20060922 563.50 564.50 553.00 559.50 8075100
20060925 559.50 569.50 551.50 553.00 5631300
20060926 560.50 573.50 557.00 573.50 7859300
20060927 571.00 594.00 571.00 590.50 8552900
20060928 586.50 590.50 580.00 590.00 4014700
20060929 590.00 594.00 570.50 580.50 8115600
20061002 589.50 589.50 579.00 585.00 8315700
20061003 585.00 586.00 575.50 583.50 4953200
20061004 561.00 572.00 540.00 556.00 22553400
20061005 555.00 579.50 554.00 572.00 13685500
20061006 578.00 585.00 563.00 565.50 8675300
20061009 565.00 575.50 551.50 561.50 7677200
20061010 569.00 573.50 561.50 571.50 5410100
20061011 565.50 582.00 565.50 570.00 6488100
20061012 576.00 576.00 557.50 560.50 11673700
20061013 556.00 569.00 550.50 560.50 6304700
20061016 560.50 579.50 400.00 427.00 74582096
20061017 440.00 450.00 426.50 450.00 56237700
20061018 459.50 478.00 455.00 474.00 29975700
20061019 474.00 474.00 460.00 469.50 9707800
20061020 476.00 476.00 443.00 448.00 19392700
20061023 441.00 446.50 437.50 437.50 9481500
20061024 435.00 437.00 414.00 422.00 24875700
20061025 424.00 429.50 418.00 422.00 15821300
20061026 422.00 427.00 401.00 404.50 16106100
20061027 407.00 422.00 405.00 419.50 16683000
20061030 434.50 434.50 407.50 416.00 15356700
20061031 413.00 425.00 406.50 420.50 20078300
20061101 415.00 437.50 415.00 433.00 8755600
20061102 428.50 452.50 423.50 452.00 33468100
20061103 455.50 477.00 455.50 463.00 29076600
20061106 467.00 470.00 456.50 460.50 11702700
20061107 456.50 461.00 447.50 449.00 9316500
20061108 448.50 475.00 448.00 469.50 10489100
20061109 475.50 483.50 465.00 475.50 12553900
20061110 467.00 486.00 467.00 478.00 6274400
20061113 478.00 497.50 478.00 496.00 8843000
20061114 496.00 496.00 488.00 490.50 13109200
20061115 490.00 490.50 479.00 485.00 15842600
20061116 480.00 486.50 465.00 468.50 14572300
20061117 448.00 477.00 438.00 477.00 35765700
20061120 467.50 493.00 463.00 485.50 15028700
20061121 481.00 492.50 481.00 489.00 6473700
20061122 493.00 498.50 483.00 483.50 10703500
20061123 481.50 488.00 473.50 480.00 6432200
20061124 479.50 488.00 472.50 485.00 8159100
20061127 486.00 499.50 475.50 480.00 14319300
20061128 480.00 480.00 465.00 467.50 11745000
20061129 474.00 474.00 462.00 468.50 10948300
20061130 467.00 470.00 462.00 463.00 5166300
20061201 464.00 469.50 456.00 466.50 17035500
20061204 466.00 469.00 459.00 465.50 5898000
20061205 465.00 479.00 457.50 475.00 10374600
20061206 470.00 477.00 470.00 475.50 10880400
20061207 472.50 480.00 462.00 472.00 8025400
20061208 468.50 483.00 468.50 477.00 7502400
20061211 477.50 488.00 471.00 477.50 8640400
20061212 474.00 483.50 469.50 482.50 10597400
20061213 479.00 504.50 479.00 500.00 13207000
20061214 496.00 515.50 496.00 512.50 17310100
20061215 518.00 541.50 510.00 539.00 29820300
20061218 540.00 550.75 534.00 546.75 12467600
20061219 546.00 575.00 543.00 573.75 15505500
20061220 559.00 559.00 525.00 538.25 29753000
20061221 538.00 538.00 519.50 520.50 4710500
20061222 520.00 528.00 506.50 508.50 3705600
20061225 508.50 508.50 508.50 508.50 0
20061226 508.50 508.50 508.50 508.50 0
20061227 530.00 530.00 510.00 526.00 4501400
20061228 527.25 555.00 520.75 545.00 9207900
20061229 541.75 547.50 536.25 543.00 1843100
20070101 543.00 543.00 543.00 543.00 0
20070102 543.00 548.75 523.50 525.25 3990500
20070103 530.00 531.50 506.50 508.00 15828400
20070104 508.00 508.00 486.75 491.75 14224000
20070105 494.00 496.50 482.00 487.00 8828800
20070108 480.00 491.75 480.00 485.00 7440000
20070109 491.00 491.00 470.00 474.50 10744100
20070110 468.75 474.00 457.00 463.00 13380600
20070111 463.00 473.00 463.00 472.00 10066600
20070112 478.50 492.25 470.00 482.50 9152200
20070115 475.75 494.50 475.75 485.00 3652200
20070116 483.50 484.50 475.75 476.50 9857600
20070117 476.50 482.00 467.00 469.25 6178000
20070118 470.00 484.50 470.00 470.00 4040600
20070119 470.00 476.00 465.75 475.75 6395600
20070122 477.00 485.00 477.00 479.50 4527900
20070123 485.00 485.00 467.50 470.00 4953400
20070124 477.00 484.75 476.75 481.50 9706200
20070125 483.75 485.00 470.75 472.75 8750700
20070126 473.00 479.00 466.00 471.50 4608500
20070129 470.25 470.25 461.75 462.25 6791900
20070130 460.00 461.00 440.75 444.00 15752700
20070131 440.00 452.50 435.00 437.25 7290500
20070201 432.50 436.75 422.75 429.50 9582500
20070202 429.50 438.75 423.00 436.50 16905300
20070205 436.75 451.50 431.50 450.50 9240700
20070206 452.50 456.50 444.75 452.50 5520000
20070207 454.00 454.00 437.75 440.00 12950900
20070208 433.50 440.50 415.00 419.00 19257000
20070209 418.25 425.50 415.75 418.75 14257500
20070212 418.75 437.00 418.75 424.00 16023900
20070213 429.75 437.50 403.00 410.00 34135000
20070214 404.00 406.00 385.00 390.00 44909600
20070215 392.25 398.25 384.00 393.00 31355900
20070216 395.00 401.00 392.75 399.50 20019500
20070219 405.00 408.00 390.00 391.00 5366000
20070220 400.00 413.50 399.00 411.50 39720200
20070221 415.50 417.75 410.50 417.75 16370300
20070222 422.25 428.00 416.50 418.75 29909100
20070223 427.50 428.50 418.00 426.75 6639000
20070226 429.00 435.50 423.50 427.75 8239100
20070227 421.50 429.50 401.50 420.50 12571900
20070228 417.00 424.75 408.25 414.00 10417400
20070301 422.00 422.00 401.75 414.00 10998700
20070302 420.00 420.00 407.75 413.50 6477200
20070305 394.00 415.00 392.00 410.75 12516900
20070306 416.75 417.00 410.00 413.75 5125200
20070307 417.00 422.75 411.25 420.00 5996400
20070308 420.00 434.75 420.00 431.50 4954300
20070309 423.50 440.00 423.50 440.00 7649000
20070312 442.00 447.00 436.00 439.25 3332100
20070313 440.00 440.00 433.50 433.50 2628600
20070314 425.00 438.50 418.50 432.75 7766700
20070315 440.25 445.00 428.50 433.00 5525500
20070316 438.00 443.50 434.00 442.00 3801100
20070319 447.25 449.00 439.00 448.25 2851400
20070320 450.00 462.75 448.50 462.00 7585900
20070321 460.00 490.75 458.25 481.50 15377900
20070322 494.75 497.75 475.75 479.25 9047500
20070323 479.75 486.75 475.00 477.75 10125400
20070326 478.50 478.50 455.50 458.00 11095500
20070327 460.00 461.75 451.50 454.25 11555100
20070328 454.00 473.00 450.00 469.50 18979300
20070329 470.00 470.00 460.75 464.00 11070100
20070330 459.00 489.50 459.00 487.25 12124300
20070402 489.00 491.00 480.25 483.50 6154600
20070403 488.50 494.75 482.25 492.00 3478900
20070404 495.00 495.00 485.25 490.25 2573400
20070405 495.00 496.75 484.00 488.00 4289600
20070406 488.00 488.00 488.00 488.00 0
20070409 488.00 488.00 488.00 488.00 0
20070410 494.25 514.50 494.00 497.25 5861700
20070411 501.75 529.00 500.75 518.00 11242400
20070412 523.00 523.00 508.50 517.75 5460800
20070413 513.50 534.25 513.00 534.25 5853700
20070416 534.00 552.25 529.75 543.50 9510500
20070417 551.75 559.75 544.00 550.75 5426300
20070418 554.75 554.75 543.75 546.25 7649300
20070419 541.00 543.25 525.50 531.50 7351300
20070420 531.00 539.00 527.75 528.00 5266400
20070423 528.75 528.75 511.00 518.00 5701000
20070424 519.50 524.75 513.00 518.00 4931200
20070425 516.00 526.50 511.25 523.25 10390700
20070426 528.75 532.25 518.25 522.50 1881600
20070427 527.50 527.50 514.00 517.00 1901500
20070430 524.00 524.00 510.25 520.00 4594000
20070501 517.00 550.25 517.00 548.00 20017900
20070502 549.00 576.00 549.00 566.75 15998200
20070503 566.75 582.75 552.75 557.50 20110900
20070504 557.50 565.00 553.50 562.00 3546100
20070507 562.00 562.00 562.00 562.00 0
20070508 558.00 565.00 546.50 551.00 4994000
20070509 549.25 560.00 547.25 551.50 2325200
20070510 554.00 556.00 539.75 551.50 3998000
20070511 545.25 558.00 537.75 544.00 5845300
20070514 543.25 557.25 537.50 542.50 5837700
20070515 549.00 552.25 542.00 549.25 5251400
20070516 544.00 565.25 544.00 561.75 5718400
20070517 565.00 575.00 560.00 575.00 5848900
20070518 569.75 593.25 569.75 588.00 7121500
20070521 589.00 597.00 578.50 585.50 4587600
20070522 589.75 589.75 579.50 582.00 6632400
20070523 576.00 600.00 576.00 588.25 7888600
20070524 584.00 596.75 580.00 588.00 8785500
20070525 585.00 585.00 570.00 575.50 6757000
20070528 575.50 575.50 575.50 575.50 0
20070529 584.50 584.50 563.75 569.25 4290600
20070530 560.00 581.00 537.00 537.00 21584200
20070531 541.50 543.25 517.50 525.25 42617900
20070601 525.25 525.25 525.25 525.25 0
20070604 535.75 543.75 533.25 537.00 22911400
20070605 544.00 547.50 536.00 544.75 24930200
20070606 548.75 553.25 532.75 538.00 39672100
20070607 546.00 547.00 533.00 545.00 73270400
20070608 543.75 545.50 530.25 542.00 23258700
20070611 545.00 546.25 523.00 529.00 30376800
20070612 534.00 544.50 533.50 543.50 165988096
20070613 536.00 541.00 534.00 536.50 13308200
20070614 541.75 549.00 538.75 543.50 14623300
20070615 550.00 552.00 542.50 545.75 37140700
20070618 555.00 555.00 541.50 546.00 6918800
20070619 545.00 550.50 540.00 548.00 9913300
20070620 547.50 561.00 547.50 554.00 13974000
20070621 551.00 554.00 537.50 544.50 11724900
20070622 547.00 550.00 544.00 546.50 11015400
20070625 549.50 551.00 540.00 551.00 46802100
20070626 545.00 550.00 542.00 547.50 28302100
20070627 534.00 539.50 523.50 525.00 30956900
20070628 530.00 540.00 526.00 539.00 14192200
20070629 542.00 545.00 529.00 541.00 9895100
20070702 540.00 544.50 528.00 534.50 26732100
20070703 538.50 543.50 523.00 527.00 17407800
20070704 527.00 534.00 526.50 532.00 5823800
20070705 535.50 540.00 529.50 533.50 5293300
20070706 535.00 542.00 532.00 540.00 7278900
20070709 550.00 552.50 541.50 543.50 6947900
20070710 543.50 546.00 537.00 538.50 6969900
20070711 537.00 537.50 530.50 533.00 3998400
20070712 533.50 542.00 530.00 542.00 7946300
20070713 544.00 550.00 539.00 543.50 5051800
20070716 547.00 547.00 534.00 540.50 5352600
20070717 543.00 543.00 530.50 532.50 7895200
20070718 526.00 534.00 525.50 529.50 5286100
20070719 532.50 535.00 510.50 523.00 17659100
20070720 524.50 531.00 524.50 527.50 4462900
20070723 524.50 533.50 524.50 533.00 2872800
20070724 532.50 533.50 507.50 509.00 9401800
20070725 508.00 510.00 470.00 482.50 31257700
20070726 484.00 495.50 481.00 485.00 27038300
20070727 480.00 490.75 479.25 485.75 13143000
20070730 484.50 492.25 475.75 490.00 15735000
20070731 491.00 502.50 487.75 500.50 8615500
20070801 491.00 501.50 486.00 490.00 7908300
20070802 496.50 501.00 489.00 497.50 4987400
20070803 500.50 500.50 481.75 483.50 4668800
20070806 477.25 487.25 476.00 480.00 6939000
20070807 483.50 487.75 482.25 485.25 7685200
20070808 489.25 491.00 471.00 474.50 7990500
20070809 470.00 477.25 442.75 464.75 15166600
20070810 455.50 470.50 445.75 451.00 13678500
20070813 455.00 475.25 455.00 471.75 7841500
20070814 466.00 481.00 465.50 467.25 9623300
20070815 460.00 465.25 447.25 454.00 7189300
20070816 438.00 440.00 415.00 417.75 23138200
20070817 419.50 437.50 403.50 431.50 17583400
20070820 438.50 456.25 438.00 451.25 10141900
20070821 458.00 458.00 443.75 450.25 6756700
20070822 455.00 464.50 454.75 462.00 7024000
20070823 467.00 470.25 458.50 459.00 7776700
20070824 460.25 462.00 442.00 446.75 9977200
20070827 446.75 446.75 446.75 446.75 0
20070828 444.50 451.75 442.75 444.50 10866400
20070829 447.50 452.00 440.50 448.50 12413500
20070830 457.50 458.00 444.75 453.50 3553100
20070831 458.50 468.75 456.75 463.50 7290500
20070903 468.75 473.25 460.00 468.25 4624900
20070904 465.00 469.50 463.25 467.75 3747300
20070905 464.25 471.25 455.00 458.50 3635400
20070906 465.25 467.50 456.75 465.00 8520200
20070907 467.00 476.25 459.00 468.00 6409600
20070910 474.50 480.75 466.25 476.50 7022800
20070911 483.75 492.50 477.50 485.50 5304700
20070912 488.00 496.00 487.25 495.00 7220300
20070913 495.00 502.00 495.00 500.50 7250800
20070914 495.00 506.00 486.75 489.75 6788100
20070917 490.25 490.25 479.00 483.00 6361700
20070918 478.25 487.00 477.25 486.25 6721700
20070919 493.50 498.25 492.25 494.50 9144500
20070920 494.00 496.25 485.75 488.50 10216000
20070921 490.75 525.00 487.00 520.50 14834300
20070924 522.00 536.50 517.50 519.00 8377900
20070925 519.00 526.50 502.50 505.00 11693600
20070926 508.00 517.50 502.00 516.50 7923800
20070927 520.00 532.50 515.00 530.00 10886900
20070928 531.50 534.50 523.00 534.50 9926400
20071001 530.50 550.00 529.00 546.00 8453800
20071002 549.50 559.50 539.50 542.00 13943700
20071003 541.50 543.50 530.50 535.00 8755100
20071004 535.00 551.00 533.50 546.00 16907900
20071005 545.00 554.00 536.50 553.00 8502700
20071008 552.00 563.50 549.00 554.00 6019300
20071009 552.50 578.50 550.00 575.00 9415800
20071010 576.00 581.50 563.00 568.50 7892000
20071011 569.50 570.50 558.00 570.00 4325500
20071012 569.50 572.00 558.00 572.00 4869500
20071015 574.00 580.00 561.00 564.50 7727500
20071016 564.50 580.00 563.50 570.50 10194200
20071017 567.50 580.50 565.00 577.00 12082700
20071018 580.00 583.00 573.50 578.00 9302700
20071019 578.00 585.50 571.00 579.00 7308900
20071022 522.00 539.00 500.00 532.00 25784600
20071023 539.50 542.50 529.50 539.00 22458200
20071024 539.00 539.50 529.50 537.50 6355500
20071025 545.50 551.00 528.00 548.00 11458900
20071026 545.00 550.00 525.50 538.00 13905800
20071029 545.00 547.00 538.50 543.50 10637800
20071030 543.50 549.00 536.50 540.00 13029300
20071031 542.00 545.00 514.50 533.00 16009100
20071101 534.50 540.00 520.50 529.00 6386900
20071102 524.00 543.50 524.00 542.50 7818200
20071105 543.50 552.00 536.00 546.50 5894600
20071106 551.00 557.00 548.50 555.00 7064900
20071107 503.00 520.00 496.50 515.00 13935200
20071108 510.00 518.50 501.00 511.50 9878700
20071109 536.00 545.50 515.00 521.50 10023400
20071112 517.50 521.50 505.50 517.50 9164400
20071113 506.50 517.00 502.00 505.00 10105900
20071114 505.50 509.50 494.75 497.25 7189300
20071115 495.25 499.00 481.50 490.50 8411400
20071116 490.25 501.50 484.00 490.75 4775100
20071119 493.25 494.50 477.00 480.25 7804200
20071120 481.50 489.00 473.50 477.75 9901400
20071121 471.50 480.50 453.25 458.75 7468000
20071122 463.00 497.50 456.25 491.50 7248500
20071123 494.75 495.50 482.00 488.00 4795100
20071126 482.50 503.50 482.50 501.00 5778700
20071127 495.00 506.00 488.25 498.75 4923100
20071128 499.25 517.50 492.75 516.50 6894100
20071129 520.50 528.00 510.00 524.50 6329400
20071130 522.00 526.50 514.00 523.00 5666800
20071203 517.50 521.50 509.50 518.50 5493100
20071204 517.00 521.00 513.00 515.00 3810500
20071205 517.00 524.00 514.00 523.00 4251000
20071206 525.00 525.50 515.00 519.00 5401200
20071207 527.00 532.50 519.00 528.00 3492600
20071210 526.50 534.50 518.00 528.50 4708800
20071211 533.00 534.00 525.00 529.00 5374400
20071212 529.00 540.50 515.50 532.00 6455300
20071213 527.00 535.50 527.00 529.00 7664500
20071214 534.50 542.50 531.50 541.00 5865100
20071217 534.00 546.00 530.00 531.50 4383100
20071218 530.00 533.00 524.00 527.50 5051900
20071219 528.50 538.50 522.50 526.50 5148800
20071220 527.00 532.00 514.00 517.00 4506200
20071221 526.00 532.00 518.00 526.00 6474600
20071224 526.00 528.00 518.00 518.00 277100
20071225 518.00 518.00 518.00 518.00 0
20071226 518.00 518.00 518.00 518.00 0
20071227 520.00 529.00 516.50 528.50 1976600
20071228 525.00 541.50 525.00 535.50 1820200
20071231 542.00 549.00 533.50 549.00 832700
20080101 549.00 549.00 549.00 549.00 0
20080102 551.50 560.00 542.50 550.00 4396300
20080103 550.00 556.50 543.50 552.00 3728600
20080104 549.00 560.50 537.00 538.50 4657500
20080107 534.00 575.50 534.00 571.00 9259500
20080108 569.50 596.50 565.50 588.00 9388000
20080109 581.00 586.00 573.00 578.50 7587100
20080110 579.00 607.00 575.50 582.00 9762100
20080111 582.00 593.00 554.00 557.00 10601500
20080114 556.00 577.00 554.00 568.00 5361900
20080115 566.00 585.00 552.50 556.50 7048300
20080116 562.50 571.50 535.50 539.50 10133800
20080117 542.00 544.00 515.50 520.00 12998100
20080118 507.50 543.50 506.50 531.50 10172500
20080121 521.50 525.00 490.25 496.50 8906900
20080122 481.00 522.00 465.75 506.00 12389200
20080123 510.00 510.00 472.00 476.00 18969400
20080124 495.75 505.50 478.00 491.75 10272800
20080125 507.50 535.00 496.50 520.00 10463000
20080128 511.00 520.50 491.75 507.00 5305900
20080129 518.00 522.50 492.25 509.00 6517300
20080130 504.50 508.50 495.00 501.00 2858300
20080131 495.50 522.00 489.50 518.50 5601500
20080201 521.00 538.50 512.00 519.50 6651600
20080204 523.50 528.00 511.00 513.00 4003100
20080205 509.50 512.50 489.00 492.50 7588800
20080206 491.75 516.50 491.75 513.00 5780400
20080207 514.00 514.00 493.00 498.00 6630100
20080208 505.00 509.00 485.50 492.50 7275800
20080211 492.00 493.00 477.50 485.50 8435300
20080212 493.00 500.00 459.00 489.00 9710500
20080213 486.75 533.00 471.00 533.00 18538000
20080214 542.50 558.50 535.00 542.00 11590900
20080215 539.50 549.00 532.00 545.00 6347200
20080218 546.50 554.50 542.00 552.00 6461100
20080219 547.50 569.00 547.50 559.50 4775300
20080220 550.00 556.50 541.50 545.00 7782700
20080221 550.50 551.00 526.50 531.00 6409400
20080222 523.50 554.50 520.50 552.00 10729700
20080225 554.50 577.00 542.00 564.50 8288800
20080226 566.50 597.50 564.00 580.50 9722900
20080227 585.00 591.50 572.00 588.50 7739900
20080228 586.50 606.50 569.50 572.50 11630000
20080229 568.00 582.00 563.00 565.50 6683100
20080303 555.50 568.50 551.00 559.00 6297700
20080304 558.00 563.00 540.00 557.50 9314100
20080305 550.50 558.00 536.50 547.00 10810300
20080306 560.00 582.50 554.50 565.00 10116700
20080307 560.00 573.00 551.00 567.00 9178400
20080310 564.50 582.00 557.50 577.00 7618100
20080311 580.00 584.50 567.50 572.00 7796900
20080312 584.00 598.00 568.00 587.50 11037000
20080313 575.50 585.00 568.50 573.00 7044300
20080314 573.00 587.50 559.50 571.50 7566300
20080317 660.00 680.00 602.00 636.00 23111500
20080318 656.50 656.50 624.50 652.50 13735000
20080319 652.00 652.00 610.50 640.00 17725300
20080320 625.00 647.50 621.00 621.00 11828200
20080321 621.00 621.00 621.00 621.00 0
20080324 621.00 621.00 621.00 621.00 0
20080325 671.00 671.00 632.00 660.50 13558500
20080326 644.00 680.00 644.00 660.00 6556200
20080327 661.00 683.00 653.00 666.00 6597100
20080328 671.50 684.50 656.50 672.00 5452100
20080331 670.00 676.00 650.50 652.50 9415900
20080401 648.00 662.00 643.00 653.00 7976400
20080402 651.00 661.50 645.00 655.50 5540600
20080403 656.00 664.00 654.00 662.50 6359800
20080404 700.00 712.50 686.50 711.00 12222300
20080407 740.00 754.50 713.00 713.50 10332200
20080408 713.50 725.00 696.50 710.50 9230800
20080409 708.00 721.50 696.50 701.50 5429500
20080410 725.00 744.00 718.00 739.50 14921100
20080411 751.00 758.00 734.50 741.00 14271700
20080414 734.00 747.00 729.00 741.00 4523900
20080415 745.00 747.50 728.50 730.00 8056000
20080416 735.00 736.00 721.00 728.00 6692600
20080417 738.50 738.50 722.00 724.50 6335600
20080418 724.00 730.00 718.00 723.00 7251900
20080421 728.00 747.00 722.50 740.00 6342400
20080422 733.50 751.00 733.50 742.00 6340500
20080423 742.00 755.50 740.50 754.00 8976500
20080424 750.00 755.00 748.50 753.00 6492900
20080425 760.00 785.00 755.50 785.00 10575900
20080428 778.00 782.00 761.00 765.50 3401200
20080429 760.50 780.00 760.50 768.00 3388000
20080430 762.50 774.00 759.00 760.00 3952000
20080501 750.00 760.00 745.00 758.00 3497900
20080502 756.50 757.50 720.00 728.50 8036500
20080506 703.50 725.50 698.00 717.50 10441900
20080507 715.50 736.00 714.50 734.00 9435800
20080508 727.50 730.00 711.50 715.00 6765900
20080509 701.00 710.00 685.00 701.00 12624200
20080512 699.00 708.50 683.00 703.00 4920400
20080513 705.50 713.00 680.00 680.50 7883700
20080514 681.00 686.50 671.00 678.50 3987600
20080515 678.00 689.00 675.00 680.00 3384800
20080516 725.00 730.00 713.00 715.50 13455500
20080519 719.00 720.50 710.50 718.00 4081300
20080520 715.00 722.50 710.00 710.00 5782700
20080521 715.00 727.00 706.50 720.00 6682400
20080522 721.50 743.50 721.50 734.00 9380600
20080523 731.50 736.00 725.00 728.50 5699300
20080527 725.00 738.00 717.00 737.00 6446500
20080528 730.00 737.00 719.00 725.00 5815800
20080529 728.00 732.50 722.50 724.00 3635000
20080530 728.00 742.50 728.00 734.00 6148900
20080602 731.00 760.00 727.50 748.00 11974400
20080603 759.00 772.50 739.50 764.50 16668300
20080604 771.00 772.00 751.00 757.00 6285900
20080605 760.50 760.50 728.50 732.00 11487400
20080606 744.50 745.00 720.00 735.00 12238000
20080610 719.00 739.00 710.50 729.00 11450400
20080611 734.00 755.00 732.00 742.00 11404600
20080612 738.50 745.00 728.50 737.00 6753100
20080613 732.00 739.00 724.00 726.50 7006600
20080616 727.00 727.00 710.00 715.50 7592100
20080617 714.50 725.00 708.00 709.00 6390200
20080618 710.50 710.50 685.50 701.00 9359600
20080619 692.50 701.00 685.50 691.00 6639700
20080620 695.50 712.50 691.00 706.50 10247700
20080623 696.00 705.00 693.00 703.00 4414400
20080624 696.00 712.50 696.00 707.00 7474600
20080625 691.50 724.50 691.50 708.00 5289900
20080626 708.50 709.50 697.50 699.50 5262900
20080627 697.50 722.00 697.50 708.00 4980900
20080630 709.00 713.50 702.00 712.50 4190100
20080701 713.50 716.50 703.50 709.00 4525800
20080702 713.00 715.00 693.00 700.00 4568100
20080703 696.00 718.50 696.00 714.50 4890800
20080704 715.00 721.50 708.00 719.00 2708700
20080707 725.50 731.00 705.50 725.50 3473300
20080708 711.50 734.50 711.50 727.00 6179400
20080709 730.50 739.00 712.50 716.00 5744300
20080710 708.00 719.00 699.00 705.50 4337000
20080711 705.00 714.50 696.50 696.50 4611200
20080714 703.50 711.00 701.00 706.00 2837700
20080715 708.00 727.50 708.00 715.50 7125400
20080716 730.00 730.00 706.00 722.50 5685100
20080717 720.00 723.50 701.50 710.00 6598900
20080718 706.50 712.50 691.50 700.00 6704300
20080721 695.50 699.50 685.00 696.00 3764500
20080722 690.50 704.00 687.00 698.00 3755800
20080723 700.50 700.50 682.00 686.00 3626000
20080724 689.50 738.50 683.50 728.50 19269600
20080725 725.50 738.00 725.00 726.50 6468300
20080728 726.50 732.00 724.50 727.50 5922100
20080729 726.50 730.00 722.50 723.00 3831900
20080730 723.50 725.00 712.50 720.00 8794900
20080731 720.00 736.50 715.50 729.50 8499700
20080801 680.00 705.50 675.00 700.00 19980300
20080804 702.00 725.00 694.00 718.00 8567300
20080805 717.00 720.00 700.00 710.00 4361600
20080806 703.00 716.00 693.50 710.50 3414900
20080807 714.00 714.00 704.00 706.00 3038200
20080808 709.50 710.00 700.00 705.50 1501700
20080811 711.00 715.00 702.00 704.50 1767300
20080812 705.00 710.00 705.00 705.00 1182700
20080813 710.00 715.00 702.50 706.50 4473700
20080814 708.50 713.00 707.00 712.00 2819900
20080815 714.00 716.50 707.00 712.00 3135000
20080818 710.00 717.50 708.50 714.00 2454400
20080819 714.50 719.50 712.00 715.50 3204200
20080820 715.00 726.00 714.50 723.00 2584700
20080821 718.00 723.50 715.50 722.00 1970500
20080822 723.00 735.00 719.00 729.00 2277500
20080826 722.50 729.50 712.00 723.00 2692400
20080827 722.50 732.00 719.00 726.00 1691700
20080828 723.00 726.50 714.50 717.00 4026300
20080829 719.50 738.50 717.50 736.50 6060900
20080901 739.50 739.50 734.50 737.00 2023900
20080902 735.00 736.50 718.00 732.00 2602200
20080903 727.00 742.50 717.00 735.00 6832700
20080904 737.50 744.00 727.50 738.00 3236900
20080905 737.50 741.00 725.00 728.00 6072500
20080908 745.00 745.00 732.50 733.50 1507000
20080909 732.00 736.00 720.00 720.00 4468900
20080910 718.00 738.50 710.00 725.00 7495000
20080911 720.50 727.50 717.50 719.00 4129000
20080912 720.50 732.50 715.00 731.00 5990700
20080915 740.00 741.50 714.50 731.00 5066600
20080916 725.00 735.00 712.00 721.00 9854100
20080917 721.00 737.00 715.00 715.50 9871600
20080918 718.50 753.00 707.50 714.50 17759000
20080919 694.00 728.00 694.00 720.50 6910100
20080922 724.00 733.00 717.00 728.50 5323600
20080923 718.00 731.00 714.50 724.00 9982400
20080924 759.00 777.50 750.00 765.00 47176300
20080925 763.50 765.50 760.50 762.00 11399800
20080926 761.50 766.50 753.50 754.00 6960200
20080929 749.50 758.00 749.50 752.00 2616000
20080930 750.50 760.00 750.50 760.00 7069100
20081001 764.00 764.00 753.00 755.00 3357100
20081002 754.00 757.50 751.50 754.00 2561300
20081003 757.00 757.50 750.50 753.00 3515400
20081006 751.50 757.50 750.00 750.00 2447100
20081007 750.00 753.50 738.50 742.00 8071700
20081008 735.00 749.50 720.00 720.00 12297100
20081009 724.50 730.00 711.50 721.00 23572600
20081010 711.00 718.50 685.00 690.00 17365800
20081013 705.00 724.00 692.00 721.00 14227600
20081014 725.00 739.00 723.00 739.00 6032000
20081015 739.00 739.00 723.00 726.00 6909600
20081016 710.00 735.50 709.00 721.50 6416500
20081017 735.00 739.00 720.50 739.00 6437700
20081020 737.00 738.00 726.00 736.00 4209500
20081021 738.50 739.00 729.50 733.50 4394300
20081022 728.00 734.50 726.00 728.00 4042000
20081023 730.00 736.50 724.00 732.50 6071300
20081024 740.00 740.00 715.00 730.00 10411000
20081027 716.50 734.50 715.50 723.50 4795300
20081028 726.00 733.50 719.00 725.00 6518700
20081029 746.00 746.00 726.50 735.00 4288000
20081030 738.50 738.50 727.50 737.00 3240200
20081031 738.50 755.00 731.50 740.00 6023200
20081103 741.50 748.50 736.00 745.00 2967100
20081104 745.00 746.50 739.50 746.00 3362600
20081105 749.00 749.00 741.50 746.00 3436700
20081106 738.00 763.00 735.00 748.00 6303500
20081107 750.50 755.50 748.00 748.50 3218300
20081110 751.00 755.00 744.50 750.00 2731300
20081111 745.50 753.50 739.00 750.50 3728700
20081112 753.50 756.00 748.00 749.00 3256400
20081113 747.00 753.00 747.00 753.00 2405600
20081114 755.00 760.00 749.00 753.50 3175100
20081117 749.00 753.50 749.00 750.00 2677500
20081118 752.00 758.00 750.00 758.00 2315600
20081119 755.50 763.00 755.50 757.50 4600000
20081120 754.50 759.00 753.00 754.00 5546500
20081121 752.50 754.50 742.50 748.00 5088500
20081124 752.50 754.00 749.00 753.00 4143500
20081125 751.00 752.00 745.50 750.00 7284800
20081126 747.50 754.50 745.50 750.00 6614200
20081127 754.50 754.50 739.00 745.50 3726700
20081128 742.00 750.00 741.00 750.00 2516700
20081201 748.50 752.00 744.00 744.00 4267500
20081202 744.00 756.50 744.00 755.00 4791700
20081203 755.00 757.50 750.00 754.00 2571600
20081204 759.50 760.00 753.00 757.00 4404700
20081205 753.00 761.00 753.00 760.00 2410900
20081208 770.00 770.50 761.50 764.00 2008900
20081209 756.50 768.00 756.50 763.00 1604300
20081210 760.00 765.00 758.50 763.50 2609900
20081211 763.00 768.00 762.50 768.00 1237900
20081212 764.00 769.00 764.00 768.50 1431200
20081215 768.00 769.50 763.00 766.00 2495800
20081216 770.00 771.50 766.00 770.00 1570800
20081217 769.50 771.00 765.50 767.50 2100600
20081218 766.50 770.00 766.50 770.00 1977400
20081219 766.50 770.50 763.50 769.50 3507500
20081222 770.00 772.00 765.50 771.00 1141800
20081223 768.50 773.50 768.00 771.00 2181400
20081224 773.50 773.50 771.50 771.50 221700
20081229 770.00 774.50 769.00 770.00 975200
20081230 773.50 774.00 771.00 771.00 750000
20081231 773.00 774.50 770.50 773.50 332300
20090102 771.00 773.50 770.00 770.00 790600
20090105 771.00 774.00 770.00 770.00 791500
20090106 772.50 774.00 771.00 773.50 2367200
20090107 773.00 774.00 770.00 770.00 9299200
20090108 771.00 773.00 770.50 771.50 8483500
20090109 772.00 772.50 771.50 771.50 1185100
20090112 772.00 773.00 771.50 772.50 689700
20090113 772.50 772.50 772.00 772.00 1734900
20090114 772.50 773.00 772.00 773.00 587000
20090115 772.50 773.00 772.00 772.50 1341600
20090116 773.00 773.00 772.50 772.50 1004800
20090119 772.50 773.00 772.50 773.00 588800
20090120 773.00 773.00 772.00 772.50 1663000
20090121 772.50 773.00 772.00 772.00 975300
20090122 773.00 773.00 772.00 772.00 1399600
20090123 772.00 773.00 772.00 772.50 1543600
20090126 772.50 773.00 772.00 773.00 638300
20090127 772.50 773.00 772.00 773.00 663400
20090128 773.00 773.00 772.00 773.00 832500
20090129 772.50 773.00 772.50 773.00 793900
20090130 773.00 773.00 772.00 772.00 860200
20090202 772.50 773.00 772.00 772.00 1048100
