20030101 261.13 261.13 261.13 261.13 0
20030102 261.13 267.63 257.00 266.25 3785983
20030103 267.63 270.78 262.31 264.48 6126862
20030106 254.64 257.00 253.07 255.82 19130898
20030107 256.02 260.94 256.02 260.54 12684144
20030108 259.76 263.69 256.61 257.79 9833826
20030109 254.64 258.18 251.49 258.18 8958759
20030110 258.18 260.54 253.26 260.54 8794113
20030113 256.21 262.51 256.21 259.76 8563912
20030114 260.94 262.51 258.18 260.54 7616686
20030115 260.54 262.12 254.84 256.61 7369335
20030116 255.43 255.62 251.49 255.43 6475974
20030117 254.84 254.84 247.16 248.74 13249100
20030120 248.34 250.90 246.77 247.95 6452852
20030121 250.70 251.88 247.75 248.54 9530830
20030122 247.16 249.13 241.85 243.62 8906799
20030123 243.62 250.31 238.90 239.49 12767864
20030124 242.44 245.39 235.35 235.35 11794340
20030127 234.37 234.57 225.91 231.03 13008863
20030128 232.01 236.14 229.25 229.84 12368571
20030129 229.06 229.06 220.20 223.74 17513398
20030130 225.12 229.06 222.17 227.48 16025098
20030131 221.58 228.07 221.58 223.55 11392887
20030203 226.70 234.57 223.55 233.19 12269732
20030204 232.40 237.32 231.81 232.60 12955125
20030205 231.03 242.83 230.04 241.65 12572219
20030206 238.50 241.26 235.35 237.72 12853872
20030207 238.90 245.39 238.50 240.08 17807118
20030210 240.08 246.37 239.29 242.44 6115809
20030211 239.29 244.80 239.29 243.42 8077086
20030212 245.59 245.59 238.90 240.08 10341994
20030213 238.11 238.11 232.40 234.96 6291001
20030214 233.58 242.05 233.58 237.91 6307262
20030217 242.05 246.18 241.46 243.62 5849656
20030218 244.41 250.11 241.06 248.93 7917013
20030219 248.54 251.49 246.37 246.57 7687575
20030220 244.01 249.72 241.85 247.16 9898363
20030221 244.01 248.54 242.44 248.54 7574254
20030224 252.08 261.53 251.88 259.76 14536672
20030225 256.02 257.39 253.85 253.85 12365141
20030226 256.61 260.74 251.29 257.59 7210278
20030227 258.18 262.12 253.46 256.21 10077238
20030228 255.03 259.76 254.25 259.76 9024948
20030303 266.84 266.84 257.00 262.90 6820258
20030304 261.33 261.33 256.41 257.00 6188605
20030305 255.82 255.82 245.78 248.34 11129529
20030306 246.18 247.16 242.24 242.83 6966738
20030307 240.27 241.65 236.14 240.86 14106635
20030310 238.70 245.39 238.50 241.26 4880324
20030311 239.09 241.26 235.75 240.08 11628169
20030312 240.27 240.47 230.63 232.60 16694230
20030313 236.54 242.44 232.99 241.65 17508696
20030314 243.23 251.10 243.23 251.10 10360797
20030317 242.44 259.76 242.44 256.61 9775132
20030318 256.61 267.43 256.61 262.51 14546709
20030319 263.69 269.20 261.33 266.05 12631929
20030320 266.05 266.05 257.79 259.95 9812229
20030321 259.76 267.23 259.76 264.68 8665292
20030324 261.33 261.33 254.05 254.25 9296183
20030325 254.25 261.13 253.07 259.56 6052797
20030326 261.33 261.33 256.61 260.54 6861293
20030327 260.54 261.33 256.61 261.13 11763342
20030328 260.54 261.33 254.25 255.62 10026168
20030331 256.61 261.33 249.52 249.52 8742788
20030401 250.70 257.00 249.52 256.21 11874377
20030402 251.88 264.28 251.88 263.30 11038185
20030403 263.69 267.63 261.53 265.66 8931826
20030404 263.30 265.86 259.36 263.30 10133899
20030407 264.48 276.68 264.48 276.68 13456687
20030408 273.14 273.14 266.45 269.99 9904969
20030409 268.02 268.61 263.89 263.89 7115631
20030410 263.30 263.69 256.61 256.61 9369995
20030411 259.76 263.69 258.97 262.71 8589702
20030414 264.28 264.68 260.54 264.09 6678225
20030415 265.66 269.79 265.27 269.79 8219120
20030416 271.37 271.96 265.27 266.05 12348752
20030417 265.86 269.20 263.89 267.82 5196659
20030418 267.82 267.82 267.82 267.82 0
20030421 267.82 267.82 267.82 267.82 0
20030422 271.56 271.56 265.27 266.64 5567623
20030423 268.02 270.97 262.12 264.28 11248440
20030424 257.39 257.79 242.64 242.64 20862864
20030425 244.01 251.69 242.44 245.00 18058662
20030428 245.00 251.10 243.82 250.90 6375103
20030429 251.88 255.82 250.90 252.67 8957362
20030430 253.07 255.03 250.90 251.88 7845997
20030501 253.85 256.02 249.92 251.49 4796985
20030502 247.36 253.46 245.59 249.33 10057547
20030505 249.33 249.33 249.33 249.33 0
20030506 251.10 253.26 247.36 248.34 4837257
20030507 249.52 249.52 239.49 240.08 13500517
20030508 241.65 246.37 240.86 243.82 10215460
20030509 243.82 246.37 242.05 246.18 10049543
20030512 247.95 249.13 246.77 248.54 7584290
20030513 248.54 249.92 246.18 248.15 10639781
20030514 248.34 248.34 242.44 243.23 7929845
20030515 241.26 244.01 239.49 240.67 9749343
20030516 239.29 246.37 239.29 245.19 13802242
20030519 244.80 244.80 236.14 237.13 9453970
20030520 238.70 241.65 235.35 236.14 11650402
20030521 237.72 237.91 232.40 236.14 14083640
20030522 240.08 241.26 237.32 241.26 11226589
20030523 240.67 244.01 240.08 243.62 8018520
20030526 243.62 243.62 243.62 243.62 0
20030527 241.06 245.00 238.70 244.80 8625274
20030528 245.59 250.11 245.59 248.93 11398477
20030529 249.13 249.52 247.95 248.34 7609063
20030530 247.75 251.10 245.78 249.92 12322201
20030602 252.67 255.23 251.10 253.66 7746777
20030603 253.66 254.64 249.52 253.85 6249966
20030604 252.67 254.05 249.13 251.69 7467030
20030605 254.05 258.18 253.46 254.25 11832072
20030606 255.82 258.38 255.43 258.18 11590311
20030609 261.00 264.02 259.59 264.02 5484259
20030610 261.81 265.83 261.61 265.23 9500347
20030611 262.61 263.22 257.98 261.00 9089825
20030612 264.83 264.83 260.80 261.81 10224067
20030613 262.61 264.83 261.40 262.61 6630418
20030616 261.00 265.83 261.00 265.83 6681314
20030617 266.24 270.06 264.43 269.06 9047743
20030618 265.03 268.25 263.42 266.64 13195292
20030619 268.25 268.25 262.81 263.82 8959233
20030620 264.63 266.64 262.21 265.63 4499726
20030623 263.42 264.22 258.99 260.20 5879636
20030624 259.39 260.20 254.76 256.97 6068697
20030625 256.17 259.39 255.36 256.97 4831545
20030626 253.35 254.56 250.93 252.95 6230448
20030627 253.15 255.77 252.34 254.56 5941084
20030630 257.18 259.19 252.14 256.97 6194572
20030701 257.38 257.38 249.72 250.53 8386091
20030702 252.74 253.75 250.73 251.74 5605044
20030703 254.96 256.97 252.74 254.76 12065891
20030704 254.96 259.19 254.56 257.38 6767217
20030707 259.39 267.04 257.78 266.64 10534907
20030708 266.64 270.47 266.64 267.45 7212622
20030709 268.05 268.05 266.04 266.84 7495779
20030710 266.44 270.06 265.83 269.86 8352698
20030711 273.29 273.29 266.44 270.06 4959282
20030714 270.67 279.53 270.67 278.72 9912234
20030715 275.90 278.93 273.08 277.52 12327076
20030716 279.33 279.33 276.31 276.91 8135582
20030717 276.51 277.92 273.69 276.91 8218381
20030718 276.71 279.93 275.70 279.53 7981528
20030721 280.74 281.74 277.92 277.92 7567158
20030722 277.72 280.13 275.10 280.13 11632901
20030723 281.95 287.18 281.14 286.78 8978226
20030724 290.81 295.24 289.60 295.24 14563036
20030725 293.83 301.88 293.83 301.68 12324717
20030728 302.09 302.09 295.84 300.47 9109191
20030729 298.46 298.46 294.03 295.64 9486816
20030730 292.42 296.24 292.42 294.03 6663438
20030731 292.42 299.87 289.60 299.06 15391404
20030801 300.47 303.49 299.67 300.47 11227220
20030804 298.86 299.06 295.44 296.65 7849446
20030805 298.26 302.49 294.83 302.49 8489622
20030806 300.47 300.68 298.06 300.68 9272431
20030807 300.68 301.28 297.45 301.28 6663935
20030808 303.09 306.11 300.27 303.70 9477506
20030811 303.49 307.32 303.49 305.91 5262426
20030812 303.70 308.33 303.70 307.72 10235984
20030813 308.93 314.37 307.72 311.15 15594244
20030814 312.96 316.99 306.92 313.97 13728834
20030815 315.78 321.42 309.94 321.42 8637717
20030818 322.22 328.06 322.22 327.86 9668056
20030819 329.47 330.68 325.45 326.25 13379512
20030820 324.64 327.26 317.99 320.81 10902725
20030821 320.21 326.65 320.21 326.25 8436243
20030822 326.86 333.50 324.24 329.88 10652589
20030825 329.88 329.88 329.88 329.88 0
20030826 327.86 327.86 320.21 321.82 15522741
20030827 326.05 326.05 320.21 325.04 10346342
20030828 328.06 335.72 325.45 332.70 14636153
20030829 331.89 337.13 331.09 334.71 7040691
20030901 336.12 345.79 336.12 343.17 10330453
20030902 345.18 348.61 337.93 338.74 12712150
20030903 337.73 345.59 337.13 344.98 12392496
20030904 346.39 350.42 343.97 345.79 14925641
20030905 342.77 349.41 341.15 349.41 15212522
20030908 349.61 353.02 345.79 352.43 10314315
20030909 350.62 353.26 349.15 351.63 13494090
20030910 348.00 351.19 342.44 346.39 15213639
20030911 342.36 345.99 340.55 343.97 9595312
20030912 343.17 349.01 342.77 344.18 8814613
20030915 343.77 346.39 341.76 343.17 8334077
20030916 343.97 346.59 341.96 346.59 5289239
20030917 347.20 350.42 341.36 341.96 10342246
20030918 339.14 345.99 335.72 345.79 10508341
20030919 345.59 346.39 339.95 341.96 10339018
20030922 336.72 339.34 333.10 335.72 9954938
20030923 335.72 337.53 333.10 334.11 12018843
20030924 335.72 341.76 335.72 338.94 8874695
20030925 336.72 336.72 331.09 332.70 10707457
20030926 330.28 331.89 326.65 327.86 5274591
20030929 328.67 331.89 326.86 326.86 5140399
20030930 329.07 329.47 320.01 321.82 12722826
20031001 321.62 327.06 316.79 320.61 14744400
20031002 325.85 327.66 320.41 327.06 15479169
20031003 329.88 341.56 327.66 341.56 11476860
20031006 340.75 348.61 339.95 348.20 12259297
20031007 345.99 346.39 341.36 342.36 14698470
20031008 342.97 350.22 341.56 347.80 10880008
20031009 351.63 365.12 351.63 363.91 16023014
20031010 362.10 366.53 359.28 364.11 6583866
20031013 364.11 382.64 364.11 382.64 16461963
20031014 380.63 389.69 374.79 375.39 13054272
20031015 374.59 392.11 374.59 387.68 14251824
20031016 388.28 390.70 374.59 374.59 15206439
20031017 378.61 381.03 373.38 381.03 10250012
20031020 377.81 379.22 374.99 377.00 8012934
20031021 378.21 383.45 376.20 378.21 9977903
20031022 380.02 380.02 368.14 369.55 12031878
20031023 364.11 364.11 356.06 362.50 16852126
20031024 358.88 361.09 356.46 358.47 7344331
20031027 360.69 360.69 354.85 356.86 8283802
20031028 359.88 365.72 357.87 365.72 7687571
20031029 363.31 363.31 359.88 361.70 8438477
20031030 365.32 385.06 377.40 378.81 15750657
20031031 377.81 379.62 372.17 372.77 11387605
20031103 372.17 379.82 370.56 377.40 9007398
20031104 378.41 382.84 376.40 382.24 12278290
20031105 376.80 378.21 373.38 373.98 14205893
20031106 377.61 378.61 372.37 377.81 12180098
20031107 381.03 383.04 375.59 376.00 13372684
20031110 381.94 382.35 378.04 379.48 6183200
20031111 374.97 374.97 369.85 374.36 9645587
20031112 371.49 380.09 371.08 379.48 9833970
20031113 383.17 386.65 372.72 374.36 12572108
20031114 374.36 377.22 367.80 370.26 15354414
20031117 374.85 374.85 368.38 368.59 8105860
20031118 371.30 372.97 364.42 365.88 8460972
20031119 363.79 368.59 362.33 366.92 10787838
20031120 370.26 370.26 357.95 363.58 7677040
20031121 362.96 365.88 358.79 360.87 7160731
20031124 362.96 366.29 361.29 364.00 5962722
20031125 371.30 372.97 365.04 366.50 14237329
20031126 368.17 373.39 366.71 368.38 7739841
20031127 372.34 376.31 367.13 368.17 4695440
20031128 369.84 372.34 363.17 363.79 6735268
20031201 367.13 384.65 380.69 382.36 8910286
20031202 384.23 386.74 377.35 379.44 10687405
20031203 383.61 385.49 382.15 384.65 10826909
20031204 383.82 388.20 382.36 387.78 8050130
20031205 389.05 392.58 383.82 392.58 11741356
20031208 390.91 392.16 383.19 385.07 7148627
20031209 386.74 395.71 384.86 394.04 9925765
20031210 391.33 392.16 384.03 392.16 19550830
20031211 392.16 392.16 379.44 382.15 12870213
20031212 382.15 385.07 380.48 382.15 7270393
20031215 388.61 393.83 388.61 388.61 6231063
20031216 384.86 386.74 381.31 382.15 8680176
20031217 383.42 385.49 381.52 383.82 12091195
20031218 383.82 393.20 380.48 392.16 9724060
20031219 391.53 400.30 390.49 397.38 9135602
20031222 396.33 402.80 394.46 398.00 5097652
20031223 398.21 398.84 388.61 396.54 6215124
20031224 396.75 401.55 396.75 400.50 1969357
20031225 400.50 400.50 400.50 400.50 0
20031226 400.50 400.50 400.50 400.50 0
20031229 400.09 406.76 399.67 406.35 2904178
20031230 406.35 410.31 405.30 407.18 6191393
20031231 409.06 409.06 404.68 407.18 1499908
20040101 407.18 407.18 407.18 407.18 0
20040102 410.52 412.19 404.68 411.77 2900463
20040105 412.60 420.32 411.98 417.19 6112533
20040106 419.70 422.62 408.01 408.22 6628482
20040107 408.64 408.64 394.66 396.33 8083328
20040108 396.75 399.25 392.58 396.33 11095970
20040109 396.12 397.17 384.23 386.53 8367250
20040112 388.82 394.46 387.36 388.82 6143454
20040113 392.58 394.25 386.74 387.99 6653291
20040114 392.99 395.50 389.45 390.07 9100246
20040115 387.15 389.03 382.98 384.03 11402423
20040116 381.52 391.95 376.31 387.57 13184217
20040119 390.49 395.92 390.28 394.04 6830907
20040120 395.50 395.50 387.78 388.82 9181384
20040121 386.53 390.91 383.82 390.91 7280940
20040122 390.86 395.29 385.07 385.90 12318548
20040123 392.58 393.83 386.32 388.20 8764669
20040126 393.83 394.25 387.36 390.07 6394537
20040127 391.33 392.58 384.65 386.53 9847983
20040128 383.82 391.12 386.74 386.95 8353348
20040129 379.61 385.07 375.06 375.06 12152318
20040130 379.64 379.64 372.34 376.72 11608204
20040202 376.31 379.02 372.14 373.18 9422520
20040203 378.18 379.23 368.59 370.88 11166561
20040204 372.14 376.72 371.93 373.18 8524612
20040205 375.47 378.81 370.05 372.55 7430032
20040206 373.10 377.14 370.47 371.72 5131090
20040209 376.31 387.99 374.64 386.53 11037244
20040210 387.99 390.07 379.02 380.06 9969510
20040211 386.74 386.74 376.72 379.85 7130050
20040212 384.65 395.50 384.65 395.08 11340102
20040213 396.96 404.05 394.04 396.96 8536956
20040216 397.17 401.34 388.61 401.34 4527292
20040217 400.92 405.51 398.84 403.63 8583338
20040218 406.35 409.89 400.09 400.09 8919634
20040219 406.35 424.28 404.68 423.45 17934908
20040220 420.95 425.54 416.15 417.19 18014486
20040223 416.15 418.86 409.47 414.06 11251893
20040224 410.52 411.77 402.59 405.93 9624345
20040225 404.26 411.35 402.80 409.27 10859748
20040226 412.81 419.07 411.98 416.98 6621291
20040227 415.94 414.90 412.19 412.19 7403905
20040301 419.28 430.75 416.36 429.08 9879024
20040302 432.21 439.51 429.71 439.09 14255546
20040303 433.88 433.88 421.99 421.99 14752799
20040304 421.57 425.54 420.53 422.20 6436245
20040305 425.74 428.04 415.94 425.12 12174011
20040308 424.70 425.95 422.82 424.91 5018193
20040309 422.82 425.54 419.70 420.53 11094532
20040310 417.61 417.82 412.19 414.48 12110251
20040311 410.73 411.35 402.17 405.72 17234510
20040312 404.68 413.44 411.14 413.02 9464467
20040315 410.93 418.03 403.22 403.22 6203858
20040316 404.26 413.85 403.01 409.68 7061257
20040317 413.65 418.86 413.44 416.98 9271271
20040318 418.03 422.20 412.39 416.36 10629518
20040319 421.36 422.20 414.90 418.03 7914101
20040322 411.35 414.27 402.17 404.68 7388444
20040323 407.18 412.19 403.01 403.01 7488518
20040324 402.59 407.60 392.16 393.83 10872811
20040325 397.17 402.17 395.08 400.50 9048112
20040326 403.01 413.44 403.01 412.19 8342801
20040329 412.19 421.36 409.68 419.70 6693800
20040330 420.53 420.53 415.11 417.19 5608688
20040331 417.61 420.11 413.85 413.85 7418406
20040401 417.19 423.45 417.19 423.45 7181225
20040402 425.54 439.72 424.28 439.30 9984611
20040405 438.05 438.89 431.38 433.46 7765249
20040406 429.71 429.71 421.78 425.12 9572810
20040407 433.60 437.42 430.21 433.60 8142807
20040408 434.45 441.67 433.60 439.12 4193908
20040409 439.12 439.12 439.12 439.12 0
20040412 439.12 439.12 439.12 439.12 0
20040413 440.82 443.79 434.45 434.88 4777852
20040414 430.21 430.21 416.63 420.45 11411126
20040415 422.15 422.57 412.39 417.06 7810354
20040416 421.72 425.12 416.21 419.60 7310201
20040419 420.03 422.15 412.39 414.94 6438704
20040420 417.48 422.57 414.94 417.06 4269803
20040421 410.69 410.69 400.51 401.36 14960045
20040422 405.60 407.30 396.27 403.91 16159516
20040423 409.84 415.36 404.33 406.88 10406696
20040426 406.45 409.00 404.33 407.30 3971997
20040427 406.88 408.57 402.63 405.18 7024063
20040428 402.21 404.75 389.06 389.06 18218228
20040429 386.09 387.78 374.63 381.42 24829936
20040430 380.57 386.09 377.60 382.27 12627686
20040503 382.27 382.27 382.27 382.27 0
20040504 385.24 396.69 382.27 395.42 19639140
20040505 396.69 400.51 394.57 395.00 10778864
20040506 395.00 395.00 385.24 386.09 13429298
20040507 384.39 386.09 378.02 384.39 9428427
20040510 375.05 375.90 366.99 366.99 14172221
20040511 373.36 375.90 369.12 371.66 17509482
20040512 377.18 379.30 373.78 375.05 13170737
20040513 376.33 379.30 372.93 377.18 8027433
20040514 375.90 378.02 367.42 370.81 13846014
20040517 366.57 372.93 360.63 372.51 10931833
20040518 375.05 378.45 368.69 370.39 13430595
20040519 378.02 395.00 378.02 392.03 20993818
20040520 389.48 389.48 383.12 383.96 12365825
20040521 385.24 394.15 384.81 393.72 10360852
20040524 392.03 399.66 388.21 389.06 9112119
20040525 388.21 388.21 383.12 386.09 7613663
20040526 391.18 396.27 389.48 394.15 6591673
20040527 393.30 398.81 393.30 394.15 6170950
20040528 395.00 395.84 388.63 389.48 9031510
20040531 389.48 389.48 389.48 389.48 0
20040601 394.57 395.42 388.63 393.72 8611495
20040602 393.30 394.57 379.72 379.72 13948779
20040603 378.02 380.99 375.05 377.60 11779642
20040604 377.60 379.72 375.48 378.45 8103681
20040607 381.84 390.75 381.84 390.33 9607087
20040608 392.03 394.57 389.06 391.18 6807927
20040609 386.09 389.48 383.96 388.21 12610245
20040610 387.36 389.48 383.54 387.78 7167603
20040611 388.63 388.63 380.99 384.81 5058334
20040614 384.39 384.39 376.33 377.60 8905529
20040615 379.72 380.15 373.78 378.45 9003462
20040616 380.99 386.51 380.99 383.12 8315103
20040617 383.12 390.33 381.42 389.06 10705208
20040618 387.78 396.69 384.81 395.42 13415510
20040621 397.12 399.03 393.72 398.18 8367782
20040622 394.15 395.42 390.33 391.18 6021989
20040623 391.60 394.57 390.12 390.12 4739669
20040624 393.72 400.94 392.24 400.72 12023826
20040625 397.12 409.21 397.12 408.15 12024179
20040628 405.60 409.84 403.06 406.88 8665470
20040629 403.06 407.72 401.36 407.09 6510121
20040630 407.51 409.42 403.27 406.03 8559759
20040701 406.88 410.48 404.75 404.75 8793337
20040702 405.60 407.09 401.57 405.60 9383173
20040705 407.30 409.84 406.88 408.57 5982509
20040706 413.66 415.78 406.45 406.45 9461189
20040707 407.72 412.39 407.72 409.42 6252267
20040708 410.69 415.57 407.30 414.30 8427768
20040709 412.39 420.03 410.69 420.03 7655500
20040712 417.48 423.63 417.48 422.57 10028399
20040713 423.21 426.82 421.09 421.30 12342019
20040714 417.48 423.63 417.48 422.57 7632755
20040715 421.72 427.66 420.45 424.69 7153108
20040716 425.97 428.51 422.15 425.12 7046336
20040719 426.39 426.39 418.54 418.97 5629904
20040720 416.63 419.82 412.60 416.21 6371177
20040721 420.88 425.76 420.45 421.30 6958892
20040722 418.75 418.75 409.84 410.27 11368701
20040723 411.33 412.39 402.84 402.84 8431421
20040726 402.84 408.78 402.84 404.33 4627712
20040727 406.66 409.00 403.69 409.00 5290026
20040728 411.97 418.54 410.69 412.81 10049730
20040729 416.00 425.97 415.78 425.12 10459492
20040730 426.82 431.69 425.12 425.12 7964265
20040802 425.54 425.54 420.03 423.00 6623964
20040803 425.97 434.45 431.48 434.03 7421922
20040804 430.85 437.63 430.21 436.57 8378624
20040805 436.15 438.91 433.60 434.88 6348314
20040806 431.06 431.69 426.18 426.39 7917833
20040809 425.97 429.15 419.82 421.72 7473069
20040810 423.42 430.63 421.09 430.63 5912742
20040811 431.06 431.06 424.69 425.54 8081408
20040812 426.60 433.18 425.97 432.76 9881558
20040813 427.45 434.03 427.45 431.48 7799630
20040816 431.69 445.48 429.36 444.00 5613994
20040817 443.79 445.48 438.70 444.64 6481366
20040818 437.85 439.97 432.76 438.70 15002824
20040819 439.97 449.94 435.09 449.94 12855961
20040820 449.73 451.21 446.76 450.36 7617435
20040823 451.21 457.79 451.21 455.67 7519973
20040824 453.12 453.12 447.39 447.60 8905529
20040825 441.24 443.36 437.63 440.60 11075020
20040826 444.64 447.39 442.94 445.48 5508283
20040827 445.48 448.03 443.57 446.33 8720859
20040830 454.54 454.54 454.54 454.54 0
20040831 447.63 454.11 447.63 451.95 12415242
20040901 450.44 454.11 449.79 453.68 5796464
20040902 454.54 458.00 452.38 455.84 7203863
20040903 454.54 458.43 452.60 455.41 5409262
20040906 455.41 461.02 455.41 456.05 3279995
20040907 457.13 458.00 446.98 448.06 8211098
20040908 446.55 452.81 446.55 450.65 6860866
20040909 449.79 453.03 446.76 450.22 6458735
20040910 450.22 451.95 448.49 449.36 5648804
20040913 448.92 453.03 447.63 452.38 4125684
20040914 451.95 453.68 449.79 451.08 5620568
20040915 451.08 458.43 450.65 456.70 10758117
20040916 457.57 465.34 454.97 464.48 9547097
20040917 461.89 481.33 461.89 480.68 16236117
20040920 483.92 483.92 471.39 475.71 8767832
20040921 475.71 486.52 474.85 485.65 8297889
20040922 486.52 489.11 483.49 485.22 9465977
20040923 484.35 486.52 480.47 483.92 9366225
20040924 479.17 483.06 481.76 481.76 11200982
20040927 479.60 482.19 477.01 480.03 6399718
20040928 480.90 506.39 480.90 505.09 19716194
20040929 506.39 514.17 506.39 512.87 15840120
20040930 509.85 510.71 501.64 502.50 18532600
20041001 505.53 516.33 501.64 514.17 11317975
20041004 520.22 522.81 505.96 505.96 16297102
20041005 513.30 517.19 514.60 516.76 16733833
20041006 514.17 524.11 510.71 522.38 13322726
20041007 527.13 535.77 525.83 532.75 14627249
20041008 532.31 539.23 528.86 536.64 18781980
20041011 536.64 541.82 528.43 529.72 7191249
20041012 530.59 530.59 515.46 518.06 12724333
20041013 520.22 520.22 490.84 495.16 23781358
20041014 492.56 500.77 483.92 498.18 19950182
20041015 499.48 500.34 488.24 494.72 12661612
20041018 496.88 501.21 488.24 489.97 6300892
20041019 489.97 493.43 483.92 484.79 11366463
20041020 480.90 484.35 470.53 483.06 16451706
20041021 489.11 492.56 483.49 490.40 8879387
20041022 493.86 496.88 489.97 491.70 9086528
20041025 486.52 490.40 481.33 489.54 6988737
20041026 490.40 495.59 489.97 492.56 6747459
20041027 498.61 500.77 494.29 500.77 7027157
20041028 504.66 507.69 473.55 482.19 22056420
20041029 483.49 485.22 473.55 478.31 10559772
20041101 482.63 492.13 482.19 490.40 7497331
20041102 493.43 493.43 483.92 484.79 5472098
20041103 489.54 492.56 486.52 489.11 7526261
20041104 495.59 495.59 486.95 491.27 9587484
20041105 495.59 495.59 482.19 487.81 8874874
20041108 488.24 488.24 482.19 484.35 6337228
20041109 487.38 493.43 486.52 491.70 11011546
20041110 495.16 508.55 495.16 505.09 16636743
20041111 504.66 508.12 501.21 507.69 7769160
20041112 505.96 506.82 496.88 504.23 8414767
20041115 506.82 510.71 504.23 506.82 7876549
20041116 501.21 501.21 497.32 499.91 6426218
20041117 499.91 512.87 499.91 512.01 8094683
20041118 514.17 517.19 508.98 510.28 9824133
20041119 511.58 515.46 507.69 514.17 8745729
20041122 510.28 507.69 500.34 506.39 7536560
20041123 522.81 524.54 516.33 519.78 13509615
20041124 521.51 525.40 520.65 524.54 9263465
20041125 529.29 535.77 528.43 535.77 7144382
20041126 534.04 535.34 530.15 532.31 7353606
20041129 531.88 538.80 530.15 533.61 8147336
20041130 535.34 535.34 524.11 528.86 8563006
20041201 525.40 531.02 524.11 529.29 8239103
20041202 531.02 532.31 513.74 517.19 12813553
20041203 515.03 516.76 504.23 510.71 13920540
20041206 510.71 512.01 503.80 510.28 8518685
20041207 501.21 506.82 499.05 504.66 9231410
20041208 496.88 496.88 489.54 494.29 12638120
20041209 491.27 497.32 484.35 487.81 18352770
20041210 490.84 493.00 486.08 488.68 8057073
20041213 492.56 499.91 492.56 499.48 7244712
20041214 504.23 505.96 496.02 497.75 5903043
20041215 500.34 501.64 493.43 494.29 8122572
20041216 497.75 503.80 496.88 500.34 5417593
20041217 501.21 508.98 507.25 508.55 9389948
20041220 508.55 515.03 506.82 512.87 6125112
20041221 515.03 522.81 513.30 517.19 5033053
20041222 521.51 527.56 518.49 521.51 9720794
20041223 522.81 525.40 520.65 524.11 3406131
20041224 521.08 527.56 521.08 523.67 661229
20041227 523.67 523.67 523.67 523.67 0
20041228 523.67 523.67 523.67 523.67 0
20041229 526.70 529.29 522.38 527.99 2963614
20041230 526.27 528.86 524.54 524.97 2828221
20041231 525.40 529.72 522.81 527.56 536135
20050103 527.56 527.56 527.56 527.56 0
20050104 527.13 527.13 504.66 506.39 12216665
20050105 507.25 507.25 498.61 502.93 12805684
20050106 506.82 515.46 502.50 515.46 7373857
20050107 516.33 517.62 505.53 509.41 6765743
20050110 507.25 513.30 507.25 510.71 4159128
20050111 511.14 523.67 516.33 521.08 8752788
20050112 520.22 523.24 514.60 519.78 6597485
20050113 522.81 525.83 519.35 521.08 7373394
20050114 524.97 543.12 524.54 540.52 16189250
20050117 544.41 555.65 543.55 554.78 7980582
20050118 550.46 552.19 546.14 547.87 15206548
20050119 550.03 554.78 542.68 543.98 8096650
20050120 540.09 543.55 536.64 543.12 6031262
20050121 542.25 553.92 540.09 550.46 11632042
20050124 555.65 564.29 553.05 563.86 9947492
20050125 560.40 564.72 557.38 562.99 10240034
20050126 564.29 567.31 559.97 564.29 6385831
20050127 573.79 577.68 563.42 566.02 12522168
20050128 564.29 568.61 556.08 557.38 7602521
20050131 561.70 568.61 560.40 567.74 8424719
20050201 569.04 589.35 569.04 587.19 12979960
20050202 590.21 602.31 582.87 593.67 11688630
20050203 595.40 595.40 577.68 581.14 10505730
20050204 580.28 583.73 571.20 572.93 12349859
20050207 583.30 589.78 579.84 588.48 7816605
20050208 586.76 588.05 581.14 582.44 11386251
20050209 578.98 580.28 572.07 572.93 11614105
20050210 572.93 578.11 571.20 575.52 11652641
20050211 579.84 596.26 579.84 588.05 6979364
20050214 590.21 594.10 585.89 587.19 5193326
20050215 591.08 599.29 591.08 599.29 8005578
20050216 613.54 621.75 610.95 620.03 21682178
20050217 623.48 632.56 623.48 626.51 11897275
20050218 623.05 629.53 623.05 629.10 6861097
20050221 627.37 632.56 625.21 627.37 5410650
20050222 631.69 637.74 623.48 628.67 16095516
20050223 636.44 639.90 626.94 632.56 11535994
20050224 629.96 639.47 629.96 637.31 9754701
20050225 645.09 663.67 643.79 663.67 15734698
20050228 681.70 692.25 680.82 683.02 17084402
20050301 679.94 679.94 664.98 667.62 11990323
20050302 663.23 663.23 646.51 651.35 12934606
20050303 654.87 661.47 651.35 658.39 12880150
20050304 656.63 666.30 650.91 665.86 7210019
20050307 664.98 671.58 642.99 659.27 12829104
20050308 659.27 652.23 648.71 650.91 17128058
20050309 668.06 670.26 659.71 662.35 13121620
20050310 653.55 656.63 647.83 648.27 12863324
20050311 653.55 653.55 638.16 648.27 11618226
20050314 655.31 661.03 648.71 650.03 6042455
20050315 648.27 650.91 640.36 642.11 9135533
20050316 640.36 655.75 639.04 643.43 9999780
20050317 646.07 663.23 645.63 660.15 12292389
20050318 661.03 672.90 661.03 665.42 10442136
20050321 669.38 673.34 661.47 663.23 3529066
20050322 663.23 670.70 648.27 658.83 7830521
20050323 650.03 650.03 637.72 638.60 13897192
20050324 636.84 636.84 621.88 623.64 15964132
20050325 623.64 623.64 623.64 623.64 0
20050328 623.64 623.64 623.64 623.64 0
20050329 627.16 627.16 609.57 616.61 12636973
20050330 614.85 622.32 610.45 620.12 11060478
20050331 626.28 633.32 623.64 625.40 9264908
20050401 634.20 644.75 631.56 635.96 12345935
20050404 637.72 637.72 627.60 632.88 8494907
20050405 635.08 637.72 617.49 622.32 10474877
20050406 623.20 626.28 619.24 622.76 10578673
20050407 624.96 635.96 621.44 635.08 10036615
20050408 645.63 645.63 636.40 641.67 7216044
20050411 631.56 632.00 628.48 630.24 4924572
20050412 635.52 635.52 625.40 626.72 8521510
20050413 628.04 629.80 607.81 611.77 15040313
20050414 605.17 605.61 591.98 592.86 20392120
20050415 582.74 583.62 573.51 577.02 21505910
20050418 567.79 576.14 555.47 574.38 18276522
20050419 580.54 585.82 577.90 583.18 11907218
20050420 588.46 592.86 582.30 585.38 13871271
20050421 582.30 588.02 580.54 585.82 9452605
20050422 589.78 591.54 586.70 591.10 5823949
20050425 591.98 596.38 584.94 595.50 6330878
20050426 593.74 596.38 583.62 586.26 8147139
20050427 581.86 581.86 564.27 568.23 10967823
20050428 564.71 565.15 542.72 548.88 19666572
20050429 549.32 565.59 549.32 562.07 11925180
20050502 562.07 562.07 562.07 562.07 0
20050503 566.91 573.95 560.75 571.75 10018425
20050504 569.99 574.38 566.03 571.31 8662709
20050505 574.38 588.46 573.95 587.14 8236611
20050506 583.18 589.78 582.74 587.58 9775362
20050509 598.13 599.45 584.50 586.26 8257529
20050510 586.26 588.02 573.07 574.82 8073470
20050511 573.51 580.98 568.67 570.43 10618691
20050512 574.82 574.82 564.71 566.47 7290282
20050513 560.31 560.31 546.24 549.76 13668568
20050516 545.36 555.91 542.72 554.15 6770051
20050517 554.15 559.43 547.12 552.83 6741743
20050518 556.35 571.75 556.35 569.11 12165173
20050519 575.26 576.58 562.07 566.47 8016854
20050520 562.95 566.91 557.23 559.87 7102130
20050523 564.27 564.27 558.99 561.19 4191178
20050524 571.75 576.14 566.03 573.51 9770360
20050525 574.38 574.38 560.31 561.19 7832113
20050526 564.71 580.54 564.71 579.22 11831843
20050527 583.18 583.62 576.14 583.62 10424628
20050530 583.62 583.62 583.62 583.62 0
20050531 589.34 591.98 580.54 584.06 12250211
20050601 586.70 593.30 586.26 593.30 8444544
20050602 599.89 602.97 595.06 601.21 8201140
20050603 601.21 601.21 601.21 601.21 0
20050606 612.65 613.09 603.41 604.73 7438643
20050607 604.29 606.05 592.86 599.89 9466703
20050608 599.45 599.45 591.10 594.62 6501977
20050609 597.25 598.13 586.26 589.34 9039467
20050610 597.25 597.69 590.22 595.50 11118231
20050613 595.94 600.77 594.18 599.89 10062649
20050614 604.29 606.49 594.18 596.81 6790173
20050615 603.41 611.33 602.09 604.29 12107307
20050616 613.97 632.44 613.97 629.80 14775650
20050617 636.84 641.67 632.00 637.72 18480476
20050620 639.04 641.24 635.52 640.36 5999368
20050621 644.75 644.75 630.24 632.44 10452936
20050622 631.12 631.56 618.37 625.40 9131440
20050623 621.88 621.88 613.97 618.81 9269342
20050624 618.81 618.81 604.73 613.09 13701423
20050627 611.77 622.76 606.93 619.68 11520796
20050628 629.36 635.52 622.76 632.88 11301835
20050629 633.32 633.32 626.72 629.36 8420784
20050630 631.56 636.40 625.40 626.28 11156998
20050701 631.12 636.40 624.52 635.08 7934431
20050704 641.24 650.03 636.40 648.27 8156348
20050705 651.79 657.95 644.31 651.79 12268060
20050706 649.59 667.62 649.15 665.42 15893419
20050707 660.59 662.35 635.96 653.55 18225022
20050708 657.07 669.38 651.79 666.74 8409870
20050711 672.46 672.46 660.15 668.50 6772552
20050712 664.98 669.38 661.47 667.62 7027324
20050713 666.74 672.90 666.30 668.06 6489244
20050714 671.58 675.98 666.30 668.94 10239659
20050715 666.74 668.50 657.51 657.95 15297132
20050718 661.03 661.03 648.71 652.23 14557371
20050719 652.67 658.83 649.15 653.55 19157254
20050720 668.50 680.38 666.74 679.06 22160406
20050721 686.10 699.29 677.30 687.85 24034306
20050722 689.61 698.41 684.78 697.09 14151055
20050725 698.85 700.17 690.49 697.53 8652477
20050726 698.41 698.41 689.61 693.13 7171479
20050727 694.89 696.21 687.85 690.93 9355289
20050728 697.09 701.93 691.81 694.89 18260038
20050729 701.05 709.40 701.05 709.40 22138692
20050801 707.21 709.40 692.25 694.89 9175096
20050802 694.89 715.56 692.69 712.48 12735881
20050803 721.28 736.23 717.76 736.23 18448190
20050804 731.83 734.47 724.80 725.68 16758007
20050805 719.96 727.00 715.12 725.24 16249259
20050808 734.03 741.51 726.56 738.87 11891529
20050809 737.99 755.58 737.99 748.99 20868014
20050810 746.35 749.87 741.07 745.03 12845930
20050811 746.79 754.70 739.31 749.87 8951474
20050812 758.22 759.98 752.51 755.14 7710582
20050815 753.83 760.86 753.83 756.46 7933408
20050816 752.95 755.58 732.71 736.23 12143573
20050817 730.08 734.47 714.24 715.12 21540698
20050818 710.72 712.48 703.69 709.40 28269026
20050819 719.52 724.36 716.00 720.40 18310174
20050822 737.99 743.71 735.79 742.83 15338627
20050823 735.35 740.63 731.83 734.47 9965560
20050824 712.48 719.52 705.45 707.21 34057164
20050825 695.77 719.52 693.13 717.76 25159692
20050826 743.27 743.27 707.65 712.04 11556721
20050829 712.04 712.04 712.04 712.04 0
20050830 714.68 719.96 711.60 718.64 13047042
20050831 719.52 730.52 717.32 724.80 12767600
20050901 734.47 745.03 730.96 741.51 16380908
20050902 735.35 741.07 731.40 739.75 13088310
20050905 728.32 731.40 721.28 723.04 9928726
20050906 718.20 729.64 715.56 726.56 9989662
20050907 726.12 727.00 720.84 724.36 9511040
20050908 716.00 717.76 710.72 713.36 11848328
20050909 718.20 720.40 714.68 719.52 7284142
20050912 726.56 732.71 723.04 730.52 9426457
20050913 737.99 737.99 722.60 727.44 13857402
20050914 731.40 731.40 721.28 727.44 14393321
20050915 736.67 745.47 733.15 744.59 30706358
20050916 747.67 769.66 747.67 768.34 29473198
20050919 767.02 775.82 762.18 767.90 15879890
20050920 769.66 775.82 756.02 757.34 22267840
20050921 749.43 758.22 740.19 754.70 27343162
20050922 761.74 770.54 753.83 753.83 17940918
20050923 756.46 762.62 749.87 756.90 10469420
20050926 776.70 783.73 770.10 783.73 14265083
20050927 783.29 789.01 774.94 779.33 12686427
20050928 784.61 801.76 779.33 799.13 19748654
20050929 803.96 812.76 786.37 798.25 28702970
20050930 802.20 807.92 793.41 805.72 12650730
20051003 805.72 805.72 785.93 789.45 19765366
20051004 790.33 798.69 780.21 785.05 16681269
20051005 769.22 769.66 749.87 754.70 25819530
20051006 743.27 753.83 727.88 752.07 45650832
20051007 738.87 745.03 723.48 726.12 22762832
20051010 735.35 749.43 731.83 738.87 21374148
20051011 739.31 749.43 735.35 738.87 19376442
20051012 748.11 748.11 738.43 741.07 12385157
20051013 730.08 732.71 703.69 707.21 20105744
20051014 711.16 716.44 697.53 708.53 30588466
20051017 718.64 720.84 707.65 719.08 11658471
20051018 731.83 736.23 716.44 719.52 14805891
20051019 703.69 703.69 683.02 690.05 31107104
20051020 705.45 712.92 695.77 696.65 20582774
20051021 696.65 711.60 682.14 685.22 19387356
20051024 688.73 710.72 683.46 710.28 9736140
20051025 712.48 725.24 707.21 707.65 13966655
20051026 716.00 736.23 716.00 734.47 24127074
20051027 726.56 727.00 712.04 717.76 19354274
20051028 706.33 720.40 701.05 715.56 15649447
20051031 730.08 736.23 724.80 730.52 32465434
20051101 728.32 749.43 728.32 741.95 19635194
20051102 734.47 742.39 723.92 736.23 15880004
20051103 743.27 758.22 739.31 758.22 21239202
20051104 747.67 750.31 733.15 735.35 13900944
20051107 739.75 746.79 723.04 738.87 15130922
20051108 750.31 756.46 741.51 745.03 17940464
20051109 742.39 749.43 733.15 734.91 13733142
20051110 738.87 739.75 726.12 726.12 18965578
20051111 734.91 744.59 731.40 739.75 12692339
20051114 752.07 755.14 742.39 745.47 13940507
20051115 746.79 752.95 741.95 747.67 11381871
20051116 750.75 750.75 728.32 736.67 23331380
20051117 740.63 763.50 740.63 755.58 22062522
20051118 767.02 779.33 760.86 760.86 19455454
20051121 749.87 770.54 749.87 765.70 10335270
20051122 763.50 772.30 757.78 760.86 18948298
20051123 759.10 769.66 754.70 769.66 13388671
20051124 776.70 786.37 774.06 778.01 12612872
20051125 781.09 789.01 780.65 785.93 9512291
20051128 788.13 788.57 768.78 770.98 9271616
20051129 772.30 781.97 762.62 777.57 17756292
20051130 774.06 774.94 759.98 762.18 15694240
20051201 762.62 777.57 758.66 773.18 24679592
20051202 781.09 795.61 779.77 794.29 23774646
20051205 790.77 790.77 778.89 782.85 12975647
20051206 778.45 789.89 773.18 788.57 12477471
20051207 788.57 804.40 781.09 785.49 17497540
20051208 777.57 782.41 767.90 781.97 13358430
20051209 778.45 790.77 778.45 784.17 9094264
20051212 792.09 799.56 787.25 787.25 7016751
20051213 770.54 792.53 770.54 783.29 10775693
20051214 784.17 789.01 779.77 783.73 9106884
20051215 781.97 781.97 770.54 772.74 21485788
20051216 769.66 780.65 769.66 774.50 15203226
20051219 774.94 788.57 774.94 785.93 7237872
20051220 785.93 799.13 785.93 796.93 20174410
20051221 801.32 815.40 801.32 810.12 9148493
20051222 807.48 810.12 801.76 803.08 11887891
20051223 803.08 813.64 800.88 813.64 3408217
20051226 813.64 813.64 813.64 813.64 0
20051227 813.64 813.64 813.64 813.64 0
20051228 818.04 825.07 816.28 822.43 7765038
20051229 827.71 836.51 825.95 830.35 6974801
20051230 832.99 835.19 826.83 835.19 2871502
20060102 835.19 835.19 835.19 835.19 0
20060103 841.79 854.54 841.35 847.50 16770854
20060104 858.06 864.22 847.06 854.98 25922644
20060105 853.22 856.74 836.95 838.71 19374396
20060106 838.27 860.26 832.11 860.26 15816567
20060109 870.81 876.09 863.78 868.17 14653664
20060110 864.22 865.98 842.23 849.70 29667716
20060111 855.42 866.42 854.10 860.70 15666841
20060112 862.90 868.61 841.35 854.10 22671656
20060113 854.10 854.10 840.03 847.06 16658077
20060116 847.06 855.86 840.91 842.67 15044861
20060117 845.74 871.25 839.59 867.73 24456312
20060118 846.18 877.85 841.79 868.61 28851330
20060119 884.01 912.15 882.69 902.04 23868892
20060120 908.20 919.19 894.56 897.20 19356320
20060123 884.01 898.96 884.01 889.29 14143551
20060124 901.60 901.60 874.33 879.61 21534332
20060125 889.72 921.83 889.72 921.83 19437720
20060126 926.23 932.83 906.00 914.35 17520732
20060127 935.90 945.58 918.31 925.35 24012364
20060130 943.82 945.58 925.79 932.39 15279624
20060131 924.47 928.43 908.64 913.47 26188784
20060201 919.19 936.78 917.43 923.59 23817164
20060202 932.39 941.18 897.20 903.36 21287064
20060203 907.76 910.40 885.77 895.44 20936566
20060206 906.44 906.88 894.56 903.36 15372051
20060207 910.40 913.47 884.45 891.48 25142526
20060208 851.46 870.81 844.42 858.94 30903264
20060209 873.45 886.65 865.54 884.89 18630998
20060210 881.81 884.89 840.03 840.91 25545544
20060213 835.63 837.39 821.12 829.91 28781414
20060214 836.07 846.18 828.15 839.15 19665094
20060215 840.03 858.06 838.27 846.18 31744092
20060216 848.82 852.78 831.67 845.30 23204960
20060217 844.42 881.81 833.87 865.54 27546546
20060220 878.73 889.72 874.33 884.89 17940010
20060221 887.09 889.72 872.57 878.29 13975409
20060222 876.97 888.85 876.97 886.65 13266799
20060223 893.68 900.28 862.46 869.93 25090456
20060224 883.81 883.81 859.19 877.55 16691978
20060227 893.96 910.82 888.49 891.22 15961653
20060228 887.12 887.57 872.07 875.27 27154378
20060301 866.60 886.66 857.03 886.66 12327155
20060302 893.96 898.97 872.07 882.56 19764074
20060303 881.65 897.15 871.16 879.82 15540588
20060306 884.38 893.96 874.35 878.91 15488270
20060307 865.24 865.69 843.35 852.02 26020606
20060308 846.55 851.10 818.28 835.61 44160524
20060309 846.09 856.12 831.50 841.53 20997436
20060310 834.69 854.75 831.50 854.75 18256290
20060313 867.06 872.07 844.72 854.75 22814522
20060314 855.66 860.68 846.09 859.31 11445429
20060315 866.15 897.60 865.69 893.50 28437974
20060316 900.79 902.62 878.00 895.78 20416676
20060317 893.50 910.82 879.82 883.02 18832444
20060320 898.06 902.62 887.12 890.31 13195280
20060321 888.03 894.41 874.35 877.09 12319038
20060322 874.81 888.94 869.34 883.02 11795202
20060323 896.24 908.54 893.04 903.53 19875838
20060324 909.46 934.07 907.63 931.34 16795886
20060327 940.00 947.29 921.31 924.96 13815306
20060328 930.88 938.63 904.90 919.94 17040586
20060329 915.38 939.09 910.82 932.71 14295161
20060330 952.76 988.78 948.66 976.92 26084770
20060331 972.82 979.66 957.32 958.69 18022560
20060403 1000.63 1022.97 995.16 1019.78 32685810
20060404 1021.14 1026.16 1004.73 1022.97 22505660
20060405 1025.70 1057.61 1024.33 1045.76 17065702
20060406 1057.61 1068.55 1036.19 1042.11 17107162
20060407 1043.48 1046.67 1010.66 1020.69 21725170
20060410 1030.26 1045.76 1014.76 1041.20 20761294
20060411 1076.30 1080.41 1050.77 1053.51 29286906
20060412 1045.30 1045.30 1010.20 1033.91 21692374
20060413 1039.38 1042.11 1009.29 1024.79 18055902
20060414 1024.79 1024.79 1024.79 1024.79 0
20060417 1024.79 1024.79 1024.79 1024.79 0
20060418 1057.61 1078.58 1048.50 1076.30 21386804
20060419 1091.80 1101.38 1071.29 1084.51 18631070
20060420 1084.96 1088.61 1038.47 1047.13 30453034
20060421 1040.29 1080.41 1028.44 1077.67 21407862
20060424 1071.74 1105.02 1069.01 1069.92 22815180
20060425 1075.85 1079.49 1045.30 1066.27 23807462
20060426 1084.05 1086.79 1059.89 1068.55 21585984
20060427 1062.17 1062.17 1003.82 1038.01 44742712
20060428 1038.92 1043.03 1009.75 1029.35 24012456
20060501 1029.35 1029.35 1029.35 1029.35 0
20060502 1046.67 1068.10 1039.38 1066.73 19630044
20060503 1078.13 1081.32 1044.85 1046.22 16672496
20060504 1038.47 1068.55 1028.89 1065.82 22939228
20060505 1064.91 1095.91 1064.91 1091.80 23812180
20060508 1107.30 1119.61 1069.47 1073.11 27869168
20060509 1078.58 1089.52 1056.70 1088.61 27992560
20060510 1104.11 1108.21 1089.98 1095.45 15513936
20060511 1106.85 1132.38 1100.92 1104.57 25152810
20060512 1101.83 1101.83 1059.44 1064.91 31141172
20060515 1053.05 1064.91 985.02 1004.73 43348336
20060516 1002.91 1018.97 971.45 986.50 46205636
20060517 1018.86 1032.15 941.81 947.75 49964072
20060518 957.32 1002.36 915.35 947.29 39536372
20060519 948.20 973.80 920.45 923.59 34516604
20060522 893.50 955.91 862.61 878.46 49387260
20060523 904.44 955.04 897.15 950.03 39682248
20060524 938.63 959.60 898.06 915.84 32398116
20060525 913.56 943.65 898.06 943.65 15782544
20060526 966.44 986.50 956.36 981.94 30508970
20060529 981.94 981.94 981.94 981.94 0
20060530 991.51 993.79 947.75 949.12 24575888
20060531 939.09 961.65 920.24 957.32 22653728
20060601 955.50 955.50 919.48 935.90 23766662
20060602 948.20 949.34 930.88 934.53 17360196
20060605 965.53 958.69 936.07 947.29 11793886
20060606 924.50 927.69 896.69 904.90 22974436
20060607 916.29 941.82 882.32 912.65 20855180
20060608 877.55 920.08 843.83 852.93 50352236
20060609 889.85 903.99 861.13 880.74 34283752
20060612 870.71 905.80 860.14 871.16 19109608
20060613 837.88 872.04 815.50 829.68 35131916
20060614 841.99 847.91 818.28 835.15 36371420
20060615 861.59 904.44 853.38 895.32 43977684
20060616 911.74 922.96 832.08 875.27 34161676
20060619 887.12 911.74 866.91 870.71 17842134
20060620 861.59 903.53 854.30 900.79 21642360
20060621 901.71 915.38 882.61 913.56 16032069
20060622 938.18 938.18 898.06 911.74 19409366
20060623 919.94 935.80 886.16 906.26 18223494
20060626 920.85 929.06 902.62 909.00 32572618
20060627 929.06 933.19 898.40 903.53 22548216
20060628 895.32 905.35 885.29 896.24 16080986
20060629 916.29 940.00 905.35 940.00 20910678
20060630 977.38 980.12 953.67 956.41 29128854
20060703 967.35 972.82 953.67 966.44 16194506
20060704 966.44 968.26 957.32 965.53 7294443
20060705 962.79 962.79 926.32 935.44 18676258
20060706 943.65 959.15 931.79 956.41 21954512
20060707 967.35 978.29 951.85 966.44 21381868
20060710 974.64 974.64 955.50 967.35 10225338
20060711 964.62 978.29 960.06 976.47 19986726
20060712 986.50 1005.64 986.50 997.44 22925956
20060713 986.50 988.32 950.94 958.23 17849044
20060714 943.65 957.32 929.97 929.97 20456160
20060717 946.38 946.38 915.38 920.85 20569022
20060718 914.47 927.23 902.62 911.74 19820670
20060719 920.85 953.67 910.82 949.12 21593334
20060720 973.73 973.73 940.91 949.12 13373073
20060721 943.65 950.03 912.65 917.21 16712420
20060724 917.21 931.79 914.47 929.97 16694432
20060725 940.00 945.47 925.41 927.23 15739220
20060726 929.97 946.38 923.59 933.62 26670576
20060727 950.94 957.32 940.91 947.29 22485698
20060728 939.09 947.29 926.32 942.73 15402390
20060731 947.29 950.94 923.59 924.50 16460483
20060801 929.97 935.44 900.79 905.35 24668240
20060802 916.29 938.18 907.18 934.53 22323370
20060803 934.53 934.53 934.53 934.53 0
20060804 920.85 942.73 917.21 939.09 18141892
20060807 921.76 927.23 911.74 914.47 12972627
20060808 921.76 923.59 907.18 909.91 18536086
20060809 907.18 909.91 878.91 901.71 22201624
20060810 889.85 903.53 882.56 896.24 24816966
20060811 898.06 907.18 893.50 896.24 13862250
20060814 908.09 909.00 898.97 908.09 8818022
20060815 900.79 906.26 890.77 901.71 19257896
20060816 905.35 940.91 904.44 936.35 26523054
20060817 944.56 973.73 940.91 947.29 37228136
20060818 946.38 960.06 932.71 940.91 28094014
20060821 947.29 959.15 940.00 957.32 15490135
20060822 966.44 971.00 951.85 962.79 34650744
20060823 940.91 945.47 924.50 924.50 26904416
20060824 919.94 922.68 899.88 901.71 31233524
20060825 911.74 916.29 900.79 911.74 25876156
20060828 911.74 911.74 911.74 911.74 0
20060829 926.32 929.97 906.26 912.65 32526442
20060830 916.29 927.23 909.00 921.76 22210070
20060831 934.53 934.53 911.74 912.65 18929730
20060901 917.21 929.97 914.47 918.12 19095348
20060904 944.59 962.24 941.80 961.31 16426815
20060905 965.95 975.24 953.88 975.24 22773402
20060906 967.81 967.81 939.02 943.66 20017368
20060907 937.16 940.87 913.01 917.65 30455800
20060908 924.15 932.51 900.93 912.08 27109758
20060911 885.14 895.36 856.35 867.50 42704636
20060912 849.85 878.64 842.42 865.64 55447768
20060913 861.92 876.79 856.35 862.85 35009640
20060914 877.71 887.93 861.00 864.71 26093174
20060915 861.00 862.85 844.28 845.21 33281280
20060918 853.57 870.28 846.14 861.00 18416374
20060919 862.85 870.28 842.42 845.21 25733894
20060920 840.56 859.14 819.20 847.06 42729184
20060921 843.35 862.85 834.99 850.78 32581988
20060922 846.14 861.92 821.99 823.84 27005644
20060925 832.20 832.20 779.26 792.27 52600216
20060926 808.98 829.42 804.34 827.56 30295378
20060927 844.28 859.14 842.42 855.42 41056484
20060928 862.85 870.28 858.21 863.78 29358254
20060929 885.14 885.14 849.85 856.35 27820030
20061002 870.28 877.71 862.85 871.21 17269732
20061003 873.07 873.07 838.71 848.92 34317672
20061004 834.06 834.06 804.34 808.05 52500088
20061005 831.27 841.49 821.99 841.49 54241156
20061006 840.56 853.57 829.42 840.56 42592020
20061009 840.56 874.00 835.92 870.28 27100174
20061010 876.79 887.00 866.57 883.29 25276098
20061011 884.22 887.00 868.43 880.50 23238196
20061012 888.86 906.51 879.57 901.86 30282674
20061013 907.44 930.66 899.08 926.94 31053132
20061016 942.73 946.45 926.94 937.16 24169398
20061017 938.09 948.30 917.65 922.30 45793576
20061018 938.09 943.66 925.08 932.51 25785788
20061019 935.30 961.31 925.08 947.37 20631926
20061020 962.24 973.38 944.59 947.37 40560468
20061023 963.16 963.16 931.58 947.37 22343060
20061024 937.16 943.66 923.23 941.80 25041924
20061025 956.66 956.66 943.66 949.23 22050640
20061026 965.02 965.02 941.80 942.73 27490786
20061027 951.09 953.88 931.58 948.30 26600604
20061030 956.66 956.66 925.08 928.80 29781166
20061031 939.94 945.52 925.08 939.02 26756074
20061101 945.52 972.45 943.66 962.24 36087808
20061102 955.73 961.31 941.80 952.95 31754576
20061103 955.73 966.88 943.66 952.95 22556886
20061106 960.38 985.46 955.73 983.60 25543432
20061107 989.17 994.74 979.88 984.53 21980442
20061108 965.95 973.38 954.80 972.45 28205150
20061109 969.67 972.45 952.95 968.74 33185134
20061110 972.45 986.38 940.87 943.66 35780636
20061113 928.80 930.66 905.58 908.36 42146604
20061114 923.23 925.08 901.86 913.94 30533858
20061115 913.94 923.23 896.29 916.72 28744558
20061116 922.30 929.73 911.15 925.08 23935010
20061117 915.80 919.51 879.57 891.65 41739520
20061120 887.93 913.01 884.22 902.79 26547848
20061121 892.58 905.58 887.00 897.22 26419402
20061122 918.58 924.15 897.22 900.93 39208076
20061123 912.08 912.08 888.86 895.36 19897966
20061124 893.50 899.08 877.71 894.43 27096514
20061127 898.15 909.29 885.14 888.86 29305066
20061128 882.36 895.36 866.57 870.28 36412420
20061129 883.29 893.50 875.86 886.07 27352544
20061130 904.65 908.36 890.72 896.29 23625362
20061201 889.79 909.29 884.22 889.79 20334768
20061204 887.93 903.72 881.43 897.22 20614484
20061205 902.79 920.44 898.15 910.22 30752098
20061206 913.01 915.80 896.29 904.65 20775552
20061207 899.08 905.58 892.58 902.79 19336918
20061208 887.00 888.86 872.14 877.71 31388618
20061211 884.22 887.93 873.07 878.64 26469360
20061212 875.86 879.57 860.07 864.71 34078544
20061213 861.92 874.00 861.00 866.57 27648194
20061214 876.79 888.86 874.00 882.36 32212802
20061215 879.57 896.29 877.71 883.29 39847612
20061218 877.71 888.40 872.14 874.00 19741958
20061219 862.85 870.75 854.96 861.46 26772762
20061220 868.43 874.46 861.92 862.39 23989596
20061221 862.85 876.32 855.89 856.35 38844056
20061222 859.14 863.78 847.06 853.57 15152373
20061225 853.57 853.57 853.57 853.57 0
20061226 853.57 853.57 853.57 853.57 0
20061227 860.07 868.89 854.49 862.39 13956957
20061228 861.92 873.53 861.92 869.82 9162375
20061229 867.96 876.79 864.25 867.96 7190042
20070101 867.96 867.96 867.96 867.96 0
20070102 874.93 896.75 874.46 893.50 15555582
20070103 887.00 889.79 860.53 866.57 30526214
20070104 847.99 847.99 824.31 835.92 44648332
20070105 831.27 841.49 821.06 821.06 33037738
20070108 819.20 834.06 816.41 826.17 26301724
20070109 838.24 843.81 824.77 824.77 40344384
20070110 821.06 833.13 815.95 823.38 28719578
20070111 840.10 866.57 835.45 863.78 44352572
20070112 860.07 871.21 849.85 857.28 32660584
20070115 863.78 867.03 847.53 847.99 21477642
20070116 842.42 848.46 829.88 835.92 33237244
20070117 828.49 842.88 814.56 825.70 43664048
20070118 836.85 849.85 833.13 835.92 31041180
20070119 835.92 851.24 825.70 848.46 39564988
20070122 857.28 863.78 849.85 851.71 23946100
20070123 855.42 874.00 852.64 872.14 28894644
20070124 883.29 900.01 880.50 896.29 60074392
20070125 894.43 905.11 884.22 890.72 43529468
20070126 880.97 885.61 868.43 869.36 31042150
20070129 877.71 879.57 865.18 873.07 22268772
20070130 867.50 886.54 858.21 883.29 19139352
20070131 881.43 888.86 875.39 880.50 30717644
20070201 888.86 918.12 888.86 907.44 43431704
20070202 905.58 936.23 892.11 906.51 67139216
20070205 900.01 916.26 895.36 913.01 31919736
20070206 913.01 919.97 903.26 915.33 36370324
20070207 965.95 968.74 945.52 965.95 74825808
20070208 959.45 964.09 950.63 957.13 35906392
20070209 967.81 973.85 963.63 971.99 18782546
20070212 970.59 978.02 965.02 974.31 22764466
20070213 973.38 999.39 971.99 999.39 27671774
20070214 1007.75 1017.03 1000.78 1017.03 33301304
20070215 1014.25 1024.00 1002.64 1017.03 26622460
20070216 1012.39 1020.29 997.99 1011.93 25201592
20070219 1020.75 1029.11 1015.18 1028.64 13829696
20070220 1035.61 1035.61 1005.89 1011.46 27227112
20070221 1002.64 1010.53 987.78 994.28 28964842
20070222 1006.82 1032.82 1003.10 1015.64 22681240
20070223 1022.61 1032.36 1014.71 1028.64 18913684
20070226 1055.13 1059.39 1039.05 1059.39 18871850
20070227 1039.52 1039.99 988.44 994.12 55468044
20070228 972.36 985.61 952.97 966.22 49945884
20070301 967.64 985.13 926.96 952.50 43299688
20070302 956.28 963.85 933.58 948.72 35131528
20070305 917.50 940.20 908.04 930.27 34776724
20070306 948.72 959.60 940.20 955.81 35853076
20070307 960.07 964.32 943.99 957.70 24244308
20070308 965.74 977.57 964.80 976.15 23187726
20070309 968.58 985.61 962.43 973.78 22577816
20070312 987.03 996.48 972.84 982.77 19464736
20070313 982.77 989.86 969.05 969.05 16816620
20070314 940.68 960.54 935.95 935.95 30217582
20070315 969.53 992.23 963.85 992.23 39746488
20070316 988.44 1000.74 980.88 993.65 41998152
20070319 1008.31 1016.82 997.90 1012.09 24626386
20070320 1018.71 1028.17 1001.69 1021.55 24060564
20070321 1016.82 1039.52 1009.25 1031.95 24701026
20070322 1054.66 1059.39 1030.06 1046.14 24112262
20070323 1049.93 1066.01 1042.36 1058.44 24032442
20070326 1073.57 1079.25 1042.36 1048.98 30879718
20070327 1060.33 1072.63 1055.60 1058.44 26681932
20070328 1050.87 1065.06 1044.25 1049.93 28756404
20070329 1056.55 1081.14 1056.55 1071.68 22409508
20070330 1077.36 1083.03 1063.17 1071.68 16107227
20070402 1061.28 1073.57 1058.44 1067.90 17211384
20070403 1083.98 1096.27 1076.41 1096.27 31882594
20070404 1101.95 1102.90 1074.52 1088.71 31377666
20070405 1092.49 1097.22 1080.19 1096.27 16013558
20070406 1096.27 1096.27 1096.27 1096.27 0
20070409 1096.27 1096.27 1096.27 1096.27 0
20070410 1105.73 1122.76 1101.00 1117.08 12948792
20070411 1120.87 1120.87 1099.11 1102.90 15678314
20070412 1101.95 1107.63 1084.92 1096.27 20389800
20070413 1091.55 1098.17 1083.98 1089.65 22380752
20070416 1104.79 1116.14 1097.22 1116.14 18653534
20070417 1101.95 1120.87 1094.38 1114.25 19279512
20070418 1113.30 1118.03 1078.30 1084.92 20346032
20070419 1053.71 1081.14 1051.82 1072.63 25076866
20070420 1081.14 1095.33 1079.25 1088.71 13971543
20070423 1084.92 1092.49 1077.36 1090.60 9123887
20070424 1084.92 1101.95 1072.63 1076.41 15880877
20070425 1079.25 1097.22 1076.41 1094.38 11725803
20070426 1106.68 1111.41 1076.41 1083.03 23083800
20070427 1075.47 1080.19 1049.93 1064.11 28539568
20070430 1068.84 1075.47 1061.28 1067.90 11385485
20070501 1057.49 1067.90 1044.25 1064.11 10963127
20070502 1077.36 1094.38 1070.74 1091.55 14263652
20070503 1092.49 1107.63 1084.92 1101.95 16849604
20070504 1130.33 1155.87 1125.60 1152.08 21812286
20070507 1152.08 1152.08 1152.08 1152.08 0
20070508 1158.70 1163.43 1118.03 1120.87 19116172
20070509 1157.76 1196.54 1140.73 1181.40 26900460
20070510 1163.43 1170.05 1129.38 1139.79 28189842
20070511 1121.81 1163.43 1107.63 1156.81 38432052
20070514 1153.97 1163.43 1123.71 1134.11 21264754
20070515 1129.38 1147.35 1122.76 1141.68 21601794
20070516 1130.33 1156.81 1129.38 1141.68 13554471
20070517 1153.97 1158.70 1108.57 1116.14 21747268
20070518 1106.68 1145.46 1105.73 1133.16 17970148
20070521 1142.62 1164.38 1136.00 1155.87 23886228
20070522 1153.97 1169.11 1137.89 1140.73 27156728
20070523 1151.14 1153.97 1137.89 1147.35 13975455
20070524 1135.06 1145.46 1117.08 1118.03 17287822
20070525 1111.41 1130.33 1103.84 1129.38 16058912
20070528 1129.38 1129.38 1129.38 1129.38 0
20070529 1139.79 1150.19 1133.16 1139.79 11734155
20070530 1116.14 1149.24 1114.25 1144.51 14310064
20070531 1153.97 1171.00 1152.08 1163.43 16067793
20070601 1163.43 1163.43 1163.43 1163.43 0
20070604 1196.54 1200.32 1186.13 1192.75 18210560
20070605 1201.27 1219.24 1197.48 1212.62 26781312
20070606 1217.35 1217.35 1187.08 1194.65 27326730
20070607 1211.67 1227.75 1193.70 1216.40 36107336
20070608 1204.10 1209.78 1179.51 1199.38 42024264
20070611 1208.83 1232.48 1203.16 1232.48 17696858
20070612 1227.75 1245.72 1218.29 1221.13 29209420
20070613 1216.40 1259.91 1203.16 1253.29 36143812
20070614 1261.80 1296.80 1256.13 1283.56 27611860
20070615 1277.88 1301.53 1275.05 1284.50 57920152
20070618 1285.45 1319.50 1280.72 1294.91 23509966
20070619 1286.40 1310.04 1286.40 1291.13 17197746
20070620 1301.53 1326.12 1297.75 1309.10 43399492
20070621 1305.31 1323.29 1287.34 1314.77 22814950
20070622 1321.39 1323.29 1292.07 1300.58 21077520
20070625 1290.18 1314.77 1281.67 1314.77 26714706
20070626 1305.31 1324.23 1297.75 1309.10 25125498
20070627 1281.67 1291.13 1256.13 1272.21 37911056
20070628 1295.86 1314.77 1285.45 1310.99 24115328
20070629 1319.50 1321.39 1293.02 1314.77 18702588
20070702 1301.53 1356.39 1301.53 1347.88 24575110
20070703 1357.34 1364.90 1333.69 1356.39 19176010
20070704 1352.61 1363.96 1347.88 1359.23 9448347
20070705 1377.20 1397.06 1367.74 1382.88 31631082
20070706 1389.50 1433.95 1386.66 1433.95 25557372
20070709 1447.20 1471.79 1442.47 1459.49 27865170
20070710 1446.25 1461.38 1396.12 1402.74 40922960
20070711 1395.17 1417.87 1381.93 1413.14 28874072
20070712 1441.52 1469.90 1414.09 1469.90 32964866
20070713 1479.36 1485.03 1436.79 1444.36 17458244
20070716 1433.01 1451.93 1415.98 1427.33 23108116
20070717 1418.82 1422.60 1383.82 1405.58 28273890
20070718 1379.09 1392.33 1365.85 1365.85 15753799
20070719 1388.55 1422.60 1385.71 1417.87 18678484
20070720 1421.66 1450.98 1400.85 1404.63 20421728
20070723 1409.36 1435.85 1401.79 1434.90 13988565
20070724 1437.74 1448.14 1405.58 1411.25 25680326
20070725 1403.69 1425.44 1376.26 1385.71 26216758
20070726 1389.50 1396.12 1324.23 1324.23 26276490
20070727 1297.75 1335.58 1284.50 1287.34 35328380
20070730 1309.10 1340.31 1308.15 1327.07 32152290
20070731 1343.15 1395.17 1341.26 1393.28 36846648
20070801 1321.39 1346.93 1308.15 1331.80 42988552
20070802 1332.74 1355.45 1317.61 1331.80 25288204
20070803 1340.31 1350.72 1292.07 1299.64 23304442
20070806 1283.56 1308.15 1245.72 1260.86 34948524
20070807 1291.13 1299.64 1258.97 1292.07 29512842
20070808 1314.77 1335.58 1294.91 1333.69 32126494
20070809 1324.23 1324.23 1259.91 1277.88 37890336
20070810 1242.89 1245.72 1187.08 1192.75 43301064
20070813 1238.16 1287.34 1232.48 1275.05 29946618
20070814 1252.34 1289.23 1223.02 1227.75 26118330
20070815 1182.35 1223.02 1165.32 1206.94 27137276
20070816 1171.95 1173.84 1112.35 1118.98 46848872
20070817 1127.49 1229.64 1085.87 1157.76 75667648
20070820 1188.97 1239.10 1188.97 1206.00 33049762
20070821 1225.86 1233.43 1192.75 1230.59 30717646
20070822 1239.10 1293.02 1239.10 1291.13 35038068
20070823 1324.23 1339.37 1278.83 1281.67 25709294
20070824 1280.72 1310.99 1270.32 1300.58 22421138
20070827 1300.58 1300.58 1300.58 1300.58 0
20070828 1312.88 1318.56 1281.67 1290.18 25409678
20070829 1282.61 1322.34 1268.42 1314.77 29493600
20070830 1323.29 1354.50 1318.56 1350.72 22464484
20070831 1362.07 1385.71 1354.50 1380.04 26293512
20070903 1376.26 1380.98 1350.72 1352.61 16519542
20070904 1349.77 1377.20 1337.47 1369.63 18690220
20070905 1365.85 1381.93 1340.31 1340.31 20914710
20070906 1359.23 1396.12 1347.88 1393.28 28099344
20070907 1400.85 1428.28 1350.72 1357.34 37308440
20070910 1388.19 1402.65 1358.30 1360.23 26420356
20070911 1378.55 1418.07 1369.87 1418.07 18669568
20070912 1431.82 1440.66 1403.34 1422.00 13375275
20070913 1438.69 1471.10 1430.84 1467.17 25989180
20070914 1457.35 1476.01 1426.91 1460.30 23248770
20070917 1446.55 1458.33 1424.94 1443.60 18450714
20070918 1442.62 1505.47 1429.86 1502.53 29608572
20070919 1570.29 1611.53 1546.72 1597.78 45282828
20070920 1590.91 1613.50 1573.23 1602.69 20895922
20070921 1605.64 1635.10 1601.71 1626.26 27963124
20070924 1658.67 1724.47 1658.67 1718.58 31234264
20070925 1718.58 1733.31 1659.65 1680.28 38606444
20070926 1679.29 1704.83 1659.65 1667.51 29459800
20070927 1693.04 1703.85 1644.92 1694.02 24475498
20070928 1708.76 1718.58 1677.33 1718.58 22962632
20071001 1716.61 1782.41 1695.01 1782.41 26608092
20071002 1802.05 1809.91 1690.10 1703.85 41573724
20071003 1723.49 1731.34 1691.08 1715.63 23942936
20071004 1679.29 1696.97 1656.71 1671.44 28386018
20071005 1689.11 1713.67 1680.28 1713.67 24326626
20071008 1736.25 1739.20 1667.51 1680.28 20173754
20071009 1713.67 1735.27 1676.35 1733.31 19973356
20071010 1728.40 1768.66 1725.45 1768.66 25147364
20071011 1795.18 1860.97 1782.41 1846.24 27339426
20071012 1809.91 1844.28 1777.50 1844.28 25467206
20071015 1832.49 1863.92 1790.27 1796.16 18958736
20071016 1805.98 1816.78 1775.53 1790.27 23689994
20071017 1772.59 1824.64 1747.06 1823.65 36558368
20071018 1837.40 1861.95 1797.14 1813.83 25091256
20071019 1796.16 1842.31 1793.21 1802.05 16077397
20071022 1748.04 1758.84 1716.61 1732.32 33002720
20071023 1757.86 1792.23 1750.00 1772.59 18557430
20071024 1753.93 1784.37 1685.19 1709.74 28026768
20071025 1726.43 1765.71 1722.50 1765.71 21612794
20071026 1791.25 1825.62 1771.61 1809.91 18355300
20071029 1846.24 1858.03 1823.65 1834.46 19244568
20071030 1808.92 1827.58 1784.37 1785.35 19752896
20071031 1785.35 1801.07 1750.98 1798.12 22893592
20071101 1816.78 1825.62 1725.45 1749.02 21339384
20071102 1718.58 1743.13 1690.10 1723.49 25878798
20071105 1686.17 1691.08 1637.07 1669.47 22204418
20071106 1703.85 1748.04 1700.90 1743.13 17349540
20071107 1762.77 1789.28 1718.58 1724.47 19517570
20071108 1689.11 1857.04 1612.52 1626.26 80419768
20071109 1672.42 1732.32 1581.09 1598.77 61440976
20071112 1600.73 1674.38 1562.43 1578.14 31496676
20071113 1582.07 1590.91 1532.97 1562.43 23982852
20071114 1595.82 1623.32 1562.43 1588.95 25979506
20071115 1582.07 1605.64 1553.59 1569.31 17198834
20071116 1584.04 1607.60 1556.54 1573.23 24897068
20071119 1578.14 1592.87 1476.01 1491.72 23525846
20071120 1511.36 1545.74 1440.66 1528.06 29194944
20071121 1509.40 1523.15 1453.42 1469.14 24708992
20071122 1477.98 1491.72 1435.75 1462.26 16643156
20071123 1459.32 1556.54 1456.37 1539.84 19572456
20071126 1586.00 1597.78 1506.45 1513.33 22588310
20071127 1524.13 1543.77 1461.28 1490.74 23179120
20071128 1496.63 1545.74 1444.59 1540.83 29828216
20071129 1550.65 1604.66 1526.10 1588.95 22089046
20071130 1590.91 1615.46 1569.31 1578.14 19800858
20071203 1594.84 1599.75 1535.92 1548.68 15475386
20071204 1563.41 1566.36 1515.29 1534.93 17666226
20071205 1566.36 1617.43 1550.65 1617.43 19950546
20071206 1615.46 1619.39 1559.48 1589.93 15025101
20071207 1616.44 1659.65 1608.59 1645.90 15228045
20071210 1642.96 1673.40 1633.14 1646.89 14639680
20071211 1669.47 1681.26 1619.39 1641.98 19121866
20071212 1604.66 1644.92 1573.23 1640.01 27411520
20071213 1590.91 1622.34 1541.81 1541.81 17143846
20071214 1561.45 1567.34 1495.65 1517.26 18924826
20071217 1491.72 1491.72 1451.46 1451.46 14876431
20071218 1444.59 1494.67 1431.82 1471.10 18390330
20071219 1473.06 1480.92 1450.48 1468.15 13459080
20071220 1471.10 1484.85 1443.60 1466.19 15827917
20071221 1488.78 1522.17 1474.05 1512.35 21352214
20071224 1510.38 1550.65 1510.38 1549.66 1218276
20071225 1549.66 1549.66 1549.66 1549.66 0
20071226 1549.66 1549.66 1549.66 1549.66 0
20071227 1560.47 1563.41 1528.06 1532.97 5490694
20071228 1524.13 1551.63 1521.19 1532.97 3333457
20071231 1531.99 1538.86 1493.69 1518.24 2043290
20080101 1518.24 1518.24 1518.24 1518.24 0
20080102 1517.26 1546.72 1505.47 1508.42 8117564
20080103 1515.29 1569.31 1502.53 1568.32 9488074
20080104 1569.31 1620.37 1501.54 1514.31 18204594
20080107 1502.53 1521.19 1437.71 1464.23 11702335
20080108 1477.98 1531.01 1477.98 1510.38 11578308
20080109 1500.56 1527.08 1467.17 1482.89 15041292
20080110 1496.63 1514.31 1466.19 1485.83 19219620
20080111 1483.87 1501.54 1450.48 1485.83 14633265
20080114 1469.14 1533.95 1469.14 1526.10 10184989
20080115 1526.10 1533.95 1456.37 1457.35 14496509
20080116 1436.73 1442.62 1360.13 1380.75 24796768
20080117 1405.30 1423.96 1320.85 1324.78 30015682
20080118 1325.76 1380.75 1312.99 1353.26 28766348
20080121 1296.30 1304.15 1203.00 1212.82 33685684
20080122 1173.54 1290.40 1139.17 1276.66 48249400
20080123 1306.12 1315.94 1201.04 1247.20 27857224
20080124 1306.12 1373.88 1284.51 1361.11 29381494
20080125 1378.79 1422.98 1336.56 1391.56 28272786
20080128 1361.11 1389.59 1338.53 1368.97 15700020
20080129 1376.82 1430.84 1369.95 1422.98 19556062
20080130 1394.50 1456.37 1375.84 1420.03 17865404
20080131 1444.59 1457.35 1401.38 1450.48 20843786
20080201 1522.17 1651.80 1522.17 1592.87 93347816
20080204 1581.09 1640.01 1569.31 1619.39 26726010
20080205 1590.91 1603.68 1550.65 1568.32 31511848
20080206 1473.06 1510.38 1468.15 1492.71 41037396
20080207 1473.06 1477.98 1431.82 1442.62 31585368
20080208 1444.59 1479.94 1428.87 1474.05 16260892
20080211 1442.62 1462.26 1433.78 1456.37 17260950
20080212 1479.94 1527.08 1465.21 1527.08 17337320
20080213 1504.49 1535.92 1484.85 1514.31 16994974
20080214 1554.57 1561.45 1509.40 1537.88 17780070
20080215 1551.63 1565.38 1508.42 1523.15 18077104
20080218 1527.08 1590.91 1522.17 1588.95 14080947
20080219 1604.66 1639.03 1593.86 1626.26 21266068
20080220 1593.86 1610.55 1564.40 1584.04 17126026
20080221 1600.73 1649.83 1592.87 1616.44 16599471
20080222 1601.71 1634.12 1574.22 1586.00 13483926
20080225 1643.00 1645.00 1603.00 1626.00 11385900
20080226 1617.00 1652.00 1601.00 1648.00 14901500
20080227 1646.00 1671.00 1626.00 1662.00 16434000
20080228 1646.00 1685.00 1640.00 1652.00 16212200
20080229 1639.00 1672.00 1620.00 1630.00 15930200
20080303 1595.00 1643.00 1580.00 1625.00 14359100
20080304 1625.00 1656.00 1606.00 1621.00 23658700
20080305 1624.00 1662.00 1610.00 1657.00 17539600
20080306 1666.00 1700.00 1663.00 1680.00 21049800
20080307 1627.00 1635.00 1582.00 1590.00 27652300
20080310 1552.00 1552.00 1490.00 1497.00 23089100
20080311 1466.00 1524.00 1457.00 1490.00 25379000
20080312 1537.00 1573.00 1531.00 1564.00 19840600
20080313 1508.00 1549.00 1497.00 1534.00 23698000
20080314 1550.00 1612.00 1545.00 1590.00 24281200
20080317 1540.00 1544.00 1463.00 1465.00 22590500
20080318 1500.00 1527.00 1451.00 1515.00 18908700
20080319 1525.00 1542.00 1441.00 1441.00 24609200
20080320 1376.00 1406.00 1353.00 1361.00 38745100
20080321 1361.00 1361.00 1361.00 1361.00 0
20080324 1361.00 1361.00 1361.00 1361.00 0
20080325 1414.00 1436.00 1400.00 1430.00 24163000
20080326 1411.00 1462.00 1402.00 1450.00 17412900
20080327 1447.00 1487.00 1446.00 1473.00 15846500
20080328 1473.00 1529.00 1469.00 1476.00 13786500
20080331 1460.00 1500.00 1448.00 1495.00 14305400
20080401 1480.00 1500.00 1453.00 1495.00 21065000
20080402 1501.00 1542.00 1480.00 1528.00 19800100
20080403 1551.00 1575.00 1530.00 1560.00 13372600
20080404 1572.00 1617.00 1555.00 1617.00 21285900
20080407 1651.00 1687.00 1648.00 1685.00 22685400
20080408 1670.00 1762.00 1638.00 1762.00 22526300
20080409 1731.00 1807.00 1702.00 1804.00 29979100
20080410 1775.00 1780.00 1717.00 1758.00 22654400
20080411 1777.00 1795.00 1729.00 1746.00 13548400
20080414 1730.00 1739.00 1700.00 1706.00 10650000
20080415 1735.00 1784.00 1728.00 1770.00 16661400
20080416 1791.00 1865.00 1784.00 1865.00 24053400
20080417 1860.00 1897.00 1803.00 1815.00 18923900
20080418 1800.00 1830.00 1755.00 1791.00 18705000
20080421 1825.00 1849.00 1820.00 1845.00 12916300
20080422 1847.00 1885.00 1842.00 1882.00 15301200
20080423 1915.00 1929.00 1872.00 1927.00 22535400
20080424 1900.00 1919.00 1820.00 1849.00 20459900
20080425 1849.00 1859.00 1805.00 1850.00 11569800
20080428 1835.00 1896.00 1830.00 1877.00 11813500
20080429 1845.00 1848.00 1807.00 1818.00 13889100
20080430 1808.00 1817.00 1764.00 1800.00 18409200
20080501 1822.00 1881.00 1784.00 1790.00 12985100
20080502 1820.00 1888.00 1791.00 1876.00 12588300
20080506 1867.00 1952.00 1866.00 1948.00 18661400
20080507 1955.00 1963.00 1925.00 1940.00 14080500
20080508 1937.00 2005.00 1923.00 1997.00 17199300
20080509 1997.00 2003.00 1943.00 1975.00 14850900
20080512 1995.00 2016.00 1955.00 1993.00 9281400
20080513 2004.00 2062.00 1971.00 2020.00 21635200
20080514 2115.00 2139.00 2059.00 2118.00 20272700
20080515 2055.00 2189.00 2050.00 2174.00 21201800
20080516 2140.00 2205.00 2115.00 2158.00 15858200
20080519 2172.00 2196.00 2137.00 2196.00 8547200
20080520 2155.00 2155.00 2023.00 2023.00 20221600
20080521 2040.00 2072.00 2033.00 2066.00 14450400
20080522 2076.00 2129.00 2052.00 2110.00 19571900
20080523 2090.00 2090.00 2000.00 2010.00 21629700
20080527 2030.00 2054.00 1972.00 1972.00 13544000
20080528 1957.00 1987.00 1925.00 1959.00 13390800
20080529 2000.00 2026.00 1941.00 1960.00 12181400
20080530 1938.00 1944.00 1857.00 1914.00 21790900
20080602 1961.00 1969.00 1918.00 1948.00 8483700
20080603 1935.00 1956.00 1915.00 1931.00 9517900
20080604 1930.00 1937.00 1875.00 1900.00 17909300
20080605 1869.00 1904.00 1823.00 1878.00 19080100
20080606 1917.00 1950.00 1897.00 1903.00 18649900
20080610 1871.00 1892.00 1823.00 1825.00 17073600
20080611 1851.00 1861.00 1778.00 1791.00 17182900
20080612 1785.00 1881.00 1776.00 1844.00 17409200
20080613 1830.00 1862.00 1800.00 1852.00 17301900
20080616 1888.00 1895.00 1830.00 1865.00 12779000
20080617 1899.00 1959.00 1890.00 1936.00 18281900
20080618 1921.00 1947.00 1889.00 1925.00 14925300
20080619 1923.00 1981.00 1902.00 1950.00 16721000
20080620 1935.00 1938.00 1882.00 1887.00 15786100
20080623 1900.00 1925.00 1864.00 1908.00 12962100
20080624 1960.00 1963.00 1891.00 1911.00 15721100
20080625 1885.00 1900.00 1839.00 1850.00 13824400
20080626 1860.00 1867.00 1804.00 1808.00 19889000
20080627 1804.00 1875.00 1804.00 1875.00 16648700
20080630 1855.00 1929.00 1855.00 1920.00 15688800
20080701 1897.00 1918.00 1837.00 1841.00 19815600
20080702 1855.00 1903.00 1757.00 1759.00 21418400
20080703 1700.00 1755.00 1677.00 1749.00 26509200
20080704 1770.00 1780.00 1693.00 1763.00 9867700
20080707 1732.00 1766.00 1701.00 1765.00 12564600
20080708 1705.00 1745.00 1657.00 1657.00 22710500
20080709 1690.00 1724.00 1674.00 1710.00 19426700
20080710 1670.00 1733.00 1669.00 1728.00 18601300
20080711 1772.00 1772.00 1687.00 1695.00 13956300
20080714 1722.00 1774.00 1718.00 1747.00 10212300
20080715 1719.00 1725.00 1656.00 1663.00 14174200
20080716 1700.00 1700.00 1564.00 1609.00 31299800
20080717 1622.00 1660.00 1578.00 1630.00 23811100
20080718 1584.00 1607.00 1556.00 1600.00 25517800
20080721 1653.00 1674.00 1622.00 1646.00 17049100
20080722 1670.00 1679.00 1610.00 1618.00 15713200
20080723 1644.00 1666.00 1582.00 1616.00 18515300
20080724 1596.00 1616.00 1537.00 1540.00 20851200
20080725 1541.00 1590.00 1525.00 1553.00 13762200
20080728 1600.00 1633.00 1586.00 1622.00 11830400
20080729 1629.00 1685.00 1613.00 1640.00 11461300
20080730 1689.00 1719.00 1666.00 1677.00 11061300
20080731 1690.00 1743.00 1671.00 1693.00 18738200
20080801 1640.00 1655.00 1593.00 1605.00 16098600
20080804 1605.00 1620.00 1525.00 1531.00 15420900
20080805 1490.00 1535.00 1476.00 1514.00 29157600
20080806 1560.00 1577.00 1540.00 1550.00 18409600
20080807 1534.00 1592.00 1522.00 1550.00 20373200
20080808 1517.00 1537.00 1481.00 1511.00 10738500
20080811 1480.00 1553.00 1479.00 1488.00 15639400
20080812 1502.00 1508.00 1444.00 1468.00 17693900
20080813 1486.00 1529.00 1472.00 1512.00 21398900
20080814 1580.00 1613.00 1566.00 1582.00 22286300
20080815 1558.00 1573.00 1515.00 1529.00 18208700
20080818 1569.00 1576.00 1532.00 1537.00 13151300
20080819 1502.00 1544.00 1498.00 1520.00 12510000
20080820 1580.00 1637.00 1569.00 1622.00 13064800
20080821 1620.00 1677.00 1618.00 1670.00 9375500
20080822 1690.00 1709.00 1648.00 1698.00 15895400
20080826 1698.00 1698.00 1624.00 1676.00 13634700
20080827 1663.00 1707.00 1658.00 1698.00 9779500
20080828 1730.00 1748.00 1695.00 1712.00 16131300
20080829 1722.00 1752.00 1705.00 1718.00 11840300
20080901 1715.00 1717.00 1637.00 1648.00 10949600
20080902 1635.00 1635.00 1562.00 1581.00 25339600
20080903 1525.00 1570.00 1509.00 1527.00 24780600
20080904 1527.00 1579.00 1486.00 1486.00 13798000
20080905 1483.00 1524.00 1419.00 1438.00 34327700
20080908 1525.00 1548.00 1474.00 1485.00 11295500
20080909 1460.00 1486.00 1376.00 1405.00 39872300
20080910 1387.00 1431.00 1348.00 1385.00 30103800
20080911 1391.00 1431.00 1358.00 1405.00 30289400
20080912 1445.00 1511.00 1436.00 1509.00 26542300
20080915 1460.00 1470.00 1420.00 1441.00 27194400
20080916 1406.00 1430.00 1340.00 1376.00 34284700
20080917 1411.00 1452.00 1270.00 1290.00 36812600
20080918 1344.00 1362.00 1271.00 1317.00 47602600
20080919 1410.00 1500.00 1386.00 1447.00 27267200
20080922 1475.00 1522.00 1452.00 1479.00 28491400
20080923 1463.00 1467.00 1385.00 1435.00 23248600
20080924 1455.00 1479.00 1407.00 1440.00 20444900
20080925 1433.00 1452.00 1403.00 1440.00 25014600
20080926 1417.00 1420.00 1363.00 1369.00 15901500
20080929 1310.00 1335.00 1212.00 1232.00 21476300
20080930 1181.00 1298.00 1165.00 1259.00 28652100
20081001 1295.00 1330.00 1185.00 1209.00 29043400
20081002 1211.00 1271.00 1111.00 1121.00 23322500
20081003 1126.00 1195.00 1087.00 1187.00 20843100
20081006 1054.00 1110.00 1000.00 1070.00 19203700
20081007 1150.00 1150.00 1050.00 1087.00 22944100
20081008 1013.00 1112.00 950.00 972.50 29192500
20081009 1002.00 1092.00 1001.00 1036.00 26908700
20081010 905.00 975.50 880.00 954.50 31005300
20081013 1033.00 1058.00 988.00 1041.00 29854600
20081014 1065.00 1157.00 1032.00 1077.00 17399200
20081015 1055.00 1055.00 894.50 916.00 43190600
20081016 840.00 935.50 791.00 811.00 24076300
20081017 866.00 911.00 781.00 895.50 36960000
20081020 940.00 974.50 907.00 974.50 36535100
20081021 1020.00 1028.00 937.00 967.00 29943100
20081022 920.00 930.00 864.50 880.00 37866000
20081023 865.00 866.00 763.00 823.00 41291500
20081024 782.50 868.50 756.50 868.50 35589100
20081027 805.50 866.50 780.50 845.50 28419600
20081028 915.00 921.50 807.00 842.50 30982600
20081029 902.00 967.50 887.00 960.00 31708300
20081030 1020.00 1050.00 967.00 1008.00 28842200
20081031 998.00 1066.00 963.50 1053.00 25426300
20081103 1100.00 1116.00 1050.00 1075.00 18742900
20081104 1068.00 1165.00 1014.00 1158.00 20609800
20081105 1169.00 1182.00 1102.00 1140.00 22369900
20081106 1089.00 1099.00 969.00 969.00 27648600
20081107 998.00 1051.00 967.50 1015.00 19492300
20081110 1094.00 1176.00 1090.00 1123.00 24657700
20081111 1085.00 1101.00 1006.00 1019.00 18650500
20081112 1040.00 1060.00 931.00 948.50 29582900
20081113 901.50 948.00 898.00 926.50 27201000
20081114 994.00 994.00 895.00 905.00 24437100
20081117 912.00 918.50 853.00 872.00 24282500
20081118 870.50 888.00 817.50 880.00 19953700
20081119 868.00 876.00 809.00 824.00 20846500
20081120 780.00 797.00 731.50 752.50 30790900
20081121 780.00 844.50 772.50 797.50 30303500
20081124 823.00 980.00 817.50 980.00 45081700
20081125 1115.00 1190.00 1024.00 1051.00 129648304
20081126 1005.00 1164.00 1000.00 1155.00 44630800
20081127 1125.00 1224.00 1111.00 1181.00 30349500
20081128 1204.00 1226.00 1155.00 1189.00 32745700
20081201 1150.00 1156.00 1072.00 1082.00 21872900
20081202 1003.00 1097.00 984.50 1036.00 33374800
20081203 1067.00 1096.00 999.50 1075.00 29036200
20081204 1073.00 1100.00 1010.00 1060.00 28574700
20081205 1019.00 1020.00 954.00 975.50 21444900
20081208 1074.00 1156.00 1041.00 1128.00 20148900
20081209 1099.00 1172.00 1087.00 1157.00 17700600
20081210 1184.00 1267.00 1175.00 1234.00 21417600
20081211 1185.00 1250.00 1175.00 1220.00 19987700
20081212 1131.00 1220.00 1114.00 1205.00 14664400
20081215 1235.00 1267.00 1208.00 1260.00 14051500
20081216 1230.00 1260.00 1190.00 1233.00 14577300
20081217 1244.00 1301.00 1214.00 1298.00 17385800
20081218 1270.00 1291.00 1221.00 1258.00 13180300
20081219 1229.00 1262.00 1147.00 1235.00 20089100
20081222 1201.00 1257.00 1176.00 1212.00 10681400
20081223 1175.00 1232.00 1175.00 1204.00 8689200
20081224 1176.00 1218.00 1176.00 1194.00 1441100
20081229 1207.00 1270.00 1194.00 1243.00 4749500
20081230 1273.00 1286.00 1257.00 1278.00 4806400
20081231 1309.00 1328.00 1267.00 1294.00 2174000
20090102 1315.00 1410.00 1303.00 1405.00 4957700
20090105 1419.00 1435.00 1348.00 1372.00 10452400
20090106 1387.00 1473.00 1363.00 1450.00 17438700
20090107 1423.00 1423.00 1315.00 1334.00 14506600
20090108 1294.00 1323.00 1222.00 1292.00 14365300
20090109 1322.00 1338.00 1265.00 1284.00 14072100
20090112 1259.00 1283.00 1225.00 1242.00 9746700
20090113 1224.00 1266.00 1176.00 1263.00 15792800
20090114 1276.00 1276.00 1130.00 1155.00 17913500
20090115 1153.00 1184.00 1112.00 1137.00 20795100
20090116 1182.00 1206.00 1164.00 1188.00 18628900
20090119 1224.00 1238.00 1128.00 1169.00 11506100
20090120 1154.00 1215.00 1138.00 1153.00 14875800
20090121 1138.00 1185.00 1105.00 1165.00 21859200
20090122 1197.00 1238.00 1152.00 1162.00 14602900
20090123 1139.00 1192.00 1111.00 1165.00 18529000
20090126 1157.00 1260.00 1143.00 1250.00 15168000
20090127 1229.00 1271.00 1206.00 1264.00 17765100
20090128 1260.00 1328.00 1242.00 1322.00 22823700
20090129 1278.00 1297.00 1247.00 1276.00 16578400
20090130 1272.00 1280.00 1171.00 1181.00 20677800
20090202 1163.00 1198.00 1136.00 1159.00 14257800
20090203 1163.00 1168.00 1113.00 1160.00 15639600
20090204 1190.00 1278.00 1170.00 1269.00 22013000
20090205 1238.00 1310.00 1224.00 1285.00 21215500
20090206 1303.00 1358.00 1277.00 1335.00 18386100
20090209 1326.00 1413.00 1306.00 1378.00 14799800
20090210 1341.00 1357.00 1302.00 1310.00 16326900
20090211 1292.00 1315.00 1267.00 1294.00 15062600
20090212 1260.00 1285.00 1202.00 1276.00 21328700
20090213 1290.00 1315.00 1247.00 1278.00 11407800
