20030101 356.51 356.51 356.51 356.51 0
20030102 356.10 359.44 351.09 357.35 36199248
20030103 359.02 359.64 353.17 356.51 22934242
20030106 354.22 359.85 349.42 358.18 47401556
20030107 355.68 360.69 351.09 354.01 39388392
20030108 351.92 351.92 347.75 349.42 38595748
20030109 347.12 350.88 342.74 350.88 30123502
20030110 350.67 356.51 347.54 354.01 45645352
20030113 352.76 357.56 345.24 347.33 40947932
20030114 348.16 352.97 335.22 342.74 84876488
20030115 341.48 344.20 338.35 338.77 60656500
20030116 338.35 343.78 338.15 341.28 43823516
20030117 341.07 341.48 336.68 336.89 45931484
20030120 336.89 338.15 329.80 329.80 44051320
20030121 331.88 332.72 323.12 324.58 44375060
20030122 324.79 327.71 311.43 317.06 68772184
20030123 320.19 322.28 309.13 312.26 63978112
20030124 311.43 315.60 304.33 308.09 70634864
20030127 298.90 307.88 291.18 297.65 109884320
20030128 300.99 305.17 294.73 302.66 79836760
20030129 304.33 320.19 300.78 319.78 113246176
20030130 322.49 324.37 313.93 319.36 76773496
20030131 312.26 319.36 311.64 318.94 63140912
20030203 324.79 328.54 323.74 328.54 51220696
20030204 325.62 330.21 322.70 322.70 64218132
20030205 325.41 331.88 320.61 331.88 52649684
20030206 329.38 332.72 315.18 319.36 71882400
20030207 318.32 323.74 314.56 316.44 40744560
20030210 316.44 322.07 313.10 316.85 39649852
20030211 323.95 330.42 320.61 328.54 69555728
20030212 327.29 327.71 319.15 321.45 60177896
20030213 320.61 322.70 314.14 318.11 69104672
20030214 323.12 331.88 322.28 323.95 49764640
20030217 326.46 332.30 323.95 330.21 29104608
20030218 330.42 339.19 327.71 337.31 37684288
20030219 337.31 340.65 327.71 328.33 54418224
20030220 328.75 339.61 327.71 334.39 48462368
20030221 332.51 346.08 332.51 345.24 45946936
20030224 346.91 349.21 341.07 347.75 43356768
20030225 346.08 349.21 340.65 345.66 59644436
20030226 348.41 350.11 336.33 340.79 58666504
20030227 341.42 346.08 336.55 339.09 73560736
20030228 338.24 340.36 329.98 339.09 76846008
20030303 340.79 346.93 339.30 345.87 42478216
20030304 345.87 348.84 344.39 345.87 49825652
20030305 344.39 347.35 342.06 343.75 48450912
20030306 344.18 346.30 341.00 342.90 43288620
20030307 341.63 341.63 332.10 335.06 43093392
20030310 337.18 339.09 331.88 332.31 41153964
20030311 330.61 336.33 330.19 335.06 58610116
20030312 335.06 337.82 313.66 314.51 104729136
20030313 319.59 332.31 314.29 331.88 56170408
20030314 334.64 339.73 327.86 339.30 53176036
20030317 334.85 357.74 329.13 351.81 56644500
20030318 351.38 357.74 342.90 349.69 62546068
20030319 349.47 360.28 346.72 351.17 65853984
20030320 350.11 356.26 345.87 353.71 51922800
20030321 354.77 366.85 354.56 362.83 59373928
20030324 360.28 360.28 352.23 353.08 42690664
20030325 351.59 362.83 348.84 357.95 54809352
20030326 360.28 366.22 355.41 363.89 48941876
20030327 361.13 361.77 347.78 352.65 45630064
20030328 355.20 357.53 348.41 350.75 33875648
20030331 348.63 348.63 337.39 340.15 48680824
20030401 342.48 352.44 341.21 352.23 42785980
20030402 353.08 361.55 342.69 344.39 66417020
20030403 343.33 350.53 342.06 345.02 40463408
20030404 344.60 357.74 343.54 353.08 48954144
20030407 356.04 366.00 356.04 356.89 51280252
20030408 354.35 355.41 346.30 348.63 52344632
20030409 348.41 352.87 346.08 349.05 35426036
20030410 347.35 349.69 342.27 343.96 35672816
20030411 343.75 349.05 343.12 343.12 28874494
20030414 342.06 348.41 342.06 346.30 28680916
20030415 347.99 355.41 347.57 351.38 39768132
20030416 354.35 356.47 342.90 345.02 38284868
20030417 343.33 351.59 340.57 345.45 34130920
20030418 345.45 345.45 345.45 345.45 0
20030421 345.45 345.45 345.45 345.45 0
20030422 349.90 350.96 345.45 350.75 24293286
20030423 358.16 358.59 347.57 349.69 34268348
20030424 347.57 350.96 341.84 344.18 34385484
20030425 345.87 347.57 332.31 334.85 51757180
20030428 335.27 341.63 333.58 341.63 31552252
20030429 343.33 345.87 336.55 338.88 43515228
20030430 337.82 339.94 333.16 336.12 49498776
20030501 336.55 341.63 333.79 334.85 17481752
20030502 337.18 343.54 335.27 343.54 37939000
20030505 343.54 343.54 343.54 343.54 0
20030506 351.81 352.87 343.33 348.20 45409712
20030507 347.99 354.77 346.30 350.53 46419708
20030508 350.11 351.38 343.75 345.87 39553204
20030509 347.57 349.26 341.63 347.57 33542640
20030512 350.11 353.92 346.72 353.08 33807584
20030513 353.71 355.83 350.96 352.44 36167788
20030514 357.61 360.19 349.64 350.50 39529208
20030515 352.87 358.25 349.64 355.88 28667572
20030516 359.54 361.48 355.45 356.74 33087540
20030519 354.59 356.53 348.57 350.72 34865940
20030520 349.64 358.04 349.64 356.53 47222932
20030521 354.59 355.45 349.43 353.09 33233940
20030522 358.47 361.26 355.45 360.19 48354272
20030523 360.62 361.05 352.44 357.39 31630756
20030526 357.39 357.39 357.39 357.39 0
20030527 358.47 366.00 351.58 364.49 39549888
20030528 366.21 370.30 364.92 368.36 35343944
20030529 366.64 369.22 362.55 364.92 24164064
20030530 361.69 366.86 359.76 359.76 50887900
20030602 364.92 369.22 361.91 369.01 25566820
20030603 366.21 372.45 365.14 370.73 32942884
20030604 370.73 378.48 370.73 375.68 33033512
20030605 376.97 376.97 367.07 369.44 32863178
20030606 370.95 377.83 368.36 369.65 42805056
20030609 369.01 370.95 364.92 369.22 26866052
20030610 368.36 375.46 368.36 372.02 34423488
20030611 373.53 380.63 373.31 377.83 51264008
20030612 379.12 388.59 379.12 383.86 50362260
20030613 382.13 384.07 376.75 377.83 29250264
20030616 374.39 380.41 373.10 376.97 40680064
20030617 379.55 379.55 369.01 372.88 56346488
20030618 371.81 379.77 368.58 376.97 41700676
20030619 376.54 376.97 368.15 369.44 40389128
20030620 370.08 376.54 369.65 373.53 35158272
20030623 373.53 375.25 370.08 371.16 23107204
20030624 371.38 372.02 366.86 367.93 26445678
20030625 363.63 369.65 362.12 365.35 30743066
20030626 363.41 367.93 361.69 361.91 27371012
20030627 364.49 364.49 357.17 364.49 30583306
20030630 366.64 368.79 360.62 361.69 41756328
20030701 355.67 362.98 353.95 354.38 35320704
20030702 358.47 360.83 352.44 355.02 48888164
20030703 356.31 356.31 347.28 353.09 62470028
20030704 352.01 356.10 350.29 354.38 22356270
20030707 354.59 360.40 354.59 359.33 30959064
20030708 353.52 359.76 351.80 355.88 39043768
20030709 356.53 356.74 349.86 352.87 40026268
20030710 352.87 352.87 347.06 347.92 43821484
20030711 347.06 352.44 346.85 350.07 35054280
20030714 351.58 354.59 349.86 353.30 45646356
20030715 352.01 353.73 346.85 347.92 56910588
20030716 349.43 352.01 347.06 348.78 45575712
20030717 348.57 356.74 348.57 353.95 52163196
20030718 356.10 357.39 353.73 356.53 40342420
20030721 359.33 361.69 356.96 357.17 39169020
20030722 357.82 360.62 355.88 360.62 30084970
20030723 361.69 363.63 359.33 360.62 27687280
20030724 360.62 366.00 358.90 364.06 29400962
20030725 361.48 361.48 355.24 358.04 28729386
20030728 361.26 363.85 359.97 363.85 36900652
20030729 364.49 368.79 357.61 361.05 67060912
20030730 361.91 364.92 361.05 363.85 30739466
20030731 365.78 367.93 361.05 366.64 37293720
20030801 364.92 365.57 358.90 359.33 28958046
20030804 359.97 364.92 359.54 361.91 24825300
20030805 363.63 368.58 361.91 367.72 31038072
20030806 365.78 365.78 360.19 362.34 34543512
20030807 364.06 366.00 360.83 366.00 30052668
20030808 369.22 375.89 367.72 375.03 39717552
20030811 375.03 382.13 374.39 379.98 40284904
20030812 381.27 386.87 377.40 377.62 37690160
20030813 381.55 381.55 376.09 379.14 34491344
20030814 378.93 385.48 377.40 384.82 33421410
20030815 384.82 388.10 378.71 381.11 21623740
20030818 380.24 386.57 379.14 386.57 24706370
20030819 386.13 387.66 380.67 381.55 29438602
20030820 380.02 382.86 377.83 380.02 24240598
20030821 381.77 383.95 379.36 380.89 36643004
20030822 380.89 383.29 378.05 381.77 22338250
20030825 381.77 381.77 381.77 381.77 0
20030826 381.77 383.51 376.52 377.40 29510488
20030827 379.80 381.55 377.40 381.33 27993098
20030828 382.20 383.08 378.71 381.77 26712540
20030829 382.86 384.39 374.78 374.78 44442644
20030901 378.71 382.86 378.05 378.49 22805166
20030902 379.58 384.39 379.14 381.77 41786752
20030903 386.35 393.34 385.26 391.81 51054900
20030904 391.59 394.00 390.06 390.94 28281672
20030905 390.06 390.94 383.29 385.70 33381346
20030908 383.95 393.60 383.35 392.69 29587412
20030909 392.69 392.90 385.26 386.57 31061534
20030910 386.57 393.12 382.42 385.26 23774714
20030911 383.95 387.66 380.67 387.01 36173112
20030912 388.10 390.94 383.29 383.29 34320100
20030915 384.82 386.57 379.80 380.89 32988148
20030916 383.51 385.04 378.27 384.39 35184796
20030917 387.88 388.32 382.42 382.42 38807828
20030918 381.33 381.33 373.47 374.99 54116700
20030919 376.52 376.96 368.22 368.66 66832404
20030922 367.79 369.53 364.51 369.32 39543632
20030923 370.41 368.01 365.60 366.04 46592012
20030924 368.44 374.78 365.17 369.32 57648616
20030925 367.35 375.21 367.13 372.37 56593564
20030926 371.06 373.03 361.67 362.98 50423724
20030929 363.86 367.57 360.36 362.55 31963428
20030930 362.55 362.98 354.90 360.80 57955736
20031001 362.33 368.66 360.80 368.66 62647788
20031002 371.28 371.50 362.55 367.35 74318976
20031003 366.91 375.43 366.91 374.56 53187216
20031006 374.78 380.02 373.90 377.62 37931576
20031007 376.74 378.27 373.25 377.62 33301104
20031008 377.83 381.33 374.99 376.09 41498864
20031009 376.96 380.02 374.78 380.02 31137998
20031010 378.71 382.42 376.96 378.93 30205654
20031013 378.71 385.91 378.71 385.91 38401580
20031014 386.57 380.45 378.93 380.24 32841744
20031015 380.02 384.17 376.74 378.05 40100060
20031016 376.74 381.98 371.50 372.59 44974692
20031017 374.12 375.65 369.32 372.37 39798896
20031020 369.53 374.78 369.53 372.59 28258320
20031021 374.12 375.65 367.57 368.01 38497504
20031022 369.10 364.95 362.98 364.95 45719996
20031023 362.55 362.98 356.65 360.36 37254264
20031024 358.61 361.67 356.65 361.24 34660872
20031027 359.05 361.67 355.78 360.36 29693066
20031028 359.93 361.89 352.94 356.87 60607736
20031029 357.09 359.93 352.50 355.78 55514128
20031030 354.68 363.20 351.19 353.59 76530272
20031031 353.37 358.40 352.72 357.30 50668228
20031103 357.30 365.60 357.30 363.64 39151692
20031104 364.73 367.79 362.76 365.60 38464768
20031105 363.42 365.17 362.76 364.73 50671204
20031106 364.29 366.91 361.02 365.17 28542316
20031107 366.91 371.94 366.70 368.88 42851076
20031110 367.13 371.50 365.17 366.04 30648532
20031111 365.39 368.22 362.76 367.35 23792800
20031112 370.90 371.79 366.46 368.02 30410426
20031113 370.90 370.90 364.02 366.69 41638044
20031114 365.58 372.45 365.58 372.01 35663656
20031117 369.13 372.23 366.69 367.35 37411840
20031118 367.35 368.24 362.03 364.25 32398884
20031119 360.25 368.90 359.81 365.35 45144108
20031120 367.13 367.13 360.92 365.35 33923924
20031121 366.46 367.35 364.02 364.91 30661068
20031124 365.13 371.57 364.91 369.13 25942480
20031125 794.99 370.90 365.13 365.35 39640460
20031126 365.58 370.01 363.36 364.69 32680744
20031127 366.91 367.57 361.58 362.25 15631327
20031128 360.23 364.47 358.03 360.03 39585688
20031201 360.47 366.02 360.47 366.02 27218682
20031202 364.91 368.68 360.92 363.80 50946404
20031203 363.14 366.91 363.14 365.58 29791146
20031204 365.58 367.35 363.58 366.24 26165736
20031205 368.74 370.23 366.69 369.13 35568652
20031208 368.02 371.79 365.35 371.79 42369012
20031209 375.34 380.88 375.34 378.89 66930256
20031210 377.55 381.77 373.34 381.55 55055180
20031211 379.58 380.66 377.11 380.22 36227940
20031212 380.22 385.98 380.22 385.10 31739934
20031215 387.76 387.98 382.44 383.77 33432444
20031216 382.66 385.98 379.55 381.10 30667830
20031217 387.23 389.98 380.22 387.54 49580832
20031218 387.76 398.63 387.76 396.41 50013372
20031219 398.30 403.07 396.63 400.85 54988124
20031222 397.96 403.95 397.96 403.07 28574900
20031223 402.84 402.84 395.97 397.96 27356964
20031224 397.52 402.18 397.52 400.18 4887410
20031225 400.18 400.18 400.18 400.18 0
20031226 400.18 400.18 400.18 400.18 0
20031229 399.74 403.29 399.74 402.62 12674899
20031230 402.84 404.62 398.85 403.29 12153441
20031231 401.73 406.39 401.51 401.96 3713539
20040101 401.96 401.96 401.96 401.96 0
20040102 404.17 407.72 402.18 403.51 16224912
20040105 400.66 403.73 396.85 403.51 38986356
20040106 401.41 406.39 400.63 401.73 33778428
20040107 401.29 402.62 390.86 391.53 54253664
20040108 392.49 395.97 389.98 392.64 34548164
20040109 389.53 389.53 382.66 385.32 80944248
20040112 391.53 395.30 385.54 391.53 50417624
20040113 394.86 396.63 392.42 393.53 42106760
20040114 393.53 393.53 384.43 385.98 53390168
20040115 385.98 388.65 382.88 387.32 41799432
20040116 385.54 385.98 380.22 384.21 49457428
20040119 388.20 395.52 387.09 392.64 36769120
20040120 388.87 395.75 385.76 388.87 51567940
20040121 396.50 398.85 390.42 397.74 53976200
20040122 395.74 400.18 391.75 392.64 42881676
20040123 387.99 393.30 385.10 389.09 51938380
20040126 388.98 391.09 383.54 385.54 40424168
20040127 389.53 391.75 385.98 387.54 46046036
20040128 385.10 391.75 385.10 389.98 38067748
20040129 385.42 388.42 382.21 385.32 43546600
20040130 383.20 386.43 380.00 380.00 48539608
20040202 379.37 383.32 376.00 378.44 41889476
20040203 376.50 380.66 372.90 377.33 41303556
20040204 378.89 381.55 375.11 380.44 33281428
20040205 379.77 381.10 373.34 375.34 36362612
20040206 376.22 376.22 369.35 373.56 40240580
20040209 376.22 378.66 373.34 378.66 44780880
20040210 366.91 369.13 361.81 369.13 122362296
20040211 370.01 372.45 366.46 367.79 58307556
20040212 369.57 369.57 362.91 366.91 54027364
20040213 366.91 370.68 366.69 368.68 30828988
20040216 370.51 372.67 368.24 371.34 19432996
20040217 371.57 374.67 370.90 373.34 38534208
20040218 377.17 377.85 374.24 374.69 38072588
20040219 376.05 379.43 372.44 377.40 48853284
20040220 376.95 385.29 376.95 382.81 63540884
20040223 385.97 389.12 382.13 382.81 37576908
20040224 383.26 386.19 377.40 379.88 51721364
20040225 381.01 383.94 380.10 383.03 32587818
20040226 384.61 391.15 384.61 390.47 55958172
20040227 391.38 395.43 389.57 390.25 53163168
20040301 392.28 397.24 391.15 396.79 30575040
20040302 400.17 401.30 397.69 400.84 48613208
20040303 401.30 404.68 399.49 401.30 65150244
20040304 401.97 404.90 398.59 404.90 43100048
20040305 404.45 406.26 399.27 401.30 52591968
20040308 401.52 403.78 401.30 402.65 25765482
20040309 399.94 403.32 398.82 400.84 41690736
20040310 401.30 410.99 399.72 409.86 75249288
20040311 406.71 408.51 401.97 404.45 81706352
20040312 401.30 401.97 393.63 401.97 53903696
20040315 403.10 408.28 400.62 404.00 47240268
20040316 404.90 408.51 402.65 404.90 48588920
20040317 405.80 408.28 400.62 408.06 55723416
20040318 407.61 412.12 402.42 402.87 67084624
20040319 405.80 408.96 404.00 408.06 40478144
20040322 405.13 405.80 395.66 396.79 48479804
20040323 394.53 397.01 392.28 392.28 40588924
20040324 394.08 398.36 393.18 394.53 39981576
20040325 395.88 397.69 391.15 394.76 39146012
20040326 394.76 394.76 389.12 392.73 36355556
20040329 398.59 402.65 394.98 401.30 35599948
20040330 403.55 413.02 403.10 412.12 61485968
20040331 413.92 420.01 411.22 411.22 55384420
20040401 412.12 412.57 406.93 410.76 37135340
20040402 408.51 418.20 407.16 417.75 41794752
20040405 419.33 431.51 419.33 431.05 53161836
20040406 431.05 438.72 429.03 431.51 58574972
20040407 429.25 433.76 426.77 433.76 60398572
20040408 433.76 438.27 432.86 434.89 35353768
20040409 434.89 434.89 434.89 434.89 0
20040412 434.89 434.89 434.89 434.89 0
20040413 435.56 443.23 435.56 442.10 39954520
20040414 440.52 442.78 437.14 440.07 34374824
20040415 440.07 450.89 439.17 449.99 47096776
20040416 449.09 450.22 443.23 448.19 39015828
20040419 445.03 448.64 438.72 443.68 27414096
20040420 445.26 445.48 439.40 440.97 34636196
20040421 436.47 439.17 433.99 437.14 39144684
20040422 437.37 443.00 433.08 441.43 30013822
20040423 444.58 446.39 440.52 442.78 31071386
20040426 442.33 445.03 439.17 440.07 19525768
20040427 446.39 446.39 435.11 443.23 60622240
20040428 447.29 452.47 444.81 445.71 61112708
20040429 445.26 447.51 440.97 441.43 52130664
20040430 437.82 440.52 436.24 439.62 46148324
20040503 439.62 439.62 439.62 439.62 0
20040504 443.68 445.26 440.52 443.91 48760800
20040505 443.68 450.44 442.33 449.09 47323544
20040506 449.99 458.33 449.99 450.67 65313476
20040507 451.80 452.70 447.06 451.34 43971096
20040510 446.39 449.99 439.17 439.40 48660004
20040511 439.17 443.23 433.31 442.33 52427184
20040512 448.50 448.96 442.10 443.93 37258840
20040513 444.84 453.30 444.61 451.93 33724604
20040514 449.87 454.21 448.96 453.30 36481800
20040517 448.04 451.93 447.13 451.24 34928164
20040518 450.78 450.78 440.04 441.87 49724456
20040519 441.41 443.93 436.61 443.93 52534916
20040520 442.56 443.93 438.90 442.10 20760720
20040521 441.41 441.41 436.84 437.76 23415332
20040524 434.55 442.10 434.55 440.96 30292848
20040525 441.18 452.61 441.18 450.33 44484464
20040526 452.61 454.90 450.10 451.70 39566872
20040527 447.13 451.47 442.10 442.56 48179460
20040528 443.01 444.38 436.38 436.84 51701556
20040531 436.84 436.84 436.84 436.84 0
20040601 441.64 443.93 439.13 440.73 31003172
20040602 442.33 448.50 441.64 445.76 57069836
20040603 445.76 449.87 445.30 447.13 50501824
20040604 446.67 446.67 442.10 443.01 35195672
20040607 446.21 448.04 444.16 446.90 27323812
20040608 446.90 452.16 446.21 450.10 37507972
20040609 445.30 446.67 438.21 439.58 58571852
20040610 439.58 442.56 438.67 440.27 40175160
20040611 440.96 444.38 435.01 441.18 22611720
20040614 441.18 439.36 435.47 437.07 31763476
20040615 437.30 444.16 435.70 441.87 28174342
20040616 441.18 450.33 440.96 448.50 28891338
20040617 448.96 454.21 447.13 448.50 31170610
20040618 447.58 455.36 446.44 453.53 46451496
20040621 451.70 452.61 447.13 448.27 24499356
20040622 447.36 448.50 443.93 445.07 25516558
20040623 447.13 451.01 446.44 450.33 30436552
20040624 454.21 456.73 452.84 453.76 35307552
20040625 452.61 454.67 448.27 448.96 32185078
20040628 448.04 455.13 446.90 448.50 33597524
20040629 450.56 455.59 448.50 451.70 43868300
20040630 450.33 450.33 445.30 445.30 48796388
20040701 446.90 450.56 443.01 443.47 43755108
20040702 444.38 445.98 439.58 439.81 33460490
20040705 440.27 442.56 438.21 441.18 10522316
20040706 441.87 447.58 441.18 444.38 38686596
20040707 444.38 445.76 439.58 439.81 44498572
20040708 438.90 445.76 435.47 445.30 42464604
20040709 445.76 455.13 445.30 454.44 43706440
20040712 452.16 453.76 447.58 448.50 24918552
20040713 448.96 449.87 443.70 444.61 22356682
20040714 444.38 447.36 440.73 446.21 27093818
20040715 446.90 451.70 446.21 449.87 30850390
20040716 449.87 453.99 449.41 452.61 35857548
20040719 452.84 455.13 450.10 452.16 24803062
20040720 451.47 453.53 447.36 452.16 28954988
20040721 455.36 455.36 451.01 453.53 38278556
20040722 449.87 450.78 446.21 446.21 33307708
20040723 447.58 450.56 446.67 448.96 30922788
20040726 448.50 450.78 446.44 447.81 20402004
20040727 444.38 446.90 441.18 446.90 38594292
20040728 448.96 455.13 448.50 455.13 44755360
20040729 456.27 472.27 455.13 469.76 65087696
20040730 470.22 474.56 467.70 471.82 44379252
20040802 471.36 471.36 466.79 468.39 29039526
20040803 470.44 477.53 469.99 476.39 48731316
20040804 474.56 477.30 469.07 469.99 42456620
20040805 468.62 472.73 466.56 467.93 31889574
20040806 466.33 468.16 456.50 456.73 62924244
20040809 455.36 459.47 453.07 458.33 42388376
20040810 458.33 463.81 457.19 463.59 40896968
20040811 468.78 468.78 457.88 458.58 35320140
20040812 459.04 462.98 458.58 461.36 32358606
20040813 458.81 462.29 451.62 451.86 31100516
20040816 456.26 458.35 451.86 457.65 25026592
20040817 456.49 459.04 453.01 454.87 29935270
20040818 452.55 456.49 449.07 454.87 31512224
20040819 456.26 458.11 448.84 451.62 39512912
20040820 450.70 456.26 449.77 453.94 32137224
20040823 453.01 459.04 452.09 453.25 28119466
20040824 453.48 453.48 446.52 449.30 50307776
20040825 448.84 450.23 445.60 447.91 36855252
20040826 450.23 451.39 447.45 449.77 26890382
20040827 450.70 460.90 450.70 460.90 32267488
20040830 460.90 460.90 460.90 460.90 0
20040831 457.19 462.29 456.96 456.96 36424244
20040901 460.90 467.39 460.20 466.92 38733816
20040902 471.79 471.79 466.46 469.01 37356248
20040903 469.94 470.87 466.23 469.47 39304256
20040906 470.40 472.26 466.00 466.46 21873546
20040907 466.46 469.01 462.06 467.62 38715376
20040908 469.01 471.79 466.23 468.32 49906636
20040909 468.08 471.33 467.16 469.24 36257748
20040910 472.03 474.58 470.40 472.26 39309756
20040913 471.33 474.81 468.78 470.63 32822936
20040914 471.10 472.03 468.55 470.17 32303504
20040915 470.17 474.58 467.39 474.34 40812952
20040916 475.97 478.28 473.42 473.88 41705700
20040917 473.88 484.31 473.88 481.76 48548044
20040920 484.08 492.89 482.69 490.11 43198008
20040921 489.64 499.85 489.64 498.92 68019176
20040922 499.38 501.24 493.82 495.21 57972996
20040923 494.28 499.38 491.04 492.89 51796524
20040924 490.57 498.45 490.11 497.06 31131464
20040927 493.35 495.21 491.50 493.35 32216266
20040928 496.14 505.41 493.82 499.85 56359812
20040929 498.45 503.56 491.04 493.35 51274288
20040930 493.82 494.28 487.79 489.18 39187688
20041001 491.50 501.70 491.04 500.77 39156200
20041004 500.77 506.80 495.67 495.67 42343968
20041005 497.53 510.51 496.60 509.12 49279804
20041006 509.58 517.93 509.58 516.07 40621116
20041007 518.39 520.25 511.90 514.22 36505120
20041008 511.90 518.39 511.44 511.44 26447618
20041011 512.83 514.68 509.12 509.58 29710760
20041012 513.76 513.76 505.41 507.73 34183576
20041013 508.19 508.66 497.99 498.92 47503032
20041014 497.99 506.80 497.99 506.34 48388344
20041015 505.41 507.73 503.09 504.02 33476946
20041018 505.87 507.73 502.63 506.34 29232412
20041019 503.56 507.73 500.77 502.16 36321696
20041020 498.92 502.16 494.28 500.77 31889856
20041021 504.48 504.95 497.53 499.85 28915274
20041022 500.77 505.87 498.92 502.63 29124794
20041025 496.60 500.77 494.75 498.45 35242284
20041026 497.06 498.45 490.57 492.43 41470516
20041027 496.14 501.24 493.82 496.60 46863800
20041028 496.14 498.45 483.15 491.04 89377600
20041029 487.33 491.96 486.40 489.18 31206948
20041101 490.11 499.38 488.72 493.35 30241732
20041102 495.21 496.14 490.57 493.82 29392652
20041103 495.21 498.92 491.04 494.28 38422504
20041104 497.06 502.63 495.21 502.63 35595652
20041105 503.09 504.48 496.14 498.45 33536684
20041108 495.21 500.77 494.28 497.99 29393622
20041109 497.53 503.09 497.06 498.45 35398856
20041110 493.35 497.99 489.64 493.35 46899492
20041111 496.60 497.06 489.18 492.43 39044484
20041112 496.14 496.60 485.94 496.60 43120152
20041115 497.06 501.70 495.21 496.60 43823440
20041116 497.53 500.77 492.89 494.75 44297796
20041117 491.96 497.06 491.96 495.67 41717996
20041118 496.60 499.85 494.28 496.26 28359070
20041119 496.14 502.63 496.14 498.92 34599272
20041122 498.92 498.92 495.21 495.67 22530682
20041123 497.99 499.38 496.14 498.45 27089550
20041124 498.45 502.16 497.06 497.06 28619164
20041125 498.92 510.05 498.92 507.73 19756672
20041126 506.80 506.80 501.24 502.63 16988700
20041129 502.63 509.58 501.70 501.70 28641270
20041130 502.63 504.95 494.28 495.21 37118368
20041201 496.14 497.99 493.35 493.35 25353542
20041202 487.79 487.79 477.13 478.05 65292828
20041203 477.13 478.52 471.56 475.73 65567908
20041206 472.49 479.44 472.49 475.73 41215276
20041207 475.73 480.37 475.27 476.66 41348772
20041208 472.03 474.34 464.61 470.17 48523136
20041209 472.49 475.73 471.10 471.56 34350180
20041210 475.73 476.66 472.95 475.27 32268350
20041213 472.03 473.88 466.46 473.88 42224812
20041214 476.66 476.66 468.78 471.56 24389404
20041215 472.49 474.81 466.92 472.03 39026908
20041216 472.03 474.34 465.53 465.53 37827048
20041217 465.53 466.92 461.82 464.14 50263028
20041220 464.14 470.17 464.14 466.00 27329048
20041221 467.85 471.56 466.46 469.24 20053968
20041222 471.56 479.44 471.10 471.56 29856120
20041223 472.95 476.20 468.32 472.49 23227178
20041224 472.03 476.66 471.56 475.27 2828251
20041227 475.27 475.27 475.27 475.27 0
20041228 475.27 475.27 475.27 475.27 0
20041229 471.10 474.81 468.78 474.81 16609019
20041230 474.81 476.20 471.56 473.42 9577643
20041231 470.63 473.88 468.78 471.10 2885294
20050103 471.10 471.10 471.10 471.10 0
20050104 464.61 469.71 462.75 468.32 37128180
20050105 465.53 471.10 465.53 467.39 31939458
20050106 466.00 472.49 465.53 472.03 28724840
20050107 472.95 478.52 470.17 472.03 40024040
20050110 472.03 474.34 469.24 472.95 22049530
20050111 472.03 472.95 468.78 471.10 30062836
20050112 469.71 473.88 466.46 469.71 38333108
20050113 472.03 476.20 468.78 476.20 35449216
20050114 475.73 482.23 475.27 478.98 33620472
20050117 480.37 481.30 475.73 478.52 19551358
20050118 479.91 482.23 477.13 480.37 38274988
20050119 480.83 485.01 478.52 479.91 32500838
20050120 477.13 477.59 472.49 475.27 33280580
20050121 476.66 477.13 472.03 474.81 41887400
20050124 474.34 483.15 473.88 481.30 37998288
20050125 479.44 485.47 479.44 485.01 42994092
20050126 486.86 493.82 484.54 493.82 56477132
20050127 492.43 496.60 489.18 494.28 50677000
20050128 495.67 495.67 486.86 486.86 33403834
20050131 487.79 491.96 483.62 485.01 38456576
20050201 488.72 497.99 487.33 497.99 48326988
20050202 498.45 500.31 494.75 498.45 32646952
20050203 498.45 499.38 492.43 495.21 41576948
20050204 495.67 500.77 495.21 498.92 33023614
20050207 501.24 506.34 498.92 504.48 39658596
20050208 507.26 510.51 501.70 507.26 65997516
20050209 505.41 509.58 503.09 509.12 49330484
20050210 508.19 515.61 506.34 514.68 45296224
20050211 513.76 516.07 508.66 514.68 43685520
20050214 514.22 515.61 507.26 510.51 30394100
20050215 510.97 511.90 507.26 510.97 41709368
20050216 515.68 525.57 513.33 522.75 48120180
20050217 526.52 533.58 525.10 525.10 52060140
20050218 522.28 525.57 519.45 522.75 47936292
20050221 523.22 527.93 521.33 526.04 28562430
20050222 523.69 527.93 518.98 527.93 39326028
20050223 523.22 526.04 518.51 524.16 42385628
20050224 524.63 529.34 522.75 523.22 37398624
20050225 526.52 534.99 526.52 534.99 53050808
20050228 534.05 542.06 529.34 529.34 60283308
20050301 530.28 533.58 523.69 526.52 41416620
20050302 525.10 530.28 521.81 529.34 39163484
20050303 531.22 540.17 530.28 535.93 52745572
20050304 539.70 542.53 534.52 542.53 38171116
20050307 543.00 545.82 535.93 536.88 32527660
20050308 538.29 538.29 534.05 536.88 36718076
20050309 539.70 541.11 535.46 536.40 38348736
20050310 525.10 527.93 520.86 524.63 56337084
20050311 523.69 529.81 522.75 527.46 36335652
20050314 526.99 531.22 524.63 528.87 29027774
20050315 530.28 534.99 528.87 534.05 26528006
20050316 527.46 529.81 523.69 527.93 44405296
20050317 527.46 532.64 525.57 526.04 38511388
20050318 528.87 535.46 528.40 532.17 46254564
20050321 534.05 536.88 532.64 534.05 29642390
20050322 534.05 536.88 527.46 533.58 38247876
20050323 526.52 526.52 522.28 523.22 41786832
20050324 518.04 520.39 515.21 518.98 32910720
20050325 518.98 518.98 518.98 518.98 0
20050328 518.98 518.98 518.98 518.98 0
20050329 514.74 523.69 513.80 523.69 28796960
20050330 517.10 520.86 515.21 515.21 28130744
20050331 521.33 521.33 514.74 516.63 39999464
20050401 518.04 525.57 516.63 519.92 43308564
20050404 526.99 529.81 522.75 526.99 33752224
20050405 526.04 531.22 524.63 530.28 42127424
20050406 528.40 529.34 524.16 527.46 27391484
20050407 530.28 536.88 529.34 536.88 44984560
20050408 534.52 534.99 529.81 531.70 32742336
20050411 527.46 530.75 525.10 527.46 33550288
20050412 527.46 529.81 523.22 523.22 34921468
20050413 521.81 523.22 514.27 515.21 57256088
20050414 509.56 513.33 506.26 508.62 58042804
20050415 505.32 506.74 499.20 499.20 53614996
20050418 492.14 494.02 486.01 492.61 64160416
20050419 493.55 499.20 493.55 497.79 50473964
20050420 500.61 503.44 494.96 496.85 41362364
20050421 492.61 498.26 491.19 494.02 35148144
20050422 499.20 502.97 497.79 501.08 30416792
20050425 501.56 510.50 501.56 507.68 30542604
20050426 516.15 518.04 509.56 511.44 55147448
20050427 508.15 510.97 500.14 501.08 58543928
20050428 500.61 507.68 498.73 501.56 67515592
20050429 501.08 507.21 499.20 502.97 40037156
20050502 502.97 502.97 502.97 502.97 0
20050503 507.68 512.86 506.74 507.21 48462468
20050504 504.85 509.09 504.38 507.68 37513288
20050505 510.03 515.68 508.62 513.33 29871398
20050506 515.21 518.04 512.39 516.63 31359368
20050509 516.63 516.63 511.44 513.80 31368180
20050510 516.63 517.10 511.92 514.74 31706756
20050511 519.05 519.53 512.35 513.78 32518202
20050512 514.26 517.61 510.44 511.87 29760170
20050513 507.09 509.96 503.26 509.96 48423612
20050516 505.65 509.96 504.22 505.17 28993736
20050517 507.09 511.87 506.13 510.44 36242196
20050518 513.31 523.35 513.31 518.57 54424436
20050519 517.61 523.83 516.18 520.96 40543236
20050520 522.87 524.31 519.53 519.53 28314366
20050523 522.87 522.87 518.09 520.48 21344448
20050524 520.96 524.31 520.48 523.35 27829818
20050525 523.35 529.09 521.92 528.14 31585480
20050526 530.53 538.18 529.09 536.27 40384472
20050527 534.36 536.27 528.14 532.92 27942698
20050530 532.92 532.92 532.92 532.92 0
20050531 535.79 537.23 527.18 527.18 42889988
20050601 529.57 538.18 529.09 537.70 33447894
20050602 537.23 542.01 535.79 538.66 34019504
20050603 538.66 538.66 538.66 538.66 0
20050606 538.18 542.01 533.88 533.88 37864428
20050607 533.88 538.66 531.96 538.18 23728618
20050608 534.83 538.66 534.36 537.70 25404676
20050609 534.36 540.10 531.01 539.14 27619526
20050610 543.44 551.10 543.44 548.23 51857568
20050613 546.31 553.49 545.84 553.01 29734248
20050614 552.06 556.84 550.62 552.06 33339196
20050615 553.01 553.97 547.27 549.19 33776292
20050616 549.19 553.49 546.79 552.53 28022654
20050617 552.53 574.06 552.53 561.14 74275840
20050620 562.10 568.80 562.10 564.97 28579424
20050621 565.93 567.36 560.19 561.14 25144320
20050622 556.84 561.62 555.88 559.23 28636700
20050623 556.84 563.54 555.40 562.10 32710516
20050624 559.71 564.97 558.27 559.71 30034530
20050627 555.88 561.14 554.93 558.75 40530380
20050628 561.62 569.28 560.19 569.28 45790584
20050629 565.93 566.89 561.62 561.62 39165160
20050630 560.67 562.10 555.88 555.88 57006460
20050701 555.88 568.32 555.40 568.32 34625920
20050704 569.76 591.28 569.76 590.33 46356968
20050705 587.93 596.07 586.50 595.59 63984008
20050706 599.89 609.46 599.89 602.76 66094548
20050707 598.94 600.85 574.54 594.63 99122488
20050708 600.85 614.25 595.59 613.77 50441132
20050711 609.46 611.38 604.20 606.59 54002808
20050712 599.89 604.68 592.72 592.72 92106784
20050713 594.15 600.85 593.67 594.63 47765880
20050714 597.50 600.85 595.11 598.46 69722176
20050715 591.76 594.15 586.50 591.76 142061072
20050718 593.20 598.46 591.76 596.07 102420360
20050719 598.46 604.68 597.02 601.81 127209104
20050720 603.24 608.98 593.20 597.98 116580832
20050721 601.33 601.33 586.02 591.76 91552840
20050722 589.85 599.89 588.89 598.94 55410568
20050725 605.63 615.68 604.20 614.72 75415504
20050726 615.20 615.20 601.33 602.29 83684272
20050727 600.85 605.63 599.42 602.76 90232360
20050728 606.59 608.98 598.46 603.24 112011280
20050729 606.11 610.42 602.29 602.29 67449216
20050801 599.89 605.16 597.98 597.98 63905200
20050802 600.85 607.55 599.42 606.59 67267352
20050803 608.50 617.12 604.20 615.20 78196216
20050804 613.29 615.20 609.46 614.25 63851584
20050805 610.90 616.16 609.94 609.94 42723280
20050808 613.77 621.42 609.94 621.42 50058284
20050809 621.42 635.29 619.99 630.51 78229664
20050810 625.73 630.99 623.33 625.25 57136480
20050811 628.12 633.38 624.77 626.21 49898056
20050812 624.77 625.73 619.51 619.51 44841764
20050815 619.51 622.86 615.20 618.07 42231732
20050816 617.59 617.59 609.94 610.42 51231608
20050817 607.55 614.25 605.16 608.98 85431928
20050818 600.37 604.20 597.02 597.02 65762284
20050819 599.89 607.07 597.02 605.63 46719544
20050822 606.59 608.98 600.85 602.29 41639632
20050823 599.89 599.89 596.07 596.07 60361920
20050824 596.07 598.46 593.20 596.55 50248088
20050825 597.50 600.85 591.28 591.28 56351860
20050826 593.67 597.98 583.63 583.63 46743792
20050829 583.63 583.63 583.63 583.63 0
20050830 588.41 596.55 587.46 595.11 67699640
20050831 597.98 607.55 596.07 604.68 101263128
20050901 606.59 614.25 605.16 609.94 74001584
20050902 610.42 614.25 604.68 607.07 59403068
20050905 605.16 605.16 599.89 602.29 41108680
20050906 601.33 608.50 600.85 606.11 49525028
20050907 606.59 609.46 602.76 607.07 51250732
20050908 603.24 608.03 599.42 600.85 54725240
20050909 600.85 610.90 600.85 610.90 55698620
20050912 613.29 618.55 610.90 611.38 64778140
20050913 610.42 612.33 600.37 605.16 71760496
20050914 602.76 606.11 601.33 604.68 40117428
20050915 609.46 622.38 608.50 618.55 95113160
20050916 617.12 630.03 617.12 625.25 141553760
20050919 622.86 636.73 619.99 636.25 54360680
20050920 637.69 646.30 631.95 632.42 272661504
20050921 630.03 640.56 630.03 634.34 81438376
20050922 635.29 640.08 625.73 639.12 72260304
20050923 635.29 635.29 627.16 633.38 49242096
20050926 627.16 634.34 626.21 634.34 64504196
20050927 641.99 646.30 638.16 640.56 85406736
20050928 645.34 651.08 643.43 649.65 71565984
20050929 653.47 656.34 650.60 653.95 67290032
20050930 655.39 655.86 643.43 644.38 72417288
20051003 644.38 649.65 641.51 644.38 52395316
20051004 634.82 637.21 625.73 627.16 142373904
20051005 619.99 621.42 607.07 607.07 113323096
20051006 597.02 597.98 589.85 593.67 153522992
20051007 588.89 605.16 588.89 595.11 101085976
20051010 598.46 609.94 598.46 603.72 72026920
20051011 603.24 611.38 603.24 609.94 68264248
20051012 612.33 612.81 606.11 606.59 65035256
20051013 607.55 608.50 590.33 595.11 103112896
20051014 593.67 598.46 586.02 586.98 122412024
20051017 596.55 608.03 595.59 602.29 78786952
20051018 605.63 605.63 592.72 593.20 59760416
20051019 581.72 587.93 581.24 581.72 89895392
20051020 588.41 597.02 580.76 583.15 90732480
20051021 575.97 582.19 573.10 580.28 76027568
20051024 578.85 591.28 578.85 589.85 54912536
20051025 581.72 590.33 577.89 582.67 92693760
20051026 594.15 601.33 593.20 599.42 110906736
20051027 595.11 597.50 585.06 586.98 106782544
20051028 582.67 594.63 582.19 590.80 67564808
20051031 597.50 608.03 595.59 597.02 103161912
20051101 599.42 602.29 591.76 601.81 77185952
20051102 598.94 606.11 596.07 600.85 61057072
20051103 606.11 614.25 605.16 612.81 70574840
20051104 618.55 622.86 610.42 610.42 81070584
20051107 607.07 613.29 603.24 608.03 56873616
20051108 608.03 612.33 604.68 612.33 71306048
20051109 609.94 614.72 599.42 599.89 82837888
20051110 600.85 601.81 587.46 587.46 101482512
20051111 592.72 593.20 586.02 591.76 62063064
20051114 594.63 602.29 592.72 600.85 75399616
20051115 600.85 608.50 598.94 606.59 57926640
20051116 600.37 604.20 593.67 603.24 70148616
20051117 604.20 616.16 604.20 609.46 60463408
20051118 609.46 621.42 609.46 616.16 73960192
20051121 619.03 628.60 618.07 625.25 112803536
20051122 628.12 636.73 627.64 634.82 52057196
20051123 634.82 637.21 626.68 629.08 56804948
20051124 630.03 631.47 622.38 628.60 33639684
20051125 630.51 632.90 626.68 632.42 28638268
20051128 634.34 635.29 616.64 616.64 49456256
20051129 611.38 617.12 605.16 613.77 80616664
20051130 609.94 613.77 606.59 606.59 92125400
20051201 609.46 622.38 609.46 621.42 70658872
20051202 624.29 629.55 622.38 628.12 66600000
20051205 630.51 632.90 626.68 630.51 55270932
20051206 630.03 633.38 624.77 631.47 58805744
20051207 632.42 638.16 618.55 618.55 85199480
20051208 616.16 623.81 613.29 622.86 64730792
20051209 618.55 619.51 611.85 612.33 375965664
20051212 609.46 613.29 601.33 603.24 91891376
20051213 605.63 610.42 605.63 606.59 76976176
20051214 603.24 605.63 600.85 602.76 80434384
20051215 604.68 605.63 596.07 597.02 101454816
20051216 598.94 605.16 596.07 597.02 108045232
20051219 589.37 596.55 589.37 594.15 51386816
20051220 591.76 595.59 589.85 593.20 87866064
20051221 592.24 602.76 592.24 597.98 75303360
20051222 597.98 599.42 594.15 595.59 33981880
20051223 597.50 597.98 592.72 594.63 11517412
20051226 594.63 594.63 594.63 594.63 0
20051227 594.63 594.63 594.63 594.63 0
20051228 585.54 594.15 584.11 594.15 44826400
20051229 594.15 599.89 592.72 596.07 24091088
20051230 591.28 595.11 589.37 592.24 25537310
20060102 592.24 592.24 592.24 592.24 0
20060103 597.50 610.42 596.07 609.46 146616624
20060104 607.55 613.29 605.63 606.59 89502088
20060105 608.50 615.20 604.68 607.07 112853288
20060106 605.63 616.64 605.63 614.72 97690896
20060109 616.16 624.29 614.72 615.20 87045384
20060110 615.20 619.99 614.25 615.68 69904352
20060111 612.81 616.64 607.55 612.81 85649952
20060112 617.12 626.21 616.16 624.29 71459376
20060113 617.59 627.16 617.12 626.21 85911984
20060116 626.68 637.69 626.68 637.21 72792832
20060117 635.77 641.99 631.95 633.38 130268680
20060118 632.42 635.77 629.08 630.51 86438544
20060119 633.86 636.25 625.73 634.34 83130544
20060120 638.64 647.73 632.90 632.90 97339928
20060123 631.47 635.77 625.73 631.95 55743144
20060124 633.86 639.12 629.55 632.90 86667752
20060125 632.42 637.21 629.55 631.95 78994320
20060126 623.81 632.90 621.90 626.21 90636320
20060127 631.47 640.08 629.55 636.73 63666480
20060130 639.60 655.39 638.64 652.52 116029080
20060131 653.47 663.04 646.78 650.11 141775952
20060201 647.73 648.21 641.51 646.30 83981320
20060202 639.12 642.47 626.21 626.68 126677736
20060203 626.21 632.42 621.90 630.03 128319928
20060206 630.03 642.47 629.55 636.73 68270624
20060207 623.81 629.08 613.77 619.51 213892544
20060208 609.46 622.86 605.63 613.29 128964496
20060209 616.16 623.81 616.16 619.99 96360688
20060210 616.16 619.99 611.85 612.33 137139936
20060213 617.12 619.51 613.77 618.55 45543396
20060214 619.03 623.33 612.33 615.20 72995280
20060215 614.25 624.77 610.42 618.55 81389264
20060216 618.07 626.68 616.16 625.25 74298416
20060217 627.16 633.86 623.81 627.16 74558136
20060220 631.95 641.99 631.47 639.12 49421556
20060221 642.47 642.47 634.34 634.34 66820952
20060222 639.55 639.55 628.88 631.79 80614072
20060223 631.79 631.79 622.09 625.00 91417056
20060224 627.42 632.76 623.54 628.39 58620384
20060227 627.42 633.73 624.03 625.48 57168852
20060228 622.57 624.51 611.41 611.41 122455544
20060301 614.81 622.09 613.35 618.69 76187256
20060302 622.57 625.97 612.87 616.26 109793824
20060303 619.66 629.36 617.23 618.69 74711712
20060306 621.60 625.00 614.81 618.20 79132456
20060307 612.38 615.78 609.95 614.81 72878008
20060308 616.26 618.69 608.50 615.29 70257672
20060309 620.14 621.60 614.32 617.72 65543780
20060310 614.81 621.60 614.32 620.63 86891416
20060313 623.06 631.79 622.09 630.33 104634472
20060314 633.73 636.64 629.36 631.79 93971232
20060315 636.64 650.71 635.67 645.38 185880608
20060316 646.83 649.26 637.13 639.55 111042160
20060317 646.83 650.23 641.01 641.98 114335536
20060320 640.52 645.38 637.61 638.10 82845736
20060321 633.73 635.19 626.45 634.70 75644952
20060322 630.33 641.98 629.85 637.61 81570808
20060323 638.58 638.58 630.33 636.16 90984800
20060324 640.52 650.71 640.52 648.77 81114960
20060327 648.29 650.23 639.55 639.55 70962376
20060328 643.44 648.29 640.04 643.44 107847384
20060329 642.47 653.63 640.52 648.77 70325584
20060330 650.71 655.57 649.74 650.23 54576764
20060331 648.29 656.54 641.01 641.50 75156440
20060403 644.41 657.51 643.92 654.60 65720600
20060404 648.77 652.17 642.47 644.89 72591240
20060405 652.17 655.08 643.92 655.08 92388936
20060406 657.99 660.90 652.17 652.66 54576868
20060407 652.66 670.61 652.66 661.39 166587088
20060410 660.42 674.01 659.93 673.04 97601752
20060411 679.83 685.65 673.04 674.49 126456616
20060412 672.07 676.43 669.64 670.61 52726360
20060413 668.18 669.64 663.82 667.70 62112120
20060414 667.70 667.70 667.70 667.70 0
20060417 667.70 667.70 667.70 667.70 0
20060418 670.12 683.71 669.15 675.95 85697896
20060419 682.74 685.17 675.95 683.23 75286880
20060420 686.14 693.90 678.37 679.83 104450456
20060421 682.26 690.99 681.29 690.99 88340272
20060424 692.45 701.67 689.53 690.50 76467832
20060425 686.14 690.99 680.80 680.80 94954336
20060426 679.83 684.68 674.49 677.40 72722720
20060427 671.10 674.01 658.48 663.33 118213056
20060428 661.88 665.76 656.54 656.54 71395048
20060501 656.54 656.54 656.54 656.54 0
20060502 658.48 669.15 657.99 667.70 65683712
20060503 670.12 673.04 656.54 657.02 88840008
20060504 660.90 665.76 657.51 660.90 75165704
20060505 657.99 665.27 653.63 664.30 121824520
20060508 665.76 672.07 654.60 655.08 77298336
20060509 658.96 663.82 655.57 662.85 85500568
20060510 667.64 672.07 663.21 663.71 95061440
20060511 670.10 673.05 662.72 662.72 65102648
20060512 659.28 661.25 648.95 648.95 92895376
20060515 646.98 650.30 632.36 635.66 123759864
20060516 637.63 637.63 627.02 631.73 117508424
20060517 632.71 634.68 610.08 610.08 130008448
20060518 610.08 633.10 603.31 608.11 132532640
20060519 607.62 619.92 604.67 613.03 140859184
20060522 611.06 619.46 596.44 599.75 110380264
20060523 606.14 627.30 606.01 624.84 107153432
20060524 615.49 618.44 606.64 610.08 93868040
20060525 609.59 623.85 598.37 623.85 87660104
20060526 628.77 631.73 606.55 631.73 95534912
20060529 631.73 631.73 631.73 631.73 0
20060530 629.27 630.78 612.92 614.51 87642424
20060531 610.08 628.16 606.54 615.00 105516536
20060601 616.97 623.85 611.65 622.87 99944072
20060602 626.81 630.74 605.37 623.36 63673784
20060605 629.27 633.80 623.36 625.82 67729280
20060606 618.93 623.71 615.84 617.95 79815272
20060607 616.97 621.71 612.19 614.01 73727360
20060608 595.32 629.29 591.50 593.35 143977568
20060609 605.16 608.60 599.26 602.21 95112560
20060612 602.70 606.03 595.96 597.78 57791460
20060613 589.42 604.11 578.59 584.49 107830160
20060614 581.54 588.53 571.85 576.62 106122328
20060615 583.02 594.89 578.22 590.40 116756496
20060616 600.24 603.11 586.96 589.42 129087408
20060619 591.38 595.99 585.68 585.97 72297376
20060620 581.54 593.35 574.66 592.86 126670944
20060621 588.92 594.97 577.05 593.84 72419024
20060622 599.26 604.59 587.74 595.32 91795680
20060623 596.79 610.57 596.30 607.13 71230808
20060626 608.11 608.60 598.76 599.75 110182704
20060627 608.11 608.95 601.37 603.19 69998392
20060628 603.68 614.01 601.97 608.60 56913816
20060629 611.55 618.93 609.09 616.97 59126216
20060630 620.90 626.81 617.95 620.41 75045560
20060703 619.43 630.74 617.46 627.79 47199572
20060704 626.81 626.81 617.95 622.87 44119992
20060705 620.90 623.36 616.97 620.90 37564800
20060706 624.84 631.73 624.35 627.79 53534236
20060707 627.79 638.61 625.82 637.14 76564560
20060710 633.20 635.66 626.81 634.68 37528924
20060711 632.71 637.63 629.76 631.73 39644272
20060712 629.76 631.73 627.30 629.76 75214856
20060713 630.74 633.20 624.35 630.74 59807416
20060714 633.69 638.61 629.27 632.71 65188828
20060717 636.15 638.61 627.79 629.76 78270256
20060718 625.33 627.30 619.43 624.35 62830896
20060719 624.84 624.84 615.98 620.90 85029000
20060720 620.41 622.87 613.03 615.00 55372652
20060721 609.09 612.54 606.64 609.59 63411080
20060724 604.67 623.85 604.17 623.36 70025520
20060725 621.89 624.84 617.46 619.92 71865160
20060726 618.93 624.84 618.93 624.35 83299120
20060727 629.27 641.07 627.30 638.12 80226864
20060728 632.22 642.55 632.22 640.58 48542256
20060731 639.11 641.57 633.69 634.68 49534840
20060801 638.12 641.07 628.77 631.73 63975920
20060802 634.68 640.58 634.19 640.58 52806288
20060803 640.58 640.58 640.58 640.58 0
20060804 628.28 628.77 620.41 625.82 58778044
20060807 615.00 616.97 609.59 612.54 96060528
20060808 610.08 613.03 598.27 604.17 193267488
20060809 612.50 621.00 607.50 619.50 100379504
20060810 615.00 617.00 608.50 615.00 92289400
20060811 617.00 621.50 607.00 611.00 54489700
20060814 613.00 621.00 611.00 616.00 50235500
20060815 614.50 618.50 611.00 614.50 55341100
20060816 616.00 616.50 604.50 608.00 106023504
20060817 603.50 609.50 600.00 609.00 99361400
20060818 609.00 619.00 609.00 614.00 129372096
20060821 617.00 624.00 615.50 619.00 81518600
20060822 620.00 622.00 614.00 616.00 61675900
20060823 617.50 619.50 609.00 610.00 50542600
20060824 609.00 609.00 602.00 607.50 46853400
20060825 607.50 610.00 602.50 605.50 45136500
20060828 605.50 605.50 605.50 605.50 0
20060829 601.00 606.00 593.00 593.00 104885000
20060830 592.00 598.50 589.00 592.00 127064000
20060831 593.50 601.00 590.00 597.00 164339104
20060901 598.00 600.00 593.00 596.00 62654400
20060904 596.00 597.00 587.50 594.50 61417700
20060905 595.50 603.00 592.50 601.50 101858000
20060906 603.00 605.50 594.50 595.50 67613696
20060907 592.50 593.00 583.50 584.00 98112704
20060908 585.00 594.00 584.50 591.00 79817904
20060911 587.00 589.00 580.00 583.00 96684800
20060912 581.50 587.50 577.50 582.00 109964400
20060913 583.50 591.00 581.50 589.00 102034704
20060914 594.50 599.00 584.00 584.50 112814800
20060915 580.00 583.00 573.00 573.00 145678800
20060918 575.50 582.50 573.00 579.00 114874304
20060919 582.50 591.50 579.00 580.50 119755104
20060920 577.00 587.00 577.00 579.50 230419696
20060921 575.00 579.00 572.00 579.00 114675200
20060922 581.00 583.50 574.00 574.00 95724096
20060925 573.50 573.50 560.00 563.50 165573600
20060926 569.00 572.00 562.00 571.00 112358200
20060927 574.50 583.50 573.00 579.00 104392496
20060928 584.00 590.50 584.00 587.00 83962896
20060929 587.50 588.50 579.50 582.00 65403500
20061002 586.00 587.00 582.00 582.50 83962200
20061003 579.50 579.50 566.00 568.50 144558896
20061004 560.00 574.50 558.50 570.00 144750208
20061005 577.50 580.00 573.00 575.00 140445792
20061006 576.00 577.50 570.00 572.50 93472800
20061009 574.50 582.00 574.50 578.50 58482000
20061010 576.00 582.00 573.00 578.00 112231000
20061011 579.50 581.50 574.00 576.50 106417200
20061012 575.00 582.50 572.00 581.00 79893504
20061013 583.00 595.50 583.00 592.00 128548200
20061016 594.50 603.00 594.50 600.00 98615000
20061017 603.00 612.00 602.00 602.00 126847000
20061018 604.00 609.00 596.50 601.00 107704896
20061019 594.00 604.50 593.50 600.50 81191696
20061020 606.50 610.00 601.00 602.00 96892200
20061023 603.00 603.00 593.00 601.50 118149200
20061024 600.00 611.00 600.00 608.00 114646600
20061025 607.00 614.00 605.50 612.50 101205104
20061026 616.50 619.00 604.50 606.50 107600096
20061027 602.50 606.00 598.50 602.00 94266200
20061030 599.00 599.00 591.50 591.50 86182496
20061031 589.00 593.00 582.50 583.00 121823696
20061101 585.50 592.50 583.50 586.50 87669600
20061102 587.50 591.50 583.50 586.50 80569104
20061103 587.50 592.50 584.00 590.00 88132800
20061106 590.50 599.50 590.00 597.00 82021600
20061107 600.00 604.00 597.00 598.50 77367000
20061108 593.50 602.50 591.50 599.50 92214304
20061109 603.50 606.00 597.00 601.50 98586096
20061110 600.50 606.50 595.00 598.00 101930096
20061113 596.50 598.50 586.00 590.00 131012400
20061114 591.00 595.00 585.50 593.00 96769600
20061115 596.50 598.00 591.00 596.50 87877296
20061116 596.00 603.50 593.00 598.00 73004800
20061117 589.50 591.50 580.50 582.00 143955600
20061120 580.00 586.00 575.00 584.00 98922200
20061121 582.50 590.00 582.50 585.00 79629696
20061122 587.50 592.00 577.00 578.00 120525696
20061123 581.50 581.50 570.50 573.00 85963200
20061124 573.00 577.00 566.00 574.50 109307000
20061127 576.50 579.50 570.50 571.00 92875200
20061128 571.50 576.00 569.00 574.00 69469504
20061129 578.00 579.50 570.50 578.50 95992800
20061130 583.00 584.50 573.50 574.00 102215600
20061201 577.50 578.00 564.50 567.50 91024496
20061204 572.00 573.00 566.50 567.50 73950400
20061205 571.00 580.00 569.50 578.00 106390096
20061206 578.50 582.00 575.00 579.50 103585000
20061207 577.50 579.50 574.50 578.00 87358200
20061208 580.00 584.00 576.50 582.50 71803504
20061211 583.50 586.00 577.50 584.50 90645000
20061212 582.00 582.50 575.50 580.50 96435000
20061213 577.00 581.50 575.50 579.50 74947600
20061214 580.50 583.00 570.50 577.00 101461600
20061215 577.00 584.50 574.00 580.00 126454496
20061218 579.50 587.50 573.00 575.50 83754800
20061219 572.00 576.50 570.00 573.00 93332000
20061220 577.00 579.00 568.00 569.50 50744900
20061221 567.50 568.50 563.00 567.00 82408800
20061222 565.00 571.50 563.00 571.50 26742900
20061225 571.50 571.50 571.50 571.50 0
20061226 571.50 571.50 571.50 571.50 0
20061227 570.50 576.50 568.00 574.50 30430100
20061228 575.00 575.00 568.00 571.50 21434300
20061229 570.00 572.00 564.00 567.50 48438300
20070101 567.50 567.50 567.50 567.50 0
20070102 570.00 573.50 569.50 572.00 46251400
20070103 573.50 574.50 568.50 569.50 79551504
20070104 564.50 567.50 558.50 562.50 128645600
20070105 559.00 563.00 555.00 557.00 100401000
20070108 560.00 563.50 552.50 552.50 73765904
20070109 545.00 547.00 531.50 535.50 259059808
20070110 534.00 535.00 528.00 529.50 136224608
20070111 529.00 538.50 527.50 537.00 119379200
20070112 531.00 548.00 529.50 546.50 222011200
20070115 550.50 554.00 546.00 549.00 105825000
20070116 553.00 553.00 538.50 541.00 128774800
20070117 540.00 541.00 530.00 536.50 144087200
20070118 539.50 546.00 535.00 536.50 129811904
20070119 537.00 546.00 533.50 543.50 84500000
20070122 546.00 550.00 540.50 541.00 68641800
20070123 540.50 546.50 539.50 545.00 59735000
20070124 550.50 554.50 547.50 548.50 101846704
20070125 551.00 552.50 541.50 542.50 76221400
20070126 538.50 545.00 537.00 540.00 60804800
20070129 541.00 544.50 536.50 538.50 54643300
20070130 536.00 539.50 534.50 537.00 58912800
20070131 541.50 542.50 533.50 534.50 96470496
20070201 541.00 541.50 537.00 538.00 119344800
20070202 541.00 541.50 533.50 535.00 87774704
20070205 540.50 544.00 538.50 541.50 85183400
20070206 536.00 538.00 529.50 535.00 194998400
20070207 534.00 541.50 534.00 538.50 132869296
20070208 539.00 539.50 531.00 535.00 87755296
20070209 540.00 543.00 536.50 538.00 105213400
20070212 537.50 537.50 531.50 532.00 66037100
20070213 533.00 534.50 528.50 534.50 96957400
20070214 537.00 537.50 532.50 534.00 75797904
20070215 534.00 537.50 532.00 537.00 76006496
20070216 537.00 540.50 533.00 535.00 78520800
20070219 536.50 537.50 531.00 534.50 36952000
20070220 533.50 534.00 527.50 531.00 84568496
20070221 528.00 529.50 520.00 521.50 82683200
20070222 523.50 526.50 520.50 521.00 110108304
20070223 525.50 538.00 524.50 535.00 165196192
20070226 537.00 547.50 537.00 545.00 141824096
20070227 542.00 544.50 532.50 535.00 111079296
20070228 529.00 532.50 522.00 522.00 140409504
20070301 523.50 531.00 511.00 517.50 168168000
20070302 520.00 522.50 515.50 516.50 113131200
20070305 510.50 515.00 504.50 511.00 111556304
20070306 514.00 515.50 509.00 512.00 110259296
20070307 512.00 521.00 510.00 517.00 107811296
20070308 524.50 527.00 521.50 525.00 101781400
20070309 525.00 526.50 519.50 525.00 93579400
20070312 527.50 527.50 521.50 526.00 76960400
20070313 526.50 527.00 519.50 521.50 80289200
20070314 517.00 518.50 507.50 507.50 87081400
20070315 514.00 516.50 509.00 516.50 78218096
20070316 515.00 515.50 509.00 511.50 108796600
20070319 514.00 517.00 509.50 515.50 60734100
20070320 514.00 514.50 508.00 511.50 67587296
20070321 512.50 519.00 511.50 516.50 98963800
20070322 522.00 531.50 518.00 528.50 141823200
20070323 528.00 544.50 528.00 541.50 166599808
20070326 543.50 549.50 540.50 542.50 126836704
20070327 545.00 549.50 542.00 543.50 116200800
20070328 545.00 556.00 544.50 552.00 147618208
20070329 552.50 560.00 552.00 558.00 108395296
20070330 559.50 562.50 550.00 552.00 85965696
20070402 551.50 555.00 546.00 547.50 65741800
20070403 551.50 553.00 546.50 549.00 74160304
20070404 550.50 550.50 542.50 548.00 74792800
20070405 551.50 555.50 550.50 554.50 60572100
20070406 554.50 554.50 554.50 554.50 0
20070409 554.50 554.50 554.50 554.50 0
20070410 552.00 556.50 550.00 554.50 71157000
20070411 556.00 563.00 555.50 559.50 95274304
20070412 558.00 563.00 557.00 563.00 76924800
20070413 568.00 578.00 567.50 576.00 153716304
20070416 577.00 578.50 572.00 576.50 93109000
20070417 576.50 581.00 573.50 577.50 92143296
20070418 574.00 577.00 572.00 574.00 96948600
20070419 567.50 572.00 564.00 571.50 85713696
20070420 574.00 574.00 567.50 570.00 110657504
20070423 571.00 581.50 569.00 577.50 89967400
20070424 576.50 587.00 566.00 568.50 128610304
20070425 566.50 575.50 564.00 571.50 89474096
20070426 576.00 576.50 567.50 571.00 84127504
20070427 567.00 568.50 560.50 561.50 79191800
20070430 562.50 570.50 562.00 565.50 53807100
20070501 566.00 566.50 560.00 563.00 45626000
20070502 565.00 568.50 555.50 566.00 91236600
20070503 569.00 577.50 569.00 575.50 100101000
20070504 575.00 581.50 570.50 577.00 45521500
20070507 577.00 577.00 577.00 577.00 0
20070508 574.00 574.50 566.50 570.50 44488000
20070509 570.00 570.50 559.50 562.00 53445900
20070510 563.50 564.00 557.50 557.50 81413200
20070511 556.00 562.00 549.00 560.00 112886400
20070514 563.00 563.50 557.00 562.50 63010400
20070515 560.00 563.50 557.00 558.50 99976200
20070516 556.50 561.50 555.50 557.00 65368500
20070517 559.00 573.50 558.50 570.50 122070000
20070518 569.00 587.50 569.00 582.00 142494592
20070521 584.50 594.00 578.00 590.00 142678704
20070522 589.00 591.50 578.00 581.50 181900992
20070523 577.00 581.50 574.50 575.50 92332600
20070524 573.00 575.50 568.00 569.00 100434704
20070525 564.50 569.00 563.50 567.50 61339800
20070528 567.50 567.50 567.50 567.50 0
20070529 565.50 572.00 564.50 568.00 51480500
20070530 563.00 566.50 559.50 566.50 46893200
20070531 569.50 570.50 562.50 564.50 64443400
20070601 564.50 564.50 564.50 564.50 0
20070604 567.00 572.50 565.50 570.50 66065000
20070605 572.00 573.00 563.50 566.50 92290600
20070606 565.50 568.00 556.00 559.00 100437904
20070607 561.00 565.00 557.00 562.00 101495800
20070608 559.00 570.00 558.50 563.00 202410208
20070611 565.00 569.00 562.00 569.00 67925800
20070612 569.00 577.00 567.00 568.50 103011800
20070613 566.00 576.50 566.00 574.00 82043904
20070614 578.50 584.50 577.00 582.50 92254800
20070615 582.50 591.00 582.00 589.00 137075008
20070618 587.00 589.00 583.00 583.50 76654600
20070619 585.00 592.00 583.50 583.50 113560400
20070620 585.00 589.00 580.50 581.50 141674000
20070621 577.50 582.50 577.00 579.50 75887504
20070622 579.50 588.50 576.00 583.50 108000304
20070625 580.50 590.50 580.00 589.00 131996400
20070626 585.50 597.50 585.50 589.50 136455904
20070627 587.50 592.50 585.50 587.50 79752400
20070628 592.50 600.00 591.00 599.00 126743800
20070629 601.00 606.50 597.50 603.00 116975296
20070702 600.00 608.00 600.00 604.00 98105000
20070703 607.00 613.50 604.50 605.50 105721696
20070704 607.50 610.00 606.50 609.50 67217104
20070705 610.00 614.00 601.50 604.00 112051800
20070706 607.50 612.50 606.00 610.50 103713904
20070709 609.50 613.00 609.00 612.00 66417900
20070710 613.50 617.00 609.00 611.50 115103400
20070711 605.50 608.50 602.50 605.00 99757504
20070712 606.00 612.50 601.00 611.00 101759504
20070713 614.50 616.50 609.50 613.00 75949200
20070716 614.50 615.50 606.00 608.00 80628600
20070717 605.50 608.00 601.50 606.00 84035104
20070718 601.50 604.00 598.00 600.00 91199104
20070719 604.00 606.00 602.00 605.00 95614600
20070720 605.00 609.00 598.50 599.50 87833400
20070723 598.50 604.50 597.00 601.50 72242800
20070724 603.00 606.00 589.00 590.00 149263392
20070725 586.50 592.50 581.50 584.50 101708304
20070726 587.00 598.50 575.50 575.50 149468704
20070727 568.00 583.00 568.00 572.50 133807800
20070730 573.50 576.00 567.00 569.50 87656096
20070731 573.00 579.50 565.50 577.50 122236096
20070801 568.00 577.00 564.50 573.50 89459600
20070802 573.00 573.50 559.00 563.00 95502600
20070803 565.00 565.00 551.50 554.50 92813400
20070806 545.50 553.50 544.00 547.50 104881696
20070807 550.00 554.00 545.50 554.00 82992496
20070808 557.00 561.50 548.00 558.00 126023104
20070809 556.00 558.00 540.00 546.00 149691600
20070810 537.00 545.00 530.50 530.50 89502096
20070813 538.00 549.00 533.50 544.50 75672400
20070814 542.50 549.00 538.00 540.00 63388200
20070815 535.50 544.00 533.00 542.00 70989200
20070816 531.00 533.00 520.00 520.00 102235200
20070817 524.50 543.50 516.00 541.00 135788000
20070820 541.00 550.00 538.00 538.50 89571696
20070821 541.00 544.50 535.00 538.50 63390100
20070822 540.00 546.00 538.50 544.50 57944900
20070823 547.50 552.00 546.50 546.50 65741500
20070824 546.00 557.50 545.50 552.50 66915300
20070827 552.50 552.50 552.50 552.50 0
20070828 554.50 554.50 538.50 542.00 63817000
20070829 539.50 544.00 537.50 542.50 59327900
20070830 546.00 554.00 544.00 551.00 64052300
20070831 555.00 561.00 554.00 557.50 68977104
20070903 558.00 559.50 548.00 550.50 50812700
20070904 550.00 562.50 548.00 561.00 64898500
20070905 564.00 569.00 556.00 559.00 65584500
20070906 562.50 566.00 557.50 565.00 61784200
20070907 563.50 570.50 557.00 560.00 72271000
20070910 559.50 566.00 556.00 558.00 58827700
20070911 563.50 564.00 559.00 563.50 52310900
20070912 565.50 570.00 561.00 566.75 35502300
20070913 569.00 575.50 568.00 572.00 69487600
20070914 570.00 574.50 563.50 571.00 61041700
20070917 570.50 572.50 565.50 568.50 57260200
20070918 569.50 574.50 564.50 571.50 83590800
20070919 578.00 595.00 577.00 588.50 114989600
20070920 588.50 592.00 586.50 590.50 70701000
20070921 591.00 600.00 589.50 592.00 138708304
20070924 592.50 593.50 585.00 589.50 42664900
20070925 575.00 579.00 568.00 572.50 186245792
20070926 574.00 575.00 565.00 567.00 111755800
20070927 567.00 570.00 561.50 566.00 83299000
20070928 567.50 571.50 561.00 567.50 110207400
20071001 564.00 568.00 562.00 565.50 78422000
20071002 566.50 568.50 556.00 559.50 101932304
20071003 560.50 561.00 548.00 557.00 106452600
20071004 557.50 568.50 556.00 562.00 131929504
20071005 565.50 575.50 565.00 572.50 100518200
20071008 571.00 573.00 568.00 569.50 47901200
20071009 569.00 582.00 568.00 580.50 122614600
20071010 580.50 584.00 577.00 580.00 97155000
20071011 583.00 595.00 581.50 593.50 113290200
20071012 592.00 619.00 590.00 619.00 221946304
20071015 617.50 639.50 616.50 622.50 165033792
20071016 620.00 631.00 619.00 627.00 97281400
20071017 625.00 626.50 616.00 619.50 100728600
20071018 620.50 621.50 612.00 616.00 71415296
20071019 618.50 627.00 611.00 611.00 74610400
20071022 605.00 609.50 601.50 605.00 72073696
20071023 613.00 618.50 601.50 612.00 89102704
20071024 610.50 620.50 607.00 611.50 88218600
20071025 616.00 619.50 611.00 612.50 84997104
20071026 615.00 631.50 615.00 629.00 78041104
20071029 634.50 638.00 630.50 634.00 60143800
20071030 634.00 635.00 621.50 622.50 60331200
20071031 616.50 626.00 615.00 625.00 78821904
20071101 627.00 635.50 616.00 618.50 64390000
20071102 613.50 627.50 613.50 627.00 83428704
20071105 625.00 637.50 624.50 632.00 71108096
20071106 633.00 640.00 630.00 633.50 44032000
20071107 632.50 637.50 624.00 624.00 39612000
20071108 616.50 621.00 609.00 609.00 88753400
20071109 609.00 613.50 593.50 598.50 64965800
20071112 596.00 597.00 582.50 586.50 55356000
20071113 584.50 586.50 579.50 583.00 47049300
20071114 590.50 607.00 588.00 599.50 71698096
20071115 596.00 598.00 584.00 586.00 44470700
20071116 583.00 593.00 582.00 587.00 39270900
20071119 585.50 593.50 572.50 572.50 45982200
20071120 574.00 580.50 566.50 580.00 63350900
20071121 579.00 588.50 575.00 577.50 52136100
20071122 578.00 579.50 570.00 576.00 25639800
20071123 574.00 577.50 568.50 577.50 32071200
20071126 577.00 587.00 573.50 573.50 37714700
20071127 570.50 581.00 564.00 569.00 57655300
20071128 573.00 580.00 565.50 577.50 53788700
20071129 583.00 590.50 576.00 587.50 49627600
20071130 584.50 594.00 584.50 590.00 56410400
20071203 590.50 598.50 586.00 588.50 42954000
20071204 587.50 592.00 585.00 587.50 32092400
20071205 589.50 609.00 587.50 608.50 57519800
20071206 609.00 616.00 602.50 610.00 40787700
20071207 615.00 621.00 610.50 619.50 62430100
20071210 618.00 620.00 611.00 616.00 40534100
20071211 616.00 621.00 611.50 616.50 36482100
20071212 610.00 624.00 609.00 623.00 61364100
20071213 618.50 622.50 608.00 608.00 46669400
20071214 610.00 619.50 610.00 617.50 36630600
20071217 613.50 617.00 607.00 608.00 38693700
20071218 606.00 613.50 604.50 606.50 38765100
20071219 605.00 610.00 600.50 604.00 55839400
20071220 603.50 612.00 603.50 611.50 60820700
20071221 616.00 621.50 613.00 616.00 75265904
20071224 614.00 619.00 609.50 617.00 6592500
20071225 617.00 617.00 617.00 617.00 0
20071226 617.00 617.00 617.00 617.00 0
20071227 618.00 624.00 612.50 621.50 18149700
20071228 619.00 622.50 614.00 619.00 15107100
20071231 615.50 617.50 610.50 615.00 9068800
20080101 615.00 615.00 615.00 615.00 0
20080102 611.50 623.50 611.50 616.50 27673500
20080103 620.50 636.00 617.00 635.50 54215400
20080104 634.50 648.00 624.00 627.50 62020900
20080107 628.50 641.50 628.00 637.00 62906400
20080108 634.50 645.50 633.00 633.50 49286100
20080109 622.00 624.50 601.50 610.50 142726592
20080110 610.50 613.50 598.00 605.00 59404600
20080111 605.00 610.50 597.50 600.50 50582400
20080114 600.00 606.50 596.50 597.00 33102400
20080115 590.00 591.00 573.00 573.00 78197104
20080116 574.00 576.00 557.00 564.00 75592896
20080117 563.00 566.00 551.50 553.50 76311904
20080118 552.00 564.00 548.50 554.00 70731800
20080121 547.50 549.50 518.50 519.00 94857400
20080122 506.00 529.00 498.50 526.50 132290496
20080123 534.00 534.00 498.00 503.50 105950896
20080124 517.00 538.50 513.00 531.00 99574400
20080125 543.00 548.00 536.00 538.00 58987700
20080128 535.00 537.50 517.50 531.00 46207300
20080129 535.00 538.00 525.00 532.50 46354900
20080130 531.00 534.50 521.50 524.50 35367800
20080131 523.00 537.00 516.50 532.00 82919200
20080201 533.50 543.50 529.50 542.00 82741696
20080204 542.00 545.50 539.00 542.00 39583800
20080205 542.50 561.00 539.00 543.00 99863800
20080206 543.00 552.00 540.50 544.50 64261100
20080207 542.00 552.50 535.00 536.00 60248300
20080208 541.00 549.00 536.00 547.00 41996100
20080211 545.50 555.00 544.00 547.50 42908900
20080212 554.00 563.00 548.00 563.00 55640600
20080213 558.00 563.00 551.50 561.00 40458300
20080214 563.50 568.50 561.00 564.00 33622600
20080215 564.50 566.50 550.50 553.50 46965600
20080218 557.50 568.50 556.00 568.50 25266400
20080219 566.00 576.50 562.00 572.00 34631200
20080220 564.00 570.00 556.50 557.50 37932300
20080221 561.00 561.50 549.50 551.00 44626500
20080222 547.00 557.50 543.00 548.00 43247200
20080225 555.50 564.50 554.00 562.50 40130000
20080226 564.50 569.00 556.50 566.50 37750600
20080227 570.00 573.00 554.50 561.50 94918496
20080228 559.00 564.00 546.00 548.00 94853104
20080229 549.50 557.00 542.50 546.00 69330496
20080303 543.50 545.50 533.00 540.50 87030200
20080304 539.50 542.50 528.50 536.00 44979200
20080305 538.00 548.50 534.00 547.00 82077400
20080306 550.50 551.00 533.50 534.50 90815104
20080307 529.00 535.00 526.00 528.50 43080200
20080310 529.50 541.50 526.00 534.00 64336500
20080311 536.00 550.50 534.50 538.50 65881100
20080312 543.50 549.00 541.00 545.50 51065800
20080313 537.00 540.50 531.00 534.00 61101300
20080314 535.50 540.50 526.50 529.50 52985100
20080317 522.00 529.00 510.00 510.00 83145296
20080318 516.00 521.50 515.50 519.00 52475800
20080319 523.50 526.00 510.50 511.50 67983600
20080320 507.00 509.00 495.00 496.00 131580000
20080321 496.00 496.00 496.00 496.00 0
20080324 496.00 496.00 496.00 496.00 0
20080325 510.00 516.00 506.50 515.00 60772500
20080326 513.00 518.50 503.50 515.50 56151900
20080327 513.50 522.50 507.50 512.00 59923600
20080328 507.00 513.00 500.50 503.00 54523900
20080331 498.75 513.50 495.00 512.00 53433400
20080401 507.00 515.00 501.50 512.00 53532500
20080402 514.50 521.00 505.50 520.50 44166900
20080403 525.00 528.50 521.50 522.50 47122500
20080404 524.50 528.00 520.50 528.00 29819500
20080407 530.00 536.50 525.50 535.50 31962400
20080408 531.50 541.50 531.50 537.00 30128300
20080409 538.50 549.50 533.50 545.50 54242800
20080410 548.00 554.50 543.00 550.00 55847400
20080411 555.50 561.00 544.00 547.00 60857800
20080414 544.50 553.50 543.00 549.00 35757200
20080415 560.00 560.00 549.00 552.50 54636800
20080416 554.50 565.50 550.50 564.00 42594900
20080417 565.00 566.00 555.00 562.00 33770600
20080418 564.50 572.50 564.00 568.00 54482300
20080421 568.00 580.00 568.00 573.50 41353100
20080422 573.50 584.00 572.50 576.00 38034100
20080423 578.50 585.00 574.00 583.50 41597200
20080424 583.00 589.00 567.50 575.00 59955600
20080425 577.50 582.00 573.50 580.00 38018400
20080428 582.50 589.00 578.50 578.50 25989400
20080429 596.00 614.00 594.50 613.00 111983104
20080430 617.00 622.00 608.00 611.00 68174600
20080501 610.00 617.00 604.50 605.00 31733300
20080502 608.50 613.00 603.50 611.50 41720300
20080506 612.00 618.00 604.00 610.00 42073000
20080507 615.50 622.50 610.50 618.00 42010600
20080508 616.00 619.00 614.00 617.50 34180200
20080509 619.00 621.00 611.50 613.00 44768500
20080512 615.00 623.50 614.50 619.50 30204000
20080513 622.00 624.00 607.50 618.50 49030100
20080514 615.00 624.50 614.00 621.50 48218000
20080515 623.50 628.00 617.50 625.50 42843700
20080516 628.00 640.00 626.00 635.00 57437300
20080519 635.25 644.50 634.50 643.00 40211300
20080520 640.50 645.50 628.00 628.00 61530900
20080521 634.25 652.00 634.25 649.75 81343400
20080522 647.75 657.25 644.00 646.50 72317504
20080523 643.25 649.25 630.00 630.00 53149200
20080527 634.00 638.00 616.50 616.50 53792000
20080528 616.50 619.25 601.75 605.50 91293104
20080529 611.00 619.50 608.75 612.50 54692800
20080530 606.75 613.50 598.25 608.00 70531800
20080602 607.50 607.75 596.50 604.25 49477100
20080603 603.00 606.50 598.00 604.50 41940000
20080604 597.00 598.00 580.25 581.00 103408000
20080605 578.50 586.50 575.50 583.00 59633400
20080606 590.25 597.50 578.75 580.75 75965800
20080610 593.25 597.75 583.00 583.00 65942600
20080611 587.00 603.50 584.50 591.75 79032600
20080612 596.50 602.50 590.00 594.25 63078400
20080613 595.00 595.50 581.25 585.25 53745500
20080616 581.50 590.25 579.50 587.25 52543800
20080617 583.00 598.00 583.00 592.25 40636300
20080618 587.75 589.75 578.25 579.75 54834700
20080619 581.00 591.25 570.25 570.25 66694600
20080620 570.75 578.25 563.25 564.50 66690200
20080623 567.00 576.75 565.00 574.75 47115900
20080624 575.00 581.75 568.00 571.25 46425400
20080625 576.00 585.50 572.00 573.75 49585900
20080626 577.50 582.50 570.00 570.00 59136300
20080627 570.25 583.75 562.00 565.25 64649400
20080630 567.50 586.50 566.50 583.25 59067400
20080701 579.00 583.00 569.50 569.50 77665800
20080702 568.00 571.00 558.50 558.50 69880704
20080703 553.75 562.50 550.00 557.00 65265000
20080704 555.50 563.00 551.00 551.50 33451900
20080707 559.75 573.50 555.00 572.00 47166500
20080708 560.00 562.75 549.25 552.50 56267400
20080709 555.25 558.75 545.00 552.00 48421800
20080710 544.75 548.25 538.75 540.25 49569900
20080711 548.00 554.75 538.25 538.75 55558400
20080714 541.50 547.00 534.00 539.00 42063500
20080715 535.00 541.00 522.00 524.25 59182100
20080716 524.25 529.00 507.00 509.50 102540000
20080717 510.00 522.50 503.25 519.75 77147000
20080718 513.00 523.50 509.25 521.00 68663000
20080721 517.00 531.75 512.75 521.50 51989300
20080722 524.00 538.50 520.00 527.50 59707500
20080723 533.00 533.00 519.50 521.75 57468800
20080724 518.75 523.00 508.50 512.50 67293000
20080725 516.00 525.00 512.50 517.50 68064896
20080728 516.00 525.00 513.25 519.50 50101900
20080729 529.00 538.00 504.75 506.75 55831700
20080730 509.50 517.25 507.00 511.00 35977800
20080731 521.00 527.00 514.50 521.50 72113904
20080801 518.50 525.00 511.75 521.25 52714400
20080804 519.50 534.50 516.00 518.00 43588000
20080805 514.00 514.00 502.50 512.00 59618000
20080806 511.50 524.50 507.50 521.00 49382300
20080807 525.00 536.50 524.75 532.00 59011600
20080808 528.50 531.50 515.75 519.50 27510500
20080811 521.00 529.25 516.50 525.00 32915800
20080812 523.75 537.75 523.00 535.00 46550800
20080813 529.75 532.25 521.00 524.50 53503100
20080814 532.00 537.00 522.75 527.00 52306200
20080815 524.25 529.50 514.50 515.50 53491900
20080818 513.25 523.50 511.25 514.50 36295800
20080819 510.50 518.50 506.50 507.00 57493400
20080820 511.50 517.00 510.50 510.75 44738800
20080821 511.00 518.75 507.25 517.00 45501300
20080822 519.50 521.50 511.00 519.25 43751800
20080826 509.50 519.50 504.75 516.25 49915000
20080827 518.50 528.50 516.00 525.75 48290600
20080828 526.00 530.00 520.50 522.25 47353900
20080829 521.75 530.75 520.75 528.75 48973700
20080901 523.75 533.00 518.25 521.00 29945000
20080902 515.25 516.75 507.25 511.50 71618000
20080903 508.25 519.75 506.00 506.00 78340496
20080904 518.50 530.75 505.50 505.50 83090400
20080905 508.00 512.50 498.50 499.25 93955800
20080908 512.50 517.00 510.00 517.00 36803400
20080909 520.00 524.00 504.00 507.25 98488704
20080910 504.00 511.00 500.50 502.00 70962800
20080911 507.25 511.25 497.50 502.00 55752000
20080912 506.50 511.25 502.00 510.00 49478500
20080915 498.25 503.75 484.00 491.50 95282200
20080916 488.00 488.00 471.00 476.00 79951504
20080917 481.75 485.25 471.75 472.25 77256400
20080918 474.00 482.50 464.00 464.50 106286600
20080919 470.00 514.50 468.50 490.25 165076000
20080922 495.00 506.50 489.00 500.25 63993200
20080923 498.00 501.00 488.25 491.50 67738800
20080924 494.50 495.00 481.75 487.00 44797600
20080925 484.75 499.25 481.75 498.00 51001000
20080926 494.75 495.00 484.50 488.50 40106000
20080929 487.00 489.75 467.00 467.00 31625100
20080930 455.50 471.25 446.00 464.00 91490704
20081001 471.75 473.25 457.50 464.00 74862600
20081002 470.50 474.75 449.50 450.00 51475700
20081003 448.25 471.50 441.50 467.75 53434400
20081006 441.75 452.00 422.50 429.75 52213200
20081007 439.75 453.75 427.00 447.25 60972400
20081008 428.00 455.00 400.75 417.00 94728304
20081009 428.00 436.00 405.50 409.50 74769200
20081010 379.50 399.75 370.00 376.25 105288304
20081013 401.75 418.75 392.25 418.25 119242496
20081014 449.00 462.25 432.00 446.75 92298800
20081015 446.50 450.00 410.00 414.25 114933696
20081016 401.00 423.00 389.50 397.50 85633600
20081017 424.00 433.50 405.25 431.75 139656496
20081020 444.75 476.75 442.00 476.75 124449400
20081021 489.75 491.75 463.25 468.50 69813696
20081022 466.50 468.50 439.25 442.75 78581904
20081023 452.00 469.00 430.00 465.00 91029200
20081024 450.00 450.00 411.75 440.00 112628304
20081027 429.00 447.50 411.50 438.00 83303504
20081028 472.00 476.50 444.50 461.50 102872496
20081029 485.00 510.00 474.50 505.75 115553600
20081030 517.00 518.75 482.00 494.50 94991800
20081031 500.00 509.50 482.50 507.25 87926704
20081103 513.00 515.00 498.00 508.25 52607500
20081104 513.00 533.50 504.00 533.25 67811104
20081105 530.00 530.50 512.00 523.00 52225000
20081106 505.00 517.00 491.00 493.00 78510496
20081107 504.00 524.00 501.25 515.00 84906400
20081110 534.50 538.00 517.00 519.75 56537700
20081111 511.00 516.00 497.75 499.25 62967800
20081112 504.75 506.50 474.25 476.25 77094400
20081113 468.00 475.50 450.25 471.00 93961904
20081114 496.00 509.00 484.25 488.00 73295104
20081117 491.00 498.75 481.00 487.75 58417200
20081118 490.50 510.25 481.00 507.50 62113500
20081119 508.00 514.00 485.25 488.00 72723904
20081120 484.00 493.75 458.00 464.00 83502400
20081121 463.00 484.00 452.00 462.25 74025296
20081124 480.00 513.00 467.00 513.00 93139200
20081125 511.00 540.00 504.50 520.50 112468400
20081126 510.00 521.50 493.50 512.75 64340700
20081127 523.00 533.50 519.50 530.25 41924500
20081128 532.50 534.50 518.00 526.75 65749000
20081201 524.50 528.00 495.50 496.00 56994300
20081202 486.00 514.75 485.25 508.75 66871900
20081203 507.50 512.50 490.00 506.00 55841700
20081204 507.75 517.25 496.25 511.75 56905400
20081205 498.25 500.00 476.00 478.00 74501696
20081208 504.25 519.50 495.75 508.50 92515504
20081209 509.00 532.00 502.50 525.25 57789200
20081210 529.25 532.25 510.50 512.50 63882500
20081211 515.00 541.25 510.75 537.25 63933100
20081212 511.00 522.75 500.00 516.25 69290200
20081215 525.50 531.50 517.00 524.75 39316300
20081216 514.50 530.00 513.25 523.75 43925700
20081217 527.00 540.50 520.50 535.50 72153696
20081218 534.00 537.25 520.50 524.50 48787400
20081219 512.25 517.00 490.00 505.00 100470096
20081222 500.00 517.75 497.00 502.00 38506000
20081223 501.00 513.50 501.00 504.75 22558400
20081224 490.25 499.25 490.25 496.00 8884800
20081229 510.75 520.75 505.00 514.25 25889000
20081230 521.50 526.25 517.50 520.00 21329000
20081231 525.75 529.00 523.00 526.00 10970700
20090102 532.75 553.50 524.50 552.75 14394700
20090105 560.00 566.50 546.00 560.00 36750900
20090106 560.00 565.00 550.00 554.50 50294700
20090107 545.75 546.00 520.25 523.75 75465904
20090108 518.00 533.75 515.00 532.00 36536600
20090109 537.50 537.75 516.00 519.00 41167400
20090112 517.25 519.50 508.00 509.00 38116800
20090113 509.50 517.50 501.00 515.50 53867000
20090114 523.00 523.00 480.75 488.75 76809800
20090115 488.75 496.50 480.00 484.75 63031200
20090116 495.00 507.25 488.00 492.00 41873900
20090119 502.00 507.50 479.75 489.00 32430600
20090120 487.50 505.00 482.00 498.00 59694500
20090121 493.00 497.00 473.00 485.75 83331200
20090122 498.00 501.75 487.25 489.75 46288100
20090123 490.75 492.25 470.50 487.50 72152896
20090126 488.00 510.50 486.25 508.00 53736700
20090127 510.50 512.00 495.75 508.75 47685000
20090128 513.00 516.50 503.50 504.25 44652200
20090129 505.75 507.25 491.50 499.00 48297300
20090130 498.25 502.00 489.25 494.50 49012500
20090202 491.00 491.00 479.00 484.75 33101800
20090203 473.00 488.00 461.50 487.25 68651504
20090204 491.00 504.75 484.75 499.75 52484800
20090205 490.50 504.50 487.50 501.50 44774900
20090206 507.00 513.25 502.50 511.00 51199500
20090209 508.00 516.00 502.00 511.50 27967900
20090210 503.75 516.50 501.50 503.00 31011400
20090211 501.00 512.00 499.50 510.00 36760500
20090212 504.75 510.00 496.75 508.50 42148500
20090213 515.25 518.00 505.00 505.50 44014100
