20030101 387.00 387.00 387.00 387.00 0
20030102 391.00 394.75 386.00 393.75 3908100
20030103 395.00 395.00 382.00 390.00 3003900
20030106 392.00 392.75 382.50 390.50 5028200
20030107 392.75 392.75 385.25 386.50 4718700
20030108 389.50 391.00 385.00 387.00 7258600
20030109 387.00 391.50 380.25 384.50 3773800
20030110 390.00 390.00 378.00 385.00 5084300
20030113 385.00 389.00 378.50 382.00 6362700
20030114 379.50 383.00 373.50 375.50 2682900
20030115 375.50 375.50 356.25 362.00 9143200
20030116 365.00 365.25 358.25 365.00 8128600
20030117 366.50 371.75 362.25 366.25 8350600
20030120 369.00 370.00 358.00 358.00 5043600
20030121 361.50 362.00 353.25 356.00 5934200
20030122 354.25 361.50 349.75 350.00 7003300
20030123 352.75 353.00 341.00 341.25 8075800
20030124 345.00 353.75 341.50 344.50 8211600
20030127 344.25 345.50 329.00 330.00 8553800
20030128 334.25 336.25 323.50 333.00 10553500
20030129 330.25 334.00 321.75 323.50 6496600
20030130 325.25 332.75 325.00 332.00 6890900
20030131 325.25 336.00 323.00 331.00 10908000
20030203 334.00 340.00 329.00 331.00 7038900
20030204 330.00 334.75 321.00 322.00 10116400
20030205 322.00 328.75 318.75 326.25 4979100
20030206 330.75 333.00 324.50 328.50 10478100
20030207 332.00 333.00 322.00 327.00 7525300
20030210 328.50 331.75 326.50 329.00 5798000
20030211 324.25 335.00 324.25 335.00 5440700
20030212 329.00 329.00 312.75 315.00 16299800
20030213 314.00 314.00 306.75 311.00 13038000
20030214 313.75 322.50 312.00 315.00 8322300
20030217 318.00 328.50 315.00 325.00 4837800
20030218 337.75 337.75 320.00 325.25 7751300
20030219 312.00 330.00 312.00 320.00 6641600
20030220 334.00 334.00 315.00 316.50 8853600
20030221 322.25 322.25 313.50 320.00 7556700
20030224 321.00 325.00 316.50 317.00 6563100
20030225 315.50 318.25 310.50 315.00 8639800
20030226 315.00 319.00 311.25 312.00 5589800
20030227 312.00 324.00 312.00 319.25 7084200
20030228 319.50 322.50 316.50 321.00 8431700
20030303 321.00 331.00 320.00 324.25 4150000
20030304 328.75 328.75 319.00 320.00 4970400
20030305 316.25 321.75 313.25 314.75 4681500
20030306 314.75 318.75 313.00 316.25 4308100
20030307 317.50 317.50 312.00 312.25 5840800
20030310 312.25 316.00 309.50 310.00 6901700
20030311 310.00 315.00 308.00 313.50 8415500
20030312 314.50 314.50 300.75 300.75 9328700
20030313 304.00 321.75 304.00 321.75 7834100
20030314 321.75 333.00 321.75 331.25 9563200
20030317 326.25 345.25 322.75 338.00 5302400
20030318 336.00 345.00 326.75 331.75 7496200
20030319 332.50 352.00 331.75 342.50 6289400
20030320 345.75 347.50 339.75 344.00 3390800
20030321 341.00 353.25 341.00 350.00 4902600
20030324 347.00 350.00 338.00 342.00 5156600
20030325 342.00 351.25 337.00 348.25 4969800
20030326 353.25 353.25 344.25 347.00 5613500
20030327 347.00 349.50 343.00 346.50 4641900
20030328 339.75 348.50 339.25 345.00 4225500
20030331 332.25 339.00 330.00 335.00 6505700
20030401 334.75 343.75 330.00 343.25 4681400
20030402 327.00 344.50 327.00 339.75 6751700
20030403 338.75 349.50 338.75 343.75 5441700
20030404 346.25 350.00 338.50 342.00 7932800
20030407 341.50 357.75 341.50 354.00 5516600
20030408 352.00 357.75 350.00 351.00 4294500
20030409 349.00 349.00 340.50 341.25 8703500
20030410 340.00 345.50 332.25 340.00 8547500
20030411 341.75 346.75 340.00 341.50 2763000
20030414 344.00 344.00 337.00 340.00 4115800
20030415 341.75 353.25 341.00 350.75 3891500
20030416 352.50 354.00 337.25 343.25 5723000
20030417 341.00 345.00 334.00 345.00 5328000
20030418 345.00 345.00 345.00 345.00 0
20030421 345.00 345.00 345.00 345.00 0
20030422 350.00 350.00 339.25 348.75 4084700
20030423 345.75 348.50 332.00 336.00 8856900
20030424 338.75 340.25 323.00 324.25 9077500
20030425 327.00 333.25 326.00 327.75 3999800
20030428 325.25 332.75 325.25 331.75 4503500
20030429 333.00 344.75 331.00 341.25 10000300
20030430 341.75 350.00 339.50 348.50 11326300
20030501 349.00 349.75 345.50 347.25 4083900
20030502 347.50 353.00 338.25 340.00 10280000
20030505 340.00 340.00 340.00 340.00 0
20030506 344.00 361.00 344.00 355.75 9521200
20030507 356.75 356.75 343.25 350.00 7769700
20030508 350.00 350.00 335.50 347.75 9718800
20030509 350.00 352.25 343.50 351.50 9147200
20030512 353.00 353.00 346.00 350.00 7609800
20030513 350.00 352.00 348.25 351.50 7393700
20030514 351.75 359.00 350.00 353.00 8748200
20030515 354.25 354.50 349.25 351.00 3361300
20030516 351.00 358.75 350.50 355.00 6275400
20030519 352.50 356.75 346.00 348.00 6823900
20030520 348.75 358.75 347.50 356.00 6213000
20030521 354.75 358.00 350.00 352.25 4274200
20030522 354.75 358.75 352.50 353.00 6233400
20030523 354.75 360.75 353.00 357.50 5886100
20030526 357.50 357.50 357.50 357.50 0
20030527 362.00 363.75 354.50 360.50 3796300
20030528 363.00 370.00 361.50 370.00 7158900
20030529 367.50 372.25 364.00 365.00 4301700
20030530 364.75 368.00 353.50 355.00 7729200
20030602 360.00 362.00 354.00 360.50 5532000
20030603 356.00 362.50 356.00 362.00 4021400
20030604 361.75 361.75 353.25 359.50 5706500
20030605 354.50 361.50 350.75 356.00 6859600
20030606 356.00 358.75 350.25 352.75 6700100
20030609 351.00 358.00 350.50 357.25 5429400
20030610 356.00 358.75 351.00 354.00 8668600
20030611 354.00 355.25 351.50 353.50 8080000
20030612 355.00 357.25 348.75 350.75 9627700
20030613 350.00 354.50 348.00 351.00 3882900
20030616 354.00 355.25 349.50 352.00 4697400
20030617 352.00 355.00 349.25 353.25 6637800
20030618 352.00 365.75 352.00 365.50 10831400
20030619 364.75 368.75 361.25 366.50 7131000
20030620 366.50 374.25 364.00 373.75 5295600
20030623 370.25 374.00 356.00 359.75 8586200
20030624 360.25 364.25 358.00 358.00 4119800
20030625 359.75 361.25 353.50 356.50 5981000
20030626 353.25 361.00 353.25 356.00 5313900
20030627 358.75 360.00 352.50 359.75 4509900
20030630 359.50 364.00 356.75 358.00 4530300
20030701 354.50 359.25 352.00 352.25 5698200
20030702 357.00 358.00 353.00 353.00 4041200
20030703 345.00 355.50 345.00 353.25 6607000
20030704 352.75 354.75 350.00 353.25 1307400
20030707 353.25 356.50 350.50 352.00 4354700
20030708 353.00 356.50 349.25 351.25 4722400
20030709 354.50 354.50 347.00 349.00 5051900
20030710 348.00 348.00 342.00 343.00 6108800
20030711 342.00 350.50 342.00 348.25 5475500
20030714 350.00 356.75 350.00 352.00 5386800
20030715 353.00 355.50 344.50 346.00 8984100
20030716 349.75 350.50 342.25 345.50 6849100
20030717 341.75 345.75 335.25 344.25 9667400
20030718 344.00 349.00 340.25 347.50 4803000
20030721 349.25 352.25 347.00 351.00 6943200
20030722 351.00 353.00 349.00 349.50 6155400
20030723 345.00 355.50 343.00 353.00 10981200
20030724 353.00 361.25 353.00 358.00 11653900
20030725 356.75 363.00 356.00 362.25 6966000
20030728 363.50 365.75 360.50 365.75 6400200
20030729 367.00 382.50 367.00 379.50 18348100
20030730 378.25 381.00 376.00 378.00 8400700
20030731 379.00 380.00 373.25 377.00 8767100
20030801 375.00 379.75 372.00 379.00 4416600
20030804 378.50 386.25 374.50 380.50 4313400
20030805 384.25 387.75 377.50 387.25 7023700
20030806 387.00 391.75 383.50 386.75 5629500
20030807 388.25 396.50 385.00 386.50 6792000
20030808 385.25 395.25 385.00 394.50 5527600
20030811 392.00 398.75 385.75 388.25 5191000
20030812 390.75 392.75 385.00 392.25 4404800
20030813 389.50 393.00 385.75 389.00 3840100
20030814 390.75 395.75 388.00 395.00 5803600
20030815 396.00 396.50 392.25 395.00 3714800
20030818 396.00 399.00 393.25 396.75 3098800
20030819 399.75 399.75 393.00 394.00 5084300
20030820 395.00 395.00 391.25 391.75 5173800
20030821 393.00 396.75 391.50 394.00 4512100
20030822 389.50 395.00 389.50 393.75 4304500
20030825 393.75 393.75 393.75 393.75 0
20030826 393.25 394.00 385.50 387.00 6602600
20030827 388.75 390.00 387.00 387.50 3043700
20030828 387.75 390.00 384.25 385.75 3605900
20030829 387.00 388.50 382.00 382.00 7893500
20030901 386.75 390.25 385.00 388.25 2418200
20030902 391.75 393.25 385.75 386.00 3829500
20030903 388.00 397.00 387.00 390.00 7101800
20030904 396.75 396.75 386.50 390.00 6245000
20030905 388.25 393.00 387.50 391.00 4363700
20030908 388.75 395.03 381.81 393.00 5378500
20030909 393.00 394.00 385.10 387.50 4101200
20030910 384.75 388.00 381.50 386.50 5537000
20030911 385.00 392.25 383.50 390.75 6572800
20030912 393.00 393.50 390.00 391.00 5367200
20030915 391.00 394.50 387.00 388.50 5101500
20030916 388.50 395.00 388.50 394.00 5703200
20030917 394.75 394.75 384.00 388.00 5899600
20030918 388.00 391.25 387.00 387.75 4875200
20030919 389.75 389.75 371.75 381.25 14842200
20030922 378.25 384.50 375.00 379.00 6783000
20030923 381.00 376.00 373.75 374.75 8489100
20030924 375.50 382.50 372.50 382.00 7198600
20030925 380.00 381.50 372.25 374.00 9101500
20030926 372.25 376.75 372.00 376.75 4892300
20030929 375.00 378.50 372.50 374.75 4166200
20030930 372.25 376.00 370.00 370.00 4048800
20031001 372.50 372.50 366.25 368.25 6646000
20031002 371.00 374.00 369.25 374.00 6693000
20031003 373.75 379.00 373.50 377.00 5066400
20031006 378.75 385.75 377.50 385.00 7668900
20031007 384.00 385.25 381.75 384.25 5178700
20031008 385.50 385.50 377.50 380.00 5661300
20031009 382.00 385.00 378.25 385.00 3968600
20031010 386.25 386.25 376.25 377.00 3596800
20031013 378.50 384.50 378.50 384.50 5982000
20031014 383.75 387.00 382.00 384.75 4386000
20031015 387.50 387.50 382.25 386.00 4831400
20031016 382.50 389.75 382.50 386.00 5428200
20031017 386.00 403.00 386.00 402.75 11007100
20031020 400.25 399.25 396.00 399.25 6696300
20031021 399.00 399.00 392.75 394.50 6174600
20031022 395.00 395.00 385.00 388.25 5870500
20031023 386.00 390.00 383.50 385.25 6412400
20031024 389.00 401.50 382.25 391.50 7016800
20031027 394.75 402.25 392.00 396.00 9639700
20031028 392.00 393.00 381.75 383.50 13226000
20031029 385.00 385.00 371.25 375.00 13432000
20031030 375.00 378.75 373.00 378.00 10041100
20031031 378.75 378.75 374.00 377.75 7275600
20031103 377.00 378.75 374.50 375.50 7649500
20031104 376.00 380.75 374.50 380.00 8898900
20031105 374.00 384.25 374.00 380.25 6510700
20031106 383.50 383.50 377.25 378.75 7937000
20031107 378.00 386.75 378.00 386.50 8180300
20031110 384.00 387.75 380.00 385.00 8940300
20031111 383.75 385.25 382.00 384.00 4296300
20031112 382.75 384.50 379.00 382.00 5751100
20031113 384.50 384.50 377.25 380.00 4662500
20031114 380.00 384.00 377.00 378.00 7893300
20031117 374.00 376.75 371.00 372.25 5284400
20031118 374.00 375.00 369.00 371.00 5936500
20031119 367.75 372.75 367.75 371.00 6513600
20031120 373.25 374.00 363.00 369.75 7386100
20031121 368.00 369.75 364.25 366.00 6319400
20031124 365.25 376.25 365.25 375.75 5099200
20031125 381.75 383.50 372.50 381.75 8062800
20031126 383.00 383.00 375.50 379.75 4573500
20031127 380.00 380.00 368.25 372.00 4663700
20031128 373.00 374.00 369.00 370.50 4380600
20031201 371.25 376.00 365.00 376.00 8184500
20031202 374.01 378.00 370.50 377.00 8405900
20031203 377.25 382.50 376.00 380.75 7832000
20031204 379.75 389.00 375.00 385.75 11994000
20031205 386.00 387.25 382.00 386.25 7282300
20031208 387.25 387.25 380.25 381.50 5558500
20031209 383.00 383.00 379.00 382.00 4530400
20031210 380.00 382.00 376.50 377.75 5660700
20031211 379.00 380.50 375.75 378.50 3872200
20031212 378.74 382.00 375.75 378.75 2850900
20031215 383.50 385.00 378.75 382.75 2881100
20031216 381.75 386.25 381.75 383.25 4241200
20031217 386.50 388.00 381.50 386.50 4281200
20031218 384.50 392.75 384.50 390.50 6360800
20031219 383.25 399.00 383.25 396.75 6967000
20031222 388.25 401.25 388.25 400.00 6697000
20031223 402.25 402.25 396.00 402.25 4842800
20031224 402.25 409.00 402.25 408.25 1866800
20031225 408.25 408.25 408.25 408.25 0
20031226 408.25 408.25 408.25 408.25 0
20031229 407.00 410.50 407.00 409.50 4190000
20031230 407.00 412.00 407.00 411.00 2960100
20031231 407.75 416.00 407.75 410.25 631200
20040101 410.25 410.25 410.25 410.25 0
20040102 412.50 418.00 410.25 417.00 3173200
20040105 415.00 416.00 408.00 409.75 5816700
20040106 409.00 409.00 404.00 404.50 7488200
20040107 403.00 411.00 402.50 408.50 5925600
20040108 411.50 411.50 406.50 406.50 4284200
20040109 405.00 406.00 403.00 403.25 6695100
20040112 398.00 405.00 398.00 398.00 5588000
20040113 395.00 400.00 393.25 395.00 9629900
20040114 395.00 398.00 392.00 393.25 4997900
20040115 393.50 395.00 390.00 393.25 8515000
20040116 392.75 398.75 392.75 398.75 5034200
20040119 396.00 406.00 396.00 405.25 5158700
20040120 405.75 405.75 398.50 399.25 3929800
20040121 410.00 415.00 402.50 411.50 12057300
20040122 412.00 415.00 406.25 408.50 5625600
20040123 410.26 412.00 405.50 410.00 5792900
20040126 413.25 413.25 405.75 407.75 3174600
20040127 405.75 408.50 403.50 405.50 5214800
20040128 408.00 410.25 404.25 408.75 4785600
20040129 403.00 408.75 402.00 403.00 8000800
20040130 405.50 405.50 401.25 402.25 5062000
20040202 405.50 407.00 400.75 406.75 6401000
20040203 410.75 410.75 406.00 409.25 5745500
20040204 407.00 418.75 406.00 416.50 8092700
20040205 416.50 425.50 416.00 420.00 7259400
20040206 420.25 426.25 418.25 425.75 7528500
20040209 424.50 427.00 421.50 425.50 6535400
20040210 425.00 428.75 424.50 428.75 7130300
20040211 428.50 431.00 426.50 430.50 9376000
20040212 132.75 435.75 430.00 433.50 6477600
20040213 434.00 436.25 431.00 433.25 6106300
20040216 435.50 436.00 430.25 434.00 4100000
20040217 433.00 433.00 426.50 432.75 9555700
20040218 446.00 453.00 427.50 433.50 34632500
20040219 435.00 451.00 432.00 447.75 13006200
20040220 448.25 458.50 444.50 451.25 12519700
20040223 455.00 455.00 443.25 445.25 5548200
20040224 446.00 449.50 446.50 448.50 6310200
20040225 445.25 446.00 439.75 442.00 7914100
20040226 445.50 447.00 442.00 443.75 4177200
20040227 446.00 448.75 444.00 444.00 5928600
20040301 449.00 449.50 444.50 447.50 4745300
20040302 449.75 453.75 442.75 446.50 6039800
20040303 444.50 446.00 439.00 442.50 4345500
20040304 443.50 446.75 440.50 442.25 3674100
20040305 442.25 444.50 437.00 439.25 5421000
20040308 443.00 443.00 436.00 439.50 5733000
20040309 440.00 444.25 430.50 442.00 7363800
20040310 441.00 449.50 437.25 448.75 7404100
20040311 446.00 449.25 437.00 443.00 6921800
20040312 446.75 447.00 438.50 440.75 4878200
20040315 439.75 440.00 433.25 433.25 4803800
20040316 434.00 438.75 430.75 438.75 4607800
20040317 444.75 444.75 433.00 437.75 6553100
20040318 445.00 445.00 428.25 430.25 5660700
20040319 434.00 437.50 428.25 435.00 6222700
20040322 435.00 435.00 421.50 424.75 4537200
20040323 426.00 429.75 421.50 423.25 5101900
20040324 422.25 429.00 422.25 427.00 5777200
20040325 431.00 431.00 421.25 426.75 6725700
20040326 428.00 428.00 417.25 419.00 6801600
20040329 418.00 424.00 416.50 421.25 5612400
20040330 421.00 425.75 420.25 423.25 6037700
20040331 426.00 435.75 426.00 429.00 8424200
20040401 429.25 434.25 426.00 430.00 6871200
20040402 434.00 440.75 432.00 440.00 5981200
20040405 439.25 440.75 434.50 438.50 5592700
20040406 438.00 438.50 432.50 435.50 5189000
20040407 431.50 441.00 431.50 439.25 7844300
20040408 440.00 441.50 434.25 435.00 4303900
20040409 435.00 435.00 435.00 435.00 0
20040412 435.00 435.00 435.00 435.00 0
20040413 438.50 447.00 438.50 445.25 6091500
20040414 445.25 448.00 443.00 447.50 5413300
20040415 449.00 449.50 442.50 449.50 4235300
20040416 449.50 459.50 448.00 458.75 10066900
20040419 456.50 461.00 455.50 459.00 6412100
20040420 461.75 462.50 456.75 461.50 7488100
20040421 457.25 466.25 457.25 462.00 9188400
20040422 460.50 474.75 458.00 472.75 7492300
20040423 473.00 474.00 462.00 464.25 8467700
20040426 462.75 466.25 460.25 462.75 6522200
20040427 462.25 470.00 460.50 469.00 5289300
20040428 463.00 463.00 453.25 457.00 8001100
20040429 454.00 457.25 448.25 449.75 8364800
20040430 448.75 452.25 446.00 448.50 4716200
20040503 448.50 448.50 448.50 448.50 0
20040504 446.50 456.50 446.50 455.25 7296200
20040505 459.75 464.75 455.00 464.50 6958400
20040506 461.75 463.00 445.50 447.00 12740000
20040507 449.00 449.75 440.25 448.25 3896100
20040510 449.75 449.75 438.25 439.50 5054000
20040511 440.00 444.00 440.00 443.00 3397000
20040512 445.00 445.00 439.50 440.00 3228800
20040513 442.00 444.00 439.00 440.00 2657600
20040514 438.50 445.00 438.50 440.75 4768500
20040517 440.00 442.25 431.00 441.25 3562500
20040518 439.25 447.75 439.25 446.50 3809500
20040519 444.75 455.25 444.75 449.00 6553000
20040520 449.00 449.00 441.25 443.00 4853000
20040521 450.00 454.75 446.50 448.00 11087500
20040524 448.00 450.00 447.50 448.50 4615900
20040525 450.00 450.50 446.00 447.50 5434300
20040526 450.00 453.00 449.00 452.00 5710400
20040527 455.25 460.75 453.50 458.00 5671700
20040528 458.25 465.75 457.75 465.00 9654500
20040531 465.00 465.00 465.00 465.00 0
20040601 467.25 467.25 456.25 456.75 3723000
20040602 457.25 461.75 453.00 457.75 5100100
20040603 460.00 461.50 456.25 460.50 4231600
20040604 459.75 461.50 451.75 460.00 6718400
20040607 465.75 466.00 456.50 460.00 3651900
20040608 460.50 462.25 457.75 460.00 4939500
20040609 463.00 466.00 458.00 460.00 3692000
20040610 460.00 463.00 458.00 460.50 3489100
20040611 457.25 459.25 456.50 457.50 1639000
20040614 456.50 458.00 453.00 456.00 2690700
20040615 458.75 463.25 455.75 461.25 3527100
20040616 460.50 467.00 463.50 465.00 4188300
20040617 465.25 467.25 461.50 467.25 2611400
20040618 467.75 470.00 463.50 468.50 5314200
20040621 469.50 474.00 468.00 470.50 4627300
20040622 471.25 472.50 468.00 469.25 3793300
20040623 473.25 473.25 465.25 471.00 3180200
20040624 474.00 474.00 467.00 471.00 3909400
20040625 468.00 473.00 468.00 472.25 3936500
20040628 473.50 476.75 468.50 475.50 5500100
20040629 477.50 480.00 475.00 476.00 5945000
20040630 476.00 478.00 473.75 475.75 7928100
20040701 479.75 480.00 472.25 472.25 5679400
20040702 476.00 476.00 465.00 467.25 3628100
20040705 467.25 469.50 464.50 468.25 3499800
20040706 466.50 467.50 461.25 462.50 3930500
20040707 463.00 467.00 464.00 465.75 4566500
20040708 462.00 470.00 459.75 468.00 3870200
20040709 468.50 469.00 459.50 464.75 6148000
20040712 463.50 470.00 461.75 463.00 4516100
20040713 466.00 466.75 461.00 462.50 3347900
20040714 461.25 469.75 456.00 467.25 7271000
20040715 468.50 473.25 465.00 470.50 6044700
20040716 472.00 476.50 470.00 470.50 7159000
20040719 475.00 476.00 469.50 470.25 6879900
20040720 475.00 475.00 466.50 473.25 5586700
20040721 474.00 476.75 454.25 455.00 16499800
20040722 453.00 457.00 445.50 447.25 9323700
20040723 448.25 450.00 443.00 443.75 6784000
20040726 445.50 449.00 441.50 442.00 3974800
20040727 444.00 446.00 442.50 445.00 2973500
20040728 448.00 449.00 439.00 444.75 5497300
20040729 445.75 453.00 445.75 452.00 4291700
20040730 451.50 454.75 447.50 450.25 6716500
20040802 449.00 452.75 445.75 449.50 3865300
20040803 451.00 451.50 447.00 448.75 3297100
20040804 446.00 453.00 445.75 451.25 4022800
20040805 453.50 455.00 446.75 447.75 4623400
20040806 444.25 444.25 435.50 436.50 5625200
20040809 437.25 439.00 434.25 435.75 2710100
20040810 435.00 438.75 431.75 438.00 2219300
20040811 440.50 440.50 433.00 435.75 2204300
20040812 437.50 442.00 436.00 439.00 3519400
20040813 438.25 440.25 432.00 435.50 3165300
20040816 435.50 441.00 432.00 438.25 3889000
20040817 438.25 442.00 437.00 439.50 2404800
20040818 439.00 440.00 434.75 437.00 7208800
20040819 438.75 442.75 436.00 438.50 6061500
20040820 437.00 439.75 436.00 437.50 3580700
20040823 441.00 445.50 437.25 444.75 4422500
20040824 444.75 442.50 439.75 442.00 3965300
20040825 442.50 445.50 437.25 441.25 3972900
20040826 440.75 442.75 434.75 439.50 4834200
20040827 438.00 443.75 438.00 439.50 4326000
20040830 439.50 439.50 439.50 439.50 0
20040831 439.00 448.50 439.00 445.50 6354300
20040901 447.50 450.00 444.00 448.00 3755700
20040902 450.75 452.00 443.50 450.50 4313100
20040903 449.50 463.75 449.50 460.25 7024900
20040906 460.25 466.00 459.75 464.00 5003300
20040907 464.25 468.25 463.00 464.25 5036500
20040908 460.75 467.00 454.50 456.75 12930100
20040909 456.75 457.50 447.75 453.00 8371300
20040910 451.50 457.50 446.00 450.50 8497400
20040913 451.50 457.50 450.75 451.75 3962600
20040914 452.25 456.25 448.00 450.00 6677500
20040915 446.75 449.75 434.00 441.00 11990400
20040916 439.75 440.00 435.25 436.00 7149900
20040917 437.25 444.75 435.00 437.00 7029100
20040920 430.75 435.00 425.50 432.50 5475100
20040921 434.25 434.50 423.50 432.50 12900200
20040922 432.25 442.00 430.00 434.00 6994600
20040923 434.75 438.50 434.75 435.00 5137000
20040924 433.75 437.00 425.50 426.75 10752600
20040927 424.00 428.00 420.00 421.00 7535800
20040928 419.50 425.25 418.50 424.00 6785000
20040929 426.00 431.00 421.75 428.75 5106900
20040930 428.00 432.00 423.00 425.00 5677000
20041001 425.75 432.75 424.25 430.75 3995200
20041004 435.75 437.75 427.50 436.00 4886900
20041005 436.00 439.75 432.25 433.00 6394400
20041006 433.00 436.00 430.50 433.00 3148800
20041007 436.50 436.50 426.50 429.25 3863300
20041008 428.25 432.25 427.25 431.50 3219000
20041011 432.75 433.00 429.00 431.50 1881700
20041012 435.75 435.75 428.00 430.25 4973300
20041013 436.50 446.50 432.75 435.25 10111300
20041014 436.25 446.25 429.00 446.00 10559300
20041015 444.00 449.75 441.75 447.50 9164300
20041018 449.50 449.50 442.75 444.25 4352300
20041019 445.50 450.00 443.75 450.00 4018700
20041020 450.00 452.25 443.00 446.00 3841000
20041021 448.25 451.00 443.25 449.25 5899700
20041022 451.50 454.00 448.00 451.50 6233200
20041025 447.25 453.75 445.25 449.75 5098100
20041026 451.75 451.75 446.75 447.50 3886800
20041027 448.25 454.00 445.50 451.75 4845100
20041028 456.50 456.50 448.00 451.75 3397800
20041029 452.50 457.00 450.00 452.50 5515300
20041101 454.50 456.25 451.75 454.00 3496700
20041102 457.00 459.25 452.50 457.25 5267200
20041103 461.75 461.75 452.75 454.00 6467200
20041104 450.75 454.00 448.75 453.50 7513000
20041105 454.75 454.75 449.50 451.25 6110700
20041108 452.00 455.50 449.25 453.00 4843100
20041109 454.00 454.50 445.75 446.75 6361000
20041110 448.25 452.50 445.25 450.50 3933300
20041111 450.50 459.25 449.25 458.75 10699200
20041112 459.00 464.75 459.00 460.50 7353400
20041115 464.25 466.25 460.75 466.00 4933000
20041116 467.75 469.00 462.50 467.25 5532600
20041117 469.25 474.00 464.25 467.50 6954000
20041118 473.00 476.75 468.50 475.00 7330900
20041119 475.00 476.75 472.00 474.75 7206400
20041122 472.75 474.50 468.50 472.75 4342800
20041123 473.00 475.25 469.25 472.50 5193300
20041124 475.00 476.00 467.75 470.25 6205900
20041125 472.00 477.00 469.00 475.25 3439500
20041126 475.75 476.75 473.50 474.75 2476600
20041129 474.00 478.00 471.00 472.25 3559700
20041130 473.50 473.50 464.25 467.00 6012500
20041201 468.75 473.00 467.75 468.75 5276000
20041202 472.00 473.00 466.25 470.25 6823600
20041203 468.00 469.50 463.00 465.50 6430900
20041206 465.00 470.00 461.00 465.25 8496700
20041207 466.25 468.50 463.50 465.00 4437400
20041208 462.25 464.75 459.75 461.50 3992100
20041209 460.50 464.00 458.50 463.75 4303700
20041210 464.50 465.00 458.25 459.50 4775900
20041213 462.50 471.25 461.00 468.00 6446800
20041214 468.00 469.25 463.00 464.00 3807200
20041215 460.25 469.00 464.75 465.25 6275000
20041216 466.50 478.50 466.50 474.50 8499600
20041217 472.50 477.25 468.00 469.00 6959100
20041220 472.75 475.25 469.75 473.00 3117800
20041221 474.50 474.75 468.00 473.25 2613700
20041222 473.75 480.00 472.00 479.75 4439300
20041223 479.75 483.75 478.50 482.75 2816200
20041224 480.25 485.00 480.25 481.50 571700
20041227 481.50 481.50 481.50 481.50 0
20041228 481.50 481.50 481.50 481.50 0
20041229 485.75 487.50 479.00 487.00 2000900
20041230 488.75 488.75 483.50 486.00 1950500
20041231 484.50 485.75 483.00 485.00 820500
20050103 485.00 485.00 485.00 485.00 0
20050104 477.75 488.75 473.25 488.75 3742400
20050105 485.00 488.50 481.75 482.75 2622300
20050106 484.00 486.25 482.75 485.75 3331100
20050107 485.00 491.00 482.00 487.50 6256000
20050110 488.00 489.75 484.75 486.25 3230900
20050111 492.00 492.00 479.50 483.00 3213900
20050112 483.50 485.00 475.00 478.25 4922900
20050113 482.00 484.75 478.50 482.00 4245800
20050114 482.50 485.75 480.25 485.75 6281700
20050117 488.25 490.75 485.25 486.00 3662000
20050118 487.75 487.75 479.00 484.00 3129000
20050119 484.50 488.00 482.25 483.25 4104800
20050120 484.00 484.00 476.75 482.50 3954900
20050121 483.25 483.25 475.00 478.75 3217900
20050124 478.75 478.75 467.00 471.75 5249800
20050125 469.75 474.50 469.25 471.50 6334000
20050126 472.50 472.50 467.25 470.50 3584300
20050127 472.75 472.75 462.25 466.50 5092800
20050128 469.25 479.50 469.00 474.25 5861500
20050131 475.75 486.50 475.00 475.50 5906600
20050201 476.50 481.75 474.50 478.50 4754200
20050202 478.50 487.25 474.75 484.00 5316900
20050203 484.00 488.25 481.75 486.75 4400200
20050204 487.75 498.25 485.25 496.25 9240200
20050207 498.25 502.00 494.75 501.50 7574900
20050208 500.50 503.50 498.00 501.00 4055500
20050209 501.75 502.75 498.50 500.00 4343100
20050210 500.00 503.50 498.00 499.25 2569800
20050211 500.00 528.00 498.00 518.00 13868000
20050214 519.00 519.00 509.75 513.25 3931400
20050215 512.75 515.00 506.25 511.75 4154200
20050216 511.50 511.75 504.25 511.00 3463500
20050217 511.00 511.50 504.50 509.00 4281600
20050218 505.25 514.25 505.25 511.50 4415500
20050221 513.75 514.00 504.00 508.25 2797100
20050222 506.50 516.00 502.25 511.50 7486700
20050223 510.00 528.00 509.75 511.75 8363700
20050224 511.75 513.00 504.25 509.00 6652000
20050225 510.50 518.50 505.25 515.00 4377500
20050228 517.25 519.00 509.00 511.00 4116900
20050301 511.50 512.50 509.50 511.00 6070000
20050302 510.75 510.50 505.00 510.50 4621400
20050303 507.50 509.00 502.25 506.00 5306900
20050304 510.00 511.25 502.50 507.25 5419500
20050307 510.50 519.50 507.25 519.00 7285700
20050308 515.00 521.50 515.00 517.00 6522700
20050309 517.00 518.00 513.00 515.50 4140800
20050310 515.25 518.25 510.50 513.25 8208000
20050311 513.50 516.00 512.25 515.75 5030000
20050314 513.50 516.25 507.50 510.00 7062400
20050315 508.00 510.00 506.50 507.50 8803000
20050316 505.25 513.00 505.25 508.25 6420900
20050317 510.75 513.50 508.50 510.00 4128400
20050318 512.00 515.00 508.00 512.00 8734000
20050321 513.00 518.00 509.00 517.00 3361200
20050322 517.00 522.00 512.50 520.50 4798100
20050323 517.00 527.50 516.50 525.50 7118100
20050324 523.50 529.00 523.50 526.00 4084400
20050325 526.00 526.00 526.00 526.00 0
20050328 526.00 526.00 526.00 526.00 0
20050329 521.50 527.00 515.50 527.00 4351000
20050330 523.00 530.00 523.00 528.50 4027900
20050331 529.50 538.00 525.50 530.50 6641400
20050401 533.50 536.50 523.50 525.50 5362300
20050404 526.50 528.50 521.00 527.50 5752200
20050405 528.00 544.50 528.00 538.00 11381500
20050406 542.00 542.50 536.50 540.50 5058700
20050407 541.00 543.50 536.50 542.50 3274100
20050408 543.00 543.00 537.00 539.50 3188200
20050411 536.50 546.50 536.50 540.50 4340900
20050412 541.50 544.00 535.00 542.00 4743500
20050413 545.00 549.00 544.00 549.00 4261400
20050414 546.00 553.00 545.50 550.00 6173600
20050415 547.50 549.50 541.50 541.50 5886200
20050418 534.50 538.00 532.50 534.00 5074300
20050419 533.00 541.00 530.50 540.50 5109300
20050420 540.50 543.00 535.00 536.50 4935000
20050421 535.00 540.50 535.00 537.00 4949700
20050422 538.00 540.50 535.50 538.50 4279000
20050425 540.00 542.00 539.00 540.50 2360000
20050426 539.50 540.50 531.50 533.50 6098400
20050427 527.00 530.00 519.50 525.00 5851900
20050428 529.00 529.00 519.00 521.50 6891100
20050429 520.00 526.00 520.00 525.00 4761300
20050502 525.00 525.00 525.00 525.00 0
20050503 533.50 542.00 533.50 542.00 10028600
20050504 541.50 551.00 539.00 550.50 7508400
20050505 553.50 560.00 549.00 552.00 7020700
20050506 551.50 556.50 550.00 552.00 6749500
20050509 554.00 555.50 550.00 554.00 5472300
20050510 556.00 569.00 553.00 567.00 10114600
20050511 568.00 569.50 557.00 558.00 7866100
20050512 564.00 564.00 552.00 556.00 8383600
20050513 553.50 559.50 550.00 553.00 4770800
20050516 551.50 557.00 551.50 554.00 2782200
20050517 554.00 556.50 550.00 553.00 3668800
20050518 557.00 557.00 544.00 546.00 8400800
20050519 543.00 543.50 534.50 536.00 11447100
20050520 535.50 543.00 535.00 540.50 5011000
20050523 543.50 545.00 535.00 537.50 4635600
20050524 536.00 547.00 536.00 546.00 3412000
20050525 549.00 549.00 538.00 541.00 3630300
20050526 543.50 552.50 543.00 548.50 6464000
20050527 546.00 560.00 541.50 549.50 4327100
20050530 549.50 549.50 549.50 549.50 0
20050531 553.50 556.50 536.00 536.00 5702100
20050601 539.50 545.50 538.00 545.00 2858700
20050602 547.00 547.00 539.50 543.50 3147300
20050603 543.50 543.50 543.50 543.50 0
20050606 545.00 545.00 536.50 538.00 3302400
20050607 538.50 544.50 538.50 543.50 2911900
20050608 539.50 540.50 535.50 539.00 3224700
20050609 540.00 542.50 536.00 537.50 5296400
20050610 539.50 539.50 531.50 534.50 3471100
20050613 536.00 536.00 532.00 534.50 2542100
20050614 535.50 535.50 530.00 533.00 2567100
20050615 534.00 535.00 530.00 531.50 3836800
20050616 534.00 534.00 528.00 530.00 2981300
20050617 529.50 536.00 528.00 531.50 7020900
20050620 532.50 544.00 532.50 541.50 7895300
20050621 541.00 547.00 541.00 546.50 5126400
20050622 549.00 549.00 543.50 546.00 3462200
20050623 549.00 549.00 541.00 546.50 4697200
20050624 544.50 545.00 538.00 539.00 3839500
20050627 535.00 536.00 529.00 530.50 4746600
20050628 530.50 534.00 529.00 533.00 3518500
20050629 535.50 536.50 529.00 533.00 3413600
20050630 532.50 534.00 528.50 533.00 4898400
20050701 532.50 539.00 530.00 538.50 3921400
20050704 536.50 539.00 530.50 537.50 2529200
20050705 539.50 540.50 535.50 540.50 3061800
20050706 545.00 545.00 539.50 543.00 3986800
20050707 544.50 548.00 516.50 537.50 11436500
20050708 545.00 551.00 540.50 549.00 6065700
20050711 553.50 553.50 544.50 547.00 2578200
20050712 549.00 550.50 545.00 545.00 3170600
20050713 549.00 549.00 532.50 542.50 3100900
20050714 542.50 547.00 537.00 539.50 7079200
20050715 538.50 547.00 538.50 543.00 5726900
20050718 547.00 549.00 538.00 540.00 8672300
20050719 541.50 551.50 538.50 542.00 25013400
20050720 545.50 554.50 542.00 545.00 11932800
20050721 548.00 549.50 535.50 542.00 15532300
20050722 540.50 544.00 534.50 542.00 4552700
20050725 541.00 542.00 535.50 542.00 5501200
20050726 550.00 556.00 545.50 547.50 8849300
20050727 545.00 554.00 543.00 549.50 6650000
20050728 552.00 554.00 542.00 548.00 8522400
20050729 551.50 552.50 544.00 548.00 3972300
20050801 550.50 550.50 542.50 546.50 2164500
20050802 544.00 548.00 541.50 544.00 6890700
20050803 543.50 545.50 535.00 537.50 5848000
20050804 539.00 543.50 537.50 542.00 8648200
20050805 542.00 544.50 541.00 541.00 5328300
20050808 543.50 543.50 535.50 536.50 6020600
20050809 538.00 538.50 531.00 533.00 3946700
20050810 530.50 542.50 530.50 541.00 8316700
20050811 538.50 544.50 535.00 540.00 6823100
20050812 543.00 543.00 532.50 536.50 5305200
20050815 535.00 537.00 528.00 534.00 5112900
20050816 533.00 539.00 531.50 537.00 4003600
20050817 535.50 536.50 532.00 535.00 5997200
20050818 536.50 541.50 535.00 539.00 7193600
20050819 539.50 545.50 535.50 544.00 6144900
20050822 544.50 554.50 543.50 553.50 7542000
20050823 551.00 558.00 551.00 556.00 10654400
20050824 554.00 560.00 553.50 557.50 6017500
20050825 553.00 553.50 545.00 546.50 5558800
20050826 546.50 549.50 545.50 546.50 4575100
20050829 546.50 546.50 546.50 546.50 0
20050830 549.00 551.00 541.50 544.00 4814700
20050831 546.00 548.50 541.00 547.00 4966700
20050901 548.00 563.00 548.00 561.00 19506300
20050902 560.50 576.00 559.00 569.50 19424600
20050905 571.50 571.50 566.00 570.00 4382900
20050906 571.50 574.00 563.00 565.00 7088200
20050907 568.50 571.50 560.50 567.50 6346300
20050908 569.00 579.50 565.50 566.00 9602600
20050909 569.00 574.00 568.50 570.50 6568000
20050912 572.00 575.00 569.00 571.00 4676900
20050913 571.50 575.00 569.00 574.00 7755700
20050914 571.50 584.00 570.00 575.50 9685500
20050915 576.50 583.50 571.50 583.00 16256200
20050916 580.50 599.50 579.50 594.00 39024900
20050919 591.50 595.00 589.50 594.00 11553700
20050920 593.00 594.00 585.00 585.50 18023400
20050921 581.00 585.00 573.00 577.00 18672000
20050922 574.50 575.50 563.50 575.00 17459600
20050923 577.50 581.50 571.00 580.50 7280500
20050926 581.50 585.00 580.50 583.50 4769300
20050927 579.50 580.50 574.00 576.00 7391200
20050928 579.50 585.00 575.00 580.00 11683600
20050929 581.00 585.50 572.50 576.00 11838600
20050930 579.00 582.00 568.00 572.00 7047600
20051003 572.50 580.00 572.50 577.50 7342500
20051004 579.00 586.50 577.00 586.50 5597400
20051005 586.00 593.50 584.50 586.50 9577900
20051006 580.00 585.00 546.50 558.50 42365700
20051007 555.50 559.50 547.50 550.50 22020900
20051010 550.00 558.50 550.00 556.50 21243800
20051011 555.00 564.50 554.50 561.00 18894000
20051012 562.00 563.00 546.50 549.00 14892700
20051013 547.50 553.00 542.50 552.00 17297900
20051014 554.00 557.50 545.50 555.50 11854100
20051017 555.50 558.00 546.00 554.50 8032000
20051018 553.00 555.00 548.00 548.50 5521300
20051019 547.50 551.00 538.50 547.00 13813100
20051020 552.50 552.50 537.00 538.50 10941800
20051021 537.00 542.50 535.00 540.00 12916700
20051024 540.00 544.00 538.00 543.50 6952700
20051025 543.50 544.50 536.00 536.00 8523300
20051026 532.50 539.00 532.50 539.00 6354600
20051027 535.50 538.50 533.00 537.00 11474000
20051028 537.50 550.50 537.50 548.50 15279700
20051031 551.50 558.50 547.00 556.00 9559600
20051101 557.50 561.50 554.00 561.50 8379800
20051102 563.50 563.50 554.50 557.50 9974000
20051103 557.50 570.00 557.50 568.50 8531500
20051104 565.50 570.00 562.50 566.50 5393000
20051107 561.00 572.00 561.00 571.50 5874700
20051108 571.00 574.00 564.50 566.00 5338300
20051109 570.00 570.00 561.50 565.50 7035400
20051110 570.00 570.00 565.00 569.50 4991200
20051111 575.50 575.50 569.00 570.50 5956300
20051114 562.00 571.00 562.00 570.00 4177000
20051115 567.00 570.00 564.00 567.00 4717100
20051116 569.50 570.50 563.00 565.00 7035000
20051117 565.00 570.00 564.50 570.00 8031200
20051118 570.00 570.50 564.00 567.50 6166800
20051121 570.00 571.50 564.00 565.00 6426900
20051122 565.00 568.00 558.00 560.00 27888600
20051123 562.00 563.00 545.00 558.00 20532300
20051124 561.50 566.50 561.00 564.50 11267400
20051125 567.00 572.00 563.50 571.50 8587000
20051128 577.00 577.00 567.00 568.50 9258600
20051129 570.00 571.00 564.50 566.00 10504800
20051130 563.00 566.00 555.50 555.50 18866500
20051201 555.50 560.00 554.50 560.00 10800900
20051202 560.00 568.00 556.00 567.00 6142400
20051205 565.50 565.50 556.00 561.50 10191800
20051206 559.00 561.50 553.50 560.50 24730800
20051207 557.00 559.50 554.00 556.00 14191700
20051208 551.00 559.00 548.00 551.50 12500600
20051209 552.00 554.50 547.00 551.00 6863900
20051212 554.00 556.00 550.50 552.00 6655600
20051213 551.00 554.00 542.00 544.00 16701800
20051214 546.00 547.00 535.50 538.50 16989000
20051215 537.50 539.00 528.50 530.50 16772800
20051216 530.50 541.00 527.50 534.50 22706800
20051219 535.50 536.00 528.00 529.00 15333800
20051220 528.00 534.50 525.50 532.50 19425300
20051221 532.50 539.50 532.50 538.50 7542100
20051222 540.00 544.00 538.00 542.50 9087100
20051223 542.00 545.50 541.50 542.50 3056500
20051226 542.50 542.50 542.50 542.50 0
20051227 542.50 542.50 542.50 542.50 0
20051228 552.00 555.00 547.00 554.50 13093000
20051229 557.50 558.50 549.00 550.50 8007300
20051230 554.00 554.00 547.00 549.50 2474200
20060102 549.50 549.50 549.50 549.50 0
20060103 547.00 553.50 547.00 553.50 15278200
20060104 557.50 558.00 553.50 557.00 9622400
20060105 558.00 559.00 557.00 558.00 17306100
20060106 560.00 561.00 556.00 559.00 6711500
20060109 563.00 566.50 557.00 558.00 9583100
20060110 555.50 561.50 555.00 557.00 9706900
20060111 557.00 564.50 557.00 563.00 12896400
20060112 564.50 565.50 560.00 561.00 16871700
20060113 561.00 563.50 556.00 558.50 10613200
20060116 555.50 565.50 555.50 562.50 10805200
20060117 556.00 563.50 556.00 560.00 7127900
20060118 556.00 560.50 552.50 558.50 8363400
20060119 563.00 563.50 555.50 557.00 10020300
20060120 555.50 564.50 555.50 560.00 7543200
20060123 556.00 556.50 552.00 553.50 6297300
20060124 553.00 555.50 550.50 553.00 10583000
20060125 554.50 556.50 547.00 553.00 16740700
20060126 555.50 562.00 555.00 556.50 8684000
20060127 562.00 562.00 550.00 553.50 16861700
20060130 555.00 556.00 545.00 547.50 10662900
20060131 550.00 557.50 548.50 552.00 21663000
20060201 553.50 560.00 548.50 550.50 18159000
20060202 553.00 560.50 549.00 550.00 14500300
20060203 554.00 563.00 550.50 559.50 14314400
20060206 562.50 569.00 558.00 560.00 21933300
20060207 560.00 561.00 550.50 553.00 15785100
20060208 551.00 555.50 549.00 549.50 16302100
20060209 551.50 554.50 549.00 552.00 25954000
20060210 552.00 553.50 542.50 543.50 18520400
20060213 545.50 549.50 541.50 548.50 14835500
20060214 553.00 559.00 550.00 555.00 21989800
20060215 559.50 568.00 557.00 564.50 16443700
20060216 569.50 582.00 569.50 573.00 24233100
20060217 579.50 579.50 560.00 570.00 12775100
20060220 576.50 576.50 559.00 560.00 15877600
20060221 565.00 579.50 564.00 574.00 26407000
20060222 571.50 588.00 570.00 586.00 16457800
20060223 583.50 588.00 572.00 580.50 18117400
20060224 585.00 589.00 578.00 583.00 10501900
20060227 587.50 587.50 576.00 582.50 6585700
20060228 580.50 585.00 571.50 580.00 13167400
20060301 578.50 589.50 577.00 584.50 20710200
20060302 581.00 593.50 577.50 587.00 12266800
20060303 590.00 592.00 583.50 587.00 13958500
20060306 590.00 593.50 583.00 585.00 11282100
20060307 583.00 594.00 583.00 587.00 14695700
20060308 588.00 590.00 577.00 580.00 22724700
20060309 580.00 590.50 580.00 590.50 21311300
20060310 591.00 594.50 588.00 588.50 12643600
20060313 588.50 590.00 580.00 582.50 15115400
20060314 583.00 592.50 582.50 588.00 12909700
20060315 593.50 594.00 582.50 582.50 8378100
20060316 586.00 586.00 578.00 582.50 13742100
20060317 585.00 585.00 578.00 580.00 11143500
20060320 580.00 582.50 575.00 577.00 13421400
20060321 579.00 582.00 572.00 580.00 11248100
20060322 580.00 590.00 576.00 582.00 17472900
20060323 582.00 584.50 575.00 576.50 8749300
20060324 575.50 585.00 574.50 584.00 17985900
20060327 585.00 587.00 573.00 574.00 10037700
20060328 580.00 580.50 574.00 576.00 17175200
20060329 577.50 579.00 569.50 571.00 9023800
20060330 574.50 576.50 570.00 571.50 9283900
20060331 572.00 576.50 570.00 572.00 7647300
20060403 572.50 581.00 568.50 573.00 12987800
20060404 570.50 574.50 562.00 564.00 17481900
20060405 566.00 569.50 562.50 568.00 7154400
20060406 568.50 570.00 564.00 569.50 13055600
20060407 569.50 572.00 561.00 561.50 9799500
20060410 563.50 570.50 562.00 567.00 5796100
20060411 567.00 569.00 558.50 560.50 7706600
20060412 557.50 562.00 557.50 558.00 9322800
20060413 558.00 568.50 558.00 566.00 15472000
20060414 566.00 566.00 566.00 566.00 0
20060417 566.00 566.00 566.00 566.00 0
20060418 563.00 565.00 555.50 558.50 13815800
20060419 567.00 576.50 560.50 564.50 15357800
20060420 566.00 569.00 563.00 565.50 12015800
20060421 569.00 569.00 560.00 568.00 18043000
20060424 567.00 572.50 564.00 566.50 6896400
20060425 568.00 572.50 562.50 564.50 15495900
20060426 561.50 561.50 552.00 553.00 9596200
20060427 554.50 557.00 547.50 550.00 19527000
20060428 550.00 552.00 544.00 544.00 12542600
20060501 544.00 544.00 544.00 544.00 0
20060502 544.00 549.00 541.50 546.50 8819300
20060503 546.50 550.50 544.50 548.50 9012100
20060504 550.50 552.00 546.00 547.50 7120900
20060505 547.00 549.50 546.00 549.00 5500900
20060508 551.50 553.00 542.00 545.50 5604300
20060509 544.50 557.00 542.50 550.50 16927400
20060510 551.00 554.00 543.00 544.00 13379700
20060511 545.50 546.50 534.00 534.00 15341700
20060512 533.00 535.50 525.50 527.50 18578500
20060515 525.00 530.63 516.37 520.00 13616700
20060516 520.00 537.72 520.00 537.00 30161000
20060517 535.50 538.29 527.00 527.00 15617600
20060518 527.00 532.50 510.00 515.50 36183200
20060519 514.50 516.00 497.50 505.00 20578400
20060522 506.00 516.00 495.00 514.00 21432500
20060523 514.00 519.50 511.97 518.50 16313900
20060524 511.00 512.50 501.50 507.00 9009800
20060525 509.00 514.10 503.50 508.50 16190900
20060526 511.00 519.50 511.00 517.00 8730500
20060529 517.00 517.00 517.00 517.00 0
20060530 513.00 516.00 507.50 510.50 11039400
20060531 509.50 514.50 508.49 511.50 10299500
20060601 510.00 512.00 505.73 511.00 16039200
20060602 514.00 518.00 509.50 512.50 22216300
20060605 514.00 514.00 508.90 511.00 11810000
20060606 509.00 509.27 503.00 503.00 7674800
20060607 506.00 515.23 503.00 513.50 14647100
20060608 503.00 513.50 501.89 503.00 16283900
20060609 507.00 512.27 502.70 508.50 14060600
20060612 508.00 550.00 505.70 508.00 4937300
20060613 501.50 508.00 497.64 504.50 14220200
20060614 506.00 508.50 502.23 505.00 9396800
20060615 506.00 510.00 501.00 508.00 12611800
20060616 514.50 514.50 499.00 499.00 17787800
20060619 500.50 505.15 501.61 502.50 7288500
20060620 500.50 506.11 492.73 505.00 15161100
20060621 507.50 513.00 504.65 511.50 11499600
20060622 518.50 526.61 515.73 521.50 17284800
20060623 520.50 525.52 515.50 518.00 14476400
20060626 513.00 517.75 506.85 512.00 15375900
20060627 514.00 515.50 511.00 511.00 20449300
20060628 511.50 518.16 509.00 511.00 10365900
20060629 515.00 515.00 510.00 513.00 10493600
20060630 519.00 523.50 515.00 521.50 10607500
20060703 521.00 527.50 519.50 526.00 11953600
20060704 525.00 526.00 522.00 526.00 5506700
20060705 525.00 528.00 521.50 525.00 19981900
20060706 525.00 528.50 524.00 527.00 7887500
20060707 526.00 530.00 522.50 524.50 8749300
20060710 525.00 527.00 521.50 527.00 11427000
20060711 526.50 529.00 524.50 528.50 9136900
20060712 529.50 532.50 525.00 528.50 15143300
20060713 526.50 528.50 522.50 525.00 21944900
20060714 522.00 527.00 522.00 523.00 8044400
20060717 523.00 524.50 519.50 524.00 9846500
20060718 523.50 526.00 520.00 521.00 10964000
20060719 525.50 529.50 520.00 529.50 7388700
20060720 530.50 532.00 523.00 524.00 19547200
20060721 523.50 529.00 515.50 518.00 26632600
20060724 517.00 524.00 514.00 522.50 13897200
20060725 521.50 521.50 514.00 515.00 19173400
20060726 516.50 519.00 512.00 518.00 17691600
20060727 518.00 521.00 515.00 519.00 18614100
20060728 517.00 526.50 517.00 525.50 19330800
20060731 523.00 526.50 519.00 523.50 15825100
20060801 521.00 531.00 518.50 521.00 13934700
20060802 534.50 544.50 530.00 537.50 19682800
20060803 537.50 537.50 537.50 537.50 0
20060804 539.50 539.50 532.00 534.50 9440500
20060807 531.50 531.50 524.50 525.00 7849900
20060808 528.00 535.00 525.00 531.00 11783500
20060809 534.00 535.00 526.50 531.00 5792100
20060810 527.50 535.50 524.00 534.00 14748400
20060811 533.00 539.00 531.50 538.50 11939300
20060814 542.00 547.00 538.00 545.50 8896200
20060815 546.00 553.50 541.50 552.50 9259500
20060816 551.00 554.00 543.50 551.00 13737500
20060817 554.00 556.50 548.50 555.00 14683500
20060818 553.50 556.00 548.50 554.00 7265700
20060821 555.50 560.50 549.00 557.50 7769600
20060822 557.50 560.00 549.50 551.00 9528700
20060823 554.00 556.00 551.00 554.50 8596900
20060824 554.00 555.50 550.50 553.50 6027800
20060825 552.50 557.00 549.00 555.00 8675100
20060828 555.00 555.00 555.00 555.00 0
20060829 560.00 565.00 559.50 561.50 6327900
20060830 563.00 563.00 551.50 556.50 12626800
20060831 559.50 563.00 555.00 559.00 9993400
20060901 559.00 562.00 555.50 559.00 4118400
20060904 560.00 560.00 553.50 560.00 6176700
20060905 557.50 561.00 551.00 560.00 7741000
20060906 557.50 561.00 557.00 559.50 8511000
20060907 559.00 561.00 554.50 560.00 4668400
20060908 562.50 566.00 560.00 564.50 4711400
20060911 564.00 565.00 556.00 558.00 6812200
20060912 557.50 559.00 549.00 555.00 10045300
20060913 559.50 561.50 555.00 559.00 7681300
20060914 558.50 560.00 554.50 556.00 7851500
20060915 554.50 563.00 554.00 562.00 11820400
20060918 561.00 566.00 555.00 557.50 7838900
20060919 555.50 557.00 553.00 556.00 5438200
20060920 554.00 559.50 551.00 558.00 6208000
20060921 560.00 560.00 553.00 556.00 7478000
20060922 551.00 552.50 546.00 550.50 10357100
20060925 550.50 557.50 550.00 556.50 9109400
20060926 558.00 569.50 555.00 567.50 14241100
20060927 567.00 572.50 565.50 571.50 13009200
20060928 570.00 575.00 567.00 572.50 6020400
20060929 571.00 574.00 567.00 568.50 7302800
20061002 562.00 571.00 562.00 563.00 7610000
20061003 572.50 572.50 557.50 560.50 8095200
20061004 564.00 568.50 562.00 566.00 6580400
20061005 566.50 570.50 562.50 565.50 13300100
20061006 568.00 568.00 561.50 564.50 6095800
20061009 565.00 565.00 556.50 561.00 8231400
20061010 560.50 561.50 551.50 551.50 12588900
20061011 554.00 555.50 550.50 555.00 10095700
20061012 553.50 566.00 551.50 560.50 7485000
20061013 562.50 565.00 556.00 557.50 4960800
20061016 555.00 557.50 545.50 556.00 19614600
20061017 554.50 555.00 547.50 549.50 6885300
20061018 549.50 552.50 543.00 543.00 20866800
20061019 541.00 547.00 532.00 543.00 22333500
20061020 545.50 545.50 535.50 539.00 13147500
20061023 541.00 545.50 538.00 544.50 7774600
20061024 543.00 546.00 538.00 542.00 15030900
20061025 540.50 548.50 538.00 546.00 17181500
20061026 537.00 544.00 530.50 540.00 28085900
20061027 538.00 541.00 535.00 537.00 34145000
20061030 534.50 536.00 524.00 529.00 18109100
20061031 529.00 530.50 523.00 527.50 19775200
20061101 526.00 535.00 526.00 530.50 15929900
20061102 530.00 530.50 524.00 524.00 12318200
20061103 524.00 526.50 517.00 517.50 31472700
20061106 520.50 528.50 520.50 526.00 10134000
20061107 524.50 528.00 521.00 523.00 12402400
20061108 522.00 525.00 518.50 523.50 9998200
20061109 521.50 530.50 521.50 529.50 10895500
20061110 528.50 540.00 526.00 536.00 17384600
20061113 536.00 540.00 529.00 533.00 12949400
20061114 532.00 535.50 529.50 532.50 11418600
20061115 530.00 530.00 523.00 527.00 21817500
20061116 525.00 539.50 525.00 532.00 14827900
20061117 533.00 551.00 531.00 541.50 24297100
20061120 537.50 545.50 536.00 540.00 12904800
20061121 541.50 542.50 537.00 539.00 11290100
20061122 539.00 545.00 537.00 542.50 13253500
20061123 543.00 543.00 533.50 541.00 7133000
20061124 541.50 542.50 535.50 538.50 8030000
20061127 538.00 540.00 526.50 527.50 8763900
20061128 524.50 530.00 521.00 526.50 14161100
20061129 528.00 533.00 526.00 531.50 6207500
20061130 530.00 533.50 522.50 523.50 8353500
20061201 523.50 530.50 515.50 517.50 16884200
20061204 519.50 531.00 517.50 528.00 10891800
20061205 528.00 530.00 524.00 528.50 9778200
20061206 526.50 532.00 526.50 530.00 11385400
20061207 531.00 539.00 524.50 537.00 15708900
20061208 535.00 539.50 532.00 537.00 9613100
20061211 537.00 538.00 534.50 535.00 8397400
20061212 533.50 554.50 533.00 542.50 28500700
20061213 540.50 548.00 539.50 545.00 10560300
20061214 545.00 547.00 535.00 539.00 15271800
20061215 540.00 543.50 537.00 540.00 17762500
20061218 537.50 543.50 537.00 540.00 18686800
20061219 539.50 544.00 536.50 538.00 6283500
20061220 542.00 546.50 537.50 541.50 19022400
20061221 540.00 543.50 540.00 540.50 9457200
20061222 537.00 546.50 537.00 546.50 2308600
20061225 546.50 546.50 546.50 546.50 0
20061226 546.50 546.50 546.50 546.50 0
20061227 543.00 553.50 536.50 550.00 7839900
20061228 553.50 554.00 548.50 550.00 9199200
20061229 548.00 551.00 545.00 546.50 2163700
20070101 546.50 546.50 546.50 546.50 0
20070102 546.00 548.50 544.00 548.00 14305700
20070103 546.50 551.00 545.50 549.50 10352300
20070104 548.00 550.50 547.00 549.00 14106300
20070105 545.50 548.00 542.00 546.50 15485100
20070108 547.00 549.50 539.00 542.00 13813200
20070109 542.00 545.50 539.50 540.50 12341300
20070110 540.50 544.00 537.50 541.50 17920800
20070111 543.50 546.00 541.00 543.00 27094100
20070112 542.50 548.50 542.50 546.50 13402800
20070115 547.00 556.00 544.00 553.50 5577400
20070116 554.00 560.00 551.50 553.50 12254900
20070117 554.50 559.50 554.00 557.00 12275900
20070118 556.50 563.00 551.50 557.00 12953400
20070119 557.00 562.00 554.00 560.00 11957100
20070122 560.00 562.00 555.50 558.00 6320800
20070123 555.00 558.50 550.50 554.00 8783000
20070124 553.00 562.00 551.50 560.50 8178000
20070125 560.00 563.50 557.50 560.00 9887000
20070126 554.50 574.50 553.50 564.00 26127400
20070129 562.50 571.50 562.50 568.50 21147700
20070130 568.50 578.50 568.00 576.50 15294400
20070131 573.00 578.00 570.50 575.00 18896600
20070201 577.00 580.00 574.00 577.00 13092300
20070202 574.50 580.00 574.00 579.00 11233300
20070205 576.50 583.00 575.50 578.00 10232500
20070206 576.50 583.00 576.50 581.00 7005600
20070207 579.50 580.50 573.50 578.50 13996900
20070208 577.00 578.50 568.00 576.50 12462300
20070209 576.50 580.00 572.50 573.00 10720800
20070212 567.00 573.00 567.00 570.00 11785600
20070213 573.50 573.50 566.00 571.00 17443900
20070214 569.50 572.00 560.00 570.00 22471900
20070215 568.00 579.50 567.00 575.50 18174900
20070216 574.50 577.50 571.00 575.00 9745400
20070219 577.00 578.00 570.00 576.50 10570200
20070220 567.00 574.00 558.50 564.00 38110100
20070221 567.00 569.50 557.00 559.00 17332800
20070222 563.50 569.50 557.50 561.00 23717600
20070223 561.00 565.50 560.50 565.50 7853500
20070226 565.00 572.00 564.00 566.50 12998100
20070227 562.50 565.50 549.50 552.00 17519300
20070228 546.00 552.00 542.00 545.00 14552400
20070301 546.50 552.50 538.50 542.50 28394000
20070302 543.00 546.50 533.00 541.50 27033500
20070305 532.00 534.00 525.00 529.00 13550600
20070306 532.00 534.00 524.50 532.00 23119500
20070307 527.50 542.00 527.50 541.00 10346400
20070308 547.50 547.50 537.50 544.50 17425800
20070309 543.50 546.50 539.50 540.00 17327200
20070312 544.00 547.00 537.00 545.00 10163400
20070313 546.00 609.50 546.00 602.00 124629400
20070314 590.00 605.00 590.00 602.00 54676800
20070315 642.00 645.00 620.00 620.00 96107200
20070316 620.00 620.50 610.00 610.50 19912700
20070319 612.50 621.00 609.00 620.00 50174300
20070320 621.00 637.00 621.00 635.00 16781000
20070321 635.00 651.50 633.00 645.00 30897800
20070322 649.00 652.00 638.50 639.50 22903300
20070323 636.50 655.00 636.00 653.50 15207800
20070326 651.00 653.50 644.50 647.50 17560100
20070327 647.00 651.00 640.00 643.50 15800100
20070328 640.50 645.50 640.00 644.50 17808400
20070329 642.50 660.50 642.50 656.50 13465100
20070330 654.50 661.00 648.50 652.00 18886000
20070402 654.00 664.00 648.00 660.50 10190700
20070403 665.50 674.50 661.00 671.50 13046300
20070404 669.00 671.00 652.50 660.50 20487600
20070405 655.50 661.00 649.50 656.00 23675600
20070406 656.00 656.00 656.00 656.00 0
20070409 656.00 656.00 656.00 656.00 0
20070410 654.00 668.00 653.50 662.50 14043900
20070411 658.00 669.50 658.00 665.00 12837500
20070412 665.00 668.50 652.00 667.00 13170200
20070413 668.00 700.00 664.00 678.00 26341000
20070416 677.00 685.00 672.50 685.00 11056500
20070417 680.00 689.00 672.00 688.00 18698200
20070418 683.00 690.00 678.00 687.00 13475100
20070419 683.00 688.50 675.00 676.00 12939400
20070420 677.00 693.50 677.00 688.50 12596500
20070423 689.50 689.50 677.50 682.00 9065000
20070424 682.00 682.00 669.00 677.00 19900000
20070425 671.00 675.50 667.50 672.00 14494800
20070426 672.50 675.00 659.50 665.50 14916200
20070427 666.50 670.50 660.50 662.50 10085900
20070430 660.50 672.00 658.00 666.00 10963700
20070501 666.00 666.00 660.00 662.50 12443200
20070502 669.00 669.00 662.50 664.50 16858200
20070503 661.00 673.00 660.50 670.00 18828700
20070504 667.50 677.50 667.50 675.00 8196400
20070507 675.00 675.00 675.00 675.00 0
20070508 675.00 680.00 671.00 677.00 12371300
20070509 682.00 682.00 675.00 675.00 9016100
20070510 672.50 675.50 661.50 667.00 20351400
20070511 660.00 669.50 659.50 663.50 10574000
20070514 660.00 668.50 658.00 660.00 5955700
20070515 656.50 666.50 651.50 662.00 10234800
20070516 659.50 668.00 657.50 665.00 14781500
20070517 669.00 677.00 661.50 673.50 23988100
20070518 685.00 707.50 682.00 685.00 31723300
20070521 684.00 692.00 677.00 690.00 8985300
20070522 691.50 699.00 682.00 686.50 19241000
20070523 689.00 700.00 687.50 697.00 20805100
20070524 698.50 709.00 693.00 701.00 17754000
20070525 697.50 705.00 695.00 702.50 20631400
20070528 702.50 702.50 702.50 702.50 0
20070529 702.00 728.00 698.50 723.50 12524500
20070530 715.00 719.00 704.00 714.50 9497100
20070531 714.00 720.00 709.00 710.50 11019200
20070601 710.50 710.50 710.50 710.50 0
20070604 720.00 724.50 716.50 720.50 7050200
20070605 719.50 719.50 707.00 710.00 8033400
20070606 714.50 715.00 697.00 698.00 8903800
20070607 696.50 701.00 676.00 680.00 20494500
20070608 673.50 684.50 668.50 682.00 15922800
20070611 685.00 703.50 685.00 703.00 20384900
20070612 700.00 705.00 696.50 698.50 12315000
20070613 694.00 707.50 688.50 705.00 14876400
20070614 707.00 717.00 707.00 715.00 12758900
20070615 712.50 715.00 703.00 709.50 22742400
20070618 705.50 713.00 704.00 706.00 11706900
20070619 708.00 712.00 692.00 700.00 44792000
20070620 704.00 704.00 678.50 688.00 40333200
20070621 681.50 688.50 673.00 685.00 18368000
20070622 690.00 693.50 679.00 681.50 17913600
20070625 672.00 679.50 666.00 675.50 20756200
20070626 667.00 672.50 661.00 666.00 28004400
20070627 658.00 672.50 658.00 660.50 53957300
20070628 662.00 679.50 660.50 676.00 36740400
20070629 676.50 685.50 653.50 680.00 33531100
20070702 672.50 678.00 662.00 670.00 15567000
20070703 668.50 675.00 661.50 665.50 18588300
20070704 665.00 672.00 662.00 670.50 6400100
20070705 677.00 678.00 665.00 665.50 9575900
20070706 662.00 673.00 660.00 665.50 10941100
20070709 664.00 677.00 661.50 673.00 9653200
20070710 670.50 684.00 666.50 672.00 18546800
20070711 667.50 668.00 658.00 662.00 14781200
20070712 661.00 668.00 652.00 663.50 15042400
20070713 670.00 670.00 651.00 655.50 35708300
20070716 656.00 660.50 650.50 654.00 20941000
20070717 650.50 660.00 643.50 656.50 16086900
20070718 648.50 654.00 643.50 644.50 20190600
20070719 645.50 654.50 634.50 638.00 18753100
20070720 640.00 644.50 632.00 633.00 21042700
20070723 628.00 640.00 628.00 639.50 10766500
20070724 639.00 639.50 619.00 623.00 26132900
20070725 618.50 634.50 612.50 616.00 24884400
20070726 614.50 615.00 580.00 589.50 26933800
20070727 577.50 607.50 559.50 603.50 29725600
20070730 600.00 610.50 577.00 595.00 22311200
20070731 594.50 620.50 587.50 620.00 22001900
20070801 600.00 600.00 564.00 569.00 32461400
20070802 578.50 590.50 566.50 587.00 42779600
20070803 592.00 593.00 575.00 579.00 33995500
20070806 572.50 577.00 563.00 566.00 19814400
20070807 568.50 574.00 564.00 571.00 20386200
20070808 577.50 593.00 571.50 589.00 22723400
20070809 590.50 599.00 581.50 587.50 22210900
20070810 587.50 587.50 561.00 562.50 22379300
20070813 564.00 579.50 561.00 575.50 8162600
20070814 567.50 570.00 554.00 556.00 11112000
20070815 547.00 558.00 538.50 551.50 24206200
20070816 540.00 543.50 521.50 534.50 34969700
20070817 529.00 558.00 514.00 557.50 43322300
20070820 554.50 568.00 551.00 553.00 12880000
20070821 560.00 560.00 530.50 546.50 18958800
20070822 545.50 567.50 545.00 565.00 21421700
20070823 570.00 573.50 564.50 565.00 15491800
20070824 563.50 571.50 559.00 569.00 11465000
20070827 569.00 569.00 569.00 569.00 0
20070828 565.00 577.50 560.00 562.50 12067700
20070829 547.00 579.00 547.00 576.50 17578400
20070830 574.50 593.00 571.50 579.00 11423700
20070831 571.50 588.00 571.50 586.00 11739000
20070903 591.50 593.00 582.00 585.00 8374300
20070904 585.50 592.50 580.00 590.00 9202900
20070905 585.50 589.00 573.50 574.00 7827700
20070906 576.00 580.50 561.00 564.00 24283500
20070907 562.50 570.00 554.50 556.50 14621700
20070910 556.00 563.00 549.00 549.50 7027300
20070911 553.00 567.50 553.00 566.00 13582500
20070912 563.00 577.50 558.00 576.50 23547100
20070913 572.50 589.50 570.00 587.50 15278800
20070914 575.00 587.50 572.00 580.00 24304400
20070917 576.00 579.50 567.00 570.00 18601700
20070918 563.50 580.00 559.00 578.00 16044900
20070919 590.00 600.00 585.00 594.00 20203700
20070920 593.50 595.50 570.00 573.00 14209800
20070921 570.00 576.50 565.50 570.50 22563800
20070924 568.50 572.50 565.00 570.00 8722700
20070925 567.50 569.50 555.00 561.50 15527900
20070926 566.50 569.00 560.00 564.50 7739300
20070927 568.00 582.00 568.00 573.50 15391600
20070928 579.00 579.00 559.50 567.00 21544700
20071001 557.00 572.50 553.00 570.00 9721700
20071002 573.50 583.50 566.00 580.50 9334600
20071003 583.00 593.50 579.00 587.00 17120200
20071004 583.50 589.50 580.00 585.00 27646200
20071005 585.50 606.50 585.50 600.00 13754400
20071008 599.00 607.50 596.00 597.50 11555100
20071009 599.00 615.00 596.50 600.50 18060300
20071010 610.50 618.00 596.00 616.00 35284500
20071011 614.50 616.00 603.00 603.00 16558700
20071012 603.00 603.50 596.50 602.50 8591100
20071015 602.00 609.50 599.50 602.50 7987100
20071016 604.50 609.00 602.00 605.50 14073200
20071017 608.00 632.00 608.00 617.50 20550400
20071018 617.00 628.00 612.00 620.00 18951900
20071019 622.00 624.00 613.00 614.00 10897500
20071022 601.00 614.50 600.50 613.00 10413200
20071023 622.00 622.00 610.00 612.00 13627100
20071024 614.00 618.00 609.00 612.50 7660800
20071025 614.50 624.50 610.50 621.00 30350300
20071026 624.00 628.00 614.50 620.50 15567000
20071029 626.00 635.50 621.50 624.00 8314100
20071030 621.00 643.50 621.00 635.00 13567200
20071031 634.00 644.00 632.00 636.00 8396900
20071101 631.00 637.00 624.00 624.50 7979700
20071102 623.00 630.50 612.00 614.00 11030500
20071105 610.00 621.00 610.00 613.00 7153800
20071106 613.50 613.50 597.00 602.50 8559100
20071107 604.00 605.00 591.00 594.00 8484300
20071108 594.00 608.00 584.00 593.50 10448000
20071109 598.50 605.00 590.50 600.00 9668500
20071112 595.50 608.00 595.50 602.00 7714500
20071113 597.00 621.50 597.00 619.50 8717600
20071114 622.00 628.00 613.00 616.50 9530600
20071115 618.00 620.00 608.00 609.50 7747500
20071116 606.50 622.50 605.50 612.50 9562400
20071119 615.50 616.00 597.00 597.00 6424200
20071120 605.00 613.50 601.50 612.50 10858500
20071121 605.00 608.50 590.00 592.50 15519900
20071122 595.50 600.00 590.50 598.00 4281500
20071123 593.50 600.00 590.50 595.00 4731300
20071126 600.00 604.00 592.00 598.00 4469700
20071127 593.00 600.50 587.50 598.50 5915900
20071128 604.50 615.00 600.50 615.00 8554600
20071129 618.00 618.50 603.00 613.00 4956400
20071130 613.50 624.00 610.50 623.00 8175400
20071203 620.00 628.00 615.00 625.00 6102500
20071204 623.00 629.50 620.00 626.00 9674200
20071205 627.00 638.50 623.50 637.50 11546400
20071206 638.00 640.00 629.50 637.50 6177200
20071207 639.50 640.00 630.00 633.00 6864400
20071210 635.50 647.00 635.50 640.00 7974800
20071211 644.50 644.50 625.00 629.00 9395900
20071212 628.00 638.50 622.00 632.00 12757100
20071213 625.00 631.00 612.50 613.50 8822700
20071214 612.50 617.50 605.00 609.50 6210300
20071217 600.00 613.50 600.00 608.00 5870900
20071218 602.00 630.00 602.00 623.00 13435900
20071219 625.00 628.50 619.00 625.00 8039700
20071220 628.50 638.00 626.50 631.00 11903900
20071221 639.00 644.00 632.00 639.00 16554500
20071224 635.00 646.00 634.00 641.00 1661700
20071225 641.00 641.00 641.00 641.00 0
20071226 641.00 641.00 641.00 641.00 0
20071227 635.00 639.50 623.50 630.50 6721200
20071228 624.00 634.00 618.50 622.50 3041200
20071231 612.00 625.00 611.50 621.00 1903500
20080101 621.00 621.00 621.00 621.00 0
20080102 617.00 633.50 616.00 625.00 6482600
20080103 623.00 629.00 617.00 623.00 6758600
20080104 622.50 628.00 610.50 613.00 5597500
20080107 611.00 617.00 601.00 605.50 8771600
20080108 610.00 612.00 605.50 609.00 6621200
20080109 605.00 613.00 600.50 602.50 5254800
20080110 609.50 614.00 603.50 605.50 9113000
20080111 608.00 609.50 552.50 587.50 16195000
20080114 586.00 592.50 580.50 587.00 7678800
20080115 590.50 590.50 564.00 565.50 9807700
20080116 566.00 582.00 565.50 577.50 8931000
20080117 582.00 594.50 575.50 578.00 6931400
20080118 578.50 582.00 559.00 578.00 9085800
20080121 568.00 575.50 551.50 557.00 9718900
20080122 546.00 579.00 532.50 576.00 13458500
20080123 586.50 587.00 552.00 564.00 10014500
20080124 577.50 578.00 546.00 552.50 20123300
20080125 563.00 571.00 552.50 563.50 13543000
20080128 560.00 565.00 550.00 562.00 5989300
20080129 564.00 573.00 562.00 570.50 5834500
20080130 566.50 574.50 561.00 565.00 6105000
20080131 565.00 574.00 540.00 552.50 13557700
20080201 553.50 568.00 553.50 567.00 8904400
20080204 575.50 576.00 561.50 567.00 4949800
20080205 574.50 577.50 561.50 564.00 11772900
20080206 562.00 587.00 562.00 585.00 12335500
20080207 584.50 585.00 563.50 573.00 8186000
20080208 576.50 589.00 576.50 586.50 5516400
20080211 579.00 582.50 570.50 576.00 6648700
20080212 583.00 588.00 573.00 587.50 6074900
20080213 584.50 595.00 580.00 593.50 10645900
20080214 595.00 600.00 583.50 586.00 7231100
20080215 587.50 598.00 580.50 597.00 10760100
20080218 598.00 612.50 589.50 612.50 9429900
20080219 589.00 590.50 572.00 579.50 23884300
20080220 577.50 583.50 564.00 579.50 12100500
20080221 580.00 587.00 572.50 575.50 10621100
20080222 573.00 580.50 568.50 576.00 7035800
20080225 579.00 586.50 575.50 584.00 4896400
20080226 587.50 592.00 574.50 579.50 8059300
20080227 584.00 584.00 564.50 579.50 12519900
20080228 576.50 583.50 566.00 570.00 7446600
20080229 567.50 573.50 560.00 563.00 7439100
20080303 558.00 566.50 553.00 556.00 7174800
20080304 556.00 563.50 540.00 549.00 11020500
20080305 550.00 557.00 546.50 553.50 11290300
20080306 555.00 561.00 550.00 555.00 7645000
20080307 550.00 555.00 541.50 546.00 8742500
20080310 542.00 553.00 537.50 539.50 7471700
20080311 555.00 568.50 549.50 561.00 14564200
20080312 570.00 575.50 563.00 565.00 9591000
20080313 556.00 569.00 555.00 564.50 7593700
20080314 566.50 570.50 557.00 562.50 8438300
20080317 553.00 559.00 545.00 546.00 10136200
20080318 549.00 559.00 543.00 559.00 9628400
20080319 561.00 569.50 557.00 562.50 10241700
20080320 561.00 569.00 557.00 560.00 11074200
20080321 560.00 560.00 560.00 560.00 0
20080324 560.00 560.00 560.00 560.00 0
20080325 573.50 578.50 566.50 578.50 8321700
20080326 586.00 590.00 572.50 572.50 9338100
20080327 574.50 579.00 561.50 575.00 14946100
20080328 575.50 578.50 558.50 559.00 6184800
20080331 551.50 559.50 548.00 553.50 10236500
20080401 555.00 574.50 549.00 572.50 5438000
20080402 572.00 580.00 562.50 567.00 5882800
20080403 571.00 581.00 571.00 576.00 8262000
20080404 574.00 578.00 570.50 576.50 6819000
20080407 576.00 589.00 576.00 586.00 7705700
20080408 584.50 594.50 580.00 586.50 8628300
20080409 585.50 586.50 578.50 582.00 5494500
20080410 575.50 587.50 571.50 578.50 7047500
20080411 569.00 572.50 560.00 563.50 8915500
20080414 555.50 562.50 554.50 559.50 5756800
20080415 560.50 566.00 553.50 556.50 7808200
20080416 561.50 561.50 544.00 561.50 7251300
20080417 558.00 561.00 552.00 557.00 5239400
20080418 556.00 578.50 556.00 573.50 13343900
20080421 561.00 572.00 561.00 565.50 8323200
20080422 560.00 567.00 559.00 561.00 5710300
20080423 563.50 563.50 551.00 561.50 9344400
20080424 558.00 573.00 557.00 567.50 9458600
20080425 568.50 570.00 560.00 563.50 8122100
20080428 578.00 587.00 570.00 579.00 21637100
20080429 570.50 582.50 569.00 578.50 11686600
20080430 577.00 588.50 573.00 583.00 17945700
20080501 585.00 585.00 570.00 574.50 7090800
20080502 622.00 646.00 622.00 640.00 10782100
20080506 635.00 650.50 635.00 642.50 7055800
20080512 645.00 655.00 644.50 653.50 3826100
20080514 646.00 652.50 643.50 647.00 6339400
20080515 660.00 690.00 655.50 672.00 15101200
20080516 674.50 684.00 674.50 676.50 8254200
20080519 677.00 693.50 674.00 689.50 6783400
20080520 683.50 692.50 677.00 678.00 18777900
20080521 681.50 685.00 675.00 681.50 7572200
20080522 676.00 721.00 676.00 698.00 15050500
20080523 695.50 696.50 683.00 688.00 10145100
20080527 681.50 710.00 681.50 704.50 7072300
20080528 704.00 705.50 677.50 680.50 14737200
20080529 685.00 696.00 683.50 692.00 7339200
20080530 695.00 697.50 672.50 674.00 9007000
20080602 674.00 687.00 674.00 676.50 4937500
20080603 676.00 693.00 674.00 691.50 6078000
20080604 681.50 690.50 675.00 683.00 4705900
20080605 688.00 693.50 681.00 686.00 5118700
20080606 680.00 695.00 674.50 676.50 5131400
20080610 670.00 679.50 665.00 672.00 6214200
20080611 670.00 671.00 652.00 652.50 4918300
20080612 649.00 665.00 649.00 660.50 5175700
20080613 656.00 658.00 639.00 652.00 8541600
20080616 640.00 657.50 630.00 633.00 14231000
20080617 635.00 655.50 635.00 642.00 7148200
20080618 640.00 641.50 618.50 625.00 8725600
20080619 640.00 642.00 624.00 628.00 7671900
20080620 631.50 638.00 624.50 633.00 6793600
20080623 633.00 638.00 627.00 636.50 3751200
20080624 635.50 643.50 631.00 640.50 6549000
20080625 639.50 647.50 631.50 635.50 7456200
20080626 630.00 635.00 618.00 618.50 6093800
20080627 621.00 624.50 606.00 609.50 8013800
