20030422 1513.12 1530.90 1478.55 1527.94 1029079
20030423 1511.15 1547.69 1507.20 1509.17 1472847
20030424 1482.51 1550.66 1480.53 1481.52 1237852
20030425 1461.76 1491.39 1461.76 1475.59 1022093
20030428 1433.62 1496.33 1433.62 1495.84 635024
20030429 1496.33 1534.85 1496.33 1534.85 1043659
20030430 1531.89 1559.54 1530.90 1542.75 930464
20030501 1549.67 1549.67 1496.33 1514.61 309311
20030502 1521.03 1574.85 1494.36 1573.87 831242
20030505 1573.87 1573.87 1573.87 1573.87 0
20030506 1608.93 1609.92 1567.94 1605.97 1484895
20030507 1590.16 1639.55 1590.16 1639.55 1409669
20030508 1638.56 1638.56 1604.48 1610.90 938058
20030509 1609.92 1618.81 1595.10 1615.84 1520130
20030512 1615.84 1626.71 1605.47 1620.78 423315
20030513 1617.82 1659.30 1617.82 1655.84 715718
20030514 1643.99 1662.26 1624.73 1634.61 1297588
20030515 1623.25 1681.03 1623.25 1678.56 1132655
20030516 1689.92 1713.62 1669.18 1688.93 2041656
20030519 1606.46 1671.15 1606.46 1657.32 1742368
20030520 1657.32 1667.20 1642.51 1659.30 638466
20030521 1645.47 1645.47 1599.05 1615.84 954764
20030522 1612.88 1633.62 1600.04 1627.69 525575
20030523 1629.67 1639.55 1614.85 1624.73 771911
20030526 1624.73 1624.73 1624.73 1624.73 0
20030527 1592.14 1643.50 1592.14 1637.57 579439
20030528 1632.63 1687.94 1632.63 1670.16 823243
20030529 1675.10 1687.94 1670.16 1682.02 526993
20030530 1670.16 1719.55 1665.23 1693.87 849871
20030602 1703.75 1760.04 1679.05 1751.15 521627
20030603 1743.25 1749.18 1710.66 1746.22 276608
20030604 1749.18 1793.62 1734.36 1767.94 749231
20030605 1808.44 1808.44 1748.19 1748.19 622267
20030606 1764.98 1787.70 1739.30 1775.85 698202
20030609 1751.15 1767.94 1729.43 1738.31 399522
20030610 1728.44 1776.83 1713.62 1725.47 581565
20030611 1724.49 1733.38 1708.68 1719.55 699215
20030612 1728.44 1799.55 1728.44 1777.82 1465557
20030613 1772.88 1796.59 1767.94 1782.76 657906
20030616 1782.76 1782.76 1736.34 1767.94 378260
20030617 1776.83 1797.58 1769.92 1783.75 822737
20030618 1777.82 1782.76 1738.31 1772.88 411976
20030619 1771.90 1782.76 1738.31 1738.31 194395
20030620 1730.41 1782.76 1705.72 1777.82 995668
20030623 1777.82 1783.75 1736.34 1749.18 639378
20030624 1749.18 1767.94 1738.31 1739.30 668537
20030625 1774.86 1774.86 1629.67 1716.59 1928258
20030626 1682.02 1763.99 1682.02 1755.10 970761
20030627 1780.78 1822.27 1767.94 1812.39 932388
20030630 1783.75 1853.87 1782.76 1818.32 1242914
20030701 1825.23 1837.08 1783.75 1786.71 924997
20030702 1806.46 1841.03 1786.71 1789.67 578933
20030703 1777.82 1807.45 1758.07 1802.51 496112
20030704 1800.54 1841.03 1786.71 1789.67 269520
20030707 1782.76 1841.03 1782.76 1834.12 812308
20030708 1822.27 1888.44 1818.32 1855.85 1000426
20030709 1842.02 1856.84 1817.33 1822.27 786490
20030710 1842.02 1842.02 1782.76 1813.38 268002
20030711 1809.43 1836.09 1808.44 1818.32 222947
20030714 1828.19 1851.90 1813.38 1837.08 377450
20030715 1841.03 1853.87 1817.33 1833.13 424733
20030716 1850.91 1866.71 1824.24 1834.12 731715
20030717 1807.45 1841.03 1763.99 1831.16 362263
20030718 1827.21 1827.21 1795.60 1812.39 356796
20030721 1812.39 1834.12 1812.39 1823.25 419670
20030722 1843.01 1851.90 1832.14 1837.08 482748
20030723 1856.84 1896.34 1856.84 1867.70 865058
20030724 1875.60 1888.44 1867.70 1867.70 424024
20030725 1875.60 1879.55 1846.96 1867.70 451968
20030728 1866.71 2009.93 1866.71 1891.40 567998
20030729 1907.21 1935.85 1904.24 1923.01 433339
20030730 1923.01 1937.83 1916.10 1932.89 363276
20030731 1940.79 1959.55 1933.87 1951.65 492164
20030801 1956.59 1965.48 1939.80 1947.70 292909
20030804 1947.70 1965.48 1917.08 1929.92 264559
20030805 1940.79 1965.48 1940.79 1952.64 410761
20030806 1950.67 1950.67 1925.97 1941.78 759558
20030807 1946.71 1958.57 1930.91 1946.71 300603
20030808 1989.18 1989.18 1934.86 1949.68 487304
20030811 1945.73 1965.48 1945.73 1955.60 367325
20030812 1933.87 1970.42 1933.87 1964.49 893509
20030813 1935.85 1999.06 1935.85 1995.11 800969
20030814 2004.00 2019.80 1987.21 2010.91 957497
20030815 2014.86 2093.88 2014.86 2074.13 1170016
20030818 1985.23 2105.73 1985.23 2105.73 513831
20030819 2123.51 2133.39 2084.99 2094.87 614471
20030820 2098.82 2102.77 2086.97 2098.82 644541
20030821 2076.10 2118.57 2076.10 2099.80 481128
20030822 2093.88 2150.18 2093.88 2118.57 243196
20030825 2118.57 2118.57 2118.57 2118.57 0
20030826 2064.25 2153.14 2049.43 2058.32 516969
20030827 2052.40 2083.01 2052.40 2063.26 211708
20030828 2054.37 2066.22 2001.04 2019.80 527702
20030829 2018.82 2053.38 2015.85 2029.68 297870
20030901 2030.67 2054.37 2004.99 2046.47 360643
20030902 2025.73 2047.46 2001.04 2025.73 430301
20030903 2025.73 2151.16 2025.73 2109.68 1343351
20030904 2087.95 2104.74 2068.20 2074.13 692937
20030905 2088.94 2089.93 2044.49 2065.24 721287
20030908 2070.17 2065.24 2026.86 2048.45 253422
20030909 2048.45 2088.94 2004.00 2008.94 329256
20030910 2000.05 1999.26 1967.46 1956.59 718857
20030911 1948.69 1950.67 1921.03 1941.78 477078
20030912 1970.42 2000.05 1945.73 1965.48 705290
20030915 1975.36 2047.46 1966.47 2042.52 935931
20030916 2039.56 2084.00 2024.74 2079.06 610319
20030917 2102.77 2110.67 2039.56 2046.47 859287
20030918 2064.25 2093.88 1995.11 2037.58 928034
20030919 1997.09 2107.71 1997.09 2050.42 1196036
20030922 2030.67 2045.48 1966.47 2013.88 1016727
20030923 2021.78 2051.41 2036.59 2037.58 902115
20030924 2044.49 2074.13 2009.93 2009.93 926515
20030925 1985.23 1996.10 1929.92 1988.20 1018246
20030926 1982.27 1986.22 1929.92 1932.89 1041938
20030929 1925.97 1956.59 1901.28 1920.05 766544
20030930 1931.90 1931.90 1876.59 1896.34 721692
20031001 1882.52 1938.81 1881.53 1938.81 778289
20031002 1939.80 1952.64 1916.10 1945.73 589969
20031003 1975.36 1987.21 1934.86 1956.59 750851
20031006 1967.46 1982.27 1963.51 1976.34 588248
20031007 1955.60 1983.26 1953.63 1966.47 680687
20031008 1966.47 2001.04 1955.60 1995.11 853921
20031009 1972.39 2000.05 1967.46 1990.17 704581
20031010 1969.43 1990.17 1956.59 1985.23 700227
20031013 1983.26 1998.07 1970.42 1995.11 473737
20031014 2003.01 2010.91 1956.59 1970.42 230540
20031015 1988.20 2004.00 1967.46 1980.30 1132655
20031016 1955.60 1990.17 1940.79 1985.23 1287868
20031017 1975.36 1989.18 1947.70 1949.68 400028
20031020 1961.53 1977.33 1922.02 1943.75 386765
20031021 1975.36 1975.36 1915.11 1920.05 567694
20031022 1921.03 1932.89 1868.69 1868.69 932287
20031023 1874.61 1889.43 1848.93 1876.59 544812
20031024 1888.44 1904.24 1866.71 1892.39 751965
20031027 2013.88 2013.88 1881.53 1927.95 1137718
20031028 1908.20 1973.38 1908.20 1942.76 778897
20031029 1947.70 1967.46 1944.74 1955.60 944031
20031030 1955.60 2012.89 1955.60 1993.14 1005185
20031031 1988.20 2019.80 1975.36 2009.93 1224993
20031103 2014.86 2034.62 1982.27 2030.67 1331708
20031104 2035.61 2064.25 2011.90 2059.31 1064516
20031105 2025.73 2053.38 1991.16 2001.04 921554
20031106 1998.07 2037.58 1990.17 2019.80 564151
20031107 2024.74 2100.79 2024.74 2085.98 1787626
20031110 2068.20 2097.83 2057.33 2078.08 666816
20031111 2084.00 2085.98 2055.36 2074.13 378766
20031112 2061.29 2094.87 2061.29 2071.16 653653
20031113 2078.08 2144.25 2075.11 2079.06 781529
20031114 2073.14 2153.14 2051.41 2062.27 628443
20031117 2063.26 2063.26 2011.90 2013.88 584704
20031118 2013.88 2043.51 1977.33 1990.17 732323
20031119 1908.20 2000.05 1908.20 1966.47 511198
20031120 2002.02 2002.02 1943.75 1961.53 421797
20031121 1953.63 1993.14 1953.63 1985.23 324295
20031124 1978.32 1995.11 1969.43 1993.14 286429
20031125 1993.14 2006.96 1977.33 1995.11 584704
20031126 2000.05 2013.88 1992.15 1995.11 860300
20031127 1983.26 2032.64 1983.26 2017.83 281265
20031128 1999.06 2031.66 1999.06 2014.86 518488
20031201 2043.51 2044.49 2014.86 2024.74 580755
20031202 2004.99 2041.53 2004.99 2032.64 704277
20031203 2020.79 2050.42 2019.80 2027.70 726147
20031204 2034.62 2043.51 2004.99 2032.64 597664
20031205 2038.57 2054.37 2032.64 2044.49 784769
20031208 2059.31 2059.31 2034.62 2041.53 624494
20031209 2060.30 2137.34 2053.38 2133.39 1579359
20031210 2136.35 2136.35 2105.73 2124.50 757027
20031211 2126.47 2197.58 2126.47 2177.83 1777197
20031212 2187.09 2208.45 2172.89 2184.75 895939
20031215 2271.66 2271.66 2190.67 2202.52 516261
20031216 2197.58 2232.15 2161.04 2164.99 734550
20031217 2162.43 2185.73 2143.26 2143.26 751054
20031218 2172.89 2192.65 2092.89 2189.68 1163030
20031219 2217.34 2244.01 2171.91 2238.08 951726
20031222 2243.02 2269.69 2164.99 2235.12 405395
20031223 2194.62 2255.86 2194.62 2240.06 408634
20031224 2240.06 2257.83 2217.34 2233.14 35132
20031225 2233.14 2233.14 2233.14 2233.14 0
20031226 2233.14 2233.14 2233.14 2233.14 0
20031229 2190.67 2276.60 2190.67 2224.25 249271
20031230 2233.14 2264.75 2222.28 2234.13 191661
20031231 2330.92 2330.92 2220.30 2223.26 48902
20040101 2223.26 2223.26 2223.26 2223.26 0
20040102 2281.54 2281.54 2217.34 2240.06 212518
20040105 2212.40 2252.90 2212.40 2250.92 350822
20040106 2247.96 2270.67 2222.28 2225.24 266787
20040107 2249.93 2250.92 2217.34 2235.12 758546
20040108 2236.10 2267.71 2236.10 2254.87 676333
20040109 2251.91 2262.77 2246.97 2250.92 625000
20040112 2220.30 2254.87 2169.93 2220.30 355277
20040113 2198.57 2261.78 2198.57 2220.30 339280
20040114 2225.24 2311.17 2222.28 2291.41 945347
20040115 2321.04 2356.60 2283.51 2342.77 855440
20040116 2344.75 2421.79 2344.75 2421.79 863337
20040119 2400.06 2463.27 2400.06 2452.41 569517
20040120 2469.20 2469.20 2419.81 2428.70 654970
20040121 2419.81 2439.57 2409.94 2422.78 1030294
20040122 2436.60 2436.60 2400.06 2400.06 529929
20040123 2427.71 2439.57 2381.29 2407.96 927730
20040126 2463.27 2463.27 2392.16 2418.82 400636
20040127 2413.89 2432.65 2406.97 2424.75 527803
20040128 2418.82 2469.20 2414.87 2438.58 756521
20040129 2429.20 2519.57 2373.39 2505.74 1419692
20040130 2419.81 2577.84 2419.81 2478.09 1567918
20040202 2469.20 2513.64 2461.30 2507.72 853010
20040203 2545.25 2545.25 2489.94 2499.81 1024624
20040204 2484.01 2484.01 2433.64 2439.57 706100
20040205 2445.49 2478.09 2417.84 2474.14 691520
20040206 2505.74 2518.58 2444.50 2464.26 537624
20040209 2454.38 2505.74 2452.41 2452.41 570327
20040210 2442.53 2476.11 2419.81 2425.74 651021
20040211 2371.42 2440.55 2371.42 2407.96 554633
20040212 2412.90 2414.87 2409.94 2412.90 726552
20040213 2461.30 2473.15 2424.75 2472.16 1056112
20040216 2479.07 2493.89 2467.22 2488.95 323688
20040217 2498.83 2561.05 2498.83 2532.41 1752999
20040218 2532.41 2579.82 2491.91 2508.70 1022701
20040219 2508.70 2553.15 2504.75 2526.48 578933
20040220 2495.86 2548.21 2495.86 2500.80 472319
20040223 2514.63 2531.42 2482.04 2498.83 564556
20040224 2400.06 2533.40 2400.06 2478.09 871741
20040225 2469.20 2561.05 2459.32 2540.31 888345
20040226 2561.05 2561.05 2453.39 2516.61 1698021
20040227 2511.67 2513.64 2471.17 2476.11 969546
20040301 2483.02 2513.64 2445.49 2475.12 658412
20040302 2507.72 2527.47 2476.11 2515.62 785579
20040303 2521.54 2532.41 2487.96 2529.45 658716
20040304 2529.45 2546.24 2499.81 2527.47 749737
20040305 2498.83 2523.52 2481.05 2500.80 870627
20040308 2560.06 2560.06 2502.78 2506.73 301818
20040309 2557.10 2557.10 2461.30 2489.94 549571
20040310 2455.37 2550.19 2455.37 2547.22 898672
20040311 2484.01 2495.86 2414.87 2444.50 1196745
20040312 2481.05 2491.91 2336.85 2405.99 1378383
20040315 2465.25 2465.25 2337.84 2337.84 587640
20040316 2342.77 2383.27 2313.14 2346.72 1342541
20040317 2367.47 2434.63 2335.86 2427.71 878322
20040318 2433.64 2444.50 2356.60 2366.48 474142
20040319 2339.81 2456.36 2339.81 2444.50 1182773
20040322 2435.62 2455.37 2348.70 2391.17 664588
20040323 2396.11 2397.10 2356.60 2358.58 646262
20040324 2358.58 2457.34 2352.65 2373.39 640795
20040325 2383.27 2429.69 2375.37 2429.69 802892
20040326 2472.16 2480.06 2454.38 2469.20 657298
20040329 2469.20 2533.40 2469.20 2528.46 526588
20040330 2528.46 2543.27 2502.78 2514.63 571238
20040331 2450.43 2554.14 2450.43 2517.59 541066
20040401 2533.40 2533.40 2482.04 2503.77 556658
20040402 2541.30 2593.64 2485.00 2556.11 443362
20040405 2587.72 2587.72 2514.63 2570.93 608092
20040406 2581.79 2581.79 2540.31 2557.10 368439
20040407 2581.79 2603.52 2538.33 2558.09 500061
20040408 2502.78 2581.79 2502.78 2552.16 424935
20040409 2552.16 2552.16 2552.16 2552.16 0
20040412 2552.16 2552.16 2552.16 2552.16 0
20040413 2582.78 2586.73 2556.11 2567.96 370059
20040414 2524.51 2539.32 2514.63 2517.59 336546
20040415 2517.59 2527.47 2488.95 2513.64 554937
20040416 2482.04 2519.57 2482.04 2501.79 808765
20040419 2470.18 2504.75 2457.34 2476.11 732019
20040420 2488.95 2532.41 2483.02 2517.59 800057
20040421 2526.48 2556.11 2458.33 2476.11 972077
20040422 2480.06 2532.41 2479.07 2523.52 732120
20040423 2479.07 2639.08 2479.07 2538.33 632290
20040426 2520.56 2572.90 2520.56 2554.14 635834
20040427 2528.46 2543.27 2501.79 2505.74 601207
20040428 2537.35 2546.24 2515.62 2526.48 776770
20040429 2526.48 2533.40 2493.89 2507.72 412887
20040430 2518.58 2518.58 2484.01 2495.86 506136
20040503 2495.86 2495.86 2495.86 2495.86 0
20040504 2419.81 2540.31 2419.81 2464.26 738094
20040505 2513.64 2513.64 2452.41 2466.23 651628
20040506 2465.25 2483.02 2405.00 2429.69 622368
20040507 2419.81 2444.50 2380.31 2390.18 1051455
20040510 2310.18 2370.43 2298.33 2302.28 1190873
20040511 2323.02 2352.65 2291.41 2336.85 1368765
20040512 2345.74 2384.26 2325.98 2330.92 1408656
20040513 2330.92 2356.60 2318.08 2339.81 656691
20040514 2339.81 2383.27 2326.97 2344.75 731310
20040517 2349.69 2349.69 2281.54 2294.38 855743
20040518 2300.30 2320.06 2269.69 2317.09 458043
20040519 2305.24 2365.49 2305.24 2358.58 506035
20040520 2340.80 2357.59 2322.03 2340.80 583489
20040521 2328.95 2368.45 2317.09 2330.92 654160
20040524 2331.91 2372.40 2330.92 2360.55 491252
20040525 2325.00 2370.43 2325.00 2356.60 596347
20040526 2394.13 2409.94 2369.44 2397.10 614977
20040527 2377.34 2420.80 2386.23 2393.15 1006906
20040528 2370.43 2431.66 2370.43 2419.81 946866
20040531 2419.81 2419.81 2419.81 2419.81 0
20040601 2407.96 2413.89 2361.54 2367.47 505427
20040602 2362.53 2407.96 2362.53 2377.34 724324
20040603 2383.27 2355.61 2346.72 2355.61 537421
20040604 2335.86 2399.07 2335.86 2391.17 808157
20040607 2399.07 2413.89 2386.23 2408.95 257269
20040608 2407.96 2468.21 2407.96 2437.59 369958
20040609 2454.38 2490.93 2434.63 2465.25 1038495
20040610 2465.25 2503.77 2440.55 2458.33 869513
20040611 2441.54 2477.10 2441.54 2471.17 333104
20040614 2474.14 2477.10 2461.30 2475.12 641706
20040615 2468.21 2496.85 2466.23 2482.04 777682
20040616 2480.06 2527.47 2480.06 2488.95 1457761
20040617 2490.93 2559.08 2490.93 2523.52 1441764
20040618 2533.40 2553.15 2488.95 2548.21 1339707
20040621 2554.14 2569.94 2525.49 2562.04 464928
20040622 2563.03 2566.98 2532.41 2563.03 859388
20040623 2568.95 2594.63 2561.05 2589.69 858376
20040624 2602.53 2627.23 2599.57 2610.43 779605
20040625 2608.46 2635.13 2602.53 2624.26 444881
20040628 2617.35 2648.95 2595.62 2645.99 594322
20040629 2656.86 2666.73 2624.26 2663.77 540459
20040630 2658.83 2665.74 2645.00 2645.00 850377
20040701 2647.97 2689.45 2647.97 2676.61 875790
20040702 2696.36 2696.36 2671.67 2684.51 865159
20040705 2666.73 2689.45 2647.97 2655.87 343634
20040706 2655.87 2666.73 2634.14 2649.94 605662
20040707 2649.94 2674.63 2615.37 2626.24 784060
20040708 2632.16 2632.16 2602.53 2605.50 781428
20040709 2617.35 2617.35 2568.95 2580.80 757432
20040712 2580.80 2607.47 2572.90 2579.82 558785
20040713 2602.53 2602.53 2559.08 2572.90 422303
20040714 2572.90 2588.71 2548.21 2583.77 390106
20040715 2555.12 2572.90 2553.15 2553.15 723919
20040716 2548.21 2570.93 2533.40 2546.24 588248
20040719 2567.96 2567.96 2535.37 2542.28 466852
20040720 2542.28 2573.89 2512.65 2567.96 285720
20040721 2606.48 2606.48 2576.85 2592.66 441945
20040722 2564.01 2564.01 2511.67 2511.67 329864
20040723 2520.56 2539.32 2510.68 2511.67 378766
20040726 2517.59 2522.53 2473.15 2479.07 358517
20040727 2419.81 2504.75 2419.81 2498.83 783959
20040728 2567.96 2637.10 2541.30 2595.62 1377472
20040729 2589.69 2645.00 2589.69 2637.10 511401
20040730 2618.34 2667.72 2618.34 2656.86 449640
20040802 2666.73 2666.73 2615.37 2615.37 211101
20040803 2615.37 2665.74 2598.58 2624.26 258788
20040804 2581.79 2601.55 2572.90 2585.74 501276
20040805 2558.09 2603.52 2558.09 2565.00 355783
20040806 2534.38 2555.12 2453.39 2462.28 598879
20040809 2461.30 2461.30 2409.94 2446.48 766342
20040810 2452.41 2459.32 2416.85 2455.37 422607
20040811 2451.42 2462.28 2445.49 2458.33 483861
20040812 2444.50 2480.06 2439.57 2446.48 289567
20040813 2443.52 2452.41 2427.71 2435.62 706302
20040816 2444.50 2488.95 2427.71 2475.12 497530
20040817 2474.14 2528.46 2474.14 2509.69 451968
20040818 2522.53 2530.43 2494.88 2527.47 549470
20040819 2539.32 2587.72 2539.32 2550.19 630670
20040820 2554.14 2560.06 2530.43 2559.08 229224
20040823 2591.67 2593.64 2556.11 2573.89 259497
20040824 2576.85 2601.55 2566.98 2582.78 331180
20040825 2601.55 2601.55 2577.84 2584.76 571845
20040826 2587.72 2604.51 2584.76 2598.58 618217
20040827 2612.41 2633.15 2597.59 2623.27 618521
20040830 2623.27 2623.27 2623.27 2623.27 0
20040831 2614.39 2673.65 2612.41 2635.13 1002451
20040901 2674.63 2674.63 2613.40 2628.21 644642
20040902 2639.08 2639.08 2593.64 2634.14 647275
20040903 2642.04 2682.54 2589.69 2681.55 611231
20040906 2669.70 2706.24 2669.70 2692.41 135266
20040907 2692.41 2724.02 2681.55 2716.12 519500
20040908 2693.40 2735.87 2692.41 2715.13 429896
20040909 2715.13 2731.92 2687.47 2694.39 337255
20040910 2705.25 2721.05 2681.55 2694.39 686761
20040913 2710.19 2711.18 2691.42 2702.29 464523
20040914 2702.29 2724.02 2686.49 2696.36 292301
20040915 2681.55 2737.85 2681.55 2721.05 709441
20040916 2730.93 2739.82 2714.14 2734.88 268002
20040917 2776.36 2799.08 2716.12 2793.16 1748544
20040920 2782.29 2785.25 2747.72 2756.61 248765
20040921 2748.71 2791.18 2745.75 2786.24 521525
20040922 2735.87 2804.02 2735.87 2763.52 592399
20040923 2719.08 2763.52 2710.19 2746.73 745485
20040924 2729.94 2757.60 2727.97 2738.83 371274
20040927 2720.07 2780.32 2713.15 2719.08 373097
20040928 2688.46 2766.49 2688.46 2730.93 941703
20040929 2758.59 2758.59 2691.42 2705.25 765633
20040930 2725.99 2735.87 2680.56 2683.52 650312
20041001 2704.26 2756.61 2700.31 2752.66 610016
20041004 2767.48 2824.76 2762.54 2809.95 631784
20041005 2822.79 2840.56 2793.16 2826.74 506845
20041006 2824.76 2836.61 2800.07 2818.83 256966
20041007 2843.53 2843.53 2817.85 2834.64 725843
20041008 2815.87 2838.59 2799.08 2803.03 520817
20041011 2793.16 2823.77 2787.23 2815.87 200571
20041012 2787.23 2814.88 2785.25 2796.12 478090
20041013 2837.60 2861.30 2809.95 2811.92 411064
20041014 2836.61 2836.61 2781.30 2812.91 395979
20041015 2806.00 2818.83 2781.30 2815.87 352847
20041018 2843.53 2843.53 2807.97 2814.88 229831
20041019 2837.60 2879.08 2816.86 2823.77 596955
20041020 2809.95 2793.16 2783.28 2793.16 445894
20041021 2817.85 2844.51 2801.06 2820.81 548356
20041022 2797.11 2863.28 2797.11 2836.61 935729
20041025 2810.93 2835.63 2787.23 2822.79 1141160
20041026 2815.87 2845.50 2812.91 2838.59 641706
20041027 2845.50 2873.16 2828.71 2861.30 636846
20041028 2868.22 2896.86 2851.43 2861.30 327231
20041029 2874.14 2885.01 2840.56 2846.49 613357
20041101 2871.18 2891.92 2848.47 2885.01 552811
20041102 2905.75 2921.55 2891.92 2913.65 878220
20041103 2914.64 2938.34 2898.84 2912.66 642617
20041104 2930.44 2947.23 2900.81 2914.64 507857
20041105 2944.27 2982.79 2928.47 2938.34 654970
20041108 2963.04 2963.04 2876.12 2884.02 656387
20041109 2905.75 2918.59 2888.96 2907.73 630164
20041110 2907.73 2966.00 2907.73 2957.11 973899
20041111 2963.04 3005.51 2963.04 3004.52 1043861
20041112 3012.42 3050.94 2858.34 3012.42 1301334
20041115 2987.73 3023.28 2977.85 2978.84 535498
20041116 2982.79 3000.57 2918.59 2930.44 840253
20041117 2948.22 2970.94 2918.59 2922.54 702961
20041118 2891.92 2943.28 2891.92 2908.71 1101167
20041119 2884.02 2920.57 2883.03 2877.11 592297
20041122 2854.39 2878.10 2834.64 2855.38 460068
20041123 2869.21 2897.85 2849.45 2883.03 875183
20041124 2918.59 2931.43 2925.50 2925.50 524158
20041125 2908.71 2930.44 2908.71 2928.47 252005
20041126 2927.48 2933.41 2909.70 2930.44 213632
20041129 2912.66 2927.48 2906.74 2912.66 265572
20041130 2912.66 2912.66 2851.43 2887.97 536308
20041201 2901.80 2921.55 2883.03 2893.90 614066
20041202 2896.86 3006.49 2891.92 2961.06 773125
20041203 2972.91 3040.07 2940.32 2955.13 929350
20041206 2953.16 2977.85 2938.34 2958.10 551191
20041207 2957.11 2969.95 2948.22 2960.07 614673
20041208 2950.20 2957.11 2928.47 2932.42 566176
20041209 2931.43 2938.34 2877.11 2907.73 580755
20041210 2918.59 2946.25 2907.73 2940.32 872854
20041213 2933.41 2973.90 2933.41 2966.99 381703
20041214 2994.64 3007.48 2977.85 2987.73 537421
20041215 2965.01 2993.65 2943.28 2949.21 586223
20041216 2965.01 3024.27 2922.54 3021.31 1234510
20041217 3046.99 3087.48 3024.27 3058.84 1321178
20041220 3058.84 3070.69 3028.22 3049.95 381804
20041221 3061.80 3115.14 3060.82 3101.31 574275
20041222 3126.99 3157.61 3113.16 3150.69 618014
20041223 3132.92 3174.40 3132.92 3173.41 347177
20041224 3157.61 3190.20 3121.06 3190.20 66620
20041227 3190.20 3190.20 3190.20 3190.20 0
20041228 3190.20 3190.20 3190.20 3190.20 0
20041229 3209.96 3209.96 3114.15 3175.39 276203
20041230 3164.52 3198.10 3144.77 3160.57 159971
20041231 3142.79 3149.71 3123.04 3138.84 48092
20050103 3138.84 3138.84 3138.84 3138.84 0
20050104 3159.58 3192.18 3125.02 3183.29 366515
20050105 3160.57 3188.23 3099.34 3112.18 756116
20050106 3136.87 3154.65 3122.05 3151.68 467560
20050107 3164.52 3175.39 3135.88 3146.74 852402
20050110 3159.58 3163.53 3139.83 3163.53 449437
20050111 3158.60 3158.60 3095.38 3105.26 313563
20050112 3116.13 3116.13 3043.04 3066.74 1014601
20050113 3091.43 3110.20 3030.20 3083.53 503605
20050114 3079.58 3160.57 3048.96 3152.67 576300
20050117 3183.29 3183.29 3155.63 3160.57 406508
20050118 3183.29 3183.29 3114.15 3164.52 747611
20050119 3180.33 3203.04 3155.63 3200.08 1274706
20050120 3209.96 3225.76 3153.66 3187.24 1077779
20050121 3228.72 3228.72 3164.52 3185.26 509781
20050124 3161.56 3161.56 3086.50 3091.43 1021587
20050125 3083.53 3109.21 3073.66 3096.37 1061580
20050126 3103.29 3118.10 3072.67 3098.35 1254659
20050127 3111.19 3123.04 3101.31 3111.19 457335
20050128 3113.16 3147.73 3100.32 3106.25 556760
20050131 3121.06 3160.57 3111.19 3144.77 660133
20050201 3153.66 3193.17 3116.13 3153.66 1239573
20050202 3158.60 3158.60 3061.80 3145.76 531144
20050203 3150.69 3160.57 3117.11 3130.94 600296
20050204 3135.88 3145.76 3111.19 3121.06 680990
20050207 3166.50 3187.24 3126.00 3177.36 690710
20050208 3170.45 3195.14 3156.62 3180.33 463511
20050209 3167.49 3171.44 3126.00 3132.92 958206
20050210 3132.92 3151.68 3079.58 3080.57 921352
20050211 3089.46 3117.11 3074.64 3116.13 1249495
20050214 3100.32 3142.79 3100.32 3117.11 689900
20050215 3130.94 3142.79 3117.11 3129.95 869817
20050216 3126.99 3134.89 3104.27 3130.94 850175
20050217 3140.82 3161.56 3110.20 3116.13 491556
20050218 3124.03 3133.90 3082.55 3089.46 691925
20050221 3085.51 3111.19 3067.73 3074.64 374008
20050222 3081.56 3086.50 2993.65 3024.27 1012171
20050223 3024.27 3024.27 2952.17 2970.94 983315
20050224 2977.85 2986.74 2938.34 2938.34 1011867
20050225 2954.15 3050.94 2954.15 2988.72 1102585
20050228 2982.79 3085.51 2950.20 2953.16 610218
20050301 2967.97 2991.68 2959.09 2959.09 856655
20050302 2971.93 2971.93 2951.18 2963.04 864856
20050303 2966.00 2968.96 2924.52 2935.38 953751
20050304 3059.83 3059.83 2860.32 2966.00 857870
20050307 2960.07 3014.40 2981.80 2989.70 1135592
20050308 3003.53 3106.25 2953.16 2967.97 602118
20050309 2983.78 2983.78 2941.31 2944.27 863438
20050310 2943.28 2982.79 2933.41 2956.12 1510511
20050311 2958.10 3011.43 2957.11 2998.59 1477403
20050314 3002.54 3012.42 2947.23 2973.90 1222664
20050315 2984.76 3040.07 2984.76 3029.21 1016322
20050316 3031.19 3040.07 3002.54 3020.32 1158069
20050317 3012.42 3082.55 2996.62 3018.35 1225803
20050318 3032.17 3094.40 3017.36 3017.36 1017334
20050321 3022.30 3080.57 2885.01 2885.01 1915197
20050322 2896.86 2938.34 2846.49 2932.42 1879963
20050323 2919.58 2931.43 2888.96 2916.61 1292120
20050324 2925.50 2925.50 2864.27 2890.94 985543
20050325 2890.94 2890.94 2890.94 2890.94 0
20050328 2890.94 2890.94 2890.94 2890.94 0
20050329 2903.78 2908.71 2884.02 2905.75 799652
20050330 2900.81 2922.54 2863.28 2886.98 623178
20050331 2913.65 2913.65 2868.22 2870.19 875284
20050401 2885.01 2885.01 2814.88 2845.50 1451686
20050404 2845.50 2845.50 2793.16 2798.09 994655
20050405 2799.08 2828.71 2772.41 2801.06 943424
20050406 2833.65 2854.39 2815.87 2842.54 745181
20050407 2844.51 2871.18 2826.74 2845.50 1043153
20050408 2869.21 2900.81 2848.47 2882.05 860502
20050411 2856.37 2878.10 2819.82 2829.70 658716
20050412 2814.88 2837.60 2785.25 2795.13 653451
20050413 2797.11 2861.30 2797.11 2825.75 1034648
20050414 2805.01 2840.56 2799.08 2827.72 1324621
20050415 2814.88 2814.88 2756.61 2762.54 968432
20050418 2725.99 2739.82 2690.44 2725.01 1028067
20050419 2742.78 2755.62 2707.23 2711.18 1090840
20050420 2736.86 2736.86 2656.86 2677.60 933198
20050421 2664.76 2701.30 2656.86 2696.36 1125366
20050422 2750.69 2775.38 2720.07 2754.64 1044874
20050425 2743.77 2743.77 2713.15 2725.99 452171
20050426 2725.99 2725.99 2664.76 2675.62 917606
20050427 2663.77 2663.77 2579.82 2604.51 1089119
20050428 2603.52 2640.06 2558.09 2630.19 1292829
20050429 2630.19 2650.93 2597.59 2646.98 1089018
20050502 2646.98 2646.98 2646.98 2646.98 0
20050503 2683.52 2740.81 2677.60 2716.12 993946
20050504 2715.13 2745.75 2697.35 2737.85 896546
20050505 2737.85 2774.39 2737.85 2759.57 656387
20050506 2772.41 2783.28 2743.77 2773.40 487000
20050509 2769.45 2776.36 2748.71 2753.65 538636
20050510 2775.38 2808.96 2706.24 2716.12 1239674
20050511 2702.29 2730.93 2702.29 2719.08 762292
20050512 2732.91 2775.38 2732.91 2772.41 669347
20050513 2735.87 2821.80 2735.87 2818.83 652945
20050516 2827.72 2886.00 2791.18 2879.08 873766
20050517 2876.12 2945.26 2876.12 2933.41 1168092
20050518 2922.54 2958.10 2884.02 2953.16 1625326
20050519 2972.91 2991.68 2932.42 2973.90 1192594
20050520 2987.73 2997.60 2932.42 2956.12 752471
20050523 2980.81 3027.24 2972.91 2999.58 594626
20050524 3007.48 3007.48 2960.07 2975.88 601916
20050525 2980.81 2980.81 2924.52 2949.21 895331
20050526 2960.07 3000.57 2935.38 2991.68 616293
20050527 3002.54 3004.52 2968.96 2978.84 732930
20050530 2978.84 2978.84 2978.84 2978.84 0
20050531 2957.11 2983.78 2943.28 2967.97 898672
20050601 2977.85 3049.95 2958.10 3047.98 736474
20050602 3036.12 3037.11 3002.54 3007.48 533169
20050603 3007.48 3007.48 3007.48 3007.48 0
20050606 2977.85 2977.85 2949.21 2956.12 662664
20050607 2947.23 2982.79 2947.23 2966.99 652641
20050608 2975.88 2975.88 2935.38 2944.27 521829
20050609 2955.13 2955.13 2907.73 2927.48 722502
20050610 2927.48 2959.09 2922.54 2925.50 596752
20050613 2925.50 2947.23 2913.65 2941.31 487101
20050614 2913.65 2937.36 2883.03 2933.41 766241
20050615 2931.43 2944.27 2909.70 2923.53 1024118
20050616 2948.22 3070.69 2877.11 3070.69 2472261
20050617 3071.68 3137.85 3071.68 3112.18 1333632
20050620 3129.95 3129.95 3082.55 3108.22 1144400
20050621 3117.11 3120.08 3090.45 3107.24 880853
20050622 3116.13 3132.92 3061.80 3124.03 758748
20050623 3135.88 3154.65 3108.22 3132.92 517172
20050624 3124.03 3124.03 3067.73 3103.29 588146
20050627 3150.69 3150.69 3018.35 3074.64 663373
20050628 3065.75 3079.58 3023.28 3071.68 1031104
20050629 3063.78 3128.97 3063.78 3114.15 897761
20050630 3121.06 3148.72 3110.20 3127.98 716731
20050701 3115.14 3165.51 3098.35 3154.65 485279
20050704 3180.33 3180.33 3135.88 3135.88 319739
20050705 3121.06 3197.12 3121.06 3185.26 711770
20050706 3204.03 3214.89 3149.71 3190.20 826584
20050707 3167.49 3175.39 2955.13 3120.08 2288497
20050708 3165.51 3203.04 3154.65 3195.14 776062
20050711 3242.55 3242.55 3179.34 3201.07 363579
20050712 3216.87 3216.87 3151.68 3166.50 514539
20050713 3163.53 3199.09 3157.61 3169.46 424834
20050714 3138.84 3298.85 3137.85 3159.58 922061
20050715 3149.71 3170.45 3119.09 3151.68 1043456
20050718 3151.68 3155.63 3120.08 3132.92 1153310
20050719 3118.10 3141.81 3085.51 3119.09 2501218
20050720 3135.88 3135.88 3086.50 3127.98 2244859
20050721 3135.88 3140.82 3051.93 3126.00 872956
20050722 3105.26 3229.71 3101.31 3125.02 783655
20050725 3136.87 3136.87 3104.27 3124.03 896040
20050726 3130.94 3130.94 3104.27 3111.19 246233
20050727 3116.13 3138.84 3077.61 3094.40 1313585
20050728 3109.21 3109.21 2998.59 3065.75 1145818
20050729 3091.43 3091.43 3020.32 3027.24 1811520
20050801 3046.99 3046.99 2954.15 2971.93 2092381
20050802 2957.11 2982.79 2947.23 2953.16 3298441
20050803 2969.95 2969.95 2925.50 2946.25 2674655
20050804 2948.22 2948.22 2932.42 2938.34 1204339
20050805 2943.28 2987.73 2943.28 2972.91 3361417
20050808 2990.69 3025.26 2963.04 3005.51 1849792
20050809 3017.36 3017.36 2987.73 3008.47 1357627
20050810 2994.64 3009.46 2985.75 2997.60 1300321
20050811 2974.89 2987.73 2895.87 2914.64 2203348
20050812 2908.71 2934.39 2840.56 2850.44 3111943
20050815 2843.53 2873.16 2818.83 2823.77 2085192
20050816 2834.64 2863.28 2818.83 2823.77 1142780
20050817 2809.95 2831.67 2796.12 2826.74 1882899
20050818 2841.55 2885.01 2841.55 2871.18 1945774
20050819 2888.96 2980.81 2888.96 2902.79 2150395
20050822 2903.78 2918.59 2874.14 2900.81 1042241
20050823 2906.74 2921.55 2884.02 2918.59 1851006
20050824 2898.84 2941.31 2898.84 2933.41 1778311
20050825 2913.65 2928.47 2898.84 2903.78 2917649
20050826 2905.75 2923.53 2867.23 2876.12 1851006
20050829 2876.12 2876.12 2876.12 2876.12 0
20050830 2839.58 2910.69 2839.58 2865.26 1469708
20050831 2864.27 2878.10 2814.88 2837.60 1421110
20050901 2837.60 2848.47 2799.08 2804.02 1604469
20050902 2788.22 2788.22 2742.78 2751.67 2381645
20050905 2768.46 2770.44 2756.61 2764.51 1035255
20050906 2780.32 2808.96 2738.83 2745.75 1660965
20050907 2766.49 2795.13 2765.50 2795.13 4180813
20050908 2787.23 2800.07 2780.32 2788.22 1932106
20050909 2786.24 2806.98 2778.34 2797.11 1866700
20050912 2823.77 2884.02 2809.95 2878.10 3016264
20050913 2864.27 2888.96 2864.27 2871.18 1454015
20050914 2881.06 2905.75 2867.23 2890.94 2773473
20050915 2873.16 2888.96 2866.24 2876.12 1478112
20050916 2869.21 2888.96 2847.48 2872.17 3418419
20050919 2864.27 2954.15 2834.64 2946.25 3490102
20050920 2937.36 2953.16 2926.49 2928.47 1625022
20050921 2891.92 2892.91 2841.55 2849.45 2518936
20050922 2834.64 2858.34 2815.87 2838.59 1202111
20050923 2863.28 2868.22 2846.49 2863.28 972786
20050926 2893.90 2937.36 2892.91 2929.45 1389824
20050927 2919.58 2946.25 2896.86 2904.76 1415845
20050928 2897.85 2936.37 2897.85 2911.68 1224791
20050929 2923.53 2923.53 2885.01 2893.90 1551618
20050930 2922.54 2922.54 2875.13 2894.89 1191986
20051003 2918.59 2941.31 2914.64 2938.34 886016
20051004 2954.15 2962.05 2918.59 2959.09 986150
20051005 2950.20 2950.20 2877.11 2878.10 1159992
20051006 2863.28 2863.28 2820.81 2840.56 1488540
20051007 2824.76 2833.65 2811.92 2815.87 1630186
20051010 2826.74 2826.74 2770.44 2775.38 2104632
20051011 2768.46 2831.67 2768.46 2807.97 1525192
20051012 2790.19 2800.07 2743.77 2743.77 2212865
20051013 2740.81 2813.90 2682.54 2712.17 3578491
20051014 2790.19 2790.19 2679.57 2727.97 2730645
20051017 2727.97 2744.76 2699.33 2730.93 1491882
20051018 2733.89 2733.89 2708.21 2723.03 1599710
20051019 2714.14 2724.02 2627.23 2670.68 2319985
20051020 2732.91 2755.62 2710.19 2747.72 2386100
20051021 2741.80 2748.71 2712.17 2738.83 2399869
20051024 2702.29 2821.80 2702.29 2815.87 1480846
20051025 2812.91 2863.28 2809.95 2843.53 1378687
20051026 2839.58 2863.28 2818.83 2824.76 3198408
20051027 2806.00 2810.93 2746.73 2750.69 2748059
20051028 2733.89 2769.45 2706.24 2737.85 2052995
20051031 2762.54 2833.65 2753.65 2833.65 1664610
20051101 2817.85 2891.92 2817.85 2883.03 908493
20051102 2891.92 2989.70 2854.39 2911.68 839240
20051103 2912.66 2971.93 2900.81 2971.93 1083044
20051104 2951.18 2988.72 2938.34 2978.84 1077374
20051107 2977.85 3024.27 2964.02 3008.47 882270
20051108 3005.51 3086.50 3005.51 3028.22 1477099
20051109 3028.22 3082.55 3017.36 3067.73 2126703
20051110 3096.37 3126.99 3081.56 3111.19 2154749
20051111 3147.73 3148.72 3099.34 3126.00 1161410
20051114 3121.06 3128.97 3092.42 3102.30 1732851
20051115 3106.25 3147.73 3102.30 3135.88 1333125
20051116 3133.90 3135.88 3027.24 3125.02 1512131
20051117 3127.98 3137.85 3096.37 3108.22 1036369
20051118 3135.88 3151.68 3102.30 3123.04 1699641
20051121 3137.85 3144.77 3117.11 3128.97 801070
20051122 3122.05 3170.45 3122.05 3165.51 733639
20051123 3159.58 3196.13 3143.78 3190.20 699215
20051124 3208.97 3278.11 3170.45 3189.21 623785
20051125 3190.20 3226.75 3189.21 3205.02 499656
20051128 3234.65 3258.35 3225.76 3230.70 564961
20051129 3241.56 3244.52 3190.20 3224.77 915682
20051130 3208.97 3221.81 3187.24 3201.07 741435
20051201 3218.84 3239.59 3200.08 3219.83 744169
20051202 3230.70 3281.07 3219.83 3278.11 680180
20051205 3284.03 3284.03 3238.60 3238.60 668233
20051206 3233.66 3233.66 3186.25 3214.89 1401974
20051207 3226.75 3226.75 3178.35 3218.84 1141666
20051208 3208.97 3208.97 3151.68 3205.02 1444093
20051209 3182.30 3184.28 3145.76 3173.41 1428096
20051212 3193.17 3209.96 3157.61 3181.31 592601
20051213 3184.28 3239.59 3173.41 3210.94 664082
20051214 3225.76 3271.19 3208.97 3239.59 1461204
20051215 3240.57 3277.12 3182.30 3186.25 1198163
20051216 3209.96 3259.34 3101.31 3111.19 2819844
20051219 3125.02 3151.68 3120.08 3143.78 1999638
20051220 3143.78 3217.86 3143.78 3200.08 1939902
20051221 3201.07 3285.02 3201.07 3231.68 1103192
20051222 3236.62 3236.62 3198.10 3211.93 440426
20051223 3219.83 3261.31 3215.88 3251.44 183460
20051226 3251.44 3251.44 3251.44 3251.44 0
20051227 3251.44 3251.44 3251.44 3251.44 0
20051228 3307.74 3307.74 3215.88 3239.59 499453
20051229 3231.68 3295.88 3231.68 3271.19 484874
20051230 3356.13 3356.13 3219.83 3259.34 165640
20060102 3259.34 3259.34 3259.34 3259.34 0
20060103 3253.41 3350.21 3237.61 3242.55 1082639
20060104 3258.35 3258.35 3201.07 3234.65 1754720
20060105 3255.39 3260.33 3224.77 3228.72 691722
20060106 3229.71 3233.66 3175.39 3191.19 1324924
20060109 3196.13 3234.65 3196.13 3223.78 715819
20060110 3210.94 3233.66 3188.23 3198.10 889459
20060111 3199.09 3226.75 3182.30 3220.82 1803015
20060112 3209.96 3276.13 3209.96 3269.22 2334767
20060113 3260.33 3306.75 3239.59 3303.79 2793216
20060116 3303.79 3373.91 3249.46 3355.14 1364006
20060117 3327.49 3345.27 3298.85 3314.65 2511748
20060118 3284.03 3284.03 3187.24 3224.77 3078126
20060119 3224.77 3256.38 3212.92 3242.55 2141891
20060120 3257.36 3257.36 3216.87 3229.71 1472543
20060123 3180.33 3207.98 3153.66 3188.23 1692554
20060124 3185.26 3206.99 3150.69 3159.58 3806602
20060125 3163.53 3176.37 3135.88 3160.57 3479876
20060126 3159.58 3168.47 3134.89 3144.77 3470460
20060127 3159.58 3159.58 3101.31 3130.94 2034467
20060130 3130.94 3138.84 3111.19 3124.03 1491375
20060131 3142.79 3142.79 3069.71 3081.56 3616459
20060201 3074.64 3083.53 3057.85 3071.68 3875349
20060202 3121.06 3232.67 3103.29 3154.65 4237410
20060203 3178.35 3193.17 3126.00 3144.77 3874944
20060206 3144.77 3189.21 3120.08 3150.69 1571158
20060207 3160.57 3160.57 3102.30 3112.18 2646306
20060208 3100.32 3170.45 3099.34 3137.85 1651954
20060209 3138.84 3205.02 3106.25 3199.09 2563688
20060210 3210.94 3220.82 3155.63 3158.60 1748746
20060213 3158.60 3192.18 3148.72 3158.60 760773
20060214 3181.31 3181.31 3133.90 3150.69 677852
20060215 3156.62 3270.20 3126.99 3178.35 1942737
20060216 3219.83 3239.59 3205.02 3238.60 2236962
20060217 3251.44 3260.33 3231.68 3257.36 1227423
20060220 3219.83 3258.35 3219.83 3229.71 1131440
20060221 3190.20 3190.20 3046.99 3085.51 9144776
20060222 3101.31 3139.83 3095.38 3124.03 5533480
20060223 3128.97 3129.95 3063.78 3085.51 3409206
20060224 3104.27 3104.27 3067.73 3086.50 1266606
20060227 3112.18 3131.93 3106.25 3126.00 1654181
20060228 3122.05 3136.87 3089.46 3089.46 2378607
20060301 3089.46 3118.10 3050.94 3083.53 1759681
20060302 3076.62 3086.50 3039.09 3065.75 1763427
20060303 3078.59 3078.59 3008.47 3026.25 2680527
20060306 3042.05 3060.82 3021.31 3046.99 1595154
20060307 3040.07 3040.07 2975.88 2982.79 1709867
20060308 2985.75 2998.59 2949.21 2971.93 1261847
20060309 2977.85 3015.38 2977.85 3000.57 1300726
20060310 3012.42 3053.90 3012.42 3033.16 1935852
20060313 3036.12 3042.05 3017.36 3029.21 913455
20060314 3023.28 3078.59 3014.40 3024.27 2372836
20060315 3021.31 3055.88 3001.56 3025.26 1359349
20060316 3020.32 3026.25 2973.90 2982.79 1695592
20060317 2982.79 3032.17 2972.91 3008.47 2313708
20060320 3002.54 3002.54 2942.29 2961.06 3234149
20060321 2969.95 2973.90 2918.59 2948.22 2143612
20060322 2928.47 2977.85 2913.65 2963.04 2136525
20060323 2969.95 2969.95 2807.97 2814.88 7767101
20060324 2815.87 2917.60 2813.90 2836.61 5448634
20060327 2837.60 2891.92 2806.98 2822.79 1985058
20060328 2814.88 2849.45 2786.24 2805.01 3886689
20060329 2800.07 2810.93 2765.50 2798.09 4164208
20060330 2797.11 2826.74 2777.35 2777.35 2565409
20060331 2766.49 2828.71 2766.49 2795.13 3374377
20060403 2796.12 2824.76 2775.38 2815.87 3640252
20060404 2820.81 2820.81 2766.49 2786.24 1433664
20060405 2796.12 2808.96 2773.40 2793.16 902317
20060406 2790.19 2806.00 2754.64 2775.38 2021406
20060407 2790.19 2847.48 2771.43 2824.76 3630836
20060410 2811.92 2834.64 2780.32 2822.79 1310041
20060411 2812.91 2833.65 2775.38 2785.25 1605380
20060412 2770.44 2778.34 2740.81 2756.61 1408960
20060413 2754.64 2817.85 2754.64 2810.93 1302144
20060414 2810.93 2810.93 2810.93 2810.93 0
20060417 2810.93 2810.93 2810.93 2810.93 0
20060418 2780.32 2809.95 2730.93 2761.55 2241113
20060419 2770.44 2798.09 2741.80 2754.64 2009155
20060420 2747.72 2748.71 2696.36 2723.03 3048866
20060421 2727.97 2818.83 2722.04 2788.22 4419251
20060424 2787.23 2787.23 2739.82 2746.73 1365221
20060425 2740.81 2772.41 2740.81 2754.64 1317230
20060426 2757.60 2765.50 2741.80 2747.72 1714120
20060427 2756.61 2771.43 2719.08 2729.94 2324136
20060428 2729.94 2733.89 2680.56 2684.51 2001359
20060501 2684.51 2684.51 2684.51 2684.51 0
20060502 2695.38 2716.12 2656.86 2670.68 2196058
20060503 2662.78 2693.40 2627.23 2633.15 2880997
20060504 2627.23 2709.20 2627.23 2706.24 1790663
20060505 2717.10 2744.76 2707.23 2724.02 2709990
20060508 2745.75 2784.27 2736.86 2771.43 3692192
20060509 2776.36 2804.02 2756.61 2765.50 3431986
20060510 2741.80 2760.56 2727.97 2731.92 2225521
20060511 2737.85 2750.69 2692.41 2693.40 2271690
20060512 2690.44 2690.44 2625.25 2630.19 2382657
20060515 2622.29 2657.84 2565.78 2619.32 2035682
20060516 2618.34 2632.09 2221.04 2297.34 16274018
20060517 2243.02 2279.18 2128.35 2222.28 17050890
20060518 2232.15 2260.80 2154.13 2201.54 4685836
20060519 2193.63 2208.45 2133.39 2191.66 4264241
20060522 2190.67 2191.66 2129.44 2169.93 4066504
20060523 2156.10 2212.88 2130.42 2193.63 6117982
20060524 2187.71 2184.68 2143.99 2168.94 4778983
20060525 2179.81 2182.70 2144.89 2164.00 3007051
20060526 2182.77 2176.73 2161.04 2165.98 4175143
20060529 2165.98 2165.98 2165.98 2165.98 0
20060530 2154.13 2172.89 2090.92 2091.90 4049292
20060531 2076.10 2148.20 2087.10 2145.24 6779128
20060601 2145.24 2145.53 2104.35 2127.46 1863156
20060602 2171.91 2171.91 2123.51 2140.30 1394988
20060605 2142.27 2149.19 2123.46 2128.45 744371
20060606 2109.68 2109.68 2064.25 2073.14 2926660
20060607 2072.15 2085.98 2028.89 2076.10 2666251
20060608 2023.75 2068.03 2015.36 2042.52 2869151
20060609 2058.32 2063.19 2030.82 2042.52 2722140
20060612 2025.73 2051.41 2005.98 2020.79 2035378
20060613 1982.27 2005.23 1967.53 2002.02 2075776
20060614 2036.59 2055.36 1955.51 2018.82 4189824
20060615 2022.77 2053.38 1979.30 2050.42 3096958
20060616 2074.13 2112.64 1975.36 2090.92 5187821
20060619 2119.56 2171.84 2021.70 2166.97 3798604
20060620 2158.08 2221.88 2158.71 2182.77 2283232
20060621 2192.65 2192.65 2155.02 2177.83 1285337
20060622 2194.62 2219.31 2174.87 2191.66 2558220
20060623 2183.76 2219.21 1979.74 2175.86 1640310
20060626 2181.78 2196.60 2142.27 2164.00 2094608
20060627 2172.89 2175.79 2149.39 2153.14 841164
20060628 2133.39 2179.79 2141.36 2161.04 1759884
20060629 2166.97 2180.79 2142.27 2168.94 2332236
20060630 2187.71 2194.62 2166.97 2175.86 1222158
20060703 2184.75 2216.35 2184.75 2204.50 1410580
20060704 2204.50 2229.19 2190.67 2224.25 1606595
20060705 2201.54 2232.15 2201.54 2213.39 1324216
20060706 2213.39 2226.23 2199.56 2221.29 1688808
20060707 2220.30 2220.30 2196.60 2202.52 1075856
20060710 2191.66 2199.56 2177.83 2190.67 944133
20060711 2194.62 2195.61 2163.02 2167.95 1408859
20060712 2172.89 2177.83 2150.18 2159.07 1528736
20060713 2140.30 2140.30 2057.33 2082.03 3207217
20060714 2044.49 2096.84 2036.59 2074.13 1811216
20060717 2073.14 2083.01 2044.49 2065.24 2184617
20060718 2047.46 2060.30 2031.66 2043.51 1616214
20060719 2055.36 2114.62 2045.48 2110.67 3206103
20060720 2113.63 2127.46 2070.17 2073.14 1719587
20060721 2061.29 2109.68 2061.29 2066.22 1762617
20060724 2064.25 2086.97 2058.32 2078.08 1025738
20060725 2076.10 2118.57 2076.10 2117.58 2100987
20060726 2124.50 2166.97 2124.50 2138.32 1482871
20060727 2141.29 2174.87 2100.79 2112.64 2565814
20060728 2116.60 2147.21 2098.82 2132.40 1901934
20060731 2130.42 2139.31 2102.77 2108.69 1518915
20060801 2103.76 2103.76 2048.45 2050.42 2105948
20060802 2067.21 2072.15 2040.54 2055.36 2651874
20060804 2042.52 2048.45 2024.74 2038.57 903330
20060807 2011.90 2037.58 2001.04 2017.83 1563059
20060808 2028.69 2037.58 2005.98 2010.91 1590193
20060809 2018.82 2022.77 2002.02 2014.86 1148045
20060810 1984.25 2018.82 1937.83 2011.90 1544530
20060811 2008.94 2033.63 2004.99 2018.82 2006016
20060814 2017.83 2017.83 1989.18 1998.07 3706468
20060815 2000.05 2012.89 1979.31 2004.00 2572091
20060816 2033.00 2046.00 1999.00 2042.00 3462100
20060817 2065.00 2176.00 2065.00 2172.00 5708400
20060818 2179.00 2195.00 2155.00 2170.00 2689300
20060821 2173.00 2225.00 2152.00 2172.00 847800
20060822 2164.00 2179.00 2135.00 2149.00 1166200
20060823 2159.00 2159.00 2079.00 2102.00 3011200
20060824 2100.00 2123.00 2080.00 2119.00 1607500
20060825 2117.00 2121.00 2101.00 2119.00 1219900
20060829 2134.00 2180.00 2133.00 2174.00 1514400
20060830 2171.00 2204.00 2169.00 2190.00 1962500
20060831 2191.00 2334.00 2181.00 2253.00 7203200
20060901 2246.00 2299.00 2221.00 2283.00 1252700
20060904 2275.00 2295.00 2265.00 2280.00 1084900
20060905 2270.00 2309.00 2270.00 2281.00 1440800
20060906 2281.00 2310.00 2266.00 2288.00 1832700
20060907 2266.00 2308.00 2263.00 2300.00 2434800
20060908 2300.00 2336.00 2289.00 2320.00 1771100
20060911 2304.00 2350.00 2303.00 2348.00 1128800
20060912 2348.00 2436.00 2348.00 2433.00 3344400
20060913 2429.00 2437.00 2389.00 2392.00 3412400
20060914 2396.00 2414.00 2346.00 2359.00 1951900
20060915 2352.00 2377.00 2344.00 2347.00 1648300
20060918 2342.00 2376.00 2337.00 2343.00 1173800
20060919 2334.00 2340.00 2229.00 2282.00 12873900
20060920 2293.00 2339.00 2277.00 2324.00 1838400
20060921 2339.00 2466.00 2294.00 2453.00 4134000
20060922 2424.00 2439.00 2384.00 2385.00 2013900
20060925 2385.00 2460.00 2385.00 2434.00 1958700
20060926 2433.00 2480.00 2433.00 2440.00 6107700
20060927 2437.00 2502.00 2402.00 2497.00 2834400
20060928 2491.00 2548.00 2480.00 2537.00 3985900
20060929 2540.00 2569.00 2539.00 2555.00 3085000
20061002 2577.00 2588.00 2547.00 2569.00 2622700
20061003 2570.00 2570.00 2522.00 2544.00 2024500
20061004 2564.00 2606.00 2564.00 2606.00 1805800
20061005 2584.00 2609.00 2569.00 2590.00 1776600
20061006 2600.00 2613.00 2578.00 2594.00 873700
20061009 2599.00 2618.00 2582.00 2598.00 763100
20061011 2575.00 2575.00 2524.00 2532.00 3643500
20061012 2540.00 2580.00 2525.00 2571.00 3516300
20061013 2564.00 2580.00 2547.00 2548.00 1509900
20061016 2555.00 2568.00 2544.00 2561.00 1502200
20061017 2545.00 2556.00 2505.00 2515.00 1914200
20061018 2540.00 2575.00 2516.00 2539.00 1641200
20061019 2539.00 2589.00 2538.00 2547.00 691900
20061020 2547.00 2581.00 2546.00 2557.00 582200
20061023 2572.00 2575.00 2549.00 2563.00 682500
20061024 2563.00 2597.00 2562.00 2564.00 1227900
20061025 2566.00 2566.00 2544.00 2552.00 872100
20061026 2530.00 2571.00 2530.00 2565.00 1495500
20061027 2589.00 2611.00 2545.00 2560.00 1449900
20061030 2534.00 2557.00 2518.00 2546.00 1448700
20061031 2536.00 2581.00 2528.00 2559.00 2277400
20061101 2565.00 2571.00 2525.00 2543.00 768500
20061102 2541.00 2541.00 2487.00 2498.00 1444700
20061103 2498.00 2513.00 2471.00 2489.00 1012400
20061106 2499.00 2520.00 2471.00 2511.00 1247500
20061107 2520.00 2520.00 2482.00 2512.00 1019300
20061108 2511.00 2538.00 2510.00 2536.00 1117500
20061109 2545.00 2567.00 2531.00 2544.00 923500
20061110 2544.00 2550.00 2502.00 2511.00 1343200
20061113 2524.00 2562.00 2509.00 2554.00 978300
20061114 2554.00 2580.00 2552.00 2570.00 1114600
20061115 2582.00 2610.00 2568.00 2608.00 1200900
20061116 2592.00 2633.00 2580.00 2625.00 1369200
20061117 2637.00 2640.00 2610.00 2619.00 905400
20061120 2595.00 2668.00 2595.00 2653.00 2263000
20061121 2660.00 2668.00 2635.00 2654.00 1347200
20061122 2648.00 2664.00 2628.00 2631.00 1044500
20061123 2647.00 2647.00 2612.00 2622.00 468500
20061124 2612.00 2630.00 2587.00 2619.00 1208200
20061127 2610.00 2629.00 2573.00 2573.00 1311600
20061128 2573.00 2595.00 2533.00 2563.00 1077600
20061129 2556.00 2557.00 2493.00 2511.00 2065100
20061130 2511.00 2533.00 2468.00 2475.00 2072800
20061201 2475.00 2501.00 2405.00 2429.00 2818500
20061204 2420.00 2453.00 2350.00 2436.00 2616300
20061205 2468.00 2474.00 2428.00 2462.00 2250200
20061206 2447.00 2483.00 2436.00 2475.00 878300
20061207 2460.00 2487.00 2430.00 2434.00 3552000
20061208 2413.00 2441.00 2400.00 2422.00 1561000
20061211 2446.00 2456.00 2420.00 2431.00 2020600
20061212 2425.00 2447.00 2405.00 2434.00 1353800
20061213 2426.00 2456.00 2412.00 2441.00 1908700
20061214 2464.00 2475.00 2447.00 2470.00 1062600
20061215 2470.00 2470.00 2443.00 2450.00 1813200
20061218 2450.00 2505.00 2438.00 2504.00 1129400
20061219 2503.00 2522.00 2464.00 2469.00 1808700
20061220 2472.00 2482.00 2449.00 2465.00 764700
20061221 2459.00 2545.00 2433.00 2536.00 2649700
20061222 2516.00 2623.00 2516.00 2599.00 1298400
20061227 2542.00 2630.00 2524.00 2601.00 2066800
20061228 2616.00 2621.00 2576.00 2584.00 871600
20061229 2553.00 2607.00 2553.00 2588.00 229600
20070102 2599.00 2622.00 2577.00 2615.00 1047100
20070103 2609.00 2685.00 2608.00 2681.00 3267900
20070104 2690.00 2766.00 2682.00 2713.00 3851200
20070105 2692.00 2714.00 2667.00 2667.00 1375400
20070108 2661.00 2723.00 2656.00 2667.00 2063200
20070109 2691.00 2705.00 2654.00 2689.00 1914400
20070110 2686.00 2706.00 2668.00 2686.00 2117800
20070111 2690.00 2755.00 2690.00 2725.00 4349500
20070112 2725.00 2747.00 2699.00 2711.00 1541700
20070115 2713.00 2729.00 2693.00 2714.00 1569000
20070116 2723.00 2745.00 2714.00 2725.00 3796900
20070117 2725.00 2748.00 2725.00 2738.00 2542200
20070118 2751.00 2834.00 2750.00 2759.00 4397500
20070119 2751.00 2815.00 2751.00 2804.00 5229000
20070122 2820.00 2828.00 2763.00 2770.00 3925600
20070123 2765.00 2789.00 2750.00 2775.00 2867000
20070124 2777.00 2806.00 2765.00 2790.00 2096500
20070125 2778.00 2809.00 2778.00 2797.00 1805300
20070126 2794.00 2836.00 2792.00 2801.00 3073300
20070129 2812.00 2840.00 2806.00 2807.00 1630400
20070130 2800.00 2819.00 2787.00 2814.00 1480400
20070131 2795.00 2810.00 2765.00 2768.00 2504900
20070201 2771.00 2834.00 2758.00 2785.00 2221100
20070202 2798.00 2816.00 2791.00 2798.00 3083500
20070205 2806.00 2815.00 2706.00 2719.00 4600900
20070206 2715.00 2758.00 2620.00 2627.00 7898900
20070207 2634.00 2675.00 2620.00 2671.00 7044600
20070208 2689.00 2689.00 2643.00 2652.00 1190700
20070209 2653.00 2689.00 2630.00 2664.00 1077900
20070212 2645.00 2663.00 2603.00 2645.00 2465200
20070213 2637.00 2663.00 2626.00 2658.00 2135800
20070214 2666.00 2666.00 2615.00 2633.00 2532800
20070215 2626.00 2639.00 2614.00 2630.00 1070200
20070216 2613.00 2627.00 2592.00 2605.00 1556500
20070220 2608.00 2608.00 2569.00 2596.00 1598100
20070221 2604.00 2620.00 2565.00 2567.00 2912100
20070222 2590.00 2609.00 2568.00 2595.00 3045600
20070223 2609.00 2609.00 2514.00 2540.00 2028300
20070226 2538.00 2550.00 2503.00 2510.00 1790100
20070227 2501.00 2507.00 2428.00 2461.00 3187400
20070228 2421.00 2439.00 2369.00 2425.00 5450800
20070301 2408.00 2449.00 2381.00 2420.00 3785800
20070302 2420.00 2438.00 2377.00 2429.00 2598200
20070305 2397.00 2420.00 2353.00 2409.00 3279800
20070306 2409.00 2425.00 2380.00 2408.00 1712600
20070307 2411.00 2490.00 2411.00 2442.00 2300200
20070308 2460.00 2494.00 2435.00 2494.00 1410100
20070309 2497.00 2499.00 2438.00 2483.00 2498200
20070312 2510.00 2515.00 2466.00 2479.00 1279300
20070313 2479.00 2502.00 2454.00 2454.00 1821900
20070314 2390.00 2421.00 2359.00 2359.00 3436100
20070315 2387.00 2422.00 2378.00 2412.00 3323500
20070316 2406.00 2456.00 2357.00 2428.00 3907900
20070319 2452.00 2452.00 2394.00 2417.00 1606200
20070320 2420.00 2420.00 2368.00 2406.00 3082700
20070321 2400.00 2448.00 2388.00 2428.00 2123000
20070322 2458.00 2488.00 2441.00 2483.00 2984500
20070323 2475.00 2508.00 2461.00 2497.00 2335900
20070326 2504.00 2512.00 2461.00 2474.00 2026300
20070327 2493.00 2495.00 2453.00 2457.00 1666400
20070328 2460.00 2460.00 2400.00 2417.00 1601300
20070329 2440.00 2444.00 2413.00 2437.00 1501900
20070330 2437.00 2464.00 2419.00 2449.00 2880500
20070402 2438.00 2471.00 2432.00 2446.00 2094800
20070403 2471.00 2472.00 2433.00 2463.00 2161000
20070404 2478.00 2478.00 2434.00 2450.00 2507000
20070405 2450.00 2462.00 2435.00 2443.00 903700
20070410 2439.00 2464.00 2429.00 2444.00 1373900
20070411 2433.00 2440.00 2372.00 2388.00 2470200
20070412 2372.00 2400.00 2363.00 2385.00 2187100
20070413 2379.00 2400.00 2369.00 2385.00 2075400
20070416 2382.00 2449.00 2372.00 2440.00 4314500
20070417 2440.00 2472.00 2405.00 2410.00 3802800
20070418 2410.00 2428.00 2384.00 2400.00 1719800
20070419 2389.00 2409.00 2377.00 2396.00 2105000
20070420 2401.00 2440.00 2401.00 2425.00 2534000
20070423 2450.00 2467.00 2435.00 2455.00 2436300
20070424 2454.00 2503.00 2451.00 2485.00 4785400
20070426 2527.00 2540.00 2469.00 2506.00 2645700
20070427 2508.00 2525.00 2486.00 2513.00 1626800
20070430 2499.00 2540.00 2490.00 2536.00 1657500
20070501 2549.00 2549.00 2483.00 2494.00 2097900
20070502 2500.00 2544.00 2487.00 2542.00 1103200
20070503 2533.00 2546.00 2506.00 2514.00 3696700
20070504 2520.00 2541.00 2504.00 2508.00 1998800
20070508 2503.00 2511.00 2464.00 2473.00 1260800
20070509 2503.00 2504.00 2466.00 2483.00 1605600
20070510 2497.00 2537.00 2482.00 2517.00 2225900
20070511 2496.00 2530.00 2471.00 2523.00 1993000
20070514 2534.00 2544.00 2500.00 2516.00 788900
20070515 2509.00 2530.00 2476.00 2511.00 1963400
20070516 2490.00 2499.00 2465.00 2481.00 1192100
20070517 2483.00 2494.00 2440.00 2460.00 2068800
20070518 2469.00 2498.00 2445.00 2492.00 3378600
20070521 2503.00 2546.00 2500.00 2541.00 2957200
20070522 2540.00 2569.00 2540.00 2569.00 3167900
20070523 2556.00 2588.00 2556.00 2572.00 1876200
20070524 2563.00 2575.00 2540.00 2546.00 1779300
20070525 2550.00 2587.00 2526.00 2569.00 1623800
20070529 2580.00 2674.00 2580.00 2625.00 3795600
20070530 2611.00 2622.00 2589.00 2609.00 928900
20070531 2636.00 2637.00 2605.00 2618.00 1372700
20070604 2634.00 2650.00 2619.00 2626.00 1135600
20070605 2635.00 2642.00 2610.00 2620.00 3005400
20070606 2626.00 2626.00 2560.00 2560.00 3389600
20070607 2577.00 2598.00 2525.00 2537.00 1557100
20070608 2511.00 2543.00 2504.00 2524.00 1903600
20070611 2533.00 2555.00 2523.00 2533.00 688400
20070612 2537.00 2559.00 2523.00 2549.00 1189900
20070613 2537.00 2559.00 2515.00 2543.00 5569900
20070614 2565.00 2571.00 2538.00 2544.00 3351100
20070615 2556.00 2556.00 2509.00 2546.00 1906900
20070618 2568.00 2568.00 2501.00 2511.00 1621500
20070619 2517.00 2560.00 2426.00 2534.00 4204400
20070620 2540.00 2571.00 2486.00 2494.00 2808800
20070621 2488.00 2488.00 2420.00 2433.00 3684300
20070622 2431.00 2484.00 2409.00 2442.00 3060100
20070625 2421.00 2449.00 2410.00 2441.00 1990700
20070626 2435.00 2440.00 2412.00 2428.00 1117900
20070627 2419.00 2433.00 2378.00 2400.00 3609400
20070628 2419.00 2432.00 2395.00 2399.00 2017700
20070629 2414.00 2430.00 2367.00 2385.00 4104200
20070702 2379.00 2389.00 2347.00 2355.00 3050100
20070703 2356.00 2371.00 2343.00 2347.00 1712600
20070704 2358.00 2384.00 2349.00 2374.00 1713800
20070705 2384.00 2402.00 2368.00 2373.00 1997000
20070706 2361.00 2386.00 2356.00 2373.00 841000
20070709 2380.00 2396.00 2345.00 2355.00 1057500
20070710 2355.00 2355.00 2272.00 2274.00 4479300
20070711 2264.00 2267.00 2191.00 2257.00 4950300
20070712 2256.00 2265.00 2235.00 2257.00 1911200
20070713 2273.00 2298.00 2260.00 2287.00 2485200
20070716 2275.00 2303.00 2267.00 2298.00 1101400
20070717 2302.00 2302.00 2252.00 2268.00 1613400
20070718 2248.00 2277.00 2248.00 2253.00 1275700
20070719 2260.00 2280.00 2260.00 2273.00 1028000
20070720 2266.00 2290.00 2253.00 2253.00 1577400
20070723 2249.00 2258.00 2213.00 2225.00 1334900
20070724 2214.00 2249.00 2191.00 2191.00 2015000
20070725 2173.00 2191.00 2153.00 2161.00 5736500
20070726 2156.00 2172.00 2101.00 2117.00 4619300
20070727 2087.00 2154.00 2087.00 2136.00 2805900
20070730 2129.00 2138.00 2102.00 2119.00 2754300
20070731 2125.00 2174.00 2123.00 2174.00 3207300
20070801 2137.00 2162.00 2105.00 2128.00 1852400
20070802 2141.00 2177.00 2136.00 2165.00 1901000
20070803 2188.00 2188.00 2116.00 2127.00 1696000
20070806 2085.00 2119.00 2073.00 2096.00 1753200
20070807 2124.00 2141.00 2110.00 2139.00 4636400
20070808 2154.00 2232.00 2154.00 2212.00 4894400
20070809 2210.00 2251.00 2181.00 2232.00 3620500
20070810 2206.00 2300.00 2185.00 2244.00 3934400
20070813 2263.00 2316.00 2215.00 2263.00 3421800
20070815 2151.00 2175.00 2095.00 2120.00 4859600
20070816 2086.00 2096.00 2032.00 2062.00 5026500
20070817 2070.00 2242.00 2048.00 2143.00 3298400
20070820 2141.00 2197.00 2141.00 2178.00 2996200
20070821 2195.00 2200.00 2144.00 2165.00 2290500
20070822 2143.00 2193.00 2143.00 2189.00 1499000
20070823 2201.00 2225.00 2192.00 2195.00 1428800
20070824 2191.00 2219.00 2174.00 2193.00 875900
20070828 2200.00 2213.00 2162.00 2168.00 1613300
20070829 2169.00 2169.00 2135.00 2156.00 1324100
20070830 2183.00 2184.00 2143.00 2177.00 1172900
20070831 2180.00 2205.00 2175.00 2198.00 1190700
20070903 2213.00 2232.00 2203.00 2218.00 784400
20070904 2219.00 2258.00 2190.00 2255.00 2642600
20070905 2237.00 2250.00 2213.00 2220.00 2250600
20070906 2245.00 2247.00 2179.00 2214.00 2045500
20070907 2208.00 2233.00 2141.00 2150.00 2097500
20070910 2158.00 2167.00 2080.00 2097.00 3694000
20070911 2123.00 2159.00 2108.00 2149.00 1684600
20070912 2145.00 2150.00 2131.00 2146.00 693800
20070913 2136.00 2161.00 2128.00 2154.00 1083600
20070914 2133.00 2163.00 2099.00 2145.00 2097500
20070917 2145.00 2158.00 2108.00 2134.00 1744300
20070918 2122.00 2194.00 2121.00 2185.00 1773600
20070919 2229.00 2271.00 2211.00 2217.00 5715000
20070920 2220.00 2390.00 2220.00 2374.00 5695400
20070921 2355.00 2474.00 2348.00 2371.00 5545800
20070924 2378.00 2405.00 2361.00 2382.00 954500
20070925 2378.00 2378.00 2323.00 2334.00 1484300
20070926 2359.00 2375.00 2337.00 2340.00 2301400
20070927 2352.00 2365.00 2338.00 2355.00 1382800
20070928 2368.00 2368.00 2318.00 2334.00 1592400
20071001 2310.00 2336.00 2274.00 2323.00 2108200
20071002 2334.00 2383.00 2309.00 2372.00 1363600
20071003 2386.00 2427.00 2352.00 2407.00 1720100
20071004 2418.00 2418.00 2381.00 2400.00 1375600
20071005 2398.00 2406.00 2366.00 2396.00 1143300
20071008 2405.00 2430.00 2386.00 2392.00 875900
20071009 2407.00 2433.00 2397.00 2422.00 1181300
20071010 2430.00 2500.00 2416.00 2460.00 1467000
20071011 2459.00 2492.00 2418.00 2429.00 1981400
20071012 2401.00 2406.00 2381.00 2404.00 905700
20071015 2395.00 2410.00 2346.00 2356.00 1489200
20071016 2351.00 2358.00 2302.00 2306.00 4755700
20071017 2303.00 2330.00 2296.00 2305.00 2951500
20071018 2313.00 2319.00 2277.00 2280.00 1977000
20071019 2281.00 2290.00 2224.00 2232.00 3090200
20071022 2196.00 2289.00 2196.00 2268.00 3532900
20071023 2296.00 2319.00 2269.00 2274.00 3764100
20071024 2285.00 2299.00 2228.00 2234.00 2389000
20071025 2264.00 2264.00 2219.00 2235.00 2330900
20071026 2253.00 2253.00 2204.00 2219.00 875100
20071029 2248.00 2248.00 2215.00 2236.00 1545400
20071030 2218.00 2264.00 2210.00 2243.00 2024300
20071031 2259.00 2264.00 2231.00 2246.00 4704000
20071101 2236.00 2236.00 2194.00 2197.00 2007100
20071102 2178.00 2219.00 2139.00 2149.00 1679500
20071105 2147.00 2167.00 2142.00 2158.00 800600
20071106 2164.00 2167.00 2118.00 2130.00 1326000
20071107 2131.00 2179.00 2079.00 2113.00 2206300
20071108 2110.00 2131.00 2067.00 2097.00 1542800
20071109 2106.00 2134.00 2042.00 2072.00 1495400
20071112 2053.00 2126.00 2053.00 2120.00 1558700
20071113 2099.00 2136.00 2084.00 2129.00 1341500
20071114 2139.00 2176.00 2128.00 2141.00 1852100
20071115 2130.00 2170.00 2094.00 2125.00 1170300
20071116 2121.00 2148.00 2096.00 2113.00 1491200
20071119 2106.00 2157.00 2044.00 2049.00 1430300
20071120 2065.00 2108.00 2054.00 2087.00 1527100
20071121 2049.00 2057.00 1983.00 1996.00 1176100
20071122 2016.00 2043.00 1984.00 2038.00 697900
20071123 2029.00 2074.00 2015.00 2030.00 1309300
20071126 2053.00 2071.00 2016.00 2025.00 1348700
20071127 2012.00 2047.00 1992.00 2026.00 1329000
20071128 2048.00 2111.00 2038.00 2104.00 1241700
20071129 2121.00 2135.00 2079.00 2099.00 1145400
20071130 2113.00 2150.00 2102.00 2122.00 1742500
20071203 2112.00 2126.00 2087.00 2107.00 1445000
20071204 2113.00 2121.00 2057.00 2089.00 1609100
20071205 2099.00 2145.00 2087.00 2109.00 1379300
20071206 2118.00 2178.00 2103.00 2146.00 959100
20071207 2150.00 2184.00 2150.00 2159.00 725300
20071210 2141.00 2186.00 2141.00 2179.00 1165600
20071211 2181.00 2218.00 2149.00 2196.00 1241200
20071212 2170.00 2214.00 2144.00 2160.00 1937300
20071213 2139.00 2171.00 2130.00 2149.00 1514300
20071214 2161.00 2189.00 2134.00 2186.00 942900
20071217 2164.00 2224.00 2163.00 2189.00 1866300
20071218 2170.00 2208.00 2150.00 2157.00 1211600
20071219 2172.00 2235.00 2157.00 2185.00 1040200
20071220 2190.00 2252.00 2177.00 2213.00 1947100
20071221 2245.00 2265.00 2217.00 2220.00 1746500
20071224 2236.00 2270.00 2224.00 2270.00 141800
20071227 2276.00 2276.00 2202.00 2218.00 662000
20071228 2209.00 2230.00 2184.00 2200.00 396800
20071231 2173.00 2219.00 2173.00 2219.00 235000
20080102 2204.00 2217.00 2176.00 2182.00 757100
20080103 2166.00 2213.00 2104.00 2153.00 1212000
20080104 2161.00 2163.00 2068.00 2075.00 1385900
20080107 2070.00 2094.00 2038.00 2069.00 1790600
20080108 2070.00 2111.00 2027.00 2054.00 2392100
20080109 2037.00 2045.00 1973.00 1979.00 1465700
20080110 1984.00 2010.00 1966.00 1974.00 1377900
20080111 1984.00 2058.00 1961.00 1994.00 1829800
20080114 1979.00 2015.00 1979.00 1982.00 1201800
20080115 1973.00 1990.00 1896.00 1913.00 1998000
20080116 1909.00 1967.00 1902.00 1950.00 2282400
20080117 1993.00 2027.00 1919.00 1933.00 1749600
20080118 1941.00 1995.00 1899.00 1935.00 1640700
20080121 1912.00 1940.00 1831.00 1846.00 2567100
20080122 1800.00 1990.00 1739.00 1970.00 2693200
20080123 2009.00 2069.00 1936.00 2044.00 3946800
20080124 2093.00 2168.00 2093.00 2152.00 2162100
20080125 2199.00 2201.00 2056.00 2077.00 1642600
20080128 2058.00 2113.00 2040.00 2101.00 1335200
20080129 2124.00 2159.00 2044.00 2084.00 2873000
20080130 2066.00 2120.00 2035.00 2077.00 2051400
20080131 2077.00 2179.00 2034.00 2169.00 2527300
20080201 2183.00 2249.00 2156.00 2239.00 2367000
20080204 2245.00 2252.00 2196.00 2203.00 1522200
20080205 2150.00 2160.00 2085.00 2101.00 3039100
20080206 2095.00 2141.00 2080.00 2114.00 1573700
20080207 2102.00 2122.00 2071.00 2093.00 1744700
20080208 2111.00 2119.00 2071.00 2102.00 681700
20080211 2096.00 2106.00 2065.00 2083.00 901300
20080212 2103.00 2169.00 2079.00 2162.00 1180000
20080213 2125.00 2180.00 2117.00 2159.00 1101200
20080214 2170.00 2190.00 2137.00 2146.00 895600
20080215 2145.00 2160.00 2094.00 2107.00 927100
20080218 2113.00 2162.00 2108.00 2156.00 432300
20080219 2139.00 2175.00 2116.00 2133.00 1534800
20080220 2097.00 2120.00 2062.00 2111.00 1446300
20080221 2128.00 2130.00 2069.00 2078.00 894200
20080222 2071.00 2082.00 2037.00 2057.00 861500
20080225 2068.00 2115.00 2066.00 2109.00 725200
20080226 2128.00 2140.00 2095.00 2129.00 625900
20080227 2134.00 2142.00 2090.00 2134.00 1091000
20080228 2134.00 2151.00 2038.00 2047.00 1049600
20080229 2031.00 2058.00 1995.00 2001.00 1485100
20080303 1965.00 1996.00 1949.00 1960.00 1148800
20080304 1954.00 2005.00 1942.00 1974.00 1192500
20080305 1987.00 2025.00 1975.00 2017.00 975200
20080306 2012.00 2012.00 1940.00 1949.00 1629800
20080307 1928.00 1968.00 1901.00 1933.00 1462700
20080310 1917.00 1941.00 1888.00 1894.00 1568000
20080311 1906.00 1948.00 1887.00 1918.00 1208900
20080312 1941.00 1970.00 1931.00 1938.00 1110400
20080313 1904.00 1910.00 1845.00 1864.00 1890800
20080314 1817.00 1920.00 1817.00 1859.00 1561500
20080318 1824.00 1864.00 1776.00 1860.00 1321100
20080319 1874.00 1932.00 1810.00 1929.00 2508300
20080320 1905.00 2022.00 1811.00 1986.00 4206500
20080325 2047.00 2111.00 2037.00 2080.00 2112400
20080326 2063.00 2079.00 2037.00 2046.00 1238900
20080327 2038.00 2063.00 2007.00 2042.00 980500
20080328 2053.00 2056.00 2006.00 2010.00 909100
20080331 2003.00 2017.00 1975.00 2001.00 951700
20080401 2005.00 2160.00 2002.00 2141.00 1895100
20080402 2155.00 2163.00 2117.00 2151.00 922500
20080403 2149.00 2155.00 2026.00 2040.00 1523600
20080404 2054.00 2072.00 2029.00 2047.00 1438600
20080407 2060.00 2075.00 2040.00 2049.00 1329800
20080408 2047.00 2067.00 2024.00 2067.00 1525000
20080409 2061.00 2061.00 2014.00 2020.00 1214900
20080410 2018.00 2033.00 1973.00 2020.00 2138800
20080411 2045.00 2045.00 1984.00 2002.00 1707200
20080414 1985.00 2008.00 1975.00 1977.00 879600
20080415 1983.00 2010.00 1962.00 1975.00 776000
20080416 1996.00 2031.00 1977.00 2029.00 1095700
20080417 2025.00 2058.00 2025.00 2042.00 953600
20080418 2060.00 2115.00 2046.00 2103.00 974700
20080421 2101.00 2129.00 2078.00 2093.00 941200
20080422 2073.00 2077.00 2004.00 2010.00 1207200
20080423 1979.00 1979.00 1925.00 1954.00 2880600
20080424 1943.00 1951.00 1871.00 1934.00 2523100
20080425 1942.00 1962.00 1909.00 1915.00 1585100
20080428 1923.00 1943.00 1915.00 1928.00 891900
20080429 1924.00 1949.00 1914.00 1941.00 1026300
20080430 1937.00 1994.00 1919.00 1984.00 1660700
20080501 1975.00 2039.00 1939.00 2029.00 655100
20080502 2038.00 2090.00 2005.00 2075.00 1774300
20080506 2063.00 2063.00 2005.00 2015.00 1221500
20080507 2028.00 2079.00 2017.00 2069.00 928600
20080508 2046.00 2050.00 2021.00 2042.00 854300
20080509 2035.00 2035.00 1986.00 2019.00 827400
20080512 2029.00 2040.00 2010.00 2024.00 440500
20080513 2043.00 2067.00 2012.00 2040.00 1084300
20080514 2048.00 2048.00 1973.00 1981.00 1640900
20080515 1970.00 1998.00 1970.00 1986.00 1144900
20080516 2006.00 2040.00 1994.00 2004.00 1461500
20080519 2018.00 2018.00 1981.00 2004.00 1484300
20080520 1983.00 2018.00 1928.00 1935.00 1763400
20080521 1921.00 1940.00 1831.00 1853.00 2676400
20080522 1841.00 1871.00 1809.00 1860.00 1891300
20080523 1864.00 1864.00 1816.00 1816.00 1037200
20080527 1819.00 1861.00 1804.00 1842.00 910200
20080528 1856.00 1910.00 1851.00 1894.00 1968300
20080529 1899.00 1899.00 1852.00 1865.00 1574500
20080530 1880.00 1945.00 1873.00 1918.00 1655600
20080602 1922.00 1939.00 1895.00 1929.00 1484000
20080603 1920.00 1940.00 1888.00 1897.00 1179700
20080604 1884.00 1936.00 1854.00 1927.00 1205300
20080605 1924.00 1949.00 1904.00 1941.00 1012300
20080606 1950.00 1950.00 1842.00 1846.00 1291800
20080610 1797.00 1838.00 1785.00 1825.00 1351400
20080611 1829.00 1864.00 1786.00 1788.00 1629000
20080612 1780.00 1836.00 1755.00 1833.00 1387300
20080613 1820.00 1855.00 1787.00 1832.00 1600100
20080616 1835.00 1837.00 1767.00 1790.00 1422500
20080617 1804.00 1810.00 1762.00 1777.00 1548700
20080618 1745.00 1750.00 1703.00 1723.00 1994200
20080619 1705.00 1763.00 1656.00 1739.00 5179700
20080620 1765.00 1789.00 1708.00 1718.00 2816100
20080623 1707.00 1721.00 1672.00 1695.00 2031400
20080624 1703.00 1703.00 1623.00 1667.00 1523000
20080625 1664.00 1765.00 1653.00 1758.00 1975900
20080626 1750.00 1751.00 1641.00 1641.00 1666400
20080627 1624.00 1624.00 1555.00 1579.00 1911500
20080630 1581.00 1612.00 1555.00 1605.00 2150500
20080701 1590.00 1595.00 1516.00 1540.00 1933300
20080702 1546.00 1575.00 1528.00 1549.00 3300300
20080703 1524.00 1581.00 1521.00 1562.00 1647900
20080704 1571.00 1571.00 1505.00 1505.00 658800
20080707 1516.00 1580.00 1507.00 1572.00 1686800
20080708 1537.00 1619.00 1525.00 1614.00 1817500
20080709 1634.00 1652.00 1595.00 1621.00 1780300
20080710 1586.00 1593.00 1518.00 1521.00 1366100
20080711 1525.00 1534.00 1436.00 1436.00 1665300
20080714 1464.00 1545.00 1452.00 1476.00 1345600
20080715 1460.00 1508.00 1406.00 1463.00 1995100
20080716 1463.00 1547.00 1423.00 1526.00 1895200
20080717 1557.00 1619.00 1549.00 1609.00 1712400
20080718 1645.00 1751.00 1625.00 1745.00 1992800
20080721 1749.00 1749.00 1686.00 1725.00 1414700
20080722 1709.00 1808.00 1642.00 1808.00 2258400
20080723 1872.00 1945.00 1860.00 1910.00 2410200
20080724 1932.00 1949.00 1824.00 1837.00 1612300
20080725 1814.00 1853.00 1785.00 1841.00 1398200
20080728 1825.00 1825.00 1758.00 1759.00 1199300
20080729 1736.00 1809.00 1706.00 1790.00 649200
20080730 1828.00 1854.00 1785.00 1797.00 956900
20080731 1797.00 1798.00 1741.00 1777.00 1748800
20080801 1768.00 1814.00 1740.00 1765.00 1171000
20080804 1771.00 1811.00 1723.00 1793.00 1236100
20080805 1808.00 1920.00 1808.00 1920.00 1647800
20080806 1944.00 1985.00 1898.00 1934.00 1790100
20080807 1916.00 1948.00 1840.00 1850.00 2811300
20080808 1846.00 1955.00 1844.00 1949.00 1217000
20080811 1951.00 1998.00 1947.00 1986.00 1171900
20080812 1992.00 2020.00 1967.00 1999.00 1754800
20080813 1975.00 1977.00 1880.00 1894.00 1829900
20080814 1901.00 1927.00 1861.00 1917.00 936500
20080815 1947.00 1991.00 1916.00 1985.00 1675200
20080818 1972.00 1972.00 1906.00 1938.00 1605900
20080819 1911.00 1916.00 1849.00 1853.00 1957000
20080820 1845.00 1869.00 1788.00 1840.00 645600
20080821 1810.00 1822.00 1772.00 1782.00 1035400
20080822 1794.00 1864.00 1791.00 1863.00 1306300
20080826 1847.00 1865.00 1803.00 1856.00 812700
20080827 1859.00 1859.00 1808.00 1842.00 620500
20080828 1849.00 1899.00 1825.00 1884.00 1339200
20080829 1901.00 1908.00 1859.00 1882.00 1612400
20080901 1862.00 1903.00 1829.00 1891.00 1437500
20080902 1895.00 2068.00 1893.00 2030.00 3342800
20080903 2010.00 2042.00 1975.00 2017.00 1771900
20080904 2020.00 2044.00 1947.00 1957.00 2076500
20080905 1946.00 1965.00 1917.00 1932.00 1521900
20080908 2009.00 2025.00 1980.00 2018.00 815000
20080909 2030.00 2153.00 2018.00 2099.00 3242100
20080910 2100.00 2100.00 1994.00 2020.00 2382500
20080911 2020.00 2084.00 1992.00 2072.00 1355000
20080912 2091.00 2104.00 2018.00 2074.00 1163800
20080915 2099.00 2134.00 1977.00 2108.00 2008000
20080916 2066.00 2125.00 1975.00 2054.00 2481800
20080917 2013.00 2064.00 1958.00 1966.00 1368300
20080918 2020.00 2096.00 1866.00 1886.00 4082900
20080919 1792.00 2037.00 1791.00 1909.00 1539500
20080922 1909.00 1954.00 1814.00 1826.00 1407900
20080923 1796.00 1804.00 1733.00 1759.00 2100700
20080924 1765.00 1803.00 1710.00 1724.00 1264700
20080925 1716.00 1796.00 1679.00 1749.00 2630100
20080926 1730.00 1730.00 1659.00 1682.00 1297000
20080929 1663.00 1696.00 1617.00 1619.00 1361800
20080930 1583.00 1697.00 1581.00 1661.00 2109600
20081001 1692.00 1721.00 1666.00 1699.00 1819700
20081002 1706.00 1766.00 1672.00 1683.00 927100
20081003 1694.00 1727.00 1642.00 1672.00 1319300
20081006 1632.00 1632.00 1518.00 1525.00 1208300
20081007 1539.00 1578.00 1462.00 1468.00 770100
20081008 1409.00 1532.00 1401.00 1436.00 1329700
20081009 1468.00 1514.00 1432.00 1454.00 1889700
20081010 1315.00 1393.00 1276.00 1287.00 1679800
20081013 1484.00 1544.00 1365.00 1475.00 2106600
20081014 1569.00 1569.00 1510.00 1554.00 1602900
20081015 1557.00 1557.00 1461.00 1477.00 2336900
20081016 1413.00 1450.00 1340.00 1372.00 967600
20081017 1450.00 1498.00 1428.00 1478.00 2664400
20081020 1529.00 1530.00 1438.00 1503.00 1524900
20081021 1533.00 1592.00 1486.00 1565.00 1382600
20081022 1544.00 1588.00 1520.00 1570.00 1979700
20081023 1596.00 1607.00 1484.00 1531.00 1640300
20081024 1493.00 1496.00 1378.00 1494.00 2813300
20081027 1428.00 1555.00 1401.00 1515.00 2200300
20081028 1499.00 1583.00 1368.00 1409.00 3708000
20081029 1496.00 1627.00 1496.00 1591.00 2176200
20081030 1653.00 1653.00 1545.00 1569.00 1657200
20081031 1580.00 1586.00 1275.00 1355.00 5887100
20081103 1357.00 1408.00 1357.00 1396.00 1853400
20081104 1400.00 1487.00 1389.00 1475.00 2682200
20081105 1476.00 1481.00 1424.00 1436.00 1816100
20081106 1397.00 1462.00 1379.00 1400.00 3435000
20081107 1397.00 1413.00 1344.00 1360.00 3635800
20081110 1422.00 1433.00 1339.00 1346.00 2157600
20081111 1331.00 1341.00 1299.00 1302.00 2591200
20081112 1334.00 1352.00 1270.00 1280.00 1705000
20081113 1250.00 1275.00 1228.00 1250.00 1511600
20081114 1307.00 1326.00 1272.00 1288.00 2546300
20081117 1270.00 1287.00 1241.00 1253.00 2670200
20081118 1244.00 1252.00 1210.00 1243.00 2064100
20081119 1234.00 1234.00 1122.00 1129.00 3413400
20081120 1095.00 1127.00 1076.00 1105.00 3102800
20081121 1103.00 1120.00 1055.00 1075.00 2787400
20081124 1095.00 1186.00 1093.00 1186.00 2394300
20081125 1182.00 1273.00 1164.00 1225.00 3390700
20081126 1209.00 1305.00 1188.00 1297.00 4513400
20081127 1315.00 1315.00 1251.00 1299.00 750500
20081128 1289.00 1375.00 1267.00 1373.00 1323400
20081201 1361.00 1372.00 1292.00 1296.00 1201200
20081202 1269.00 1349.00 1251.00 1347.00 1577000
20081203 1337.00 1420.00 1316.00 1411.00 1703500
20081204 1403.00 1493.00 1387.00 1415.00 1555500
20081205 1417.00 1418.00 1285.00 1300.00 1913100
20081208 1412.00 1424.00 1331.00 1410.00 1944100
20081209 1394.00 1513.00 1387.00 1493.00 2032800
20081210 1507.00 1507.00 1454.00 1490.00 1813300
20081211 1468.00 1500.00 1446.00 1464.00 1298700
20081212 1411.00 1432.00 1380.00 1413.00 1246800
20081215 1441.00 1441.00 1385.00 1394.00 985000
20081216 1405.00 1428.00 1365.00 1420.00 990800
20081217 1451.00 1460.00 1403.00 1446.00 1143300
20081218 1445.00 1535.00 1399.00 1442.00 2998000
20081219 1443.00 1510.00 1440.00 1496.00 2019600
20081222 1474.00 1489.00 1392.00 1427.00 1185600
20081223 1410.00 1493.00 1410.00 1477.00 798300
20081224 1450.00 1517.00 1431.00 1452.00 142800
20081229 1450.00 1469.00 1436.00 1450.00 572000
20081230 1473.00 1533.00 1432.00 1533.00 675700
20081231 1527.00 1575.00 1506.00 1509.00 188900
20090102 1513.00 1597.00 1513.00 1597.00 553800
20090105 1618.00 1618.00 1568.00 1604.00 1310700
20090106 1614.00 1674.00 1601.00 1655.00 1355100
20090107 1655.00 1655.00 1537.00 1553.00 1827400
20090108 1540.00 1541.00 1481.00 1507.00 904500
20090109 1517.00 1572.00 1502.00 1519.00 846600
20090112 1522.00 1539.00 1495.00 1497.00 1329800
20090113 1493.00 1493.00 1450.00 1480.00 1322100
20090114 1503.00 1503.00 1402.00 1420.00 1219000
20090115 1405.00 1417.00 1348.00 1362.00 1925700
20090116 1392.00 1404.00 1355.00 1355.00 1444900
20090119 1382.00 1405.00 1338.00 1351.00 676900
20090120 1351.00 1391.00 1326.00 1338.00 2936900
20090121 1327.00 1357.00 1301.00 1343.00 1585700
20090122 1353.00 1379.00 1313.00 1320.00 2734500
20090123 1320.00 1340.00 1282.00 1331.00 1183600
20090126 1318.00 1348.00 1290.00 1316.00 1714600
20090127 1312.00 1335.00 1282.00 1327.00 1209600
20090128 1341.00 1383.00 1321.00 1341.00 1443500
20090129 1341.00 1356.00 1266.00 1267.00 2211600
20090130 1268.00 1301.00 1250.00 1269.00 1676100
20090202 1253.00 1262.00 1224.00 1239.00 1359800
20090203 1245.00 1282.00 1230.00 1265.00 1069700
20090204 1269.00 1319.00 1245.00 1296.00 1797900
20090205 1280.00 1320.00 1261.00 1318.00 1985500
20090206 1306.00 1390.00 1305.00 1390.00 1628900
20090209 1377.00 1401.00 1363.00 1393.00 1434000
20090210 1385.00 1416.00 1369.00 1381.00 2102700
20090211 1370.00 1436.00 1366.00 1429.00 2115100
20090212 1412.00 1428.00 1392.00 1408.00 2051100
20090213 1412.00 1448.00 1403.00 1420.00 1232400
