20041025 236.00 236.00 229.00 233.75 12578500
20041026 234.00 239.50 233.50 238.25 19536500
20041027 239.00 241.00 235.75 241.00 13982900
20041028 241.50 241.50 237.00 241.00 10081000
20041029 244.75 244.75 239.75 240.75 8702900
20041101 239.25 243.00 239.25 242.50 5521500
20041102 244.00 244.75 241.50 243.00 7596800
20041103 243.75 244.50 238.25 238.75 12943600
20041104 235.25 242.00 235.25 242.00 15565200
20041105 242.75 243.75 239.25 241.50 12588500
20041108 241.50 244.00 240.25 243.00 9498400
20041109 243.75 245.00 238.75 241.75 12142800
20041110 242.50 244.50 238.75 239.75 12069900
20041111 239.75 242.50 238.75 240.00 15476800
20041112 242.25 242.25 238.75 240.50 11074200
20041115 242.00 243.50 237.50 238.75 7886300
20041116 240.75 242.00 239.50 240.50 8569900
20041117 242.00 245.00 240.50 244.25 10998600
20041118 244.25 247.00 243.75 246.00 11585200
20041119 244.75 246.50 244.25 245.75 5292500
20041122 245.25 247.25 243.50 246.50 8207200
20041123 245.75 248.75 245.50 248.50 11295400
20041124 248.50 248.50 245.75 246.00 7452400
20041125 246.75 248.50 247.25 247.75 5068300
20041126 248.25 248.25 246.00 246.75 6058400
20041129 246.50 249.50 246.50 247.25 4940300
20041130 247.50 249.50 247.50 247.75 9890200
20041201 247.50 248.50 246.75 247.25 9964200
20041202 249.50 254.25 247.75 254.25 16518200
20041203 252.25 258.00 251.50 256.25 13470200
20041206 257.00 257.00 253.25 256.00 9083400
20041207 254.00 254.75 252.00 253.25 12749600
20041208 253.00 254.50 250.50 252.00 9910100
20041209 251.00 252.00 244.50 250.00 21347300
20041210 238.00 239.00 225.00 229.25 57756700
20041213 232.75 232.75 229.00 231.00 19393300
20041214 233.00 233.00 229.00 229.25 19198300
20041215 231.00 234.00 229.00 231.00 15128700
20041216 232.00 232.00 227.50 228.50 9476700
20041217 228.00 229.50 225.75 225.75 18062100
20041220 226.25 229.25 225.50 228.50 7156800
20041221 229.25 229.75 225.00 226.50 12830600
20041222 226.50 230.75 226.50 230.00 8987000
20041223 228.00 235.00 228.00 234.25 9155900
20041224 235.00 232.75 230.25 232.50 3616500
20041227 232.50 232.50 232.50 232.50 0
20041228 232.50 232.50 232.50 232.50 0
20041229 233.00 237.50 233.00 235.00 4363500
20041230 236.25 236.75 234.00 236.75 4009500
20041231 237.00 238.00 233.75 236.25 1097700
20050103 236.25 236.25 236.25 236.25 0
20050104 237.50 238.00 233.75 237.00 9175100
20050105 235.00 239.25 233.00 238.25 12714600
20050106 239.00 239.50 237.25 238.25 11626200
20050107 240.50 240.50 237.25 237.75 8374800
20050110 238.75 238.75 235.50 236.50 10053800
20050111 236.50 237.75 235.00 236.25 9257900
20050112 236.25 236.25 232.25 234.00 14251800
20050113 234.00 235.50 232.00 232.75 17588800
20050114 232.75 232.75 229.75 230.00 22615500
20050117 231.50 233.00 229.25 231.00 13271900
20050118 231.00 235.50 231.00 234.75 22107600
20050119 235.50 239.25 234.75 237.50 12957800
20050120 237.75 237.00 235.00 237.00 9993600
20050121 237.50 238.25 235.00 236.00 7233700
20050124 236.50 236.50 233.25 236.00 8391400
20050125 236.50 236.75 235.00 236.25 6835500
20050126 236.75 237.50 234.50 235.75 12268900
20050127 235.25 236.25 234.25 235.00 8062500
20050128 235.25 236.25 232.50 233.50 6428900
20050131 235.00 235.50 232.75 233.25 11494300
20050201 232.50 238.25 232.50 237.75 10891500
20050202 238.25 246.75 237.00 242.00 18686700
20050203 242.25 247.75 241.00 244.50 11217100
20050204 245.00 249.75 241.25 248.00 14579400
20050207 249.00 249.25 241.75 243.00 10540800
20050208 243.50 245.25 237.00 240.00 15564900
20050209 240.00 244.50 238.50 242.50 7792200
20050210 243.00 243.00 237.50 239.00 11428800
20050211 239.50 246.50 239.50 245.25 9491500
20050214 245.25 247.50 243.50 245.50 3747200
20050215 245.50 248.00 243.50 247.75 6650800
20050216 249.75 249.75 243.00 249.25 12112000
20050217 249.25 252.75 247.00 248.75 11768700
20050218 249.50 252.75 248.50 250.00 16621900
20050221 249.25 249.25 240.25 242.00 16376200
20050222 242.00 246.50 238.75 243.75 11736600
20050223 243.25 245.50 240.25 241.00 17742100
20050224 242.75 248.75 234.50 237.25 31968600
20050225 239.75 235.25 231.50 234.00 25457100
20050228 234.00 239.00 233.50 236.50 16121300
20050301 235.25 242.00 235.25 241.00 14321500
20050302 240.00 241.00 233.25 235.00 20798800
20050303 235.75 237.50 231.50 232.50 19445300
20050304 233.25 236.75 229.50 235.50 22226100
20050307 235.50 237.00 233.50 234.50 9146000
20050308 235.25 235.25 230.50 232.25 9345200
20050309 234.25 235.00 232.50 234.00 12778100
20050310 233.00 238.50 229.25 236.75 15121300
20050311 237.00 238.00 232.50 234.00 14446500
20050314 233.00 244.00 228.50 231.00 11252400
20050315 232.25 233.00 230.00 232.00 12627500
20050316 231.25 231.75 225.75 227.00 18751400
20050317 228.00 230.00 225.25 229.50 15750100
20050318 229.00 229.00 224.00 225.50 25013000
20050321 226.25 226.25 222.50 222.75 10337500
20050322 222.75 227.00 221.50 226.00 12744700
20050323 225.00 225.75 221.75 224.50 13313500
20050324 223.75 226.50 222.75 225.25 7693600
20050325 225.25 225.25 225.25 225.25 0
20050328 225.25 225.25 225.25 225.25 0
20050329 226.50 230.00 226.00 230.00 20287100
20050330 229.50 233.50 225.75 232.75 14157200
20050331 232.75 235.00 230.75 230.75 16428300
20050401 230.50 233.50 227.25 228.00 12221300
20050404 229.50 232.75 225.75 232.50 10549100
20050405 234.00 238.00 234.00 237.25 12379700
20050406 239.00 239.00 235.00 236.00 6281500
20050407 237.25 238.25 234.25 234.75 14914300
20050408 236.50 236.50 232.00 233.50 20440300
20050411 234.00 239.50 234.00 235.00 15035300
20050412 235.25 236.50 233.75 236.00 9217300
20050413 238.50 239.00 236.75 237.50 12380700
20050414 237.50 238.75 234.75 235.50 12918900
20050415 234.50 239.00 234.50 237.50 13301500
20050418 234.50 235.25 231.50 233.50 10995300
20050419 234.75 235.25 233.25 234.50 11878200
20050420 236.00 236.25 232.25 233.00 9979200
20050421 232.00 235.50 232.00 235.00 6819300
20050422 237.00 237.50 235.25 237.50 5583100
20050425 237.50 237.75 231.25 235.00 11341200
20050426 236.00 236.00 229.75 230.25 16375600
20050427 224.50 226.50 220.75 222.25 14648800
20050428 223.50 224.75 221.50 224.00 11796800
20050429 223.75 226.00 220.00 222.00 16559800
20050502 222.00 222.00 222.00 222.00 0
20050503 223.50 223.50 220.50 222.50 9966300
20050504 223.75 223.75 218.25 220.00 18474100
20050505 221.25 222.50 219.50 221.00 11187200
20050506 222.75 223.25 216.50 217.50 16642900
20050509 216.75 221.75 213.50 221.50 12926600
20050510 221.25 226.50 221.25 225.00 19169900
20050511 225.00 228.00 223.00 227.00 13983900
20050512 226.75 230.75 226.75 230.00 17003100
20050513 229.75 233.00 228.50 232.25 12288900
20050516 232.50 232.75 227.00 227.50 9281700
20050517 228.50 229.25 225.00 228.75 7876700
20050518 231.00 231.00 226.75 229.25 9733700
20050519 230.25 231.25 228.75 230.75 7992800
20050520 231.00 235.75 227.25 233.50 13333900
20050523 233.75 234.75 231.00 233.00 7435200
20050524 232.00 234.50 231.25 231.75 6158500
20050525 232.75 234.25 230.00 233.50 5791500
20050526 234.75 238.00 233.50 238.00 9995700
20050527 238.75 238.75 234.25 235.50 6623400
20050530 235.50 235.50 235.50 235.50 0
20050531 237.25 238.50 232.00 232.00 12281300
20050601 233.50 236.25 232.50 235.25 7088400
20050602 235.25 236.00 229.75 230.50 14598000
20050603 230.50 230.50 230.50 230.50 0
20050606 230.25 230.75 227.75 229.00 10829900
20050607 229.75 230.25 226.00 229.00 12525700
20050608 228.00 229.50 225.25 226.50 9430800
20050609 226.75 226.75 222.50 223.50 16182700
20050610 225.00 225.00 222.00 223.50 18226500
20050613 223.25 225.75 222.25 225.25 8072000
20050614 224.50 225.00 221.75 223.25 9500300
20050615 222.50 223.75 218.00 219.00 17167000
20050616 220.00 224.00 220.00 223.50 10721600
20050617 223.00 228.00 221.75 223.75 18967100
20050620 224.00 224.00 220.00 221.50 8407200
20050621 221.00 226.00 221.00 225.25 10337000
20050622 226.25 227.00 223.25 226.50 12215000
20050623 227.50 227.50 222.25 224.00 11285700
20050624 222.00 233.75 222.00 232.50 21216900
20050627 233.00 235.50 232.25 234.00 21805700
20050628 234.25 235.00 229.50 231.00 13006800
20050629 233.00 233.00 229.25 230.25 13276000
20050630 229.00 233.25 228.50 231.75 13256700
20050701 231.75 234.75 229.00 233.00 8400900
20050704 232.00 233.00 228.00 230.00 9493200
20050705 230.00 230.50 227.00 229.50 15173700
20050706 231.00 231.00 227.00 227.75 11053600
20050707 228.00 228.00 218.00 223.75 21945700
20050708 227.50 227.50 223.25 224.75 10734400
20050711 227.00 229.00 225.00 226.50 6689500
20050712 226.50 228.00 226.25 226.50 8548700
20050713 227.50 228.00 223.00 224.25 11149700
20050714 223.00 230.75 221.00 230.00 76585296
20050715 235.00 237.00 227.50 228.25 51115300
20050718 228.50 229.75 225.00 226.00 19815200
20050719 225.75 226.75 223.75 223.75 56432500
20050720 224.00 226.50 223.75 225.00 15024200
20050721 226.00 232.75 225.25 230.75 34669400
20050722 230.25 232.25 229.00 231.00 26491800
20050725 230.75 232.00 229.00 231.00 16067000
20050726 232.75 233.25 230.75 232.25 13962300
20050727 232.00 233.75 231.50 233.25 14413600
20050728 233.50 234.50 232.25 233.25 15056100
20050729 234.75 234.75 232.00 234.50 17315800
20050801 234.50 236.00 234.00 235.25 13933200
20050802 234.00 235.75 232.75 235.75 14209000
20050803 236.50 236.75 233.25 236.00 11984600
20050804 236.00 237.00 234.25 234.50 8527500
20050805 234.50 238.25 234.25 237.75 24377700
20050808 238.75 238.75 236.00 236.50 16243200
20050809 237.00 237.25 234.50 236.75 17490900
20050810 235.75 240.50 235.75 240.00 16937800
20050811 238.75 239.75 236.75 238.75 13800300
20050812 240.00 248.75 236.50 237.50 10409800
20050815 237.50 239.50 236.50 238.75 8441800
20050816 239.25 240.25 237.00 237.00 10950600
20050817 236.25 238.25 236.00 236.75 10467200
20050818 237.75 238.00 235.50 237.50 11194200
20050819 237.75 242.50 236.50 241.25 27803600
20050822 242.50 244.00 239.75 243.75 13545400
20050823 244.00 244.75 240.00 243.50 25757900
20050824 244.00 263.00 243.00 252.75 107243600
20050825 250.50 253.00 247.50 251.75 20728300
20050826 250.50 255.25 249.50 251.25 17639500
20050829 251.25 251.25 251.25 251.25 0
20050830 252.00 255.00 247.25 250.00 20314100
20050831 251.00 253.00 248.75 249.75 15974300
20050901 251.00 252.75 246.75 248.50 26648100
20050902 249.50 253.25 246.50 250.25 30107700
20050905 251.50 254.00 251.00 253.75 17481400
20050906 255.50 268.50 255.50 263.00 55557200
20050907 264.00 265.25 261.00 264.75 38362600
20050908 263.25 266.00 260.00 264.75 33171200
20050909 270.00 275.75 253.00 260.25 57068200
20050912 263.00 266.00 258.75 263.00 22959000
20050913 263.00 263.00 257.50 260.50 15172400
20050914 260.00 263.00 257.00 259.25 13815500
20050915 261.00 263.25 253.25 255.25 34956700
20050916 253.50 256.25 253.25 254.50 51439100
20050919 254.00 260.00 252.25 253.50 29498000
20050920 252.75 253.50 249.25 252.25 40401800
20050921 250.25 255.50 246.25 248.00 29688200
20050922 246.50 249.50 245.75 249.00 11763400
20050923 250.50 250.50 244.25 246.50 23285400
20050926 249.25 249.50 245.00 245.25 20120500
20050927 245.00 248.75 244.50 248.25 13342000
20050928 249.50 249.50 246.25 247.00 24104600
20050929 246.25 249.25 241.75 243.50 48788800
20050930 247.00 247.00 244.00 246.00 40761700
20051003 246.50 246.75 244.50 246.50 26888500
20051004 247.50 251.75 246.00 248.00 27954200
20051005 247.00 249.00 245.75 247.00 29920200
20051006 247.00 247.00 244.50 245.25 27983800
20051007 245.50 246.25 243.75 244.50 14637100
20051010 244.25 247.75 244.25 247.50 45556500
20051011 248.00 249.00 246.25 247.75 31699300
20051012 245.75 247.00 243.00 243.00 23655800
20051013 243.00 244.00 238.50 239.00 30085400
20051014 239.00 241.75 236.75 240.25 11698600
20051017 240.25 241.75 237.50 238.25 12088000
20051018 239.00 239.00 234.25 236.50 10827600
20051019 236.00 237.25 233.00 234.75 28171500
20051020 238.25 238.50 231.00 232.00 11663600
20051021 230.25 237.00 229.00 232.75 23796400
20051024 232.75 235.25 231.25 233.75 10565300
20051025 233.75 236.25 231.50 232.50 10947800
20051026 232.50 234.75 231.25 231.25 15913300
20051027 230.00 232.00 227.75 229.00 13268200
20051028 229.25 237.75 229.25 235.00 21337100
20051031 236.75 239.25 234.00 238.75 19275400
20051101 240.00 242.00 237.75 239.50 14892100
20051102 240.00 243.75 237.50 243.50 26535900
20051103 246.25 251.00 243.75 248.25 39806900
20051104 247.00 248.50 242.00 248.25 32474000
20051107 250.00 251.50 246.25 246.50 28086300
20051108 248.00 248.50 245.50 247.75 23354000
20051109 246.50 247.75 240.25 242.50 53705900
20051110 242.50 246.75 238.50 240.50 29575100
20051111 244.75 246.50 243.50 245.75 11874100
20051114 247.00 247.50 241.00 242.75 14875300
20051115 241.00 243.75 240.75 241.00 18373800
20051116 242.00 243.00 240.75 242.25 8758400
20051117 243.50 245.25 241.25 241.75 18088200
20051118 243.75 244.00 239.00 240.25 18442500
20051121 241.75 242.25 239.25 240.50 21965300
20051122 242.00 243.75 236.00 238.50 22557500
20051123 239.75 241.00 233.25 237.25 19457800
20051124 238.50 238.50 237.25 238.25 10901900
20051125 238.00 238.00 236.00 237.50 5942600
20051128 238.50 238.50 230.50 232.50 17131100
20051129 233.25 235.50 231.00 232.00 22541800
20051130 232.50 234.00 229.25 230.00 23695500
20051201 230.00 235.25 230.00 234.50 15946400
20051202 234.50 236.75 233.50 234.75 10223100
20051205 234.00 234.50 228.50 231.50 15354600
20051206 230.50 234.25 227.50 233.75 20069200
20051207 234.25 235.50 233.00 234.75 20505900
20051208 234.75 238.75 233.00 238.75 20442500
20051209 238.75 239.75 235.75 237.25 15314800
20051212 237.25 241.00 237.25 238.75 13424000
20051213 238.00 244.00 238.00 243.00 17556900
20051214 243.25 244.50 240.50 242.00 18252200
20051215 242.25 244.75 238.00 238.50 25482500
20051216 238.50 245.75 238.50 243.50 44950900
20051219 242.75 244.75 241.50 241.75 18823300
20051220 242.00 246.00 241.25 245.75 15987800
20051221 245.00 248.25 244.75 248.00 13439000
20051222 248.25 250.25 246.00 249.75 12096100
20051223 250.00 252.00 249.00 251.75 3475300
20051226 251.75 251.75 251.75 251.75 0
20051227 251.75 251.75 251.75 251.75 0
20051228 253.75 253.75 251.00 252.50 4175800
20051229 251.75 253.75 251.75 253.50 6913100
20051230 254.50 255.00 252.50 254.75 2889700
20060102 254.75 254.75 254.75 254.75 0
20060103 254.75 257.75 251.75 254.25 21868100
20060104 255.50 256.50 250.00 251.50 21727300
20060105 252.00 252.50 249.75 250.50 23360800
20060106 251.75 251.75 247.75 249.75 14009200
20060109 250.75 253.00 248.50 250.00 13645200
20060110 250.50 255.00 247.25 250.00 16308400
20060111 250.00 252.00 248.75 249.50 14016200
20060112 248.50 251.75 248.50 250.25 12709100
20060113 251.25 252.50 246.75 248.25 10805700
20060116 246.75 251.25 246.75 251.25 7233100
20060117 250.50 251.50 248.50 251.50 22977700
20060118 250.00 261.75 249.00 258.00 37602600
20060119 258.25 266.50 258.00 264.00 41521100
20060120 265.25 266.50 262.50 263.25 28577400
20060123 266.00 272.25 264.00 265.00 49269000
20060124 265.00 269.00 259.75 262.00 33114300
20060125 264.00 267.00 260.25 262.25 23079500
20060126 264.00 266.00 261.25 262.00 19313900
20060127 264.50 273.00 264.00 272.00 33566800
20060130 272.00 272.25 266.00 271.00 14444600
20060131 269.75 273.25 266.25 266.75 12106100
20060201 269.25 271.00 267.75 270.00 22020000
20060202 270.50 337.50 268.75 300.00 163605696
20060203 293.00 301.00 285.75 293.25 79721104
20060206 290.25 295.00 283.50 284.75 21473200
20060207 286.50 290.00 283.00 286.75 22373200
20060208 285.25 296.75 282.50 288.75 32589300
20060209 288.50 290.00 285.50 285.50 11028000
20060210 286.25 294.50 284.00 287.50 14988500
20060213 289.00 290.00 282.00 283.50 13502600
20060214 285.75 288.50 279.00 281.50 30889900
20060215 283.50 285.00 278.75 280.00 21078400
20060216 280.00 283.25 278.25 281.00 20163200
20060217 282.50 297.00 282.50 286.00 14752700
20060220 285.25 298.25 285.25 296.00 49372900
20060221 299.00 311.50 296.25 297.25 36467400
20060222 296.00 301.75 295.00 296.25 23049000
20060223 296.00 297.00 283.25 285.75 38968900
20060224 288.00 291.00 283.50 287.75 18027800
20060227 291.00 295.00 289.00 293.00 15964300
20060228 292.00 296.50 289.25 290.50 24482600
20060301 291.00 295.75 289.00 294.50 19241400
20060302 293.25 298.00 290.50 296.00 19176900
20060303 296.00 297.75 292.50 296.00 12578800
20060306 297.00 301.00 292.00 299.25 14602200
20060307 296.50 302.25 296.50 299.25 14765300
20060308 299.75 304.00 287.25 289.50 25282800
20060309 292.25 293.50 285.75 289.75 19370100
20060310 290.00 294.00 289.25 294.00 17621500
20060313 294.25 297.75 291.50 294.00 11598200
20060314 292.50 296.75 290.50 294.00 10545100
20060315 297.00 300.00 294.75 298.00 16379000
20060316 300.00 306.25 297.00 300.25 24175700
20060317 305.00 307.25 298.75 299.00 28912700
20060320 300.00 302.00 295.75 296.25 12950900
20060321 295.25 301.00 294.00 300.00 10716200
20060322 298.25 301.75 298.00 301.75 14348400
20060323 301.75 304.00 296.50 298.50 9195600
20060324 298.75 304.25 293.75 297.25 13267300
20060327 295.75 300.00 289.75 289.75 29421400
20060328 291.00 292.50 282.00 284.25 24727600
20060329 283.00 291.50 282.50 285.00 17446700
20060330 285.50 288.00 283.50 285.00 13461500
20060331 285.75 286.50 281.00 281.50 38933300
20060403 281.50 284.50 281.25 284.00 27358700
20060404 284.50 285.75 281.50 283.50 46630500
20060405 282.75 285.50 281.75 283.00 16666000
20060406 283.75 287.50 283.50 287.00 29876700
20060407 287.00 294.00 284.00 284.25 20843100
20060410 282.50 287.00 282.50 286.50 18211600
20060411 285.50 287.00 280.25 281.50 68342704
20060412 280.25 285.25 280.25 284.25 36069100
20060413 284.75 285.75 281.25 285.25 14379300
20060414 285.25 285.25 285.25 285.25 0
20060417 285.25 285.25 285.25 285.25 0
20060418 285.00 289.50 282.00 283.50 15251900
20060419 284.75 291.75 284.75 291.25 23036600
20060420 290.75 297.25 290.00 292.00 21353700
20060421 293.00 299.00 293.00 298.00 23558200
20060424 298.00 306.50 297.75 304.25 35904800
20060425 304.00 313.00 299.75 302.25 16633300
20060426 304.00 318.50 304.00 307.25 58429300
20060427 306.50 315.00 298.00 298.75 24069100
20060428 298.75 304.75 298.00 298.75 17292900
20060501 298.75 298.75 298.75 298.75 0
20060502 302.50 304.75 298.25 300.50 45044500
20060503 301.75 308.00 296.50 298.00 18083200
20060504 297.25 302.25 296.50 298.00 16593400
20060505 297.25 308.00 297.25 303.50 52018500
20060508 304.00 307.50 298.50 299.25 21529800
20060509 298.25 307.00 297.00 300.00 27580300
20060510 301.25 301.50 296.00 296.00 32239800
20060511 295.00 299.00 293.25 293.25 15185100
20060512 292.00 297.00 287.75 290.00 19595500
20060515 289.25 289.75 280.50 288.00 14380400
20060516 289.25 290.00 283.34 283.50 22894000
20060517 283.00 287.91 273.19 274.25 21467400
20060518 274.00 277.75 266.75 269.50 21005000
20060519 260.00 267.00 252.00 264.75 46943400
20060522 263.75 266.31 259.09 260.75 10541100
20060523 260.75 270.75 260.58 268.00 20716600
20060524 263.50 274.90 262.53 271.00 30860200
20060525 270.00 273.50 268.25 270.75 17921500
20060526 274.50 277.82 271.00 276.75 10042200
20060529 276.75 276.75 276.75 276.75 0
20060530 274.00 278.64 270.87 271.75 47552500
20060531 268.00 282.00 265.25 278.50 19005500
20060601 277.25 283.48 271.12 275.00 21885900
20060602 276.50 279.50 274.75 276.25 21886800
20060605 276.50 277.10 272.59 274.25 7005600
20060606 272.75 278.00 270.25 270.25 17326900
20060607 270.25 278.50 268.25 275.00 31049600
20060608 268.25 287.12 267.25 279.00 42812200
20060609 281.00 284.13 277.45 279.00 28349100
20060612 279.00 284.93 278.54 282.75 58963000
20060613 279.00 280.14 269.71 270.75 23325000
20060614 271.75 278.33 267.00 271.00 19321700
20060615 271.50 276.80 271.04 272.00 18308900
20060616 275.50 277.83 269.25 269.25 36632400
20060619 272.75 282.77 268.32 271.25 21001300
20060620 269.75 282.33 269.75 282.00 37548300
20060621 283.25 285.38 280.07 284.00 22582200
20060622 286.00 287.61 278.11 279.75 25866000
20060623 278.75 282.42 272.56 274.25 17425000
20060626 275.00 277.50 269.00 269.00 32732700
20060627 272.00 275.11 269.31 271.00 17207000
20060628 269.00 275.25 269.00 272.00 15175800
20060629 275.00 275.50 271.50 274.00 19744800
20060630 280.00 293.75 276.75 285.25 38859100
20060703 285.50 292.25 279.75 282.50 20282800
20060704 281.50 287.25 278.75 286.25 6953100
20060705 282.00 286.50 280.50 282.00 8977700
20060706 282.25 285.00 280.00 283.25 14773900
20060707 281.50 284.25 277.00 279.25 13012100
20060710 280.25 281.00 275.25 278.00 11933800
20060711 278.25 279.00 273.00 273.25 16307900
20060712 274.00 277.00 273.25 275.25 11455400
20060713 273.50 276.50 271.75 272.75 9320000
20060714 271.00 273.00 268.00 270.25 12515300
20060717 270.00 276.50 270.00 275.25 22339800
20060718 273.00 278.50 273.00 277.00 16153800
20060719 281.00 283.75 277.00 282.25 20672400
20060720 282.50 286.00 277.25 278.75 13078900
20060721 278.50 283.75 277.00 279.00 18132300
20060724 280.00 287.25 278.50 286.00 25778000
20060725 286.50 288.00 285.75 286.00 26639700
20060726 286.75 294.00 284.00 292.50 34968100
20060727 289.00 299.00 286.75 292.75 32614900
20060728 292.50 297.00 292.50 295.75 20373200
20060731 295.50 297.25 292.50 293.00 18404300
20060801 291.75 296.00 291.75 295.25 21469700
20060802 296.50 298.00 294.00 296.50 17049600
20060804 296.25 298.00 292.50 292.75 12620700
20060807 290.00 290.75 288.50 290.00 13026900
20060808 291.25 292.50 289.50 291.50 13196400
20060809 293.25 295.50 290.50 291.50 17393900
20060810 289.00 293.75 286.50 292.75 14969400
20060811 292.25 295.50 291.00 293.00 8864200
20060814 294.75 295.25 292.25 294.75 11241300
20060815 293.50 295.75 292.50 295.50 14921500
20060816 294.75 299.25 291.75 297.25 17047400
20060817 297.25 299.75 295.75 297.50 11602700
20060818 296.50 298.25 295.50 297.25 15075900
20060821 297.75 299.75 294.00 296.00 11141400
20060822 295.75 298.75 290.75 290.75 15470700
20060823 292.00 292.00 287.00 287.75 18493200
20060824 289.00 294.25 287.00 293.25 17208700
20060825 294.25 296.25 291.00 293.50 8213800
20060829 294.50 295.50 291.75 292.75 8940100
20060830 293.25 295.75 292.00 294.75 14885300
20060831 294.50 297.50 294.50 295.00 14058000
20060901 294.75 304.00 294.75 300.25 22177200
20060904 299.75 304.50 298.25 302.50 12355600
20060905 303.25 312.75 303.25 308.25 39933500
20060906 310.00 314.00 306.50 307.25 23789200
20060907 305.50 313.00 303.75 311.50 24218500
20060908 311.00 313.50 310.75 311.75 18792800
20060911 310.25 313.25 310.00 311.00 7433900
20060912 310.50 319.75 310.50 319.75 39243200
20060913 319.00 321.00 312.50 313.75 34404700
20060914 314.25 316.50 313.00 313.25 44918800
20060915 312.25 315.50 310.00 313.75 55191600
20060918 315.00 318.00 311.75 315.75 10289400
20060919 316.25 319.25 315.25 317.75 21964800
20060920 317.00 319.00 315.50 318.50 13205800
20060921 320.50 325.25 318.00 324.25 39014700
20060922 321.25 326.00 319.25 320.00 17321500
20060925 320.00 325.75 318.00 318.50 20720100
20060926 318.50 327.50 318.50 325.00 27088600
20060927 323.25 332.25 321.50 324.25 22503800
20060928 323.50 328.50 323.25 326.50 18761900
20060929 326.00 328.50 324.25 325.25 13036300
20061002 320.25 328.75 320.25 326.25 15953000
20061003 323.50 329.00 321.75 328.00 22969900
20061004 330.25 335.00 328.00 334.00 51835900
20061005 335.00 338.25 333.00 335.00 29478100
20061006 336.50 338.75 333.25 333.25 12945900
20061009 334.00 336.25 328.25 330.00 18716700
20061011 331.25 333.50 327.25 328.50 23688500
20061012 327.75 334.50 327.75 332.75 13858300
20061013 333.50 336.00 325.75 326.75 28418700
20061016 326.00 332.50 325.00 331.00 9851200
20061017 330.00 333.00 321.25 326.00 20834300
20061018 326.50 334.25 326.50 331.50 14173700
20061019 331.75 333.00 329.25 331.00 10772100
20061020 331.75 337.00 331.00 336.00 18564500
20061023 336.00 337.00 331.50 333.50 8275100
20061024 331.50 336.00 330.00 334.75 9726400
20061025 334.00 337.00 331.50 333.00 9169500
20061026 332.50 335.25 330.00 330.75 8777600
20061027 332.00 334.00 329.50 331.75 19772200
20061030 342.00 342.00 332.00 333.75 16977500
20061031 332.00 335.75 330.25 331.25 11385400
20061101 332.50 336.25 330.25 333.75 13340700
20061102 333.75 335.00 328.75 332.75 17198600
20061103 333.75 335.50 329.75 330.50 10518700
20061106 331.25 335.25 330.75 334.25 7832800
20061107 333.50 337.25 333.00 334.50 10422500
20061108 334.00 343.00 332.25 338.25 27842100
20061109 337.75 346.00 337.75 345.25 18652000
20061110 345.75 349.50 343.25 348.00 13107900
20061113 347.00 349.75 343.75 346.75 8785400
20061114 345.50 349.25 344.75 346.00 7118000
20061115 348.75 348.75 343.50 344.75 28972500
20061116 343.50 347.50 342.50 346.50 90976704
20061117 347.50 347.75 342.00 343.25 8144700
20061120 342.00 347.25 339.50 346.50 13583900
20061121 345.25 348.50 343.75 347.00 8874500
20061122 349.75 350.00 338.75 340.00 16633000
20061123 340.00 342.75 334.50 339.25 16027000
20061124 338.00 341.50 334.75 339.75 15540700
20061127 338.75 340.75 333.75 334.50 16076000
20061128 335.75 339.00 331.25 335.25 15677600
20061129 335.00 337.25 332.00 335.00 23359000
20061130 334.50 335.00 330.75 330.75 17883600
20061201 332.25 339.00 330.50 336.00 25323300
20061204 335.75 339.75 334.00 339.00 13123700
20061205 339.00 342.50 337.00 338.50 9739200
20061206 337.25 344.75 335.75 344.75 16456200
20061207 343.75 346.75 341.75 344.25 15850400
20061208 344.00 347.50 341.50 347.00 14171500
20061211 345.00 348.00 339.75 342.25 20968400
20061212 343.00 343.25 335.75 336.00 21474300
20061213 335.50 341.50 333.00 340.50 24805300
20061214 340.25 344.50 336.75 343.25 19631900
20061215 344.50 346.00 339.25 340.50 26661900
20061218 340.50 348.50 337.75 345.25 14996900
20061219 344.75 357.00 344.00 352.25 31123700
20061220 352.50 356.50 345.25 345.50 19120400
20061221 346.00 347.75 344.00 345.50 16925000
20061222 344.25 357.00 344.25 356.00 7057500
20061227 359.50 364.75 355.25 359.75 11948000
20061228 359.25 361.00 357.50 359.00 7408000
20061229 361.00 361.50 354.25 354.50 2272400
20070102 357.00 360.50 355.50 360.50 7804100
20070103 361.50 364.25 357.50 362.75 15531200
20070104 360.75 363.25 356.25 361.25 19796900
20070105 358.75 361.25 350.00 350.25 16470100
20070108 350.00 354.75 350.00 352.00 16120200
20070109 352.00 353.00 347.00 348.00 17904000
20070110 346.75 348.25 342.75 345.00 23193500
20070111 345.75 351.00 345.00 349.75 17441500
20070112 349.75 355.25 349.75 353.50 23231100
20070115 357.00 359.50 355.75 358.25 12270900
20070116 358.00 360.25 354.75 355.25 10890900
20070117 358.50 365.50 358.25 361.75 36779900
20070118 361.50 369.00 361.50 363.75 18889000
20070119 362.25 366.25 357.75 365.00 11981500
20070122 366.25 369.25 364.50 366.25 9011100
20070123 367.25 370.00 364.50 369.00 15577400
20070124 368.75 373.25 366.25 370.50 24504800
20070125 370.00 374.00 366.00 372.50 30002000
20070126 370.00 379.00 370.00 376.00 29205200
20070129 372.75 378.75 372.75 378.25 20903100
20070130 378.25 378.25 374.00 374.00 16437500
20070131 372.00 375.25 370.50 371.00 25378300
20070201 373.25 377.00 370.75 376.00 27936400
20070202 374.50 377.50 369.00 371.00 36614700
20070205 371.00 371.25 367.50 369.50 19258600
20070206 370.75 371.25 365.75 366.50 35071000
20070207 367.00 372.50 365.50 371.00 24091600
20070208 374.00 375.50 367.50 368.00 16095500
20070209 368.00 373.75 368.00 373.50 20468100
20070212 373.00 373.00 368.00 369.00 16989200
20070213 370.00 370.00 364.50 365.75 21862900
20070214 366.50 369.50 365.25 369.25 24357100
20070215 370.00 373.00 368.00 373.00 22790100
20070216 371.25 375.00 371.00 375.00 19464600
20070220 376.75 381.50 375.00 376.50 26927400
20070221 378.00 378.50 369.75 370.25 27700400
20070222 377.00 388.00 375.25 387.50 46354400
20070223 384.75 386.00 379.75 384.00 30434600
20070226 386.75 390.00 385.75 388.50 15849300
20070227 388.25 390.00 373.75 375.00 22476800
20070228 368.00 378.25 365.25 374.25 39383200
20070301 373.00 377.25 360.25 366.25 32101700
20070302 366.00 370.50 362.00 369.00 22451100
20070305 363.25 364.75 360.00 360.75 31120000
20070306 361.50 365.00 359.50 362.50 29695100
20070307 363.00 365.75 359.25 363.00 19030100
20070308 364.25 367.50 362.75 366.75 18083200
20070309 368.00 370.50 364.25 369.50 43288800
20070312 371.75 373.50 364.25 365.25 14083800
20070313 367.00 367.00 362.00 362.00 11087500
20070314 359.00 361.00 355.00 355.00 18372400
20070315 358.50 361.50 354.50 361.50 32643600
20070316 361.50 365.75 360.00 365.00 43410000
20070319 367.50 372.25 366.75 370.75 34910500
20070320 372.00 375.00 369.25 375.00 19987700
20070321 372.00 378.00 372.00 377.50 16033400
20070322 382.75 383.75 374.00 377.50 14953100
20070323 373.50 380.25 373.50 379.50 15708600
20070326 378.75 380.50 376.75 378.75 11247900
20070327 379.00 381.75 377.00 378.50 15918200
20070328 378.75 379.00 373.75 375.25 18562900
20070329 377.75 379.00 373.75 375.50 13936900
20070330 374.75 387.25 374.75 386.50 32918700
20070402 385.50 389.75 382.25 386.00 17027200
20070403 390.00 395.25 388.00 393.25 53163200
20070404 395.25 396.00 390.00 391.50 72315296
20070405 392.00 396.00 391.75 394.75 38544400
20070410 393.75 399.00 390.25 396.25 41666100
20070411 396.25 399.00 393.00 396.75 16106800
20070412 395.50 397.00 391.00 394.50 20016900
20070413 393.75 395.00 391.50 393.50 16734000
20070416 393.75 396.50 391.25 396.00 16090300
20070417 396.00 397.50 391.75 392.50 25761700
20070418 390.50 394.00 387.50 389.25 17993600
20070419 385.50 390.50 384.00 389.25 17360200
20070420 390.00 392.00 388.50 389.25 15861800
20070423 388.25 389.00 383.50 384.25 18153300
20070424 384.25 387.75 381.50 384.75 20315100
20070426 384.50 388.75 381.00 386.00 20208600
20070427 386.00 386.00 380.00 382.00 31675100
20070430 383.00 389.00 381.75 388.00 20801900
20070501 384.50 387.50 383.50 386.25 19477500
20070502 386.50 390.00 381.50 384.25 52723100
20070503 382.75 384.25 380.00 382.00 23482800
20070504 380.00 385.50 378.75 382.75 10220000
20070508 381.00 384.00 379.00 382.25 18147500
20070509 382.25 387.00 378.75 380.25 72063400
20070510 380.75 382.75 376.75 379.75 55720900
20070511 377.50 385.00 377.25 385.00 26587900
20070514 389.75 397.00 389.50 393.25 32973400
20070515 392.00 393.00 386.50 387.25 33997100
20070516 388.00 394.00 385.75 392.50 22741000
20070517 395.75 398.00 391.25 393.50 8079700
20070518 394.75 398.25 392.25 397.00 15341000
20070521 396.50 398.75 393.50 395.00 9094300
20070522 395.00 396.00 387.00 388.50 26036200
20070523 390.00 392.75 385.75 387.00 22665200
20070524 384.25 387.75 379.75 380.25 19140400
20070525 378.50 383.25 376.75 382.50 16759600
20070529 383.00 384.75 377.25 381.00 13280100
20070530 376.00 384.00 376.00 383.50 7895200
20070531 384.75 387.25 380.25 383.25 17713100
20070604 379.75 380.25 375.25 378.00 9747400
20070605 378.00 384.25 378.00 381.50 35400600
20070606 380.75 381.00 368.00 369.25 14636500
20070607 372.25 373.25 362.75 365.00 25579300
20070608 362.50 364.75 356.25 359.50 23101500
20070611 367.75 377.75 363.00 367.25 40539700
20070612 365.25 370.75 361.75 363.00 12667400
20070613 362.50 365.50 359.25 364.50 13152800
20070614 373.25 380.75 372.00 380.75 38583800
20070615 380.75 386.75 380.00 384.00 33747700
20070618 388.25 392.50 383.50 385.50 18024100
20070619 384.25 388.75 384.00 386.75 13284700
20070620 387.00 388.00 375.25 376.75 26838500
20070621 375.25 383.75 374.75 379.50 19627200
20070622 379.00 387.50 376.75 385.50 25540700
20070625 385.00 386.75 380.00 384.50 18943700
20070626 384.50 386.00 381.25 382.75 15996700
20070627 386.00 388.75 384.00 385.75 40231800
20070628 387.25 388.50 380.00 386.75 27169700
20070629 389.00 391.00 384.50 388.50 27561800
20070702 388.50 389.25 382.00 385.25 18403700
20070703 386.50 388.50 383.25 384.00 25167700
20070704 383.25 393.00 383.25 385.25 12710100
20070705 385.50 386.50 380.75 382.00 14885600
20070706 380.25 384.25 379.00 383.50 9900700
20070709 385.50 386.25 379.75 380.25 20401400
20070710 381.50 385.50 379.25 381.00 25874200
20070711 378.75 380.75 375.25 379.00 22766200
20070712 381.50 381.75 375.75 380.75 20053000
20070713 384.50 389.00 383.25 386.00 23059300
20070716 387.50 388.25 383.50 384.00 12967800
20070717 385.00 386.25 381.50 383.50 20929500
20070718 381.50 381.75 377.00 377.00 15374500
20070719 378.00 384.25 376.75 381.50 18318600
20070720 380.50 384.75 377.50 378.00 16035800
20070723 378.00 380.00 376.50 379.75 16223700
20070724 377.00 379.25 374.50 375.25 14949400
20070725 376.50 383.75 371.25 375.25 24252000
20070726 375.25 379.50 366.75 368.50 21696000
20070727 364.00 372.75 360.75 362.50 28961500
20070730 362.00 362.75 357.00 358.00 34494300
20070731 359.00 364.75 358.00 360.25 39700200
20070801 356.00 360.00 354.00 355.00 34411800
20070802 361.00 361.50 350.25 351.50 34626900
20070803 353.50 354.00 340.50 342.50 29182100
20070806 336.00 341.50 334.75 335.50 34353200
20070807 337.00 341.75 336.50 340.50 51018800
20070808 342.00 346.00 337.75 342.00 68435000
20070809 344.75 344.75 328.50 338.50 60702800
20070810 333.75 341.00 321.50 335.00 44796600
20070813 338.25 349.50 336.75 348.50 37693300
20070815 346.75 357.75 345.50 356.00 30003500
20070816 352.00 357.50 350.50 353.00 35947000
20070817 360.00 364.50 349.25 362.50 42962600
20070820 362.50 367.75 360.00 365.25 21273500
20070821 365.25 370.25 360.75 368.75 27685600
20070822 372.00 376.25 368.75 371.75 50207100
20070823 373.25 375.50 369.25 370.75 20546600
20070824 370.75 374.50 370.75 374.25 10624400
20070828 376.75 379.00 371.50 372.25 15901300
20070829 370.00 376.00 368.75 375.50 34358900
20070830 378.50 382.25 374.75 381.00 25349300
20070831 384.00 386.00 379.50 385.50 20135300
20070903 387.00 387.00 382.00 383.25 11443500
20070904 381.75 388.00 379.75 386.75 20774700
20070905 387.50 387.50 379.25 381.00 17616800
20070906 385.00 385.00 378.75 382.75 15747300
20070907 381.25 383.75 370.25 372.00 35944300
20070910 373.50 376.50 368.50 369.75 12409900
20070911 372.00 377.50 369.25 377.50 25512800
20070912 377.00 377.50 373.25 374.75 7910200
20070913 375.75 378.75 372.00 377.75 18168600
20070914 375.00 380.25 373.75 376.25 12463800
20070917 376.50 376.50 369.75 370.00 13372200
20070918 367.50 382.00 367.00 379.50 19778200
20070919 385.00 388.75 379.50 385.75 20503500
20070920 384.00 387.00 380.75 386.25 12179500
20070921 383.50 389.00 383.50 384.75 27718400
20070924 385.75 387.00 382.50 383.50 6572200
20070925 383.00 387.50 377.25 378.75 22097200
20070926 376.25 383.00 375.00 378.75 13814800
20070927 383.75 384.00 379.50 380.75 14398500
20070928 380.00 382.50 374.75 380.50 15134500
20071001 377.00 388.75 376.00 388.75 16775500
20071002 390.00 391.75 380.50 381.25 13936500
20071003 381.25 387.50 381.25 387.00 13289100
20071004 385.50 390.00 383.50 388.75 25209900
20071005 389.00 392.75 386.25 392.75 17599300
20071008 392.00 396.50 385.25 386.00 12168500
20071009 385.00 396.75 382.25 396.25 18086200
20071010 397.50 397.50 390.25 395.25 10788400
20071011 396.50 396.50 388.75 389.50 20992600
20071012 387.00 388.50 380.75 383.00 18787800
20071015 382.00 384.00 375.75 376.75 24162800
20071016 377.00 377.25 367.25 367.50 32901000
20071017 366.75 372.00 365.00 371.25 30712900
20071018 372.25 375.50 369.00 372.75 14003300
20071019 370.75 373.25 367.25 368.75 13497800
20071022 357.00 371.50 354.00 369.75 18361000
20071023 372.75 380.50 368.75 379.00 18358500
20071024 378.25 383.00 374.00 377.25 15002000
20071025 378.25 379.00 372.25 372.50 24615700
20071026 371.75 374.25 362.00 364.25 28555400
20071029 368.25 368.75 358.50 359.50 25964400
20071030 359.50 367.25 359.50 366.50 16032700
20071031 369.00 374.25 365.25 368.75 27333800
20071101 367.50 371.25 359.75 363.75 12278900
20071102 362.25 365.00 358.25 362.00 12623000
20071105 358.25 366.75 358.25 364.25 12397600
20071106 367.25 368.75 359.75 362.25 13606400
20071107 363.00 363.00 352.00 355.50 19584000
20071108 355.00 362.00 351.25 360.50 17373200
20071109 361.00 362.75 353.25 355.25 12637100
20071112 355.00 361.00 351.00 360.75 13272200
20071113 356.75 360.50 347.25 349.50 19526900
20071114 351.75 351.75 342.50 349.75 21610400
20071115 348.75 353.50 348.25 349.00 18365800
20071116 349.00 358.00 347.25 356.00 21982600
20071119 356.00 356.25 347.50 350.50 17782900
20071120 351.50 357.00 350.25 353.25 19693700
20071121 349.25 350.50 336.25 336.25 23538300
20071122 341.00 355.50 338.25 355.50 16938800
20071123 357.00 360.25 342.25 347.75 18955800
20071126 350.00 351.00 345.00 345.75 16283500
20071127 344.00 352.75 343.75 350.50 16823100
20071128 352.50 357.25 346.50 355.75 14921800
20071129 360.25 360.25 353.75 359.50 14249700
20071130 359.75 364.75 356.75 364.00 15040300
20071203 365.25 367.50 360.50 366.50 12664600
20071204 367.50 367.50 362.75 363.25 14658900
20071205 364.75 369.00 363.75 369.00 15898500
20071206 370.50 375.00 365.00 371.25 12339500
20071207 373.50 375.00 368.25 369.25 15178700
20071210 368.25 372.75 366.75 369.00 16566600
20071211 369.50 371.75 367.50 368.75 13246400
20071212 368.00 371.50 364.50 371.50 20331100
20071213 366.00 368.25 359.25 364.25 18843600
20071214 360.00 372.50 359.25 371.00 15158500
20071217 366.25 368.00 363.75 365.75 10881000
20071218 364.75 368.75 362.00 362.50 13587600
20071219 363.75 363.75 354.50 355.75 19708700
20071220 355.50 356.50 349.50 351.00 12242700
20071221 354.50 358.50 349.75 357.00 18466900
20071224 357.00 360.00 355.50 359.50 1329800
20071227 358.25 366.00 357.75 365.00 6074600
20071228 362.25 366.00 360.75 363.00 2212000
20071231 359.50 363.50 355.50 358.75 1792900
20080102 356.75 363.75 353.75 355.00 5952100
20080103 352.75 358.25 349.75 353.25 14010700
20080104 354.50 354.50 342.00 342.75 19327600
20080107 341.75 347.75 340.75 343.00 12039500
20080108 345.00 349.50 340.50 343.75 22731800
20080109 342.50 347.25 340.25 345.00 12696400
20080110 349.50 350.25 344.25 346.50 12631400
20080111 345.75 349.00 339.25 341.50 14185700
20080114 341.00 343.00 334.75 336.75 18031700
20080115 335.75 338.25 332.00 333.00 17937300
20080116 333.50 340.75 327.25 336.50 27468700
20080117 335.00 339.75 334.00 338.00 21754300
20080118 336.50 349.00 334.75 336.50 24523100
20080121 332.00 336.00 317.25 321.75 23591500
20080122 315.00 324.75 308.00 322.25 31358900
20080123 327.75 327.75 307.50 308.25 23457900
20080124 314.75 332.25 311.00 329.75 24411800
20080125 338.75 338.75 322.00 325.50 15180300
20080128 323.25 325.25 317.00 321.50 11916700
20080129 324.50 328.50 319.25 326.00 14205900
20080130 325.50 325.50 317.25 320.75 11647800
20080131 320.50 334.25 315.75 331.75 17915500
20080201 334.00 337.50 328.75 336.25 14711200
20080204 339.00 340.00 334.50 338.25 8553300
20080205 336.00 340.00 329.00 331.00 14971500
20080206 328.50 337.25 327.25 334.75 16399900
20080207 335.00 336.50 326.00 326.75 20243400
20080208 329.75 329.75 321.25 325.25 13971200
20080211 323.00 327.50 320.75 322.00 9751700
20080212 325.00 329.75 321.25 329.75 13849400
20080213 326.00 337.50 325.50 334.25 17831500
20080214 335.00 338.25 332.50 334.25 9899100
20080215 334.00 338.50 325.50 328.00 12085900
20080218 329.75 337.75 328.25 336.50 9103500
20080219 335.75 338.25 329.25 333.50 13246700
20080220 328.75 332.00 322.00 326.75 17363400
20080221 327.75 330.25 312.25 314.00 29839400
20080222 310.00 327.25 306.00 324.50 29672200
20080225 326.00 334.50 324.00 328.50 16793000
20080226 328.25 329.25 318.00 323.00 18500700
20080227 324.50 324.50 319.25 323.50 13802100
20080228 322.50 327.25 318.00 323.25 17546000
20080229 322.00 326.00 320.75 323.00 15307200
20080303 318.00 319.25 313.00 314.50 19443000
20080304 314.25 319.75 312.00 318.00 19632300
20080305 323.00 323.00 315.50 318.50 22053100
20080306 320.00 329.00 318.00 322.50 24070400
20080307 317.25 324.75 314.75 316.25 21260200
20080310 314.25 316.50 310.50 311.50 20054500
20080311 311.25 313.50 309.00 310.50 24599900
20080312 313.25 314.75 309.00 311.50 16555600
20080313 307.00 312.25 305.00 307.00 18306000
20080314 306.50 308.75 303.25 305.25 16655500
20080318 302.50 308.25 300.75 306.75 19158800
20080319 309.25 309.25 296.00 297.25 25385700
20080320 295.00 301.50 295.00 297.00 22897600
20080325 303.00 305.75 299.50 302.00 21859600
20080326 301.50 305.25 299.00 301.75 13465600
20080327 301.75 304.50 299.75 301.75 18094300
20080328 303.75 305.25 299.50 301.50 10381800
20080331 300.75 302.75 295.75 298.25 18294700
20080401 296.75 307.00 296.75 304.25 17633400
20080402 304.00 307.75 301.00 306.25 13452500
20080403 308.00 309.00 303.50 304.50 15104500
20080404 306.50 308.00 302.50 303.50 13620900
20080407 307.00 318.25 305.00 315.75 20911500
20080408 314.00 318.50 312.50 316.25 13845500
20080409 315.25 316.75 311.00 311.75 11850600
20080410 310.75 315.00 310.25 313.25 13563800
20080411 314.75 317.75 311.25 312.75 11807700
20080414 311.00 311.75 302.50 303.25 52979500
20080415 304.00 308.00 302.00 303.00 11016500
20080416 307.50 307.50 302.00 307.00 9141500
20080417 309.25 312.50 306.50 310.50 13407100
20080418 312.75 313.25 305.50 307.25 15547100
20080421 306.50 307.25 299.25 300.50 15431700
20080422 299.50 308.00 298.25 305.00 21609100
20080423 295.50 298.75 289.00 293.25 30486200
20080424 293.25 296.50 289.75 295.50 17603100
20080425 297.00 300.25 294.25 299.00 12499600
20080428 298.25 299.75 297.00 298.75 9560300
20080429 299.25 299.25 294.50 296.25 15446000
20080430 296.00 296.50 291.50 294.00 10693300
20080501 293.00 296.00 288.75 295.25 8080300
20080502 296.50 305.25 295.25 301.00 25995300
20080506 301.50 301.75 295.50 298.00 44339700
20080507 296.75 297.50 290.75 293.50 14695700
20080508 290.75 293.50 289.75 292.75 56699500
20080509 291.00 291.00 284.50 287.50 13569900
20080512 284.75 297.50 281.75 295.25 17410900
20080513 296.25 296.25 288.50 293.50 13138100
20080514 294.50 296.75 289.00 290.00 17855900
20080515 289.00 293.75 288.50 292.75 12692000
20080516 292.50 296.25 286.00 291.00 11756100
20080519 290.25 298.00 290.00 297.75 7437500
20080520 296.50 298.75 293.75 296.50 11713100
20080521 297.50 298.25 293.00 294.75 13233900
20080522 291.75 293.25 288.75 290.25 16706300
20080523 289.50 290.75 287.25 288.00 9806300
20080527 290.25 292.50 287.25 290.00 12277700
20080528 290.50 296.25 288.25 293.75 10333400
20080529 294.50 297.50 293.25 297.00 10741300
20080530 298.75 300.50 292.00 293.75 18822800
20080602 296.50 296.50 288.50 293.25 10487700
20080603 294.25 298.00 292.50 297.00 11142800
20080604 298.25 298.25 293.50 297.00 12738000
20080605 297.75 304.25 297.00 304.00 17589400
20080606 305.00 310.00 297.75 300.25 19968900
20080610 297.25 298.50 294.50 296.25 8587000
20080611 298.25 306.75 297.75 305.00 23673200
20080612 304.50 306.75 300.00 303.25 19842600
20080613 301.00 305.75 297.75 305.00 11351400
20080616 307.00 307.75 303.50 305.75 12349000
20080617 306.00 306.75 304.25 304.50 9126100
20080618 304.00 307.75 299.50 305.75 12924100
20080619 303.25 316.50 303.25 312.00 20475400
20080620 311.75 314.50 308.00 309.00 17442200
20080623 310.00 320.50 307.50 316.25 15810500
20080624 315.25 318.25 305.25 309.25 12258300
20080625 309.75 314.75 307.50 312.75 11702400
20080626 311.75 311.75 299.75 300.00 17191800
20080627 300.00 305.00 298.75 302.50 10696300
20080630 303.00 310.25 300.75 310.25 12743200
20080701 309.25 312.00 299.00 300.50 15645500
20080702 300.00 306.00 300.00 300.00 13305300
20080703 296.25 300.50 291.50 299.00 17259000
20080704 299.00 299.00 295.00 296.00 7875700
20080707 297.75 304.75 296.00 304.75 10288300
20080708 298.50 311.75 297.00 311.75 18317800
20080709 315.50 316.75 309.25 314.50 13103700
20080710 308.00 309.00 298.00 299.00 22292500
20080711 299.75 301.25 283.75 285.50 21653400
20080714 287.75 293.25 286.25 287.50 15324400
20080715 286.25 289.00 284.00 287.75 15550600
20080716 288.00 296.25 287.75 295.25 18283500
20080717 298.00 299.00 289.25 291.75 16908300
20080718 290.25 295.75 287.25 292.75 13798800
20080721 293.25 295.75 288.25 294.00 13336200
20080722 293.75 304.50 290.75 303.25 17987100
20080723 303.25 312.25 303.25 310.00 16130300
20080724 310.00 311.00 304.25 308.25 13325200
20080725 306.75 313.00 305.00 308.25 11650300
20080728 308.25 308.75 303.75 305.00 10099600
20080729 303.50 312.00 301.75 309.75 14633000
20080730 311.25 320.75 308.00 318.00 15009700
20080731 321.50 326.75 311.25 314.75 24288400
20080801 307.75 308.75 293.00 297.00 20084300
20080804 296.00 305.00 291.75 297.25 19007200
20080805 297.75 303.25 297.50 299.50 8941300
20080806 300.75 303.25 296.50 303.00 16669800
20080807 300.00 308.00 300.00 306.00 11491000
20080808 302.75 313.00 302.75 310.75 8552000
20080811 310.25 317.25 309.75 315.25 10808600
20080812 314.00 318.00 313.50 316.50 10460100
20080813 316.50 319.00 309.00 314.25 10707000
20080814 314.50 315.25 307.25 308.50 10030500
20080815 310.00 311.50 304.00 307.00 9611400
20080818 306.75 308.25 301.75 306.00 8075600
20080819 304.25 306.50 301.75 302.00 7054100
20080820 303.50 308.50 301.25 304.25 10991400
20080821 302.75 308.50 299.50 307.75 7946900
20080822 309.50 313.50 306.25 313.50 8081000
20080826 310.75 316.50 306.50 314.25 8805100
20080827 318.25 320.50 313.50 319.00 12021000
20080828 317.75 326.75 315.25 324.75 11475300
20080829 326.50 329.75 324.75 327.25 15580700
20080901 325.25 330.75 323.00 328.00 7657800
20080902 329.00 334.25 327.75 330.75 9170500
20080903 328.75 330.25 321.00 322.75 9890500
20080904 322.00 328.00 314.50 315.00 7233900
20080905 311.00 318.25 309.25 316.00 12922600
20080908 324.75 331.00 318.75 324.75 6172200
20080909 329.25 332.25 322.50 324.00 19941900
20080910 323.00 326.50 314.75 320.00 13074900
20080911 321.00 323.00 310.50 315.25 14319400
20080912 319.25 321.25 314.50 317.75 9848100
20080915 318.75 325.50 308.75 322.00 14727000
20080916 312.75 344.00 312.75 332.00 41694600
20080917 325.50 331.75 322.75 325.50 17876100
20080918 329.50 329.50 316.00 319.50 25346200
20080919 313.25 339.50 310.00 328.75 15382000
20080922 338.50 338.50 323.75 326.00 9375100
20080923 332.50 332.50 324.00 330.50 11042900
20080924 337.00 343.00 322.50 331.00 32365300
20080925 332.75 332.75 319.00 321.75 15790300
20080926 320.00 328.75 318.50 326.75 13228400
20080929 323.00 326.25 317.50 319.00 13113900
20080930 307.75 318.00 307.25 314.00 16110700
20081001 315.75 319.75 310.00 314.00 18279200
20081002 315.00 323.50 313.00 321.00 10385300
20081003 320.50 322.75 312.75 315.25 12944000
20081006 312.00 316.50 297.00 298.75 8145700
20081007 301.00 308.75 296.50 302.75 11341800
20081008 299.75 310.00 287.25 289.75 21007900
20081009 293.25 298.25 276.75 281.25 19442900
20081010 264.00 290.00 255.00 265.00 27412500
20081013 269.25 288.00 267.75 287.00 30737300
20081014 294.25 306.50 277.25 290.25 19888800
20081015 291.75 294.00 281.50 282.25 25839100
20081016 279.75 290.50 270.00 285.75 19940800
20081017 298.00 306.50 290.25 306.00 42880600
20081020 307.00 320.00 298.00 312.75 28016600
20081021 319.00 321.25 304.25 307.00 16514400
20081022 300.00 314.50 300.00 304.25 18795900
20081023 306.75 314.75 301.25 312.00 22250500
20081024 308.00 310.25 296.00 307.50 29693800
20081027 302.75 303.25 293.50 299.50 16487500
20081028 304.00 304.00 289.25 292.25 19613900
20081029 302.50 305.50 294.00 303.00 21486400
20081030 308.00 309.50 297.75 306.25 13680400
20081031 285.00 308.25 276.75 304.50 36866000
20081103 307.25 307.25 291.00 303.25 22603100
20081104 305.50 321.00 301.75 321.00 18307700
20081105 321.25 334.25 314.00 329.50 19542000
20081106 325.75 327.00 311.25 312.50 25937600
20081107 313.50 325.25 309.25 323.00 19826100
20081110 330.00 331.50 313.75 318.75 16412500
20081111 315.25 318.25 311.50 313.25 14226500
20081112 318.25 320.50 310.75 313.75 17698600
20081113 310.50 314.75 302.50 307.00 16674600
20081114 314.25 316.50 302.75 307.75 16301000
20081117 305.75 310.00 290.00 301.00 21665600
20081118 301.75 307.50 298.25 306.50 13122600
20081119 308.25 309.00 295.00 295.75 11456800
20081120 287.50 293.50 282.75 285.75 13200000
20081121 285.00 285.75 265.50 267.75 26032300
20081124 235.00 274.00 234.75 274.00 38074600
20081125 268.25 273.00 250.00 254.25 43761000
20081126 253.75 257.75 239.25 240.00 44532800
20081127 240.75 241.50 228.75 232.00 50513200
20081128 234.50 237.25 226.25 236.50 32617600
20081201 236.50 239.75 205.00 208.75 54344700
20081202 207.50 217.75 206.50 217.75 49597800
20081203 218.00 218.75 211.25 214.50 44878400
20081204 215.25 216.50 203.25 207.50 49417200
20081205 207.50 213.50 205.00 212.50 71898096
20081208 225.25 225.75 211.00 216.25 48191700
20081209 216.00 235.25 212.75 232.50 56118600
20081210 235.00 240.25 230.00 240.00 36323900
20081211 240.00 252.25 237.75 251.50 26882100
20081212 244.50 253.50 241.00 252.25 21466900
20081215 252.00 252.00 231.25 234.00 69980600
20081216 236.00 243.50 233.75 242.00 26015000
20081217 246.50 246.75 237.75 241.00 20123200
20081218 240.25 255.00 240.25 255.00 21258200
20081219 253.25 254.50 241.50 244.00 23165100
20081222 240.00 254.50 240.00 253.50 14133000
20081223 254.75 261.00 252.75 253.00 12280200
20081224 250.00 262.25 250.00 254.25 2709200
20081229 257.75 265.50 252.25 262.75 12282300
20081230 266.00 266.25 260.75 261.50 8907200
20081231 263.75 272.50 260.00 266.00 5028900
20090102 269.50 269.50 260.25 262.50 3585800
20090105 266.50 275.00 263.00 274.00 8017200
20090106 275.00 277.50 271.00 277.00 15772800
20090107 275.00 277.00 265.50 270.00 15646200
20090108 269.50 272.25 261.00 270.00 12456800
20090109 269.75 272.00 263.75 265.50 11682000
20090112 265.25 269.00 258.25 264.25 10797200
20090113 264.00 271.00 261.25 270.00 13145200
20090114 272.00 272.00 258.75 264.00 15832700
20090115 261.00 271.00 261.00 267.50 18880900
20090116 273.25 274.25 261.75 263.00 16696300
20090119 268.00 280.25 266.75 274.50 23769400
20090120 272.00 274.75 264.00 272.00 21934900
20090121 268.50 271.00 263.25 265.25 24628400
20090122 268.00 268.25 253.75 257.50 28151700
20090123 258.00 261.25 254.00 259.75 19045300
20090126 258.50 270.00 256.75 268.75 13615500
20090127 267.00 268.75 261.75 265.50 12537800
20090128 266.75 271.00 262.75 266.75 15208400
20090129 265.25 268.00 255.50 257.25 14651500
20090130 258.00 263.00 255.25 258.00 13559200
20090202 257.25 259.75 252.00 256.50 11529500
20090203 255.75 264.00 254.75 262.50 9127100
20090204 262.25 268.25 260.00 264.75 12465100
20090205 263.00 268.75 262.75 268.00 14358100
20090206 269.50 274.75 266.75 271.25 15354400
20090209 270.25 276.25 269.25 273.75 8531200
20090210 273.00 287.00 271.75 284.75 59452500
20090211 282.50 288.00 276.25 285.00 23215800
20090212 283.00 284.00 277.00 281.50 31883400
20090213 282.25 288.75 280.00 285.75 20673600
