20030220 431.72 440.80 431.72 437.69 158518
20030221 445.35 465.91 445.35 465.91 1204450
20030224 472.62 472.62 465.05 472.62 262437
20030225 471.10 480.18 466.56 479.82 419331
20030226 480.18 484.74 477.16 480.91 578581
20030227 478.67 487.77 478.67 487.77 385531
20030228 487.77 495.34 483.22 487.77 509762
20030303 490.03 495.34 481.70 484.87 652112
20030304 481.40 481.40 469.59 475.64 435987
20030305 474.13 487.77 469.59 481.98 335562
20030306 481.40 485.80 481.40 482.71 110093
20030307 484.74 484.74 470.86 470.86 436637
20030310 469.59 477.16 469.59 470.51 261706
20030311 469.59 472.62 469.59 471.10 482868
20030312 469.59 472.62 469.59 471.10 453212
20030313 471.10 471.57 469.59 470.34 455812
20030314 472.62 472.62 466.56 466.56 164612
20030317 462.77 466.56 457.46 462.55 115049
20030318 466.56 466.56 460.63 464.28 595887
20030319 461.26 463.53 458.98 463.53 234974
20030320 454.44 454.44 439.29 440.80 347668
20030321 439.29 449.90 299.93 447.47 758468
20030324 447.47 449.90 443.84 446.10 473606
20030325 448.15 448.15 433.23 442.31 646425
20030326 443.46 451.61 440.80 447.62 715650
20030327 447.62 454.44 446.10 449.90 205562
20030328 454.29 466.56 454.29 460.49 119274
20030331 466.56 469.59 455.95 458.23 235787
20030401 458.23 462.01 454.44 454.44 437531
20030402 455.95 469.59 455.95 462.01 281206
20030403 455.95 462.01 451.41 460.36 495137
20030404 463.90 465.77 457.01 465.77 93925
20030407 465.05 466.56 458.61 460.49 291687
20030408 463.53 464.81 459.43 463.53 114318
20030409 462.01 463.53 458.98 462.01 15599
20030410 459.59 465.05 459.43 460.49 53949
20030411 459.59 465.05 458.98 462.01 142187
20030414 458.98 468.07 458.98 465.80 512768
20030415 469.59 479.63 465.05 474.13 626437
20030416 474.73 481.70 469.59 472.62 474337
20030417 470.19 474.13 469.59 472.30 128537
20030418 472.30 472.30 472.30 472.30 0
20030421 472.30 472.30 472.30 472.30 0
20030422 469.59 474.13 469.59 473.08 645612
20030423 471.57 472.47 469.59 470.19 232862
20030424 470.14 480.18 470.14 476.86 388943
20030425 478.67 479.82 472.62 474.89 303225
20030428 476.41 479.82 469.21 472.62 142431
20030429 472.62 475.26 467.11 468.07 361643
20030430 468.07 475.26 468.07 470.79 82631
20030501 470.04 474.13 470.04 471.85 58906
20030502 472.62 475.64 469.59 472.62 486199
20030505 472.62 472.62 472.62 472.62 0
20030506 476.78 477.16 469.59 469.59 737668
20030507 469.88 480.18 469.59 478.92 483437
20030508 472.62 477.16 472.62 472.62 1004006
20030509 472.62 472.92 466.56 469.59 749125
20030512 469.59 469.59 462.01 465.05 120168
20030513 462.77 462.77 448.38 454.44 714837
20030514 451.18 451.18 443.84 445.35 300868
20030515 444.59 449.90 443.84 443.84 192075
20030516 453.50 457.46 446.87 452.92 149012
20030519 453.50 454.44 446.87 446.87 133006
20030520 448.38 452.92 444.78 450.65 231724
20030521 444.78 445.35 436.26 441.29 364162
20030522 437.05 446.87 437.05 440.80 227256
20030523 443.08 446.87 439.67 446.87 2002406
20030526 446.87 446.87 446.87 446.87 0
20030527 446.87 446.87 439.29 440.80 636025
20030528 449.90 454.44 433.54 452.16 1128156
20030529 454.44 454.44 450.35 450.35 27381
20030530 450.35 454.44 449.90 452.16 452562
20030602 452.16 454.44 449.90 452.17 38025
20030603 449.90 454.44 446.87 454.44 426074
20030604 451.86 460.49 450.95 455.95 322400
20030605 457.46 457.46 451.86 454.44 272512
20030606 454.44 458.98 451.72 456.14 1080950
20030609 453.38 456.71 452.92 452.92 533975
20030610 457.46 457.46 452.92 452.92 355712
20030611 458.98 458.98 452.92 452.92 1147818
20030612 452.92 468.07 452.92 458.50 2456756
20030613 469.59 473.32 463.53 468.07 414862
20030616 472.62 472.62 464.28 468.07 383500
20030617 467.47 483.22 467.47 481.70 217993
20030618 483.79 484.49 475.45 481.70 649918
20030619 483.79 484.74 477.16 484.74 780406
20030620 481.43 484.74 477.16 480.95 446143
20030623 479.43 484.74 475.64 480.18 243993
20030624 484.74 484.74 474.13 477.16 409662
20030625 475.64 477.16 469.59 475.64 276900
20030626 471.41 472.62 469.59 469.59 340843
20030627 471.10 473.34 463.53 464.81 367575
20030630 465.05 473.08 463.53 469.59 304443
20030701 468.82 472.62 458.98 458.98 507974
20030702 459.74 463.53 454.44 455.95 370581
20030703 455.95 463.73 452.92 459.74 324837
20030704 451.26 453.65 445.16 449.90 251062
20030707 449.90 452.92 444.59 449.90 390731
20030708 452.92 454.44 449.90 454.44 117406
20030709 443.84 446.87 437.77 438.20 578662
20030710 437.77 447.09 437.77 446.87 1552200
20030711 449.13 462.01 444.78 460.49 571837
20030714 465.05 468.65 460.49 465.80 189881
20030715 467.31 468.82 462.01 462.01 181837
20030716 467.31 469.59 462.01 465.80 249924
20030717 462.01 464.28 457.46 464.28 270318
20030718 457.46 465.05 454.44 454.44 346775
20030721 455.95 461.26 454.44 460.49 103675
20030722 458.23 462.01 455.95 461.26 303143
20030723 456.71 465.05 454.44 463.53 131787
20030724 477.16 480.18 470.90 472.64 481406
20030725 477.99 477.99 469.59 474.51 597837
20030728 478.67 478.67 469.59 473.85 619937
20030729 471.10 477.16 469.59 473.38 224899
20030730 470.52 475.64 469.59 473.38 105624
20030731 471.10 475.89 469.59 475.89 254149
20030801 475.19 475.64 470.34 474.44 123743
20030804 492.31 498.36 481.70 487.77 339218
20030805 489.28 495.34 483.18 487.77 182812
20030806 488.32 490.19 481.70 484.74 67031
20030807 488.34 488.71 481.70 481.70 4793
20030808 485.49 502.92 485.49 495.34 439481
20030811 496.10 499.88 492.31 499.88 170300
20030812 502.92 512.00 495.34 507.46 191587
20030813 504.43 535.48 504.43 525.64 1331118
20030814 525.64 528.66 518.54 522.34 746443
20030815 520.33 523.56 516.54 518.06 218887
20030818 520.71 521.08 515.03 516.54 414212
20030819 518.82 518.82 500.66 510.49 487012
20030820 505.18 505.49 498.36 502.92 723287
20030821 501.39 505.94 499.88 499.88 259431
20030822 499.88 503.86 496.62 496.62 326543
20030825 496.62 496.62 496.62 496.62 0
20030826 501.39 502.15 498.62 499.88 445168
20030827 499.88 500.64 495.34 500.64 293800
20030828 493.24 499.88 489.28 496.85 419168
20030829 498.36 501.39 493.24 499.73 408768
20030901 518.06 519.77 510.49 514.51 430381
20030902 519.57 549.87 519.57 543.82 1064293
20030903 548.36 556.21 545.66 555.45 553556
20030904 555.37 555.93 546.84 552.90 447849
20030905 548.94 548.94 542.30 543.82 620425
20030908 543.82 560.47 542.52 552.90 262031
20030909 555.18 560.47 553.21 555.18 296156
20030910 555.18 556.89 548.36 555.93 440293
20030911 552.15 552.15 549.87 549.87 507649
20030912 549.87 549.87 549.39 549.39 208812
20030915 549.11 549.87 549.11 549.87 3250
20030916 549.11 550.62 549.11 550.62 272025
20030917 549.87 558.95 549.87 558.95 329550
20030918 557.44 558.20 557.44 558.20 204587
20030919 558.20 568.05 558.20 568.05 1797168
20030922 568.80 565.02 560.47 560.75 4748818
20030923 560.47 562.29 550.42 554.14 2336262
20030924 553.66 553.66 545.33 547.22 1212656
20030925 549.11 552.90 538.70 538.70 428106
20030926 541.54 541.54 532.94 538.18 879043
20030929 537.00 540.02 531.69 536.23 414862
20030930 536.23 554.41 531.69 549.11 680143
20031001 546.08 557.60 540.21 547.66 854749
20031002 553.66 560.47 550.81 558.20 446956
20031003 557.44 560.47 554.41 560.47 255449
20031006 561.99 575.62 560.47 565.77 639356
20031007 565.02 574.10 564.44 568.05 1318118
20031008 571.08 575.62 567.21 574.10 165100
20031009 571.84 575.62 568.05 569.94 245456
20031010 571.84 596.82 571.84 590.92 837362
20031013 600.62 608.95 595.31 605.16 1329331
20031014 607.43 611.98 601.38 601.38 1595993
20031015 602.13 602.13 588.12 590.01 430624
20031016 590.01 595.31 587.74 590.01 858081
20031017 588.49 590.77 584.14 590.77 30956
20031020 586.98 590.77 583.20 583.20 118137
20031021 585.46 587.41 578.65 580.34 50700
20031022 580.92 582.25 568.98 575.62 309887
20031023 571.84 571.84 549.78 556.69 663731
20031024 556.69 558.95 549.87 549.87 349700
20031027 555.18 559.34 550.66 559.34 189312
20031028 555.93 560.47 551.38 554.41 47125
20031029 556.69 572.14 556.69 571.08 189312
20031030 571.08 597.59 568.80 593.42 229937
20031031 596.82 600.47 584.14 589.13 385206
20031103 592.28 607.43 592.28 601.40 63374
20031104 602.89 608.95 602.89 605.92 25268
20031105 613.49 613.49 605.92 608.95 80518
20031106 605.92 613.49 605.92 611.98 41193
20031107 611.98 623.72 611.98 623.72 63374
20031110 622.20 624.10 621.07 622.95 27381
20031111 621.07 622.95 611.98 615.00 72068
20031112 613.49 617.28 611.98 613.11 53299
20031113 615.00 616.52 615.00 617.66 19175
20031114 611.98 611.98 604.41 604.41 118624
20031117 610.46 610.46 598.34 597.59 32012
20031118 595.31 595.31 583.20 583.20 61424
20031119 590.77 590.77 578.65 583.20 90350
20031120 583.20 587.74 581.69 587.74 100912
20031121 583.20 590.77 583.20 586.23 94412
20031124 588.87 589.26 581.69 581.69 6743
20031125 581.69 586.23 580.92 581.69 146493
20031126 581.69 589.26 581.69 587.74 69631
20031127 583.57 596.82 583.20 596.82 62724
20031128 590.77 601.38 583.20 601.38 59637
20031201 589.26 593.80 586.98 586.98 24131
20031202 590.01 593.80 587.74 593.80 25918
20031203 586.61 586.61 575.62 575.62 70362
20031204 575.62 575.62 563.51 563.51 46637
20031205 563.51 578.65 563.51 569.18 48750
20031208 572.59 572.59 560.85 560.85 62887
20031209 560.47 565.02 558.95 565.02 48912
20031210 563.51 563.51 554.41 559.34 58743
20031211 561.99 574.49 560.47 566.54 69875
20031212 573.72 590.77 571.08 590.77 37375
20031215 593.80 599.85 585.08 599.85 74506
20031216 593.80 593.80 585.85 589.26 51512
20031217 589.26 602.51 586.23 602.51 80112
20031218 602.51 602.89 593.80 594.56 56387
20031219 596.82 597.59 596.82 596.82 15193
20031222 600.23 601.38 600.23 601.38 2600
20031223 591.15 607.43 591.15 606.30 18118
20031224 608.95 608.95 608.18 611.59 1625
20031225 611.59 611.59 611.59 611.59 0
20031226 611.59 611.59 611.59 611.59 0
20031229 613.49 618.03 613.11 615.77 29656
20031230 613.49 615.00 608.95 611.22 54356
20031231 607.82 607.82 607.43 607.43 6662
20040101 607.43 607.43 607.43 607.43 0
20040102 607.43 607.82 602.89 602.89 19093
20040105 601.38 601.38 595.31 595.31 22018
20040106 595.31 600.62 593.80 600.62 80437
20040107 595.31 598.34 568.05 568.05 174606
20040108 580.16 580.16 555.93 565.02 82550
20040109 558.95 568.05 558.95 563.51 13406
20040112 566.54 572.59 566.54 571.08 27624
20040113 560.85 568.05 560.47 567.29 85312
20040114 569.18 569.18 557.44 558.20 72393
20040115 558.01 560.85 552.90 552.90 21043
20040116 560.10 563.51 549.87 560.47 194837
20040119 689.23 840.71 686.20 836.54 1579256
20040120 878.58 908.87 842.23 878.58 1303493
20040121 882.36 901.30 875.54 890.70 693875
20040122 885.77 887.67 863.82 886.15 197600
20040123 887.67 957.35 887.67 957.35 255531
20040126 958.87 984.62 944.10 954.31 500581
20040127 958.10 989.16 946.74 961.90 286000
20040128 957.35 957.35 862.67 890.70 416000
20040129 909.44 914.18 878.58 910.39 314600
20040130 917.97 917.97 909.64 916.46 81656
20040202 1008.10 1109.59 1008.10 1056.95 828181
20040203 1060.36 1060.36 1010.36 1030.06 184600
20040204 1030.06 1083.08 1017.94 1067.93 191912
20040205 1064.90 1075.51 1045.21 1059.22 132843
20040206 1054.30 1060.36 999.77 1007.72 244887
20040209 1030.06 1037.64 1012.26 1034.61 109606
20040210 1011.88 1034.61 1011.88 1025.51 150718
20040211 1020.59 1037.64 1020.59 1028.54 195893
20040212 1027.03 1045.21 1027.03 1045.21 139750
20040213 1039.53 1045.21 1027.03 1027.03 56062
20040216 1027.03 1045.21 1014.92 1017.94 33637
20040217 1014.92 1020.97 1014.92 1015.67 74993
20040218 1014.92 1030.06 1014.92 1030.06 68818
20040219 1030.06 1040.28 1028.54 1037.64 55493
20040220 1040.66 1092.92 1037.64 1092.92 97012
20040223 1075.51 1097.46 1065.66 1085.35 180618
20040224 1080.80 1080.80 1033.08 1034.61 144137
20040225 1037.26 1037.26 1022.49 1022.49 77106
20040226 1022.49 1030.06 1019.46 1030.06 167862
20040227 1022.49 1030.06 1022.49 1022.49 70362
20040301 1022.87 1027.03 1016.43 1017.18 143325
20040302 1016.43 1030.06 1014.92 1016.05 100993
20040303 1016.05 1020.97 1014.92 1018.31 53299
20040304 1029.69 1029.69 1015.67 1020.21 170462
20040305 1015.29 1024.00 1013.77 1021.72 126099
20040308 1020.97 1113.38 1020.97 1095.95 391137
20040309 1249.70 1352.71 1242.13 1323.93 2095599
20040310 1333.02 1362.93 1295.15 1317.87 297618
20040311 1298.93 1325.44 1257.28 1317.87 413725
20040312 1296.66 1360.28 1287.57 1360.28 260081
20040315 1360.28 1398.15 1355.74 1378.46 559650
20040316 1378.46 1378.46 1340.59 1348.16 229531
20040317 1344.00 1348.16 1295.15 1320.90 325568
20040318 1317.87 1339.08 1317.87 1329.99 41437
20040319 1333.02 1386.03 1325.44 1386.03 179562
20040322 1373.92 1373.92 1348.16 1363.31 100262
20040323 1360.28 1363.31 1336.05 1340.59 179318
20040324 1340.59 1348.16 1334.92 1340.59 76050
20040325 1343.62 1361.80 1340.59 1340.59 99206
20040326 1355.74 1363.31 1344.00 1351.20 31199
20040329 1363.31 1382.25 1348.16 1360.28 110662
20040330 1363.31 1363.31 1340.59 1349.69 161768
20040331 1348.16 1349.69 1329.99 1329.99 143081
20040401 1336.05 1363.31 1326.95 1355.74 109037
20040402 1355.74 1367.48 1336.05 1364.07 21531
20040405 1342.10 1355.74 1337.56 1348.16 37862
20040406 1354.98 1355.74 1333.02 1343.62 59962
20040407 1356.49 1370.89 1348.16 1370.89 30062
20040408 1357.26 1363.31 1363.31 1363.31 12512
20040409 1363.31 1363.31 1363.31 1363.31 0
20040412 1363.31 1363.31 1363.31 1363.31 0
20040413 1363.31 1370.89 1345.13 1345.13 65731
20040414 1370.89 1370.89 1342.10 1348.16 99287
20040415 1348.16 1354.23 1333.39 1340.59 83606
20040416 1340.59 1348.16 1334.54 1340.59 150393
20040419 1348.16 1359.53 1333.02 1348.16 256343
20040420 1499.64 1560.23 1484.49 1486.77 725237
20040421 1506.84 1506.84 1461.77 1484.49 142512
20040422 1495.10 1532.59 1495.10 1523.88 258862
20040423 1529.94 1545.08 1514.79 1534.49 232537
20040426 1542.06 1617.80 1542.06 1585.99 473687
20040427 1592.05 1604.16 1582.95 1590.54 417950
20040428 1578.41 1605.69 1575.38 1576.90 199225
20040429 1576.90 1605.69 1567.82 1601.13 197518
20040430 1598.10 1628.41 1598.10 1626.89 170868
20040503 1626.89 1626.89 1626.89 1626.89 0
20040504 1657.18 1686.72 1635.98 1657.18 491968
20040505 1686.72 1686.72 1608.71 1620.82 268450
20040506 1620.46 1620.82 1582.95 1582.95 311268
20040507 1602.65 1602.65 1526.92 1526.92 151043
20040510 1528.43 1545.46 1470.87 1514.79 218887
20040511 1499.64 1537.51 1481.46 1486.77 134062
20040512 1476.92 1519.34 1476.92 1500.02 115293
20040513 1501.16 1514.79 1499.64 1511.77 156406
20040514 1496.62 1511.77 1476.92 1504.18 175012
20040517 1613.26 1629.92 1487.53 1508.74 370418
20040518 1507.22 1526.92 1499.64 1511.77 184275
20040519 1486.01 1514.79 1484.49 1493.59 109687
20040520 1514.79 1514.79 1500.02 1505.70 17062
20040521 1514.79 1514.79 1505.70 1513.28 45743
20040524 1499.64 1514.79 1499.64 1507.22 175256
20040525 1499.64 1514.79 1492.07 1514.79 229043
20040526 1522.36 1565.16 1522.36 1561.75 152750
20040527 1567.82 1599.62 1567.82 1592.05 205806
20040528 1582.95 1598.49 1582.95 1598.10 196462
20040531 1598.10 1598.10 1598.10 1598.10 0
20040601 1605.69 1651.13 1597.35 1597.35 218318
20040602 1631.43 1646.20 1613.26 1643.54 186143
20040603 1651.13 1667.41 1643.54 1666.28 186631
20040604 1643.54 1681.42 1643.54 1666.28 71012
20040607 1711.72 1726.49 1681.42 1689.00 86125
20040608 1684.46 1736.71 1684.46 1734.44 162337
20040609 1742.01 1758.67 1733.69 1737.46 158031
20040610 1726.87 1757.16 1722.70 1742.01 76050
20040611 1757.16 1802.61 1757.16 1802.23 115699
20040614 1817.00 1817.75 1787.46 1787.46 116837
20040615 1779.88 1795.03 1738.98 1757.16 186956
20040616 1765.87 1831.00 1755.64 1818.13 99450
20040617 1808.28 1808.28 1790.49 1802.61 77106
20040618 1787.46 1817.75 1787.46 1817.75 200931
20040621 1817.75 1848.05 1808.66 1834.41 397393
20040622 1848.05 1931.36 1848.05 1923.79 266175
20040623 1957.11 2120.71 1957.11 2075.26 692900
20040624 2090.41 2128.28 2060.12 2097.99 326625
20040625 2090.41 2105.56 2075.26 2097.99 97093
20040628 2113.13 2151.00 2105.56 2120.71 204993
20040629 2113.13 2173.72 2113.13 2146.46 210518
20040630 2146.46 2172.21 2135.85 2135.85 248218
20040701 2169.18 2197.97 2135.85 2135.85 398368
20040702 2120.71 2151.00 2060.12 2151.00 706793
20040705 2135.85 2234.31 2131.31 2190.39 505537
20040706 2204.02 2204.02 2128.28 2134.34 364568
20040707 2151.00 2151.00 2102.54 2114.65 169406
20040708 2143.43 2123.74 2081.33 2111.62 395362
20040709 2134.34 2181.30 2134.34 2181.30 292418
20040712 2181.30 2214.62 2158.58 2161.61 225387
20040713 2234.31 2264.62 2135.85 2147.98 422987
20040714 2158.58 2158.58 2090.41 2104.05 229368
20040715 2087.38 2099.51 2075.26 2090.41 367087
20040716 2097.99 2147.98 2097.99 2147.98 94493
20040719 2128.28 2151.00 2105.56 2105.56 168593
20040720 2120.71 2120.71 2035.88 2049.51 300543
20040721 2052.54 2058.61 2010.13 2010.13 177368
20040722 2029.82 2029.82 1964.69 1991.95 270075
20040723 1999.53 2037.39 1999.53 2023.77 128699
20040726 2029.82 2035.88 1999.53 1999.53 175012
20040727 2037.39 2038.92 1984.38 1984.38 194675
20040728 1987.41 2037.39 1987.41 2031.34 56224
20040729 2037.39 2119.20 2037.39 2102.54 174443
20040730 2116.16 2151.00 2091.93 2143.43 213281
20040802 2135.85 2154.03 2097.99 2105.56 141943
20040803 2101.02 2101.02 2075.26 2090.41 281775
20040804 2105.56 2105.56 2037.39 2070.72 270237
20040805 2057.08 2090.41 2029.82 2029.82 187362
20040806 2029.82 2081.33 2010.13 2014.67 206050
20040809 2014.67 2028.31 1978.31 1996.49 219618
20040810 2097.99 2160.10 2085.87 2120.71 652925
20040811 2149.49 2166.15 2119.20 2132.82 260324
20040812 2140.41 2225.23 2138.89 2225.23 581262
20040813 2234.31 2393.38 2214.62 2255.53 605231
20040816 2241.90 2244.92 2167.67 2188.87 280718
20040817 2176.76 2210.08 2176.76 2202.51 121631
20040818 2190.39 2232.80 2166.15 2178.28 141781
20040819 2173.72 2199.48 2151.00 2173.72 148525
20040820 2204.02 2204.02 2144.95 2151.00 152343
20040823 2151.00 2173.72 2151.00 2151.00 206781
20040824 2131.31 2144.95 2111.62 2117.69 226606
20040825 2105.56 2181.30 2099.51 2179.79 237899
20040826 2163.13 2211.59 2160.10 2201.00 130974
20040827 2196.46 2282.79 2185.85 2264.62 349131
20040830 2264.62 2264.62 2264.62 2264.62 0
20040831 2257.05 2302.49 2247.95 2270.67 253093
20040901 2272.18 2300.97 2244.92 2244.92 121874
20040902 2272.18 2287.34 2249.46 2267.64 278525
20040903 2272.18 2272.18 2226.74 2232.80 189556
20040906 2249.46 2264.62 2226.74 2232.80 291525
20040907 2249.46 2249.46 2151.00 2196.46 838337
20040908 2166.15 2257.05 2164.64 2254.01 630662
20040909 2249.46 2254.01 2226.74 2252.49 220106
20040910 2264.62 2323.69 2252.49 2320.66 777075
20040913 2310.06 2320.66 2278.25 2320.66 229043
20040914 2287.34 2317.64 2257.05 2279.77 400318
20040915 2287.34 2331.26 2264.62 2294.92 430381
20040916 2284.31 2294.92 2257.05 2257.05 370987
20040917 2332.78 2332.78 2261.59 2310.06 1893287
20040920 2287.34 2332.78 2272.18 2294.92 501474
20040921 2281.28 2297.94 2250.98 2272.18 379600
20040922 2257.05 2279.77 2250.98 2272.18 168756
20040923 2270.67 2285.82 2120.71 2223.72 493349
20040924 2223.72 2260.07 2208.57 2216.15 349212
20040927 2225.23 2270.67 2210.08 2270.67 256018
20040928 2220.69 2331.26 2220.69 2310.06 338162
20040929 2314.61 2316.12 2196.46 2196.46 501962
20040930 2196.46 2260.07 2181.30 2196.46 376593
20041001 2196.46 2232.80 2190.39 2211.59 367331
20041004 2238.87 2272.18 2237.35 2246.44 239281
20041005 2243.41 2243.41 2211.59 2226.74 284293
20041006 2234.31 2246.44 2201.00 2219.18 278850
20041007 2226.74 2282.79 2223.72 2264.62 549656
20041008 2257.05 2326.72 2257.05 2302.49 399993
20041011 2302.49 2355.51 2255.53 2270.67 310293
20041012 2273.70 2285.82 2257.05 2272.18 122606
20041013 2307.03 2310.06 2240.38 2257.05 462799
20041014 2272.18 2273.70 2246.44 2267.64 282912
20041015 2272.18 2332.78 2219.18 2258.56 330037
20041018 2249.46 2278.25 2249.46 2270.67 159656
20041019 2272.18 2279.77 2226.74 2234.31 250006
20041020 2254.01 2254.01 2120.71 2197.97 235056
20041021 2190.39 2263.10 2190.39 2237.35 125856
20041022 2238.87 2257.05 2226.74 2226.74 100181
20041025 2226.74 2241.90 2184.33 2217.66 106924
20041026 2229.77 2241.90 2204.02 2241.90 93112
20041027 2240.38 2244.92 2217.66 2226.74 69956
20041028 2211.59 2297.94 2194.93 2229.77 211412
20041029 2228.26 2229.77 2194.93 2229.77 161037
20041101 2229.77 2255.53 2220.69 2238.87 198250
20041102 2238.87 2244.92 2225.23 2228.26 114237
20041103 2257.05 2264.62 2228.26 2264.62 108062
20041104 2264.62 2272.18 2255.53 2264.62 207756
20041105 2254.01 2254.01 2176.76 2213.11 270725
20041108 2214.62 2238.87 2208.57 2211.59 213199
20041109 2211.59 2246.44 2207.05 2222.20 312243
20041110 2226.74 2241.90 2211.59 2234.31 290956
20041111 2229.77 2266.13 2229.77 2263.10 271537
20041112 2263.10 2364.59 2263.10 2297.94 347912
20041115 2276.74 2313.08 2270.67 2282.79 328900
20041116 2275.22 2278.25 2234.31 2264.62 271375
20041117 2264.62 2284.31 2257.05 2275.22 197518
20041118 2272.18 2325.21 2272.18 2305.51 112856
20041119 2317.64 2347.93 2317.64 2343.38 185006
20041122 2343.38 2363.08 2308.54 2332.78 280962
20041123 2317.64 2394.89 2317.64 2378.23 431031
20041124 2378.23 2378.23 2311.57 2332.78 199143
20041125 2331.26 2346.41 2322.18 2328.23 248543
20041126 2329.75 2358.54 2313.08 2344.90 87993
20041129 2334.30 2355.51 2320.66 2328.23 112043
20041130 2226.74 2300.97 2204.02 2272.18 391787
20041201 2266.13 2317.64 2258.56 2308.54 151775
20041202 2331.26 2331.26 2207.05 2207.05 355225
20041203 2213.11 2244.92 2158.58 2196.46 332068
20041206 2181.30 2199.48 2170.70 2173.72 291931
20041207 2179.79 2204.02 2173.72 2178.28 146900
20041208 2173.72 2179.79 2078.30 2079.82 603525
20041209 2090.41 2135.85 2076.78 2120.71 379356
20041210 2140.41 2188.87 2129.80 2182.82 155512
20041213 2122.23 2178.28 2122.23 2166.15 154781
20041214 2161.61 2188.87 2152.52 2163.13 153075
20041215 2144.95 2193.42 2143.43 2167.67 163475
20041216 2176.76 2176.76 2063.15 2063.15 451749
20041217 1666.28 1702.62 1519.34 1689.00 3250162
20041220 1658.70 1711.72 1590.54 1590.54 700862
20041221 1575.38 1669.30 1566.30 1631.43 398125
20041222 1640.52 1681.42 1640.52 1667.79 500499
20041223 1682.93 1698.08 1658.70 1666.28 241231
20041224 1670.82 1670.82 1639.00 1652.64 20231
20041227 1652.64 1652.64 1652.64 1652.64 0
20041228 1652.64 1652.64 1652.64 1652.64 0
20041229 1681.42 1681.42 1649.61 1658.70 123824
20041230 1666.28 1666.28 1628.41 1635.98 93518
20041231 1648.10 1652.64 1635.98 1651.13 63943
20050103 1651.13 1651.13 1651.13 1651.13 0
20050104 1649.61 1649.61 1582.95 1590.54 530237
20050105 1575.38 1593.56 1555.69 1585.99 269750
20050106 1585.99 1585.99 1569.33 1578.41 219374
20050107 1592.05 1664.76 1592.05 1620.82 263900
20050110 1635.98 1639.00 1581.44 1587.51 279256
20050111 1601.13 1651.13 1601.13 1648.10 784793
20050112 1658.70 1660.21 1598.10 1617.80 437937
20050113 1604.16 1635.98 1598.10 1617.80 146656
20050114 1634.46 1666.28 1631.43 1658.70 575006
20050117 1654.15 1667.79 1614.77 1654.15 260812
20050118 1666.28 1769.28 1658.70 1732.92 1044631
20050119 1743.53 1752.62 1701.11 1728.38 642931
20050120 1729.90 1763.22 1684.46 1749.59 644068
20050121 1749.59 1778.36 1729.90 1764.74 327762
20050124 1764.74 1816.23 1743.53 1813.21 515287
20050125 1810.18 1808.66 1782.92 1782.92 505537
20050126 1782.92 1799.57 1764.74 1766.25 350025
20050127 1763.22 1766.25 1707.18 1734.44 354656
20050128 1725.35 1738.98 1701.11 1723.84 292418
20050131 1726.87 1726.87 1669.30 1684.46 333287
20050201 1681.42 1716.26 1681.42 1696.57 670556
20050202 1698.08 1732.92 1698.08 1716.26 217993
20050203 1720.80 1754.13 1708.69 1725.35 344500
20050204 1720.80 1742.01 1667.79 1729.90 191912
20050207 1731.41 1735.95 1708.69 1719.29 139993
20050208 1716.26 1761.70 1716.26 1737.46 251387
20050209 1740.49 1751.10 1719.29 1737.46 116999
20050210 1737.46 1742.01 1676.87 1725.35 241474
20050211 1722.31 1738.98 1719.29 1732.92 163881
20050214 1731.41 1735.95 1679.90 1690.51 260162
20050215 1693.54 1707.18 1649.61 1658.70 491399
20050216 1661.72 1675.36 1585.99 1614.77 1236706
20050217 1711.72 1742.01 1681.42 1711.72 1505318
20050218 1698.08 1787.46 1684.46 1787.46 739456
20050221 1802.61 1845.02 1720.80 1835.93 567287
20050222 1834.41 1854.10 1773.82 1801.08 790156
20050223 1795.03 1846.54 1784.43 1834.41 590281
20050224 1840.47 1840.47 1813.21 1817.75 373018
20050225 1828.36 1905.61 1825.33 1885.92 874412
20050228 1901.07 1940.46 1899.54 1899.54 548193
20050301 1908.64 1920.76 1888.95 1888.95 308831
20050302 1878.34 1890.46 1863.20 1878.34 184681
20050303 1879.85 1949.54 1864.71 1891.98 616768
20050304 1879.85 1914.70 1872.28 1878.34 253093
20050307 1869.26 1901.07 1855.62 1855.62 172250
20050308 1857.13 1857.13 1823.82 1823.82 249112
20050309 1823.82 1881.38 1819.26 1860.16 343443
20050310 1866.23 1866.23 1819.26 1835.93 357500
20050311 1852.59 1852.59 1802.61 1820.78 292012
20050314 1817.75 1835.93 1796.54 1801.08 193456
20050315 1808.66 1823.82 1787.46 1788.97 214906
20050316 1790.49 1810.18 1764.74 1772.31 228393
20050317 1767.77 1788.97 1745.05 1745.05 547381
20050318 1755.64 1793.51 1728.38 1746.56 1980631
20050321 1743.53 1764.74 1711.72 1716.26 497006
20050322 1716.26 1732.92 1698.08 1725.35 381956
20050323 1717.77 1773.82 1684.46 1773.82 1158137
20050324 1817.75 1854.10 1772.31 1787.46 861493
20050325 1787.46 1787.46 1787.46 1787.46 0
20050328 1787.46 1787.46 1787.46 1787.46 0
20050329 1796.54 1796.54 1746.56 1761.70 534706
20050330 1748.07 1778.36 1734.44 1734.44 203693
20050331 1751.10 1798.06 1737.46 1761.70 452968
20050401 1761.70 1808.66 1760.18 1788.97 252118
20050404 1792.00 1808.66 1785.94 1787.46 323131
20050405 1787.46 1823.82 1775.34 1775.34 242124
20050406 1770.79 1790.49 1770.79 1781.39 190856
20050407 1772.31 1852.59 1760.18 1841.99 513824
20050408 1848.05 1854.10 1811.69 1841.99 331256
20050411 1841.99 1841.99 1810.18 1817.75 176150
20050412 1817.75 1817.75 1785.94 1787.46 215393
20050413 1787.46 1787.46 1745.05 1749.59 252524
20050414 1732.92 1751.10 1719.29 1723.84 353193
20050415 1707.18 1726.87 1690.51 1693.54 422987
20050418 1667.79 1690.51 1640.52 1666.28 493024
20050419 1726.87 1764.74 1717.77 1745.05 1059987
20050420 1755.64 1813.21 1742.01 1785.94 727431
20050421 1779.88 1798.06 1779.88 1788.97 323943
20050422 1810.18 1840.47 1795.03 1834.41 411531
20050425 1840.47 1873.80 1834.41 1835.93 386506
20050426 1845.02 1845.02 1743.53 1826.84 498387
20050427 1813.21 1819.26 1790.49 1802.61 263006
20050428 1817.75 1817.75 1755.64 1778.36 346937
20050429 1764.74 1778.36 1749.59 1755.64 262437
20050502 1755.64 1755.64 1755.64 1755.64 0
20050503 1767.77 1778.36 1755.64 1763.22 279418
20050504 1770.79 1784.43 1720.80 1742.01 376350
20050505 1757.16 1788.97 1757.16 1788.97 215231
20050506 1788.97 1788.97 1745.05 1779.88 196787
20050509 1776.85 1787.46 1757.16 1772.31 254231
20050510 1785.94 1787.46 1763.22 1772.31 185006
20050511 1764.74 1772.31 1720.80 1746.56 164206
20050512 1755.64 1778.36 1743.53 1754.13 149825
20050513 1735.95 1755.64 1729.90 1742.01 555587
20050516 1732.92 1760.18 1732.92 1748.07 194268
20050517 1752.62 1757.16 1681.42 1726.87 220918
20050518 1743.53 1764.74 1719.29 1722.31 203043
20050519 1731.41 1757.16 1728.38 1748.07 184600
20050520 1758.67 1778.36 1717.77 1754.13 107899
20050523 1781.39 1781.39 1737.46 1754.13 209462
20050524 1775.34 1776.85 1722.31 1749.59 252931
20050525 1755.64 1804.12 1729.90 1801.08 342712
20050526 1805.64 1879.85 1805.64 1875.31 506837
20050527 1864.71 1885.92 1855.62 1866.23 328493
20050530 1866.23 1866.23 1866.23 1866.23 0
20050531 1852.59 1872.28 1838.95 1840.47 183300
20050601 1849.56 1976.80 1840.47 1917.72 514149
20050602 1904.10 1914.70 1870.77 1902.58 379275
20050603 1902.58 1902.58 1902.58 1902.58 0
20050606 1931.36 1961.66 1928.33 1948.02 169650
20050607 1966.20 1966.20 1941.97 1961.66 230018
20050608 1932.87 1938.93 1920.76 1932.87 259837
20050609 1954.08 1960.15 1934.39 1949.54 118706
20050610 1952.57 1996.49 1952.57 1969.23 451424
20050613 1991.95 2049.51 1988.92 2049.51 492374
20050614 2032.85 2055.57 2019.22 2032.85 263818
20050615 2026.79 2043.46 2022.25 2032.85 205075
20050616 2043.46 2119.20 2028.31 2101.02 451993
20050617 2101.02 2197.97 2093.44 2147.98 270806
20050620 2154.03 2178.28 2137.38 2143.43 290550
20050621 2138.89 2138.89 2069.21 2078.30 295912
20050622 2075.26 2084.36 2029.82 2046.49 331987
20050623 2052.54 2131.31 2049.51 2128.28 412831
20050624 2119.20 2137.38 2113.13 2113.13 355875
20050627 2108.59 2134.34 2090.41 2120.71 90268
20050628 2134.34 2191.90 2128.28 2131.31 308262
20050629 2123.74 2135.85 2055.57 2064.66 598731
20050630 2060.12 2060.12 2029.82 2041.94 658612
20050701 2048.00 2093.44 2031.34 2090.41 327925
20050704 2101.02 2135.85 2090.41 2108.59 422012
20050705 2105.56 2128.28 2099.51 2119.20 294531
20050706 2135.85 2170.70 2132.82 2158.58 472712
20050707 2160.10 2161.61 2048.00 2138.89 453049
20050708 2161.61 2196.46 2152.52 2187.36 229937
20050711 2199.48 2199.48 2157.07 2166.15 436149
20050712 2170.70 2170.70 2102.54 2137.38 338243
20050713 2149.49 2181.30 2128.28 2140.41 371150
20050714 2128.28 2144.95 2108.59 2120.71 797468
20050715 2131.31 2131.31 2060.12 2097.99 1390837
20050718 2110.10 2131.31 2060.12 2085.87 886599
20050719 2075.26 2114.65 2075.26 2104.05 515206
20050720 2111.62 2134.34 2046.49 2097.99 713212
20050721 2113.13 2129.80 2073.75 2110.10 812256
20050722 2123.74 2129.80 2075.26 2128.28 341412
20050725 2160.10 2169.18 2123.74 2167.67 527637
20050726 2152.52 2185.85 2152.52 2182.82 458493
20050727 2179.79 2232.80 2172.21 2222.20 770168
20050728 2223.72 2241.90 2197.97 2229.77 439887
20050729 2241.90 2272.18 2238.87 2272.18 764400
20050801 2264.62 2338.84 2232.80 2338.84 835656
20050802 2329.75 2332.78 2304.00 2313.08 813881
20050803 2305.51 2402.46 2299.46 2400.95 1302843
20050804 2393.38 2449.42 2331.26 2408.52 1081600
20050805 2387.31 2422.15 2387.31 2410.03 436556
20050808 2400.95 2438.82 2400.95 2438.82 447362
20050809 2449.42 2646.34 2444.87 2605.44 2162306
20050810 2613.02 2691.79 2613.02 2688.76 791537
20050811 2690.28 2734.20 2684.21 2711.48 968906
20050812 2737.23 2737.23 2670.58 2673.61 1654250
20050815 2679.67 2679.67 2620.59 2620.59 1895237
20050816 2647.85 2647.85 2561.51 2569.08 835331
20050817 2547.88 2575.15 2513.05 2514.56 479862
20050818 2511.53 2563.03 2499.41 2544.85 462393
20050819 2552.43 2609.99 2552.43 2591.82 236193
20050822 2605.44 2620.59 2603.93 2609.99 462312
20050823 2596.36 2632.71 2596.36 2613.02 485306
20050824 2619.08 2631.20 2578.18 2622.10 901956
20050825 2620.59 2634.23 2606.95 2606.95 255531
20050826 2620.59 2635.74 2603.93 2631.20 220349
20050829 2631.20 2631.20 2631.20 2631.20 0
20050830 2669.07 2669.07 2605.44 2628.16 460768
20050831 2643.31 2690.28 2628.16 2682.70 694606
20050901 2706.93 2706.93 2661.49 2669.07 824037
20050902 2669.07 2705.42 2653.92 2666.03 773337
20050905 2678.15 2687.24 2652.41 2669.07 1039756
20050906 2666.03 2694.82 2631.20 2653.92 738156
20050907 2673.61 2746.31 2659.98 2709.97 1981362
20050908 2703.90 2726.62 2687.24 2702.39 523249
20050909 2706.93 2812.97 2706.93 2772.07 824443
20050912 2799.34 2814.49 2755.41 2756.92 917068
20050913 2766.01 2769.05 2647.85 2693.30 817456
20050914 2702.39 2775.10 2685.72 2775.10 349050
20050915 2790.25 2847.82 2767.53 2802.36 581506
20050916 2788.74 2853.87 2787.22 2847.82 2627868
20050919 2823.57 2908.41 2816.00 2899.31 1687562
20050920 3026.56 3100.78 3008.38 3043.22 2359012
20050921 3005.35 3025.05 2973.54 3006.87 1168456
20050922 3011.41 3059.88 3000.80 3056.85 1533106
20050923 3059.88 3082.61 2985.66 3029.59 1399043
20050926 3059.88 3059.88 2946.28 2976.57 910324
20050927 2943.24 3026.56 2943.24 2978.08 1509706
20050928 2984.15 3006.87 2953.85 2984.15 825743
20050929 2988.69 3014.44 2987.18 3005.35 949649
20050930 3012.92 3041.70 2961.42 2970.51 734418
20051003 3002.31 3002.31 2940.21 2959.90 407387
20051004 2950.82 2982.62 2943.24 2970.51 462556
20051005 2944.76 2981.11 2905.38 2914.46 666331
20051006 2899.31 2899.31 2819.03 2846.30 986049
20051007 2829.64 2876.59 2794.79 2796.31 906424
20051010 2809.94 2832.66 2790.25 2797.82 637406
20051011 2784.18 2856.90 2784.18 2826.61 827043
20051012 2844.78 2855.38 2779.64 2779.64 1231262
20051013 2779.64 2779.64 2594.84 2599.38 2680031
20051014 2599.38 2634.23 2537.28 2579.69 2211868
20051017 2593.33 2628.16 2576.66 2588.78 1042193
20051018 2588.78 2622.10 2543.34 2556.97 727268
20051019 2537.28 2537.28 2391.85 2411.54 1993631
20051020 2469.11 2635.74 2453.97 2472.15 2355193
20051021 2472.15 2513.05 2403.98 2505.46 901224
20051024 2520.62 2547.88 2508.49 2538.79 702406
20051025 2526.67 2553.94 2514.56 2529.70 648618
20051026 2555.46 2634.23 2555.46 2613.02 679250
20051027 2596.36 2596.36 2535.77 2560.00 720768
20051028 2544.85 2544.85 2479.72 2534.25 1199412
20051031 2552.43 2641.80 2500.92 2616.05 1698612
20051101 2606.95 2628.16 2582.72 2613.02 1003437
20051102 2623.62 2659.98 2623.62 2628.16 713781
20051103 2628.16 2734.20 2628.16 2723.59 727106
20051104 2732.69 2753.90 2702.39 2729.66 743437
20051107 2666.03 2723.59 2655.43 2684.21 483681
20051108 2681.18 2744.80 2656.95 2666.03 714593
20051109 2703.90 2705.42 2655.43 2666.03 358800
20051110 2696.33 2862.95 2696.33 2802.36 2538412
20051111 2809.94 2809.94 2737.23 2756.92 1913437
20051114 2764.49 2840.23 2764.49 2823.57 646425
20051115 2831.15 2859.93 2797.82 2847.82 515531
20051116 2859.93 2859.93 2808.43 2822.06 786012
20051117 2837.21 2875.08 2835.69 2872.05 619206
20051118 2876.59 2912.95 2864.47 2896.28 1013512
20051121 2919.00 2931.13 2908.41 2925.07 836225
20051122 2925.07 2932.64 2909.92 2915.98 943962
20051123 2908.41 2922.03 2856.90 2875.08 924624
20051124 2899.31 2899.31 2828.12 2853.87 670068
20051125 2872.05 2891.74 2855.38 2875.08 591012
20051128 2876.59 2876.59 2802.36 2809.94 419899
20051129 2803.88 2808.43 2753.90 2779.64 1252712
20051130 2787.22 2796.31 2753.90 2772.07 1031793
20051201 2793.28 2852.36 2785.70 2831.15 297212
20051202 2829.64 2878.10 2802.36 2861.44 762612
20051205 2875.08 2878.10 2834.18 2835.69 1218018
20051206 2847.82 2878.10 2834.18 2859.93 433874
20051207 2855.38 2870.54 2803.88 2837.21 439156
20051208 2838.72 2850.84 2806.92 2837.21 463937
20051209 2838.72 2876.59 2812.97 2873.56 929987
20051212 2853.87 2870.54 2834.18 2838.72 424206
20051213 2835.69 2908.41 2835.69 2885.69 895049
20051214 2893.26 2893.26 2858.41 2875.08 686400
20051215 2873.56 2873.56 2826.61 2841.75 519268
20051216 2834.18 2896.28 2834.18 2849.33 716706
20051219 2829.64 2849.33 2782.67 2828.12 616281
20051220 2825.08 2861.44 2793.28 2841.75 545756
20051221 2843.26 2906.89 2831.15 2879.62 524224
20051222 2885.69 2938.70 2873.56 2920.52 882131
20051223 2923.54 2923.54 2890.23 2905.38 73287
20051226 2905.38 2905.38 2905.38 2905.38 0
20051227 2905.38 2905.38 2905.38 2905.38 0
20051228 2876.59 2914.46 2873.56 2903.85 205725
20051229 2919.00 2972.02 2896.28 2909.92 125124
20051230 2903.85 2923.54 2873.56 2908.41 250412
20060102 2908.41 2908.41 2908.41 2908.41 0
20060103 2908.41 2997.77 2908.41 2964.46 1533837
20060104 2975.05 3028.07 2975.05 3022.01 662350
20060105 3000.80 3090.18 2997.77 3031.10 634400
20060106 3022.01 3025.05 2976.57 2991.72 653656
20060109 2982.62 2996.26 2937.18 2956.87 1256206
20060110 2928.10 2952.33 2908.41 2915.98 502774
20060111 2912.95 2937.18 2908.41 2920.52 315818
20060112 2932.64 3012.92 2909.92 3002.31 1273106
20060113 3018.98 3018.98 2969.00 2981.11 141943
20060116 2979.59 2991.72 2940.21 2988.69 531862
20060117 2988.69 2999.29 2947.79 2984.15 978899
20060118 2973.54 2984.15 2949.30 2978.08 789587
20060119 2984.15 2999.29 2947.79 2956.87 620912
20060120 2972.02 2982.62 2943.24 2947.79 1166587
20060123 2915.98 2962.93 2909.92 2919.00 414375
20060124 2899.31 2922.03 2899.31 2914.46 651218
20060125 2931.13 2975.05 2872.05 2947.79 885543
20060126 2969.00 2978.08 2915.98 2925.07 908699
20060127 2955.36 2975.05 2929.61 2947.79 558187
20060130 2938.70 2941.72 2908.41 2922.03 984424
20060131 2908.41 2976.57 2884.16 2919.00 813881
20060201 2908.41 2944.76 2887.20 2937.18 680306
20060202 2937.18 2999.29 2909.92 2970.51 2070574
20060203 2970.51 2993.23 2944.76 2976.57 1055681
20060206 2953.85 2959.90 2884.16 2884.16 1543912
20060207 2884.16 2896.28 2758.44 2775.10 1364187
20060208 2744.80 2799.34 2699.36 2770.56 1508812
20060209 2769.05 2772.07 2711.48 2728.15 1675131
20060210 2714.51 2776.62 2696.33 2749.35 1104350
20060213 2749.35 2773.59 2714.51 2726.62 784631
20060214 2741.77 2741.77 2650.89 2731.18 2031006
20060215 2731.18 2817.51 2726.62 2785.70 1144975
20060216 2817.51 2862.95 2787.22 2861.44 1347612
20060217 2852.36 2905.38 2809.94 2884.16 993524
20060220 2884.16 2884.16 2831.15 2837.21 672100
20060221 2847.82 2888.71 2834.18 2858.41 941443
20060222 2832.66 2865.99 2832.66 2847.82 929499
20060223 2855.38 3009.90 2831.15 2964.46 2653625
20060224 2987.18 3009.90 2905.38 2925.07 1980631
20060227 2940.21 2988.69 2909.92 2956.87 566962
20060228 2941.72 2949.30 2882.65 2923.54 953468
20060301 2900.82 2953.85 2900.82 2931.13 970531
20060302 2925.07 2973.54 2923.54 2969.00 3578412
20060303 3029.59 3135.62 3009.90 3025.05 2375262
20060306 3040.18 3047.77 2961.42 2972.02 915281
20060307 2965.97 2967.48 2855.38 2858.41 1896293
20060308 2841.75 2884.16 2805.39 2849.33 1157812
20060309 2849.33 2953.85 2825.08 2837.21 562818
20060310 2841.75 2917.49 2841.75 2900.82 806975
20060313 2914.46 2944.76 2908.41 2934.15 3066131
20060314 3059.88 3150.77 3044.74 3125.02 3705649
20060315 3135.62 3247.72 3135.62 3208.33 1811793
20060316 3223.48 3264.38 3223.48 3249.23 2179531
20060317 3267.41 3296.18 3226.51 3296.18 1201281
20060320 3297.70 3299.22 3208.33 3221.97 1014243
20060321 3211.36 3256.80 3152.28 3229.54 1016924
20060322 3209.85 3247.72 3196.21 3220.46 648700
20060323 3237.11 3237.11 3188.64 3193.18 1145706
20060324 3206.82 3276.49 3197.72 3256.80 890662
20060327 3267.41 3276.49 3231.05 3237.11 532918
20060328 3253.77 3282.56 3217.42 3234.08 1157731
20060329 3241.66 3276.49 3218.93 3271.95 1583318
20060330 3270.44 3302.25 3270.44 3294.67 530237
20060331 3302.25 3326.49 3202.28 3218.93 1159843
20060403 3218.93 3332.54 3218.93 3323.46 1085581
20060404 3303.77 3308.31 3255.29 3273.46 818268
20060405 3262.87 3317.39 3225.00 3243.18 1464775
20060406 3255.29 3311.34 3241.66 3293.16 536737
20060407 3299.22 3320.43 3281.05 3312.85 449231
20060410 3297.70 3321.94 3271.95 3317.39 1028949
20060411 3306.79 3362.84 3305.28 3318.92 1306743
20060412 3303.77 3303.77 3256.80 3282.56 858487
20060413 3273.46 3328.00 3270.44 3324.97 480268
20060414 3324.97 3324.97 3324.97 3324.97 0
20060417 3324.97 3324.97 3324.97 3324.97 0
20060418 3324.97 3412.82 3318.92 3405.26 1325918
20060419 3437.07 3438.58 3377.99 3434.03 1031712
20060420 3427.98 3605.21 3427.98 3515.84 1865337
20060421 3537.05 3670.34 3523.41 3633.99 971181
20060424 3600.66 3756.69 3600.66 3664.28 848493
20060425 3673.38 3687.00 3587.03 3590.06 1661643
20060426 3614.30 3646.10 3609.75 3623.38 735962
20060427 3611.26 3644.59 3481.00 3570.36 1319581
20060428 3570.36 3576.43 3477.97 3523.41 788125
20060501 3523.41 3523.41 3523.41 3523.41 0
20060502 3635.51 3720.33 3632.47 3708.21 810956
20060503 3724.87 3802.13 3674.89 3685.49 710368
20060504 3699.13 3708.21 3627.93 3696.10 725318
20060505 3714.28 3811.22 3673.38 3799.10 589062
20060508 3826.36 3889.99 3729.42 3771.84 1075181
20060509 3765.77 3786.98 3697.61 3756.69 443218
20060510 3620.36 3744.57 3617.33 3662.77 1118406
20060511 3650.65 3718.82 3650.65 3658.23 920237
20060512 3662.77 3665.80 3537.05 3556.74 762206
20060515 3556.74 3549.16 3376.95 3438.58 863687
20060516 3450.70 3456.76 3340.12 3397.69 1323968
20060517 3371.93 3460.64 3249.23 3270.44 995312
20060518 3252.26 3252.26 3118.95 3134.10 1609156
20060519 3100.78 3274.98 3111.00 3206.82 1482243
20060522 3193.18 3200.48 2987.18 3003.84 1867937
20060523 3005.35 3332.54 3039.70 3312.85 1205018
20060524 3256.80 3343.15 3155.31 3155.31 1810006
20060525 3123.51 3262.60 3143.85 3259.84 481081
20060526 3291.64 3390.77 3267.72 3370.41 752618
20060529 3370.41 3370.41 3370.41 3370.41 0
20060530 3374.95 3368.63 3249.23 3249.23 704843
20060531 3206.82 3332.54 3150.77 3321.94 442731
20060601 3285.59 3324.50 3253.55 3287.10 900981
20060602 3411.31 3339.64 3268.92 3287.10 435174
20060605 3173.49 3342.68 3268.44 3273.46 210518
20060606 3261.35 3273.46 3135.62 3150.77 1118243
20060607 3144.71 3174.25 3089.02 3093.21 796981
20060608 3018.98 3101.87 1710.56 2915.98 2659962
20060609 2943.24 3043.98 2915.98 3028.07 1072012
20060612 3012.92 3065.94 2987.18 3006.87 1087531
20060613 2967.48 2957.64 2793.83 2864.47 1826824
20060614 2853.87 2895.15 2802.36 2841.75 1186737
20060615 2862.95 3015.95 2854.62 2969.00 1236868
20060616 3023.53 3087.22 2868.69 2946.28 1180156
20060619 2975.05 3005.35 2923.54 2935.67 1128075
20060620 2887.20 2915.98 2864.47 2908.41 1174062
20060621 2926.58 2937.56 2857.87 2929.61 804700
20060622 2978.08 3046.92 2961.42 2991.72 739375
20060623 2981.11 3162.41 2980.68 3137.13 1221268
20060626 3137.13 3136.59 2995.57 3114.41 565012
20060627 3144.71 3173.49 2966.81 3153.80 832975
20060628 3126.54 3249.23 3126.54 3237.11 1109387
20060629 3249.23 3282.56 3237.11 3264.38 964193
20060630 3282.56 3446.15 3282.56 3321.94 759443
20060703 3294.67 3294.67 3211.36 3261.35 1350212
20060704 3256.80 3262.87 3217.42 3256.80 626762
20060705 3223.48 3244.69 3152.28 3173.49 565256
20060706 3190.15 3264.38 3190.15 3255.29 651706
20060707 3234.08 3299.22 3206.82 3281.05 536087
20060710 3265.90 3265.90 3211.36 3247.72 537712
20060711 3226.51 3234.08 3164.41 3173.49 1137743
20060712 3173.49 3285.59 3168.95 3243.18 738237
20060713 3244.69 3279.53 3155.31 3181.07 673968
20060714 3135.62 3225.00 3135.62 3173.49 723693
20060717 3170.46 3190.15 3120.47 3144.71 451018
20060718 3114.41 3125.02 3067.46 3090.18 513581
20060719 3115.93 3115.93 3050.79 3105.33 560625
20060720 3134.10 3196.21 3079.57 3105.33 509031
20060721 3102.30 3102.30 3018.98 3032.62 374725
20060724 3034.13 3099.26 3000.80 3094.72 652518
20060725 3117.44 3165.92 3097.75 3135.62 536168
20060726 3143.20 3176.52 3132.59 3165.92 544537
20060727 3170.46 3215.90 3170.46 3187.13 742950
20060728 3191.67 3247.72 3191.67 3231.05 989056
20060731 3231.05 3253.77 3197.72 3197.72 639193
20060801 3184.10 3261.35 3184.10 3252.26 619856
20060802 3279.53 3308.31 3259.84 3274.98 410231
20060803 3274.98 3274.98 3274.98 3274.98 0
20060804 3173.49 3173.49 3096.23 3158.34 730600
20060807 3112.90 3156.82 3091.69 3125.02 332068
20060808 3153.80 3185.61 3121.99 3137.13 952249
20060809 3158.34 3184.10 3094.72 3158.34 728406
20060810 3094.72 3155.31 3058.36 3102.30 682418
20060811 3096.23 3105.33 3044.74 3056.85 435743
20060814 3103.82 3103.82 3049.28 3059.88 455974
20060815 3040.18 3040.18 2973.54 2996.26 1071850
20060816 2979.59 3067.46 2915.98 3059.88 2527118
20060817 3046.25 3150.77 3046.25 3150.77 1442918
20060818 3150.77 3150.77 3106.84 3120.47 1359068
20060821 3102.30 3181.07 3073.51 3138.65 655200
20060822 3178.03 3178.03 3111.38 3125.02 516343
20060823 3140.16 3152.28 3120.47 3128.05 520731
20060824 3144.71 3158.34 3079.57 3149.26 916418
20060825 3140.16 3167.43 3108.36 3147.74 440131
20060828 3147.74 3147.74 3147.74 3147.74 0
20060829 3153.80 3193.18 3121.99 3123.51 1435687
20060830 3120.47 3161.38 3094.72 3131.08 1042274
20060831 3120.47 3241.66 3120.47 3229.54 1314868
20060901 3243.18 3281.05 3214.39 3249.23 1344687
20060904 3264.38 3268.92 3168.95 3205.30 1140018
20060905 3111.38 3218.93 3082.61 3218.93 1848193
20060906 3203.79 3214.39 3106.84 3112.90 1256937
20060907 3112.90 3120.47 3050.79 3053.82 1677081
20060908 3044.74 3084.12 3018.98 3031.10 846218
20060911 3005.35 3015.95 2897.80 2949.30 1153506
20060912 2970.51 2978.08 2893.26 2969.00 1824062
20060913 2964.46 2990.20 2953.85 2969.00 764968
20060914 2956.87 3035.64 2950.82 2965.97 1448200
20060915 2981.11 2981.11 2896.28 2903.85 1108493
20060918 2894.77 2934.15 2887.20 2915.98 1007662
20060919 2922.03 2938.70 2869.02 2884.16 987674
20060920 2897.80 2909.92 2838.72 2878.10 1245806
20060921 2870.54 2890.23 2847.82 2884.16 2127206
20060922 2856.90 2896.28 2847.82 2855.38 1062993
20060925 2879.62 2884.16 2741.77 2756.92 1492806
20060926 2764.49 2791.77 2750.87 2772.07 1665787
20060927 2769.05 2841.75 2769.05 2811.46 1972099
20060928 2817.51 2873.56 2817.51 2869.02 689162
20060929 2890.23 2911.43 2819.03 2825.08 920968
20061002 2867.51 2876.59 2849.33 2850.84 773012
20061003 2840.23 2843.26 2766.01 2781.16 1130268
20061004 2778.13 2778.13 2681.18 2690.28 1975674
20061005 2726.62 2769.05 2711.48 2766.01 1358906
20061006 2787.22 2787.22 2731.18 2737.23 940062
20061009 2729.66 2791.77 2729.66 2787.22 846868
20061010 2781.16 2832.66 2753.90 2825.08 1399287
20061011 2832.66 2872.05 2784.18 2859.93 2000618
20061012 2862.95 2888.71 2534.25 2779.64 6693618
20061013 2773.59 2847.82 2756.92 2841.75 1635481
20061016 2859.93 2887.20 2840.23 2879.62 822818
20061017 2865.99 2900.82 2853.87 2861.44 707281
20061018 2861.44 2869.02 2817.51 2835.69 1119787
20061019 2835.69 2862.95 2823.57 2840.23 554937
20061020 2859.93 2878.10 2820.54 2832.66 896024
20061023 2831.15 2902.34 2794.79 2855.38 1201931
20061024 2869.02 2879.62 2796.31 2802.36 1066487
20061025 2805.39 2825.08 2770.56 2794.79 1936593
20061026 2802.36 2817.51 2749.35 2752.38 908699
20061027 2772.07 2787.22 2734.20 2746.31 672181
20061030 2741.77 2752.38 2700.87 2703.90 308181
20061031 2714.51 2735.72 2608.47 2658.46 1767837
20061101 2658.46 2731.18 2658.46 2685.72 1751424
20061102 2664.52 2706.93 2638.77 2696.33 1516693
20061103 2696.33 2752.38 2684.21 2729.66 1100287
20061106 2719.05 2749.35 2717.54 2743.29 542750
20061107 2728.15 2759.95 2696.33 2732.69 675106
20061108 2726.62 2759.95 2711.48 2756.92 473118
20061109 2756.92 2861.44 2756.92 2861.44 2007199
20061110 2875.08 3022.01 2875.08 2973.54 2795162
20061113 2950.82 2969.00 2878.10 2888.71 834031
20061114 2884.16 2923.54 2865.99 2890.23 1067787
20061115 2891.74 2905.38 2844.78 2884.16 1089887
20061116 2862.95 2929.61 2852.36 2922.03 1082900
20061117 2884.16 2919.00 2770.56 2788.74 1398800
20061120 2759.95 2825.08 2747.84 2811.46 1277087
20061121 2796.31 2870.54 2775.10 2862.95 1296831
20061122 2870.54 2959.90 2870.54 2905.38 2580093
20061123 3029.59 3053.82 2961.42 2984.15 4197862
20061124 3025.05 3029.59 2925.07 2958.39 1941793
20061127 2941.72 3014.44 2931.13 2937.18 1622968
20061128 2952.33 2987.18 2894.77 2914.46 938843
20061129 2911.43 2987.18 2909.92 2972.02 857268
20061130 3006.87 3046.25 2984.15 2984.15 3140393
20061201 3009.90 3161.38 3009.90 3115.93 3028675
20061204 3167.43 3203.79 3150.77 3181.07 3005193
20061205 3170.46 3238.62 3162.89 3220.46 1023668
20061206 3218.93 3240.15 3150.77 3173.49 1877199
20061207 3150.77 3194.70 3131.08 3187.13 1304712
20061208 3159.85 3203.79 3120.47 3193.18 1939924
20061211 3203.79 3203.79 3135.62 3146.23 1830724
20061212 3170.46 3176.52 3105.33 3117.44 2272481
20061213 3125.02 3143.20 3075.03 3090.18 1632962
20061214 3075.03 3102.30 2947.79 2947.79 3559806
20061215 2950.82 2976.57 2884.16 2899.31 3905768
20061218 2899.31 2899.31 2816.00 2819.03 2681006
20061219 2779.64 2802.36 2747.84 2756.92 2203500
20061220 2785.70 2785.70 2725.11 2734.20 1379868
20061221 2716.02 2755.41 2703.90 2711.48 1035937
20061222 2719.05 2741.77 2673.61 2685.72 490262
20061225 2685.72 2685.72 2685.72 2685.72 0
20061226 2685.72 2685.72 2685.72 2685.72 0
20061227 2678.15 2743.29 2678.15 2732.69 418112
20061228 2649.38 2747.84 2644.82 2693.30 505537
20061229 2693.30 2741.77 2673.61 2725.11 492374
20070101 2725.11 2725.11 2725.11 2725.11 0
20070102 2728.15 2770.56 2703.90 2741.77 604906
20070103 2741.77 2770.56 2720.57 2726.62 1055762
20070104 2720.57 2720.57 2553.94 2597.87 2338212
20070105 2575.15 2579.69 2494.87 2529.70 2639162
20070108 2558.49 2625.13 2546.36 2613.02 2651350
20070109 2584.23 2587.26 2541.82 2546.36 2562381
20070110 2531.22 2556.97 2508.49 2511.53 1608831
20070111 2506.98 2564.54 2482.74 2558.49 1618743
20070112 2541.82 2581.21 2500.92 2519.10 1688781
20070115 2605.44 2643.31 2543.34 2578.18 2677187
20070116 2602.41 2605.44 2505.46 2505.46 1750043
20070117 2491.84 2544.85 2488.80 2528.18 2666543
20070118 2561.51 2596.36 2541.82 2555.46 2048393
20070119 2560.00 2591.82 2528.18 2575.15 1746874
20070122 2588.78 2614.54 2543.34 2549.39 1225737
20070123 2553.94 2599.38 2544.85 2578.18 2026212
20070124 2611.51 2611.51 2575.15 2588.78 1737693
20070125 2582.72 2614.54 2547.88 2569.08 2700343
20070126 2550.92 2582.72 2543.34 2575.15 1531075
20070129 2569.08 2600.90 2529.70 2532.74 1540012
20070130 2532.74 2550.92 2525.16 2541.82 2071712
20070131 2553.94 2584.23 2531.22 2540.31 1686506
20070201 2543.34 2602.41 2543.34 2581.21 2283612
20070202 2566.06 2581.21 2538.79 2544.85 1291712
20070205 2529.70 2564.54 2529.70 2544.85 1535868
20070206 2552.43 2555.46 2525.16 2538.79 954849
20070207 2531.22 2561.51 2525.16 2547.88 1163662
20070208 2590.30 2590.30 2540.31 2546.36 1035937
20070209 2569.08 2590.30 2547.88 2549.39 845487
20070212 2532.74 2535.77 2461.54 2464.57 2386881
20070213 2450.93 2491.84 2375.20 2453.97 3521618
20070214 2458.51 2500.92 2453.97 2478.20 1399125
20070215 2460.02 2476.69 2434.28 2443.36 1089156
20070216 2452.46 2463.05 2396.41 2411.54 1537250
20070219 2410.03 2429.72 2378.23 2387.31 602875
20070220 2400.95 2400.95 2338.84 2357.02 943312
20070221 2378.23 2390.34 2341.87 2343.38 983287
20070222 2349.44 2402.46 2349.44 2384.28 1313243
20070223 2405.49 2428.21 2381.26 2423.67 1392868
20070226 2447.90 2484.26 2426.70 2469.11 2044656
20070227 2484.26 2491.84 2385.80 2403.98 3096762
20070228 2349.44 2423.67 2332.78 2375.20 2191068
20070301 2388.82 2440.33 2329.75 2373.69 2298643
20070302 2376.71 2423.67 2364.59 2413.07 2511681
20070305 2355.51 2361.56 2294.92 2347.93 2956037
20070306 2347.93 2396.41 2347.93 2387.31 3357899
20070307 2408.52 2434.28 2402.46 2422.15 1857699
20070308 2444.87 2444.87 2417.61 2434.28 1589250
20070309 2434.28 2457.00 2410.03 2431.24 1515637
20070312 2461.54 2461.54 2413.07 2417.61 2102506
20070313 2397.92 2425.18 2385.80 2387.31 1175037
20070314 2366.10 2366.10 2294.92 2297.94 1607937
20070315 2322.18 2349.44 2317.64 2328.23 1736962
20070316 2346.41 2346.41 2276.74 2305.51 8676037
20070319 2305.51 2366.10 2302.49 2363.08 1226793
20070320 2387.31 2387.31 2310.06 2341.87 978981
20070321 2331.26 2382.77 2331.26 2358.54 1460062
20070322 2405.49 2434.28 2376.71 2426.70 2425556
20070323 2435.79 2481.23 2408.52 2469.11 2053268
20070326 1618.00 1664.00 1616.00 1634.00 3218600
20070327 1631.00 1639.00 1573.00 1578.00 3176000
20070328 1563.00 1600.00 1563.00 1578.00 2495500
20070329 1601.00 1601.00 1566.00 1573.00 1632100
20070330 1574.00 1584.00 1553.00 1555.00 2938400
20070402 1546.00 1572.00 1540.00 1562.00 1522000
20070403 1580.00 1591.00 1566.00 1590.00 2724500
20070404 1600.00 1600.00 1579.00 1592.00 2138900
20070405 1600.00 1607.00 1585.00 1603.00 1876100
20070406 1603.00 1603.00 1603.00 1603.00 0
20070409 1603.00 1603.00 1603.00 1603.00 0
20070410 1600.00 1600.00 1583.00 1598.00 861400
20070411 1600.00 1609.00 1593.00 1595.00 1187300
20070412 1605.00 1605.00 1572.00 1585.00 852400
20070413 1593.00 1617.00 1593.00 1610.00 1510300
20070416 1625.00 1625.00 1605.00 1610.00 841900
20070417 1622.00 1622.00 1604.00 1609.00 1271800
20070418 1614.00 1628.00 1591.00 1600.00 1210600
20070419 1579.00 1589.00 1563.00 1568.00 1200200
20070420 1570.00 1596.00 1570.00 1590.00 1434400
20070423 1602.00 1612.00 1590.00 1610.00 715200
20070424 1608.00 1621.00 1594.00 1598.00 2854300
20070425 1595.00 1633.00 1595.00 1625.00 1419800
20070426 1632.00 1669.00 1632.00 1669.00 3888700
20070427 1686.00 1686.00 1635.00 1645.00 1955700
20070430 1635.00 1699.00 1633.00 1696.00 2800700
20070501 1650.00 1685.00 1645.00 1647.00 1913100
20070502 1660.00 1680.00 1652.00 1677.00 2353400
20070503 1687.00 1687.00 1670.00 1684.00 1982700
20070504 1678.00 1680.00 1650.00 1664.00 606000
20070507 1664.00 1664.00 1664.00 1664.00 0
20070508 1649.00 1660.00 1627.00 1631.00 1691500
20070509 1629.00 1646.00 1607.00 1610.00 2062100
20070510 1613.00 1645.00 1613.00 1637.00 2873800
20070511 1630.00 1668.00 1620.00 1647.00 2589600
20070514 1664.00 1683.00 1648.00 1661.00 2064800
20070515 1670.00 1670.00 1650.00 1651.00 902500
20070516 1650.00 1692.00 1646.00 1673.00 1284400
20070517 1677.00 1753.00 1677.00 1735.00 4142000
20070518 1750.00 1812.00 1748.00 1783.00 4714000
20070521 1796.00 1850.00 1788.00 1825.00 2446000
20070522 1870.00 1895.00 1853.00 1888.00 5952100
20070523 1882.00 1905.00 1871.00 1878.00 2704500
20070524 1860.00 1947.00 1853.00 1892.00 1906000
20070525 1897.00 1897.00 1832.00 1836.00 1856500
20070528 1836.00 1836.00 1836.00 1836.00 0
20070529 1854.00 1854.00 1777.00 1790.00 3280900
20070530 1786.00 1786.00 1750.00 1758.00 1650900
20070531 1779.00 1779.00 1751.00 1765.00 1387600
20070601 1765.00 1765.00 1765.00 1765.00 0
20070604 1748.00 1767.00 1740.00 1749.00 865900
20070605 1759.00 1786.00 1745.00 1767.00 1656900
20070606 1757.00 1775.00 1728.00 1742.00 2339000
20070607 1758.00 1780.00 1739.00 1769.00 2554200
20070608 1751.00 1773.00 1735.00 1743.00 2961400
20070611 1757.00 1774.00 1752.00 1760.00 1378100
20070612 1773.00 1800.00 1753.00 1770.00 4429000
20070613 1757.00 1783.00 1752.00 1772.00 1610300
20070614 1780.00 1818.00 1780.00 1816.00 2206900
20070615 1825.00 1834.00 1811.00 1825.00 2710300
20070618 1823.00 1848.00 1794.00 1796.00 1688900
20070619 1790.00 1817.00 1764.00 1765.00 2298800
20070620 1783.00 1787.00 1727.00 1750.00 5670200
20070621 1745.00 1745.00 1703.00 1721.00 1922600
20070622 1710.00 1722.00 1685.00 1708.00 2622600
20070625 1691.00 1758.00 1676.00 1746.00 5091800
20070626 1745.00 1772.00 1735.00 1770.00 3818600
20070627 1762.00 1771.00 1718.00 1738.00 4067300
20070628 1740.00 1774.00 1740.00 1765.00 2304600
20070629 1776.00 1776.00 1750.00 1764.00 1228300
20070702 1747.00 1780.00 1747.00 1767.00 2840700
20070703 1786.00 1786.00 1757.00 1771.00 1634700
20070704 1778.00 1806.00 1775.00 1803.00 1748500
20070705 1807.00 1829.00 1757.00 1768.00 1343400
20070706 1800.00 1894.00 1800.00 1872.00 3502100
20070709 1870.00 1890.00 1855.00 1872.00 1455500
20070710 1873.00 1900.00 1868.00 1880.00 2056100
20070711 1857.00 1874.00 1851.00 1857.00 1314200
20070712 1848.00 1884.00 1823.00 1873.00 2209800
20070713 1908.00 1908.00 1857.00 1882.00 1416600
20070716 1903.00 1903.00 1849.00 1865.00 1086100
20070717 1872.00 1874.00 1834.00 1850.00 2091300
20070718 1835.00 1843.00 1820.00 1824.00 1589500
20070719 1831.00 1863.00 1831.00 1863.00 1488500
20070720 1851.00 1880.00 1836.00 1843.00 903500
20070723 1850.00 1880.00 1840.00 1845.00 1304500
20070724 1844.00 1849.00 1809.00 1819.00 1114200
20070725 1803.00 1818.00 1780.00 1790.00 735800
20070726 1797.00 1817.00 1700.00 1712.00 2344400
20070727 1698.00 1711.00 1640.00 1696.00 2962600
20070730 1692.00 1805.00 1672.00 1746.00 2625600
20070731 1765.00 1782.00 1733.00 1746.00 2321900
20070801 1700.00 1747.00 1671.00 1728.00 2473200
20070802 1736.00 1750.00 1708.00 1715.00 977300
20070803 1715.00 1778.00 1715.00 1752.00 1859900
20070806 1725.00 1759.00 1713.00 1732.00 1935500
20070807 1737.00 1771.00 1731.00 1745.00 1206300
20070808 1765.00 1919.00 1765.00 1880.00 4695000
20070809 1885.00 1892.00 1800.00 1820.00 4810800
20070810 1807.00 1879.00 1766.00 1768.00 4480000
20070813 1799.00 1799.00 1753.00 1781.00 2069100
20070814 1754.00 1799.00 1750.00 1772.00 956800
20070815 1746.00 1771.00 1729.00 1755.00 969700
20070816 1736.00 1736.00 1628.00 1652.00 3794800
20070817 1662.00 1741.00 1627.00 1723.00 3173800
20070820 1749.00 1757.00 1708.00 1708.00 1160800
20070821 1710.00 1720.00 1662.00 1677.00 1427600
20070822 1696.00 1745.00 1678.00 1718.00 859200
20070823 1750.00 1825.00 1725.00 1732.00 3160100
20070824 1720.00 1743.00 1717.00 1736.00 883400
20070827 1736.00 1736.00 1736.00 1736.00 0
20070828 1726.00 1761.00 1698.00 1708.00 1200000
20070829 1701.00 1727.00 1694.00 1724.00 1188800
20070830 1746.00 1761.00 1725.00 1746.00 725800
20070831 1740.00 1808.00 1738.00 1797.00 1265800
20070903 1810.00 1810.00 1759.00 1765.00 689600
20070904 1747.00 1780.00 1734.00 1773.00 1107100
20070905 1775.00 1780.00 1745.00 1746.00 1028300
20070906 1762.00 1784.00 1760.00 1774.00 1648600
20070907 1796.00 1853.00 1796.00 1808.00 1829600
20070910 1824.00 1825.00 1783.00 1786.00 1087500
20070911 1802.00 1887.00 1802.00 1848.00 2670300
20070912 1854.00 1893.00 1840.00 1883.00 1308700
20070913 1886.00 1922.00 1876.00 1897.00 2920100
20070914 1877.00 1897.00 1840.00 1862.00 921900
20070917 1847.00 1892.00 1840.00 1879.00 1523000
20070918 1866.00 1886.00 1853.00 1883.00 1504900
20070919 1930.00 1938.00 1903.00 1927.00 2774200
20070920 1930.00 2000.00 1900.00 2000.00 3142400
20070921 1997.00 2080.00 1985.00 2076.00 4114200
20070924 2080.00 2090.00 2052.00 2053.00 1027800
20070925 2035.00 2050.00 1977.00 1987.00 2142600
20070926 1991.00 2037.00 1990.00 2001.00 2219500
20070927 2014.00 2034.00 1987.00 1998.00 1335900
20070928 2008.00 2072.00 1984.00 2064.00 2068300
20071001 2068.00 2100.00 2047.00 2090.00 1408500
20071002 2150.00 2173.00 2044.00 2067.00 2331700
20071003 2082.00 2099.00 2039.00 2072.00 1531900
20071004 2060.00 2108.00 2051.00 2067.00 960700
20071005 2080.00 2111.00 2062.00 2106.00 791700
20071008 2090.00 2090.00 2036.00 2055.00 1328100
20071009 2066.00 2132.00 2037.00 2097.00 2321400
20071010 2100.00 2122.00 2067.00 2107.00 2281500
20071011 2120.00 2195.00 2119.00 2190.00 1732500
20071012 2185.00 2261.00 2162.00 2261.00 1259900
20071015 2271.00 2290.00 2240.00 2249.00 1050900
20071016 2251.00 2273.00 2232.00 2242.00 771300
20071017 2229.00 2279.00 2161.00 2271.00 2554900
20071018 2286.00 2286.00 2221.00 2225.00 1150700
20071019 2212.00 2240.00 2174.00 2178.00 857500
20071022 2126.00 2145.00 2085.00 2111.00 1468000
20071023 2142.00 2340.00 2126.00 2269.00 4361100
20071024 2270.00 2523.00 2250.00 2413.00 4539200
20071025 2450.00 2496.00 2379.00 2431.00 1769300
20071026 2451.00 2500.00 2418.00 2463.00 1923400
20071029 2471.00 2472.00 2387.00 2406.00 1471800
20071030 2406.00 2410.00 2239.00 2279.00 3072500
20071031 2280.00 2363.00 2238.00 2353.00 2534800
20071101 2366.00 2409.00 2336.00 2391.00 1379700
20071102 2356.00 2475.00 2356.00 2401.00 1601400
20071105 2375.00 2439.00 2354.00 2388.00 1017700
20071106 2395.00 2430.00 2355.00 2364.00 782500
20071107 2385.00 2420.00 2365.00 2365.00 668200
20071108 2365.00 2401.00 2270.00 2390.00 2224300
20071109 2407.00 2441.00 2301.00 2367.00 995800
20071112 2303.00 2376.00 2210.00 2270.00 1272800
20071113 2266.00 2266.00 2174.00 2203.00 1005700
20071114 2262.00 2274.00 2213.00 2245.00 980100
20071115 2258.00 2282.00 2190.00 2267.00 889400
20071116 2267.00 2379.00 2267.00 2297.00 739500
20071119 2289.00 2349.00 2207.00 2216.00 869300
20071120 2207.00 2290.00 2167.00 2279.00 1053400
20071121 2260.00 2297.00 2178.00 2186.00 954200
20071122 2218.00 2218.00 2124.00 2143.00 880100
20071123 2136.00 2265.00 2131.00 2252.00 1404800
20071126 2278.00 2290.00 2227.00 2230.00 636100
20071127 2209.00 2275.00 2144.00 2197.00 897600
20071128 2221.00 2262.00 2150.00 2240.00 744300
20071129 2240.00 2334.00 2232.00 2312.00 981600
20071130 2316.00 2371.00 2280.00 2349.00 1362800
20071203 2326.00 2411.00 2326.00 2352.00 921000
20071204 2339.00 2398.00 2307.00 2329.00 1031300
20071205 2350.00 2460.00 2350.00 2446.00 1207000
20071206 2482.00 2522.00 2433.00 2449.00 1139000
20071207 2477.00 2585.00 2463.00 2528.00 963200
20071210 2528.00 2592.00 2500.00 2506.00 830900
20071211 2501.00 2573.00 2501.00 2548.00 1227300
20071212 2532.00 2619.00 2523.00 2584.00 1076200
20071213 2583.00 2732.00 2539.00 2564.00 1865500
20071214 2570.00 2625.00 2552.00 2605.00 740400
20071217 2605.00 2605.00 2516.00 2570.00 1184500
20071218 2543.00 2669.00 2543.00 2648.00 1146500
20071219 2672.00 2672.00 2627.00 2635.00 819300
20071220 2656.00 2730.00 2621.00 2718.00 837600
20071221 2740.00 2839.00 2623.00 2839.00 5351200
20071224 2830.00 2866.00 2814.00 2825.00 601000
20071225 2825.00 2825.00 2825.00 2825.00 0
20071226 2825.00 2825.00 2825.00 2825.00 0
20071227 2840.00 3041.00 2819.00 3000.00 1115300
20071228 2987.00 3096.00 2987.00 3090.00 933800
20071231 3060.00 3074.00 3036.00 3074.00 325900
20080101 3074.00 3074.00 3074.00 3074.00 0
20080102 3050.00 3073.00 2895.00 2951.00 1389400
20080103 2973.00 2990.00 2864.00 2947.00 1515600
20080104 2929.00 2929.00 2845.00 2876.00 1353500
20080107 2882.00 2882.00 2694.00 2775.00 1753200
20080108 2780.00 2855.00 2750.00 2765.00 1325000
20080109 2726.00 2836.00 2726.00 2805.00 818600
20080110 2826.00 2884.00 2748.00 2751.00 1043800
20080111 2758.00 2791.00 2740.00 2764.00 1120500
20080114 2767.00 2772.00 2720.00 2739.00 1267700
20080115 2715.00 2769.00 2634.00 2640.00 989100
20080116 2630.00 2633.00 2483.00 2538.00 1532100
20080117 2576.00 2586.00 2468.00 2500.00 1370800
20080118 2510.00 2608.00 2480.00 2517.00 1090300
20080121 2486.00 2486.00 2200.00 2299.00 1628600
20080122 2226.00 2404.00 2157.00 2371.00 1818800
20080123 2420.00 2449.00 2294.00 2351.00 1395700
20080124 2427.00 2494.00 2378.00 2446.00 1522000
20080125 2499.00 2548.00 2466.00 2528.00 865200
20080128 2506.00 2540.00 2412.00 2503.00 818400
20080129 2512.00 2623.00 2512.00 2558.00 1048700
20080130 2531.00 2588.00 2491.00 2508.00 1228500
20080131 2503.00 2596.00 2453.00 2565.00 2147800
20080201 2582.00 2623.00 2530.00 2545.00 1410300
20080204 2592.00 2615.00 2539.00 2555.00 1091400
20080205 2530.00 2633.00 2500.00 2533.00 1271500
20080206 2496.00 2558.00 2442.00 2465.00 947700
20080207 2456.00 2497.00 2399.00 2401.00 1058100
20080208 2440.00 2454.00 2331.00 2401.00 1015100
20080211 2395.00 2453.00 2368.00 2379.00 575100
20080212 2411.00 2525.00 2379.00 2523.00 1206900
20080213 2492.00 2529.00 2452.00 2519.00 783700
20080214 2551.00 2575.00 2500.00 2555.00 877100
20080215 2540.00 2592.00 2442.00 2461.00 774800
20080218 2488.00 2529.00 2488.00 2516.00 381100
20080219 2500.00 2611.00 2500.00 2584.00 898800
20080220 2555.00 2683.00 2547.00 2654.00 1165800
20080221 2660.00 2736.00 2646.00 2683.00 649500
20080222 2655.00 2742.00 2632.00 2728.00 975100
20080225 2728.00 2804.00 2704.00 2738.00 913800
20080226 2763.00 2847.00 2733.00 2781.00 867500
20080227 2798.00 2823.00 2743.00 2809.00 776600
20080228 2791.00 2800.00 2664.00 2681.00 1003900
20080229 2675.00 2749.00 2675.00 2717.00 610900
20080303 2690.00 2697.00 2570.00 2598.00 973200
20080304 2590.00 2677.00 2590.00 2650.00 778200
20080305 2659.00 2699.00 2609.00 2683.00 663200
20080306 2701.00 2745.00 2599.00 2731.00 914000
20080307 2691.00 2814.00 2660.00 2766.00 1053700
20080310 2742.00 2832.00 2713.00 2766.00 1039500
20080311 2765.00 3006.00 2760.00 2989.00 2504100
20080312 3050.00 3050.00 2957.00 2987.00 800900
20080313 2947.00 3007.00 2897.00 2906.00 832700
20080314 2928.00 2981.00 2908.00 2945.00 653000
20080317 2980.00 2993.00 2753.00 2766.00 1655100
20080318 2792.00 2883.00 2779.00 2841.00 883000
20080319 2852.00 2909.00 2698.00 2713.00 1227600
20080320 2700.00 2700.00 2492.00 2535.00 1816800
20080321 2535.00 2535.00 2535.00 2535.00 0
20080324 2535.00 2535.00 2535.00 2535.00 0
20080325 2591.00 2711.00 2591.00 2677.00 1374100
20080326 2681.00 2700.00 2583.00 2686.00 649300
20080327 2666.00 2852.00 2660.00 2816.00 922600
20080328 2838.00 2873.00 2758.00 2802.00 783300
20080331 2768.00 2849.00 2745.00 2834.00 878000
20080401 2837.00 2903.00 2816.00 2876.00 858700
20080402 2877.00 2890.00 2786.00 2873.00 877900
20080403 2893.00 2921.00 2839.00 2858.00 1063100
20080404 2850.00 2925.00 2830.00 2915.00 685500
20080407 2919.00 2996.00 2866.00 2982.00 836800
20080408 2975.00 2984.00 2804.00 2833.00 992200
20080409 2900.00 2964.00 2857.00 2960.00 791400
20080410 2958.00 3046.00 2946.00 3010.00 1587500
20080411 3045.00 3109.00 3000.00 3059.00 1015300
20080414 3034.00 3034.00 2942.00 2963.00 589200
20080415 2970.00 3062.00 2968.00 3041.00 1162400
20080416 3050.00 3196.00 3032.00 3185.00 899300
20080417 3208.00 3254.00 3088.00 3102.00 519800
20080418 3119.00 3149.00 3051.00 3083.00 611300
20080421 3068.00 3130.00 2993.00 3015.00 761500
20080422 2996.00 3110.00 2989.00 3050.00 794600
20080423 3000.00 3149.00 3000.00 3143.00 1263000
20080424 3122.00 3150.00 2935.00 3001.00 1287100
20080425 3000.00 3007.00 2878.00 2906.00 1486600
20080428 2990.00 3057.00 2941.00 2999.00 805600
20080429 3003.00 3075.00 2971.00 3000.00 660200
20080430 2982.00 3179.00 2962.00 3134.00 1640700
20080501 3135.00 3174.00 3080.00 3080.00 612300
20080502 3096.00 3145.00 3037.00 3073.00 678400
20080506 3096.00 3232.00 3091.00 3223.00 928600
20080507 3286.00 3389.00 3261.00 3333.00 1396600
20080508 3296.00 3367.00 3275.00 3342.00 881500
20080509 3259.00 3381.00 3257.00 3346.00 806400
20080512 3376.00 3540.00 3341.00 3481.00 1054000
20080513 3482.00 3510.00 3287.00 3348.00 1313900
20080514 3382.00 3424.00 3338.00 3388.00 713700
20080515 3405.00 3589.00 3400.00 3532.00 895600
20080516 3550.00 3612.00 3519.00 3547.00 673300
20080519 3575.00 3665.00 3568.00 3654.00 787700
20080520 3651.00 3733.00 3519.00 3519.00 795300
20080521 3549.00 3703.00 3548.00 3681.00 910100
20080522 3636.00 3696.00 3513.00 3538.00 1533800
20080523 3548.00 3571.00 3438.00 3443.00 1325000
20080527 3468.00 3534.00 3309.00 3371.00 2236600
20080528 3396.00 3396.00 3271.00 3315.00 1418100
20080529 3330.00 3452.00 3328.00 3419.00 1580800
20080530 3400.00 3475.00 3338.00 3366.00 7031000
20080602 3375.00 3407.00 3320.00 3368.00 915600
20080603 3374.00 3406.00 3314.00 3348.00 868000
20080604 3348.00 3348.00 3212.00 3224.00 885600
20080605 3235.00 3274.00 3155.00 3189.00 915700
20080606 3261.00 3341.00 3261.00 3305.00 1592400
20080610 3335.00 3511.00 3315.00 3474.00 1835000
20080611 3463.00 3550.00 3429.00 3467.00 925600
20080612 3480.00 3541.00 3414.00 3425.00 819500
20080613 3448.00 3479.00 3249.00 3283.00 1330200
20080616 3365.00 3365.00 3228.00 3319.00 991700
20080617 3330.00 3392.00 3321.00 3330.00 718300
20080618 3305.00 3311.00 3172.00 3222.00 1142500
20080619 3281.00 3353.00 3212.00 3218.00 967700
20080620 3239.00 3253.00 3130.00 3146.00 1024400
20080623 3131.00 3228.00 3131.00 3201.00 878000
20080624 3188.00 3239.00 3071.00 3144.00 1154800
20080625 3137.00 3190.00 3017.00 3039.00 952200
20080626 3005.00 3134.00 2982.00 3086.00 926600
20080627 3126.00 3347.00 3126.00 3207.00 1636700
20080630 3228.00 3258.00 3170.00 3235.00 917700
20080701 3210.00 3229.00 3116.00 3158.00 1721100
20080702 3169.00 3288.00 3129.00 3165.00 1187900
20080703 3140.00 3240.00 3099.00 3133.00 1241900
20080704 3158.00 3158.00 2979.00 3000.00 1036100
20080707 3042.00 3057.00 2967.00 2986.00 1181600
20080708 2916.00 2958.00 2779.00 2796.00 1764000
20080709 2841.00 2859.00 2723.00 2774.00 1435900
20080710 2739.00 2817.00 2720.00 2742.00 1216400
20080711 2782.00 2924.00 2781.00 2844.00 1528200
20080714 2871.00 2903.00 2783.00 2791.00 1092100
20080715 2778.00 2845.00 2661.00 2669.00 1395200
20080716 2694.00 2729.00 2572.00 2596.00 1303400
20080717 2647.00 2647.00 2508.00 2571.00 1349500
20080718 2550.00 2607.00 2533.00 2562.00 989600
20080721 2588.00 2641.00 2515.00 2583.00 883200
20080722 2559.00 2814.00 2559.00 2744.00 1525500
20080723 2825.00 2858.00 2691.00 2703.00 1426700
20080724 2738.00 2738.00 2465.00 2617.00 1561100
20080725 2598.00 2688.00 2561.00 2655.00 1155500
20080728 2655.00 2743.00 2623.00 2689.00 877100
20080729 2654.00 2817.00 2642.00 2654.00 870700
20080730 2676.00 2692.00 2611.00 2635.00 1024900
20080731 2648.00 2795.00 2648.00 2740.00 1311000
20080801 2735.00 2735.00 2680.00 2697.00 690900
20080804 2710.00 2748.00 2587.00 2601.00 743300
20080805 2630.00 2630.00 2518.00 2563.00 1248200
20080806 2584.00 2677.00 2550.00 2655.00 1059900
20080807 2624.00 2773.00 2602.00 2728.00 1300100
20080808 2698.00 2707.00 2615.00 2626.00 990700
20080811 2649.00 2690.00 2611.00 2627.00 545500
20080812 2626.00 2697.00 2625.00 2656.00 744000
20080813 2652.00 2708.00 2617.00 2637.00 784900
20080814 2645.00 2766.00 2645.00 2705.00 718300
20080815 2711.00 2731.00 2644.00 2661.00 800500
20080818 2663.00 2715.00 2624.00 2686.00 767700
20080819 2668.00 2691.00 2634.00 2645.00 488000
20080820 2678.00 2750.00 2650.00 2737.00 442600
20080821 2722.00 2886.00 2720.00 2876.00 549400
20080822 2873.00 2947.00 2809.00 2866.00 681900
20080826 2842.00 2842.00 2728.00 2780.00 1074400
20080827 2792.00 2922.00 2776.00 2911.00 690900
20080828 2930.00 2945.00 2817.00 2857.00 811100
20080829 2876.00 2986.00 2833.00 2978.00 547800
20080901 2940.00 2977.00 2797.00 2810.00 472200
20080902 2800.00 2800.00 2663.00 2697.00 704700
20080903 2580.00 2707.00 2580.00 2648.00 916200
20080904 2642.00 2692.00 2537.00 2550.00 590600
20080905 2520.00 2603.00 2483.00 2553.00 754100
20080908 2651.00 2728.00 2592.00 2686.00 318700
20080909 2691.00 2691.00 2452.00 2477.00 1463400
20080910 2461.00 2553.00 2431.00 2517.00 1093200
20080911 2525.00 2592.00 2500.00 2567.00 872600
20080912 2600.00 2691.00 2558.00 2607.00 930700
20080915 2500.00 2500.00 2279.00 2330.00 1239900
20080916 2263.00 2356.00 2042.00 2128.00 1814700
20080917 2110.00 2197.00 2050.00 2077.00 1380200
20080918 2108.00 2168.00 2018.00 2109.00 1167500
20080919 2067.00 2438.00 2065.00 2368.00 1802000
20080922 2405.00 2498.00 2358.00 2450.00 712800
20080923 2450.00 2483.00 2378.00 2383.00 918000
20080924 2381.00 2396.00 2299.00 2319.00 711500
20080925 2326.00 2326.00 2194.00 2284.00 932000
20080926 2250.00 2286.00 2151.00 2250.00 644700
20080929 2226.00 2231.00 2056.00 2073.00 746500
20080930 1995.00 2096.00 1990.00 2072.00 1248500
20081001 2186.00 2186.00 2067.00 2094.00 733000
20081002 2114.00 2114.00 1873.00 1890.00 911300
20081003 1885.00 1954.00 1791.00 1854.00 943000
20081006 1781.00 1843.00 1539.00 1539.00 709800
20081007 1557.00 1611.00 1481.00 1535.00 1229700
20081008 1429.00 1749.00 1337.00 1361.00 1300500
20081009 1398.00 1624.00 1398.00 1609.00 1311300
20081010 1326.00 1686.00 1257.00 1497.00 1179100
20081013 1698.00 1746.00 1631.00 1736.00 1164500
20081014 1809.00 1869.00 1670.00 1734.00 826400
20081015 1742.00 1742.00 1502.00 1522.00 1208600
20081016 1420.00 1617.00 1361.00 1471.00 878900
20081017 1563.00 1603.00 1316.00 1409.00 1721600
20081020 1463.00 1514.00 1414.00 1475.00 1749800
20081021 1515.00 1570.00 1442.00 1457.00 1249500
20081022 1430.00 1434.00 1364.00 1381.00 872000
20081023 1391.00 1420.00 1291.00 1390.00 897400
20081024 1309.00 1329.00 1175.00 1256.00 1359300
20081027 1196.00 1245.00 1125.00 1179.00 1056300
20081028 1226.00 1286.00 1165.00 1204.00 812100
20081029 1264.00 1354.00 1264.00 1346.00 744400
20081030 1394.00 1600.00 1373.00 1550.00 1128800
20081031 1594.00 1634.00 1461.00 1604.00 906500
20081103 1644.00 1758.00 1593.00 1658.00 1081600
20081104 1677.00 1770.00 1596.00 1761.00 817100
20081105 1771.00 1785.00 1658.00 1700.00 570800
20081106 1639.00 1698.00 1597.00 1611.00 842000
20081107 1624.00 1735.00 1611.00 1678.00 675900
20081110 1742.00 1808.00 1644.00 1669.00 355400
20081111 1643.00 1643.00 1574.00 1606.00 650000
20081112 1641.00 1674.00 1496.00 1504.00 1044600
20081113 1480.00 1500.00 1387.00 1437.00 913900
20081114 1554.00 1624.00 1490.00 1513.00 568600
20081117 1497.00 1572.00 1467.00 1494.00 457400
20081118 1494.00 1525.00 1422.00 1484.00 649500
20081119 1493.00 1580.00 1425.00 1433.00 578700
20081120 1375.00 1404.00 1330.00 1386.00 1522900
20081121 1386.00 1452.00 1351.00 1391.00 855300
20081124 1432.00 1560.00 1407.00 1542.00 1006600
20081125 1558.00 1700.00 1540.00 1626.00 1210300
20081126 1586.00 1673.00 1529.00 1613.00 668600
20081127 1645.00 1679.00 1610.00 1647.00 541400
20081128 1652.00 1710.00 1556.00 1690.00 780300
20081201 1699.00 1725.00 1561.00 1572.00 472500
20081202 1541.00 1608.00 1413.00 1558.00 565400
20081203 1578.00 1578.00 1500.00 1550.00 699400
20081204 1550.00 1562.00 1457.00 1490.00 591800
20081205 1462.00 1499.00 1371.00 1385.00 858400
20081208 1477.00 1559.00 1448.00 1488.00 678600
20081209 1489.00 1605.00 1450.00 1596.00 590100
20081210 1617.00 1672.00 1550.00 1644.00 473400
20081211 1661.00 1859.00 1658.00 1840.00 921900
20081212 1799.00 1847.00 1769.00 1825.00 1105700
20081215 1882.00 1923.00 1816.00 1876.00 840400
20081216 1892.00 1925.00 1834.00 1916.00 509500
20081217 1927.00 1958.00 1861.00 1916.00 646100
20081218 1821.00 1948.00 1821.00 1900.00 999800
20081219 1861.00 1912.00 1755.00 1848.00 895200
20081222 1870.00 1971.00 1794.00 1928.00 400500
20081223 1899.00 1975.00 1891.00 1924.00 281700
20081224 2001.00 2098.00 1881.00 1891.00 84400
20081229 1892.00 2088.00 1892.00 2025.00 272200
20081230 2003.00 2086.00 1995.00 2061.00 226700
20081231 2062.00 2071.00 1980.00 2015.00 108300
20090102 2060.00 2060.00 1998.00 2057.00 281800
20090105 2090.00 2168.00 2067.00 2142.00 433900
20090106 2158.00 2286.00 2156.00 2184.00 635400
20090107 2200.00 2250.00 1969.00 2000.00 1175400
20090108 2003.00 2024.00 1879.00 1902.00 761800
20090109 1926.00 1941.00 1872.00 1888.00 532300
20090112 1868.00 1908.00 1859.00 1868.00 283000
20090113 1850.00 1890.00 1782.00 1866.00 538300
20090114 1886.00 1886.00 1688.00 1732.00 756400
20090115 1713.00 1802.00 1672.00 1733.00 767500
20090116 1754.00 1796.00 1736.00 1754.00 683600
20090119 1763.00 1828.00 1681.00 1733.00 496500
20090120 1736.00 1833.00 1699.00 1780.00 880500
20090121 1753.00 1832.00 1651.00 1733.00 1949900
20090122 1762.00 1848.00 1762.00 1797.00 934200
20090123 1793.00 1818.00 1730.00 1787.00 783500
20090126 1798.00 1847.00 1760.00 1844.00 780700
20090127 1850.00 1891.00 1810.00 1850.00 823900
20090128 1876.00 1928.00 1861.00 1910.00 445100
20090129 1918.00 1924.00 1761.00 1835.00 1142300
20090130 1835.00 1883.00 1794.00 1820.00 717300
20090202 1800.00 1819.00 1721.00 1754.00 679700
20090203 1746.00 1821.00 1696.00 1814.00 567800
20090204 1819.00 1887.00 1808.00 1861.00 539800
20090205 1826.00 1973.00 1820.00 1921.00 951600
20090206 1942.00 1942.00 1897.00 1922.00 602900
20090209 1930.00 2006.00 1912.00 1975.00 704600
20090210 1965.00 2023.00 1926.00 1978.00 1099800
20090211 1944.00 1997.00 1909.00 1979.00 606900
20090212 1970.00 2007.00 1957.00 2000.00 815500
20090213 2036.00 2115.00 2015.00 2035.00 756500
