20010205 547.75 571.00 539.00 549.00 17562100
20010206 554.00 554.00 522.75 535.50 13483600
20010207 540.00 547.00 524.00 538.50 14308600
20010208 536.40 560.00 531.50 551.50 18054400
20010209 542.00 550.00 538.00 542.25 10646900
20010212 528.25 546.75 528.25 537.00 15189500
20010213 543.00 557.00 538.00 553.00 19747100
20010214 552.00 562.75 544.00 555.00 13284900
20010215 560.00 575.00 545.75 565.00 14806800
20010216 565.00 575.00 554.00 568.00 9202000
20010219 557.00 568.00 553.25 559.00 5914100
20010220 554.00 572.90 554.00 562.50 7421200
20010221 568.00 575.00 558.00 562.00 6477900
20010222 561.25 567.00 550.25 560.25 7486200
20010223 541.10 574.90 541.10 567.00 9835200
20010226 562.00 593.00 562.00 566.00 7517100
20010227 553.00 571.00 545.50 555.00 6872100
20010228 549.50 559.00 546.35 552.00 9057500
20010301 557.50 557.50 535.00 552.00 10487300
20010302 550.00 555.00 532.00 540.00 4258900
20010305 549.00 550.00 531.00 544.50 2895500
20010306 535.00 563.00 535.00 553.00 10326100
20010307 557.25 563.00 550.00 559.00 3338900
20010308 580.00 580.00 545.25 553.00 10593500
20010309 551.25 580.00 546.00 550.00 3497000
20010312 548.00 554.75 532.00 541.50 3762700
20010313 544.25 544.25 525.00 529.00 11058900
20010314 529.00 529.00 529.00 529.00 0
20010315 514.00 530.00 511.35 530.00 6970000
20010316 530.00 534.00 510.00 520.00 11189500
20010319 519.50 548.75 515.50 544.00 7523800
20010320 544.00 549.50 527.00 533.00 7344900
20010321 507.00 541.50 507.00 522.50 4290200
20010322 525.50 525.50 480.00 499.00 5945800
20010323 508.00 525.00 496.50 520.00 9316500
20010326 530.00 530.00 510.50 520.00 11393700
20010327 516.25 528.00 509.50 520.00 6345900
20010328 518.75 519.00 491.25 508.00 8835800
20010329 508.00 517.00 502.00 512.00 6306900
20010330 520.00 520.00 485.00 502.00 5963800
20010402 504.50 506.25 490.00 503.00 7393900
20010403 503.00 512.00 495.00 507.00 7020800
20010404 507.00 520.00 497.00 520.00 9055300
20010405 513.50 534.00 511.00 529.00 8475800
20010406 534.00 534.00 517.00 522.00 8056100
20010409 521.50 532.50 510.00 522.50 6459400
20010410 522.50 527.00 516.00 527.00 5800100
20010411 519.00 541.50 517.00 540.00 7105100
20010412 536.75 541.00 520.00 535.00 4206300
20010413 535.00 535.00 535.00 535.00 0
20010416 535.00 535.00 535.00 535.00 0
20010417 531.00 537.50 520.00 532.00 5758100
20010418 498.50 540.00 498.50 535.00 5282700
20010419 540.75 551.25 524.50 540.00 8998100
20010420 527.00 545.00 527.00 545.00 6963400
20010423 520.00 544.50 520.00 538.50 3745700
20010424 543.00 553.00 525.00 537.00 9646900
20010425 522.00 543.00 522.00 534.50 3078800
20010426 537.50 538.00 532.00 534.00 4021200
20010427 534.00 543.75 527.00 535.50 5317100
20010430 530.75 543.00 521.00 536.00 6113100
20010501 516.00 538.00 516.00 533.00 3933800
20010502 529.50 537.50 528.50 534.75 6432600
20010503 532.50 538.00 526.00 530.00 5040600
20010504 531.00 531.00 522.75 530.00 6281000
20010507 530.00 530.00 530.00 530.00 0
20010508 523.00 531.00 522.00 527.00 6645100
20010509 524.50 534.00 518.00 528.50 7119000
20010510 527.25 540.00 521.00 540.00 9932200
20010511 540.00 540.00 527.00 528.00 7447600
20010514 531.75 536.00 510.00 510.00 5907100
20010515 527.00 530.00 520.00 523.00 3748000
20010516 524.00 537.00 521.00 535.50 4910200
20010517 533.75 535.00 502.00 505.00 23386800
20010518 508.00 513.00 498.00 509.00 10849900
20010521 508.75 512.25 501.00 508.50 5974800
20010522 508.50 547.00 508.50 542.00 24725200
20010523 541.00 541.00 519.50 532.50 32672000
20010524 528.00 537.00 519.00 524.00 3978000
20010525 525.50 548.00 505.00 525.00 11144200
20010528 525.00 525.00 525.00 525.00 0
20010529 528.00 532.00 511.00 521.00 11690300
20010530 521.00 525.00 519.00 525.00 7414400
20010531 525.00 527.00 520.82 521.00 5496300
20010601 526.50 526.50 516.00 525.00 6129600
20010604 533.00 538.00 516.50 523.00 4679200
20010605 534.00 534.00 519.50 527.00 9250000
20010606 525.00 530.00 520.00 528.00 17802700
20010607 528.00 550.00 525.00 546.50 9464000
20010608 542.50 553.50 542.50 545.00 6320300
20010611 546.50 549.00 528.00 529.00 5967000
20010612 548.00 548.00 512.00 512.00 7959100
20010613 522.00 534.50 516.00 522.50 4771700
20010614 522.00 525.93 511.00 512.00 5803100
20010615 525.00 526.25 515.00 518.00 6319500
20010618 520.00 535.00 512.00 527.50 5374500
20010619 527.50 543.50 526.50 538.00 10160700
20010620 533.90 540.50 529.50 536.00 6367100
20010621 536.00 541.00 522.00 526.00 8557400
20010622 527.00 543.25 527.00 540.00 6418600
20010625 541.25 545.00 524.00 540.00 6512400
20010626 540.00 545.75 533.00 544.00 6779300
20010627 537.00 547.00 537.00 545.00 8087500
20010628 545.00 558.75 541.00 557.00 7056500
20010629 550.00 569.00 543.00 569.00 8022600
20010702 576.50 576.50 546.00 557.00 4448900
20010703 557.50 559.00 538.00 541.50 3069600
20010704 537.00 547.00 535.00 543.00 3140300
20010705 539.72 554.00 538.00 546.00 3398100
20010706 550.00 550.00 530.00 534.50 5050500
20010709 534.00 543.00 516.50 520.50 5122600
20010710 518.00 531.50 515.00 515.00 4296800
20010711 519.00 548.00 512.00 545.50 6625000
20010712 550.00 562.25 538.50 556.00 10569600
20010713 556.00 556.00 556.00 556.00 0
20010716 553.00 560.00 544.00 545.50 9080600
20010717 541.00 545.00 523.20 533.50 5983600
20010718 533.00 538.00 526.00 534.00 8630900
20010719 538.00 540.00 525.00 538.00 6164900
20010720 546.00 550.00 532.00 540.00 3733500
20010723 544.00 551.15 522.00 549.00 6947900
20010724 535.50 547.75 530.00 534.50 7683100
20010725 539.00 548.50 527.00 547.50 3334100
20010726 535.50 553.00 525.50 543.50 8297100
20010727 543.00 544.50 520.00 524.50 6954700
20010730 538.00 538.00 521.00 531.50 5770700
20010731 531.50 531.50 516.00 524.50 5849900
20010801 520.04 549.50 520.04 544.50 5857600
20010802 541.50 563.00 538.00 562.50 8794600
20010803 531.00 564.00 531.00 550.00 5509100
20010806 549.00 550.00 535.50 540.00 3329200
20010807 538.00 550.00 537.00 548.00 3166100
20010808 547.00 557.00 534.00 553.50 4353200
20010809 545.25 557.25 545.00 546.00 5149000
20010810 542.00 555.58 538.00 551.00 5476900
20010813 535.00 565.00 535.00 557.00 5226300
20010814 563.00 564.00 545.50 552.00 5940300
20010815 549.50 563.00 549.00 559.00 5241500
20010816 558.00 573.50 552.41 566.50 7745000
20010817 563.00 569.00 560.50 567.00 6528100
20010820 569.00 573.50 558.75 571.00 4815400
20010821 562.00 571.00 562.00 570.50 4696100
20010822 569.50 569.50 546.00 548.50 5688000
20010823 549.69 551.50 536.50 542.00 4409300
20010824 544.75 555.00 543.00 554.00 4392800
20010827 554.00 554.00 554.00 554.00 0
20010828 560.00 564.00 543.50 560.00 5788200
20010829 562.00 562.00 539.00 539.00 9538300
20010830 536.30 541.50 531.50 536.50 8549700
20010831 528.00 536.50 525.00 525.00 10591900
20010903 528.50 541.50 525.00 530.00 3572400
20010904 535.00 539.00 527.00 538.50 5675400
20010905 535.00 543.25 531.00 535.00 3681000
20010906 535.00 540.00 529.45 531.00 4867800
20010907 531.00 537.00 510.50 513.00 7506200
20010910 501.00 520.00 480.00 508.00 8430200
20010911 500.00 525.00 460.00 480.00 6097000
20010912 440.00 487.00 440.00 463.00 8801500
20010913 467.00 502.00 466.00 502.00 10162300
20010914 505.00 505.00 457.41 470.00 12339400
20010917 470.00 471.50 455.00 464.00 9168700
20010918 470.00 470.00 430.00 430.00 9517000
20010919 435.00 439.75 418.50 429.50 16112100
20010920 428.20 429.50 412.00 414.00 13820300
20010921 425.00 425.00 375.00 400.00 23720300
20010924 399.78 400.00 368.00 398.50 14581700
20010925 400.00 443.00 392.74 429.00 23199200
20010926 422.50 450.00 416.00 416.00 8318400
20010927 416.50 461.41 416.50 453.00 7920600
20010928 453.00 453.00 453.00 453.00 0
20011001 471.50 497.00 455.00 469.75 8673700
20011002 472.75 472.75 444.00 448.00 9210400
20011003 450.00 450.00 426.75 434.00 10480200
20011004 445.00 475.00 442.00 462.00 11356500
20011005 464.00 494.00 464.00 484.00 11061300
20011008 494.00 494.00 467.00 480.00 9008500
20011009 480.00 493.00 460.00 487.00 6863700
20011010 483.50 512.00 475.50 512.00 7583700
20011011 505.50 540.25 499.00 512.75 8768100
20011012 517.75 535.00 500.00 515.50 5735200
20011015 505.00 528.00 502.50 510.75 3856300
20011016 510.75 510.75 510.75 510.75 0
20011017 497.50 501.75 485.00 500.00 6932000
20011018 493.00 497.50 475.25 482.00 7658800
20011019 480.00 503.00 471.50 479.50 3827200
20011022 480.00 505.00 478.00 495.50 3196200
20011023 500.00 520.00 495.00 520.00 4340200
20011024 523.50 530.00 511.20 522.00 8868100
20011025 523.61 524.75 487.00 495.00 4975900
20011026 495.00 495.00 495.00 495.00 0
20011029 538.00 538.00 505.00 509.25 3502600
20011030 502.00 509.25 489.00 495.00 6953700
20011031 495.00 511.25 491.00 501.50 4245800
20011101 501.50 518.00 499.25 511.00 5099500
20011102 520.00 530.00 507.25 515.00 7839200
20011105 520.00 530.00 516.50 525.00 6711900
20011106 525.00 533.75 521.42 527.00 4563400
20011107 525.70 531.75 512.75 521.00 9145700
20011108 511.50 525.00 511.50 520.00 6669400
20011109 510.25 518.00 505.50 510.00 6859300
20011112 538.00 538.00 507.00 513.00 4431500
20011113 544.00 521.00 496.00 510.50 6670600
20011114 510.50 522.00 505.00 505.00 8311900
20011115 505.00 530.00 505.00 523.75 13859400
20011116 518.75 528.25 505.00 518.75 8557200
20011119 494.75 519.50 485.00 502.00 13813600
20011120 498.50 500.00 477.50 491.00 11674500
20011121 475.00 484.50 455.50 476.00 20446100
20011122 482.00 482.69 469.00 475.00 7194900
20011123 470.25 471.50 460.20 464.00 7917000
20011126 460.25 472.00 460.25 470.00 8890700
20011127 475.00 493.75 462.75 480.00 6504600
20011128 476.00 487.00 475.00 479.00 5080800
20011129 470.25 495.50 470.25 495.50 2768700
20011130 495.50 502.75 488.25 502.50 4989900
20011203 510.00 510.00 490.00 499.00 7353000
20011204 511.50 515.00 493.25 505.00 5077000
20011205 506.00 520.00 505.75 518.00 5592700
20011206 524.25 524.25 503.25 505.00 8821200
20011207 505.00 507.25 467.00 485.25 7097000
20011210 490.00 500.00 470.00 470.00 12981500
20011211 481.00 524.25 481.00 512.00 22019200
20011212 515.00 523.00 497.00 517.00 9460500
20011213 512.75 518.02 483.25 494.50 13520500
20011214 500.25 508.45 481.50 498.00 5675500
20011217 490.25 519.00 490.00 508.00 7679600
20011218 509.75 512.00 499.50 507.25 8536100
20011219 513.00 540.00 495.00 502.00 7566900
20011220 509.50 510.00 493.25 506.00 4287800
20011221 514.50 514.50 495.00 497.75 4173500
20011224 507.00 517.50 497.00 517.50 267700
20011225 517.50 517.50 517.50 517.50 0
20011226 517.50 517.50 517.50 517.50 0
20011227 517.00 518.00 510.00 510.00 2029800
20011228 519.50 519.50 503.00 518.00 1771000
20011231 519.00 519.00 502.68 515.00 274900
20020101 515.00 515.00 515.00 515.00 0
20020102 518.00 524.00 475.00 508.00 2466400
20020103 515.50 515.76 501.50 508.50 5570500
20020104 507.00 510.00 503.00 507.00 3477000
20020107 509.00 517.00 500.60 507.00 4018200
20020108 506.50 508.00 490.88 495.50 5901500
20020109 498.00 498.00 477.50 485.00 17656300
20020110 481.00 486.50 477.00 479.00 12135800
20020111 485.00 488.00 471.00 488.00 7180300
20020114 500.00 507.50 487.50 491.50 14503600
20020115 490.00 507.00 490.00 507.00 10761500
20020116 506.50 518.00 502.75 512.00 11521500
20020117 512.00 522.00 500.00 517.50 9823800
20020118 518.00 519.00 505.50 508.00 5834300
20020121 511.00 514.00 499.00 506.00 3998200
20020122 513.00 513.00 493.50 500.00 8048000
20020123 498.00 507.50 496.31 500.50 7647900
20020124 496.50 509.00 496.50 503.00 7647000
20020125 501.00 506.00 495.00 502.00 7245500
20020128 501.00 510.00 497.17 507.50 12206300
20020129 510.00 510.00 498.00 500.00 5474300
20020130 501.00 515.00 497.00 510.00 12818100
20020131 502.00 520.00 498.80 520.00 11727100
20020201 510.00 525.00 510.00 517.00 15183100
20020204 512.00 521.75 509.00 510.50 3934000
20020205 505.50 508.00 493.00 502.00 9365000
20020206 502.00 509.50 493.00 502.50 6515000
20020207 495.50 505.00 495.50 502.50 6957700
20020208 503.00 504.50 496.90 501.00 3795200
20020211 503.00 504.50 496.00 498.00 7799600
20020212 500.00 500.00 483.00 485.50 13755700
20020213 492.50 503.00 434.65 500.00 14051000
20020214 503.00 507.50 500.00 505.00 5460100
20020215 510.00 510.00 496.50 507.00 6235400
20020218 500.00 508.00 496.00 497.50 5358000
20020219 500.00 504.50 491.00 496.00 7936900
20020220 491.00 500.00 490.00 498.00 8189800
20020221 495.00 499.50 477.00 480.00 7641600
20020222 475.00 485.48 473.00 481.00 7528500
20020225 485.50 485.50 478.00 482.00 6773600
20020226 487.50 493.50 480.00 486.50 12412800
20020227 483.50 499.50 478.00 498.50 7575900
20020228 499.00 499.00 482.00 482.00 6631600
20020301 488.50 491.00 479.00 487.00 7681500
20020304 498.50 498.50 477.00 480.00 9032000
20020305 487.00 487.00 460.50 470.00 13533000
20020306 468.50 482.00 467.50 477.00 8241800
20020307 480.00 487.00 476.00 477.00 11813000
20020308 483.00 504.00 478.80 496.00 9901800
20020311 491.00 493.50 476.00 480.00 4007800
20020312 479.50 487.00 476.00 476.00 9320000
20020313 480.50 484.50 469.00 472.00 8313800
20020314 473.50 494.30 471.55 489.50 5349200
20020315 493.00 500.00 488.55 497.00 8232300
20020318 487.50 505.31 487.50 494.00 5926400
20020319 496.50 498.00 484.50 486.50 6539600
20020320 495.00 499.75 469.00 476.50 15335700
20020321 488.25 488.25 463.00 469.00 12275700
20020322 487.50 487.50 456.75 459.00 14108700
20020325 459.00 468.60 454.00 462.00 6277600
20020326 466.00 468.50 458.00 463.00 12635000
20020327 465.00 472.63 462.84 469.75 14439300
20020328 469.75 469.75 469.75 469.75 0
20020329 469.75 469.75 469.75 469.75 0
20020401 469.75 469.75 469.75 469.75 0
20020402 477.00 491.80 464.50 484.00 11896900
20020403 498.00 498.00 466.94 479.00 8357600
20020404 481.00 489.00 472.00 477.00 4840900
20020405 483.50 486.75 466.20 474.50 11440500
20020408 470.00 480.00 462.25 469.50 4842400
20020409 471.50 477.00 467.00 474.50 9804100
20020410 479.00 483.00 470.56 480.25 6401000
20020411 482.00 482.56 469.25 470.00 6506400
20020412 475.00 479.75 471.25 478.00 3985700
20020415 479.75 488.75 472.75 481.75 3265500
20020416 487.50 490.00 475.30 483.00 4798100
20020417 492.75 492.75 467.65 474.75 9736200
20020418 475.00 475.00 469.55 470.00 6577400
20020419 482.75 482.75 470.00 476.50 5965900
20020422 478.00 482.75 473.50 474.50 8122000
20020423 478.00 480.00 465.50 469.50 10636500
20020424 472.00 472.00 458.00 462.50 16380900
20020425 464.50 466.20 444.00 460.00 9009100
20020426 460.00 461.75 445.00 445.25 8754500
20020429 450.00 454.50 434.00 435.50 11376300
20020430 432.50 437.00 417.73 427.00 12971900
20020501 428.00 445.00 428.00 439.00 29018800
20020502 443.50 461.50 443.50 451.00 25427200
20020503 451.00 457.00 447.00 451.00 17418400
20020506 451.00 451.00 451.00 451.00 0
20020507 457.50 457.50 437.19 453.00 13813100
20020508 457.00 466.50 437.19 455.50 5962700
20020509 452.00 459.20 444.00 449.50 4707400
20020510 450.00 453.50 435.75 437.00 7123000
20020513 443.00 443.00 432.00 438.00 5395800
20020514 444.50 451.75 438.09 447.00 9049200
20020515 447.00 455.00 445.00 452.00 2729200
20020516 456.00 458.00 441.00 444.25 6113100
20020517 445.00 451.74 434.00 441.00 6485000
20020520 440.00 453.25 439.95 451.00 4848500
20020521 460.00 468.60 430.50 435.00 12359500
20020522 440.00 455.44 418.75 422.00 13471600
20020523 422.00 425.00 403.00 408.50 12934000
20020524 416.00 417.50 400.00 402.00 11806800
20020527 408.00 416.00 399.99 411.00 10778000
20020528 414.00 415.00 407.00 411.50 33777800
20020529 411.75 421.50 410.50 418.75 9556600
20020530 422.75 428.25 417.00 421.50 15291800
20020531 423.25 435.00 421.42 428.00 8006300
20020603 428.00 428.00 428.00 428.00 0
20020604 428.00 428.00 428.00 428.00 0
20020605 430.50 432.00 418.50 430.25 7783100
20020606 432.50 433.00 426.40 431.00 3371900
20020607 428.00 432.08 414.25 422.75 4229500
20020610 427.00 427.50 417.75 417.75 1895800
20020611 426.00 428.13 414.00 421.00 2552100
20020612 425.00 460.00 410.00 410.00 4558700
20020613 416.00 416.69 393.00 394.00 5622600
20020614 395.00 398.00 369.25 377.25 8505500
20020617 381.25 396.00 380.05 389.50 4524900
20020618 390.75 397.50 386.00 390.50 5114100
20020619 386.00 391.87 367.90 384.50 5763900
20020620 392.00 392.00 380.00 383.00 5133300
20020621 387.00 399.75 382.68 395.00 6245500
20020624 390.00 397.00 380.17 380.50 5583000
20020625 387.00 391.00 383.00 385.00 6669300
20020626 372.00 387.19 335.75 373.50 4751700
20020627 376.00 386.00 372.00 380.00 5743600
20020628 390.00 399.00 385.00 398.00 5432600
20020701 398.50 407.00 394.00 399.50 6065600
20020702 405.00 405.00 390.50 390.50 3282500
20020703 395.00 395.00 356.50 360.00 7641700
20020704 360.50 385.00 360.00 382.75 6147800
20020705 379.50 388.00 376.89 386.50 2744900
20020708 386.50 393.00 382.25 390.50 3163100
20020709 390.00 414.50 377.00 380.25 5755000
20020710 380.00 381.50 365.50 365.50 6556600
20020711 361.00 362.00 334.25 339.75 6752400
20020712 345.00 358.00 338.00 351.75 6567000
20020715 359.50 359.50 335.00 341.25 7148000
20020716 350.50 351.50 326.00 335.50 7854600
20020717 330.00 350.25 330.00 347.00 4504300
20020718 348.00 370.75 347.00 356.50 7049600
20020719 353.25 356.57 337.25 349.25 3106600
20020722 335.00 347.00 317.75 323.00 4376500
20020723 323.00 332.00 310.94 317.00 4536800
20020724 314.00 315.50 285.25 299.25 8942500
20020725 317.00 319.00 297.50 310.00 6587000
20020726 310.00 314.50 302.50 309.00 4570900
20020729 310.75 326.98 308.94 322.50 5123800
20020730 348.00 348.00 311.25 317.50 3279600
20020731 318.00 324.90 306.00 315.50 4909900
20020801 309.50 316.50 294.50 294.50 4951500
20020802 295.00 310.00 294.56 296.50 3375500
20020805 294.50 300.13 286.00 292.00 2818400
20020806 285.00 292.06 275.00 287.00 5885200
20020807 285.00 295.00 272.00 279.00 5267000
20020808 283.00 289.00 280.50 284.50 5460700
20020809 287.00 288.00 282.00 288.00 5748400
20020812 285.00 289.75 283.00 285.00 2989700
20020813 293.75 296.00 285.25 293.75 3489300
20020814 285.00 303.00 275.00 296.00 5604400
20020815 299.00 311.25 298.75 310.00 4926400
20020816 312.00 326.00 311.00 312.00 7980500
20020819 323.00 329.75 307.00 323.00 4456800
20020820 325.50 330.50 318.50 325.50 4719100
20020821 328.25 331.25 324.00 328.25 4916600
20020822 326.75 343.75 326.75 342.00 6161600
20020823 338.50 345.75 337.00 338.50 3201800
20020826 338.50 338.50 338.50 338.50 0
20020827 337.00 349.75 330.00 348.00 3411100
20020828 335.50 342.75 331.50 335.50 4771900
20020829 329.00 336.75 325.50 332.75 4126200
20020830 328.50 336.50 321.75 328.50 3734700
20020902 321.00 328.50 319.75 321.00 2621600
20020903 303.00 321.75 290.50 303.00 11234200
20020904 300.25 305.00 292.25 300.25 5573100
20020905 298.75 304.50 287.75 298.75 5431500
20020906 305.00 305.50 292.00 305.00 3378500
20020909 305.00 305.75 296.75 303.25 1761900
20020910 303.25 314.50 303.25 313.75 4450000
20020911 311.00 328.50 310.00 325.00 4034300
20020912 324.25 331.50 311.00 314.25 5260500
20020913 314.50 317.00 301.25 304.25 4108300
20020916 301.00 308.75 297.00 299.00 2171900
20020917 302.00 307.00 295.00 297.00 4655900
20020918 294.50 295.50 280.00 280.00 6480800
20020919 268.00 283.75 252.50 275.00 17028900
20020920 266.75 287.00 263.50 276.00 19286900
20020923 276.00 281.50 250.00 251.00 7285600
20020924 254.00 260.00 245.25 253.00 10386500
20020925 250.00 280.25 250.00 278.75 9426200
20020926 280.75 285.00 275.25 283.00 4731600
20020927 290.00 293.25 274.75 292.50 5952100
20020930 288.75 288.75 255.00 265.00 7639800
20021001 269.50 270.00 253.75 265.25 7469400
20021002 268.25 279.75 266.75 278.00 6493800
20021003 277.50 277.50 261.00 266.00 5121100
20021004 270.00 278.75 267.75 271.25 4745000
20021007 271.25 271.25 252.25 261.50 5755700
20021008 264.50 264.75 254.25 258.00 3916900
20021009 258.00 263.25 251.50 262.50 3802600
20021010 263.00 265.00 251.00 260.00 4790300
20021011 267.00 269.50 258.25 266.75 4437800
20021014 268.00 272.75 263.00 270.50 2814600
20021015 277.00 287.75 275.00 284.50 4861700
20021016 287.00 303.00 279.25 285.00 6261700
20021017 284.75 299.00 283.00 296.00 4380300
20021018 295.00 303.00 284.25 286.00 5184500
20021021 292.00 297.75 290.00 291.75 3900300
20021022 287.00 304.00 287.00 299.00 4965100
20021023 299.00 299.00 290.00 290.00 4271800
20021024 295.75 298.50 288.00 290.00 7553000
20021025 282.50 291.00 282.50 287.00 4012700
20021028 295.50 295.50 285.00 287.00 3536800
20021029 286.00 287.00 276.50 280.25 5311900
20021030 281.50 287.00 277.00 287.00 2704700
20021031 287.00 287.00 276.50 283.25 5088800
20021101 283.75 286.50 275.50 282.00 3946700
20021104 275.00 297.00 275.00 287.25 6129100
20021105 283.50 293.25 283.50 291.75 7078800
20021106 292.50 294.00 280.50 287.00 3542200
20021107 280.25 289.75 280.25 286.00 4190700
20021108 286.00 288.00 274.25 280.75 5686000
20021111 283.00 285.75 263.50 265.75 5004000
20021112 268.75 272.50 262.00 264.25 9200700
20021113 270.25 270.25 256.00 261.00 3967800
20021114 258.75 270.00 258.50 268.75 6683700
20021115 274.00 285.00 272.00 279.25 7959100
20021118 275.00 284.00 266.25 270.00 3989900
20021119 267.00 274.50 263.25 265.00 5688600
20021120 267.00 281.25 266.00 273.00 6417400
20021121 271.25 279.50 271.25 275.00 5274300
20021122 280.00 297.50 278.75 296.00 6330200
20021125 295.75 295.75 287.50 290.75 4461000
20021126 290.75 294.75 280.00 293.75 4075400
20021127 293.25 307.50 290.00 298.75 5989600
20021128 298.75 307.00 294.00 307.00 3604100
20021129 303.50 319.00 303.50 315.50 6084000
20021202 319.00 321.75 311.00 316.00 6071300
20021203 317.00 322.00 307.00 313.75 6900600
20021204 313.75 328.00 310.00 326.25 6720400
20021205 323.75 343.00 323.75 343.00 10182400
20021206 340.25 340.25 331.75 339.50 6334400
20021209 339.50 339.50 324.00 324.00 7123800
20021210 322.50 333.50 320.25 322.00 10477000
20021211 323.00 333.50 322.00 323.00 5771300
20021212 323.00 326.75 316.00 317.50 4874900
20021213 320.00 320.00 307.50 313.00 8931100
20021216 318.50 328.75 318.50 327.50 5536100
20021217 327.75 335.50 324.25 330.25 7334500
20021218 330.00 339.75 316.00 317.50 8598400
20021219 317.75 325.00 304.75 309.00 10044400
20021220 312.50 328.75 312.50 327.00 7326600
20021223 325.00 331.00 320.00 330.00 3520600
20021224 334.75 334.75 324.00 328.50 578000
20021225 328.50 328.50 328.50 328.50 0
20021226 328.50 328.50 328.50 328.50 0
20021227 326.00 340.00 316.50 318.50 1238900
20021230 318.50 326.50 316.25 323.50 1289800
20021231 315.50 330.00 315.50 330.00 789300
20030101 330.00 330.00 330.00 330.00 0
20030102 322.00 347.50 315.00 343.25 4237400
20030103 343.00 344.25 333.00 336.25 3063600
20030106 339.00 339.00 327.50 329.50 3372800
20030107 327.00 329.00 315.50 320.00 6801300
20030108 320.00 330.00 315.00 330.00 7286400
20030109 329.25 338.25 323.25 330.00 3638000
20030110 332.75 337.25 318.50 320.25 5655500
20030113 327.00 338.00 322.00 330.75 5343700
20030114 332.25 342.25 330.00 331.25 4865800
20030115 334.75 339.25 325.00 328.50 4337100
20030116 327.00 329.50 320.00 321.00 3534900
20030117 321.00 321.00 313.50 314.00 4965800
20030120 316.25 321.25 310.00 310.00 4604500
20030121 315.25 315.25 304.50 306.00 5013600
20030122 306.00 309.00 301.50 303.00 6367700
20030123 307.00 308.25 295.75 301.00 5727600
20030124 301.00 306.00 287.50 291.00 7091100
20030127 288.75 294.00 275.50 276.00 9644300
20030128 285.00 286.50 278.75 280.00 9474000
20030129 275.50 288.50 273.50 278.75 10573900
20030130 277.00 292.00 277.00 289.50 8277700
20030131 284.00 298.50 270.00 290.25 6931200
20030203 295.50 306.00 295.00 302.25 6555600
20030204 308.25 309.00 290.00 292.00 7470600
20030205 295.75 307.75 294.50 307.00 6506900
20030206 304.75 312.00 295.75 300.75 5575900
20030207 303.50 306.00 297.50 298.00 6216500
20030210 299.00 303.00 292.00 292.50 4132200
20030211 286.75 299.00 286.75 293.75 5830000
20030212 296.50 305.00 292.00 300.00 6387300
20030213 296.75 299.00 286.25 291.75 4525100
20030214 293.75 299.50 283.00 284.00 6643700
20030217 299.00 299.00 287.50 289.50 3875000
20030218 297.00 297.00 287.00 289.00 4585100
20030219 289.00 297.00 287.00 287.50 4390600
20030220 287.50 295.75 285.75 295.00 5888100
20030221 295.00 300.25 288.50 298.75 5514800
20030224 299.75 299.75 288.25 293.00 5261500
20030225 284.25 292.25 279.00 280.00 5561900
20030226 282.00 284.00 276.75 278.00 5886500
20030227 279.75 283.25 269.00 271.00 8383600
20030228 271.25 277.25 268.00 275.00 5207800
20030303 279.00 287.00 276.00 278.50 4151200
20030304 278.50 282.50 275.75 278.00 4727000
20030305 273.00 273.50 264.50 265.00 5239200
20030306 265.00 270.00 260.25 260.25 5917800
20030307 258.00 260.25 254.00 254.50 5495000
20030310 257.00 258.00 250.00 254.25 4098500
20030311 257.50 264.25 250.00 254.75 4513800
20030312 255.75 257.75 234.50 236.50 11471800
20030313 240.50 257.00 237.75 251.50 8484400
20030314 255.25 269.00 247.25 264.50 6718000
20030317 259.50 286.50 256.75 280.75 4894100
20030318 277.50 296.50 277.50 296.50 8239700
20030319 299.00 299.00 282.75 285.50 8709200
20030320 282.00 290.50 282.00 286.00 5464500
20030321 286.00 303.50 286.00 300.00 6139900
20030324 303.00 303.00 275.00 280.75 4487000
20030325 276.25 294.75 268.50 291.75 4477300
20030326 294.75 299.50 284.00 298.00 8258600
20030327 300.00 300.00 282.25 284.75 6724300
20030328 287.00 291.00 275.00 279.00 6815800
20030331 277.25 279.50 268.50 270.25 4686300
20030401 269.50 275.00 267.00 267.75 6043100
20030402 267.00 289.00 267.00 287.50 5978300
20030403 286.75 294.25 280.75 284.00 9218400
20030404 280.50 288.75 275.00 282.00 7295400
20030407 285.00 294.00 285.00 291.75 8985500
20030408 288.50 289.50 283.00 283.50 6397700
20030409 283.50 289.50 274.00 288.00 6858000
20030410 288.00 291.00 280.00 280.25 3739200
20030411 283.00 289.00 280.25 282.00 3023100
20030414 285.00 288.50 282.50 288.50 3111600
20030415 288.00 290.00 284.00 289.00 3947100
20030416 292.00 292.00 286.25 288.25 4574500
20030417 285.00 291.00 282.00 291.00 8151700
20030418 291.00 291.00 291.00 291.00 0
20030421 291.00 291.00 291.00 291.00 0
20030422 294.75 294.75 284.25 290.00 2087700
20030423 293.00 296.00 290.00 295.00 6316400
20030424 297.00 297.00 292.50 294.00 3174100
20030425 293.00 296.75 291.50 292.25 4896000
20030428 292.25 296.75 288.50 289.00 3557100
20030429 289.00 291.25 282.00 288.75 3607000
20030430 290.00 290.00 285.00 288.00 4495600
20030501 285.00 290.25 285.00 289.00 1618200
20030502 287.00 290.75 285.50 290.50 5205900
20030505 290.50 290.50 290.50 290.50 0
20030506 293.50 296.25 288.00 294.25 4755600
20030507 294.25 310.00 293.50 304.00 6873200
20030508 303.75 305.75 299.25 302.00 5456600
20030509 305.00 311.00 300.00 310.50 4154300
20030512 312.00 312.00 297.75 302.00 4138000
20030513 304.50 308.50 303.25 307.25 3856600
20030514 307.00 308.00 302.00 302.25 3672700
20030515 302.00 302.50 295.75 296.50 4939300
20030516 304.25 307.75 297.75 303.75 4849700
20030519 300.75 301.00 285.25 287.75 6155800
20030520 287.75 302.00 287.75 297.25 7036600
20030521 297.00 310.00 296.00 307.25 7392600
20030522 309.25 319.50 309.25 319.50 11150000
20030523 321.00 321.00 314.00 316.25 6523100
20030526 316.25 316.25 316.25 316.25 0
20030527 322.50 322.50 310.75 320.00 4172300
20030528 324.00 336.00 321.00 334.00 7332100
20030529 329.00 338.25 329.00 337.75 4457300
20030530 332.75 340.25 332.50 334.00 6899000
20030602 337.50 343.00 335.25 343.00 5365800
20030603 340.00 340.00 334.00 338.00 8190900
20030604 338.00 339.50 331.50 337.25 4700300
20030605 340.00 349.00 336.00 349.00 5003700
20030606 350.00 362.75 346.00 362.75 6235000
20030609 356.00 359.75 348.25 351.50 4069500
20030610 346.25 346.25 338.00 339.75 6839600
20030611 343.00 350.50 340.50 349.50 4502900
20030612 349.50 358.75 339.00 346.50 5206400
20030613 346.00 348.75 343.00 345.00 2345700
20030616 340.00 344.25 336.75 337.00 5825100
20030617 337.00 345.00 337.00 343.75 6602700
20030618 345.00 351.75 339.25 342.00 6580500
20030619 341.75 342.00 334.50 337.00 4641100
20030620 332.50 342.50 332.50 340.50 3477700
20030623 338.00 339.00 329.50 329.75 2693600
20030624 330.00 333.25 322.75 326.25 3246900
20030625 330.00 332.25 325.00 325.50 3067500
20030626 325.00 329.75 321.00 325.00 5807300
20030627 328.00 334.50 327.50 332.25 5931800
20030630 334.75 337.75 325.00 326.75 4319900
20030701 331.50 337.75 321.75 326.00 5769600
20030702 330.50 339.75 330.50 332.50 3584200
20030703 338.00 338.00 329.25 336.25 3944100
20030704 334.25 340.00 333.25 336.50 2697700
20030707 340.00 346.50 336.25 342.75 5216200
20030708 340.50 348.50 339.50 342.25 4527500
20030709 342.25 345.00 336.25 340.00 4824400
20030710 346.00 346.00 331.75 336.50 3686000
20030711 338.25 340.00 330.75 334.25 3928600
20030714 334.50 349.75 333.00 348.00 4196600
20030715 346.75 347.25 337.75 342.25 2888400
20030716 345.50 347.50 336.50 336.50 3827400
20030717 336.50 336.50 327.25 330.50 4325000
20030718 332.75 333.50 327.25 329.00 2130900
20030721 333.50 334.25 326.00 326.00 3472100
20030722 328.00 337.75 328.00 333.25 2862600
20030723 337.25 345.00 332.75 339.50 5088300
20030724 341.50 344.00 336.75 339.00 3290000
20030725 337.25 345.00 336.50 339.25 3874100
20030728 344.50 345.00 334.00 340.75 3626200
20030729 338.00 342.50 336.50 337.25 2941800
20030730 338.50 340.00 334.00 338.50 2367600
20030731 337.50 342.75 334.00 334.00 4103000
20030801 336.00 337.00 328.50 328.50 3076200
20030804 330.50 333.00 327.75 327.75 2417300
20030805 330.00 337.00 330.00 336.25 5374400
20030806 335.75 335.75 326.75 332.25 4747900
20030807 332.75 334.75 325.00 326.50 3916900
20030808 323.00 339.50 323.00 335.25 4246500
20030811 335.00 342.25 334.50 341.00 2318700
20030812 340.00 344.75 339.75 344.00 3930000
20030813 344.50 347.00 340.00 342.75 3419400
20030814 344.25 354.00 340.25 351.00 4320100
20030815 350.00 357.00 349.25 357.00 3579500
20030818 354.00 358.50 351.75 356.50 3134200
20030819 359.50 364.25 354.00 361.75 3492200
20030820 363.25 367.00 358.50 362.75 5322100
20030821 361.25 365.00 355.25 357.25 3884000
20030822 359.25 371.25 355.50 367.00 4390000
20030825 367.00 367.00 367.00 367.00 0
20030826 367.00 367.00 344.25 359.00 4788400
20030827 363.00 363.50 347.00 354.75 3439000
20030828 355.00 359.00 352.75 354.75 3329800
20030829 359.25 359.25 350.25 350.25 4443800
20030901 355.25 356.50 350.25 354.50 3459800
20030902 356.75 356.75 347.00 349.75 7172200
20030903 353.75 357.25 345.00 350.25 7794800
20030904 353.50 353.50 347.00 347.25 4349100
20030905 346.50 351.00 343.75 347.75 3930300
20030908 347.00 349.25 345.50 345.50 2608200
20030909 348.50 348.00 336.18 337.75 6202300
20030910 339.25 340.19 328.78 338.00 4805800
20030911 339.00 346.00 337.50 340.00 5065900
20030912 345.00 345.00 338.50 340.25 5507700
20030915 340.50 343.00 338.25 340.50 3813600
20030916 338.00 354.75 338.00 352.50 4624700
20030917 356.50 363.00 353.00 360.50 8382200
20030918 364.00 364.00 356.25 364.00 4757300
20030919 363.50 367.00 358.00 358.00 8607400
20030922 358.00 360.50 354.00 358.50 5113000
20030923 360.50 364.50 354.50 360.00 6016100
20030924 360.25 369.00 359.00 367.25 5883300
20030925 362.00 366.00 357.75 360.25 5757400
20030926 360.00 360.75 346.00 348.75 5939000
20030929 348.50 356.50 346.75 346.75 11969800
20030930 349.25 353.50 342.50 347.00 8118400
20031001 349.75 360.00 340.25 360.00 7001300
20031002 355.75 359.75 353.00 359.75 4141000
20031003 358.25 368.25 356.00 363.00 5442000
20031006 365.50 365.50 358.00 358.25 3795700
20031007 358.00 361.00 356.00 357.25 5198100
20031008 357.25 359.00 351.75 356.25 4626600
20031009 355.75 356.00 348.50 349.75 6177500
20031010 351.25 355.50 347.50 353.25 3687200
20031013 354.50 357.50 352.50 356.50 2881800
20031014 359.50 360.75 355.00 356.25 4529300
20031015 356.25 364.75 352.75 358.50 6958000
20031016 355.50 361.25 353.00 358.50 5035300
20031017 358.75 363.00 358.50 358.50 3421500
20031020 353.25 363.75 353.25 358.50 2285900
20031021 360.00 358.00 353.50 353.75 5103700
20031022 355.75 359.50 340.25 343.75 6927900
20031023 341.75 346.25 338.00 344.00 3612200
20031024 343.25 350.50 341.00 348.00 3671100
20031027 352.50 352.50 338.75 340.25 3360000
20031028 344.50 346.00 336.75 337.75 4428900
20031029 343.50 343.50 334.00 336.75 9022000
20031030 335.75 345.00 335.75 343.00 7558800
20031031 340.50 342.75 335.75 339.75 5239200
20031103 341.00 346.25 340.00 343.50 4441200
20031104 342.50 352.75 342.50 350.50 5742800
20031105 350.00 351.50 344.00 344.25 3451700
20031106 343.50 349.50 341.50 346.25 3018200
20031107 346.00 350.00 345.00 346.00 5425600
20031110 341.75 350.75 341.75 348.00 2030000
20031111 348.00 348.25 341.25 345.75 2296700
20031112 345.00 351.00 342.75 344.75 4776800
20031113 349.00 350.25 344.50 348.25 8754700
20031114 348.75 358.00 348.75 353.00 7417700
20031117 350.25 352.00 346.25 347.25 2644300
20031118 348.00 352.00 345.25 350.50 3731000
20031119 347.00 353.50 347.00 350.00 5292000
20031120 354.25 354.25 350.00 352.25 6937100
20031121 355.00 355.00 344.00 346.75 3300500
20031124 346.00 351.50 346.00 350.00 2944900
20031125 352.00 354.50 346.50 352.00 3642700
20031126 351.75 359.00 351.75 356.25 4462600
20031127 357.00 357.75 350.00 353.75 3597500
20031128 352.75 356.00 347.00 349.50 3773100
20031201 348.50 354.75 342.75 348.00 4684700
20031202 354.25 356.75 355.00 356.00 10137500
20031203 353.75 362.50 350.50 351.50 7911800
20031204 352.25 362.00 351.25 361.75 6365900
20031205 358.00 365.25 358.00 361.50 5495600
20031208 360.25 365.00 358.50 363.75 5344000
20031209 362.50 369.50 356.00 358.50 9278600
20031210 355.50 360.00 353.25 358.75 5639800
20031211 356.74 359.50 353.50 356.75 4736700
20031212 359.00 361.50 357.00 359.00 5096400
20031215 364.00 367.75 357.25 366.00 6971300
20031216 362.00 369.50 361.00 365.00 4387700
20031217 370.87 376.50 362.00 376.00 9369200
20031218 377.75 377.75 370.25 373.50 5429900
20031219 376.75 377.00 369.75 371.00 5270900
20031222 375.00 375.00 366.75 368.50 2943600
20031223 369.50 377.25 367.75 377.25 2950400
20031224 375.00 378.75 375.00 377.50 318200
20031225 377.50 377.50 377.50 377.50 0
20031226 377.50 377.50 377.50 377.50 0
20031229 370.50 384.50 370.50 382.00 1967600
20031230 381.00 385.75 377.75 379.50 1938500
20031231 381.00 383.00 377.75 380.00 907400
20040101 380.00 380.00 380.00 380.00 0
20040102 376.00 382.00 376.00 380.50 1453700
20040105 382.00 382.00 375.50 377.75 4091900
20040106 375.50 379.00 372.75 376.25 4824500
20040107 384.50 387.75 374.25 375.50 7296300
20040108 372.00 384.50 372.00 378.75 3278500
20040109 378.25 381.50 367.50 369.50 8588600
20040112 372.25 374.75 364.00 372.25 7076600
20040113 376.25 382.50 370.00 377.50 4850200
20040114 379.00 385.00 374.25 385.00 5255000
20040115 384.00 384.50 378.00 383.00 4615100
20040116 385.00 385.00 379.00 381.75 3788800
20040119 382.00 378.00 376.25 378.00 2718500
20040120 380.00 380.00 371.00 373.75 3612300
20040121 375.50 376.00 367.25 372.25 7288000
20040122 373.00 373.00 365.25 365.75 6413500
20040123 363.99 367.50 362.00 365.50 5278800
20040126 370.00 370.00 358.25 360.50 6080600
20040127 366.00 367.25 358.75 361.50 9074200
20040128 360.75 362.50 354.00 359.00 10733100
20040129 365.52 368.75 355.75 367.50 8746200
20040130 365.50 372.25 365.50 368.25 8077300
20040202 371.75 376.00 369.00 370.75 5260000
20040203 373.73 378.00 368.00 371.75 5653800
20040204 370.50 374.25 368.00 370.50 3036500
20040205 367.00 374.00 366.50 372.50 6134500
20040206 372.15 374.50 370.25 372.25 2820700
20040209 371.00 375.25 371.00 372.75 2938500
20040210 369.25 374.00 367.75 368.00 5697800
20040211 372.00 372.00 361.75 365.75 5447800
20040212 369.00 369.00 362.00 363.50 4789700
20040213 361.50 365.75 361.50 364.00 5460500
20040216 369.50 369.50 361.00 366.50 4774700
20040217 366.00 372.75 366.00 370.00 6937900
20040218 367.25 368.00 362.00 363.25 6318700
20040219 365.75 369.00 362.00 365.25 6026700
20040220 364.00 365.75 361.00 364.00 6544800
20040223 363.00 366.75 359.25 366.00 4826300
20040224 365.00 370.75 364.00 369.50 9049500
20040225 367.75 369.50 363.75 366.00 3738100
20040226 364.75 371.00 364.75 366.50 5694100
20040227 365.25 373.00 365.25 366.50 6231000
20040301 364.00 373.00 364.00 373.00 4421300
20040302 372.75 374.25 366.75 368.75 6007600
20040303 368.75 373.75 363.25 371.50 8234000
20040304 374.25 377.75 372.00 376.25 4640600
20040305 376.25 376.25 367.00 370.00 6480400
20040308 369.25 378.00 369.25 373.25 3273200
20040309 377.50 377.50 369.25 369.25 5375600
20040310 365.00 369.25 363.00 365.50 6385100
20040311 360.50 363.50 353.25 358.75 11501900
20040312 358.00 370.75 352.50 362.00 6933500
20040315 375.00 375.00 357.25 357.50 4292900
20040316 362.75 363.25 352.75 355.50 4736200
20040317 354.75 368.00 354.75 365.00 9856600
20040318 367.75 367.75 362.50 363.50 4630100
20040319 367.00 367.00 359.50 359.50 4773300
20040322 360.25 360.50 348.75 354.25 4120600
20040323 355.50 363.50 355.50 356.00 6084200
20040324 355.00 361.75 355.00 361.50 8498900
20040325 362.25 372.00 360.00 366.00 6087200
20040326 368.50 370.75 351.25 357.25 10580900
20040329 365.00 365.00 354.00 360.50 4821600
20040330 361.25 365.00 358.00 364.00 4923800
20040331 366.75 369.00 358.25 358.50 7436500
20040401 363.50 363.50 351.50 353.00 9475500
20040402 357.75 359.25 350.25 358.00 5715100
20040405 357.00 357.50 352.00 353.75 8050000
20040406 353.75 360.00 353.25 354.50 4655900
20040407 354.00 360.75 353.00 357.75 9034200
20040408 359.00 359.00 355.00 357.50 4924600
20040409 357.50 357.50 357.50 357.50 0
20040412 357.50 357.50 357.50 357.50 0
20040413 361.75 360.00 355.75 359.50 6510800
20040414 354.00 360.00 353.00 353.50 3778800
20040415 353.50 354.00 348.25 349.25 8202600
20040416 347.00 356.75 347.00 356.50 7544100
20040419 356.75 360.75 352.00 354.00 5692600
20040420 358.25 358.25 349.25 355.00 5027300
20040421 352.00 354.50 347.00 349.75 8068700
20040422 349.00 356.25 345.75 355.75 6659000
20040423 357.75 359.25 352.25 356.00 7363100
20040426 355.75 364.50 355.75 363.25 7168000
20040427 361.50 364.75 360.50 363.75 7032000
20040428 364.00 364.00 357.75 358.25 3641300
20040429 360.00 361.50 355.75 357.00 3631600
20040430 356.25 361.50 353.75 355.00 6868700
20040503 355.00 355.00 355.00 355.00 0
20040504 354.25 355.75 347.00 353.00 7765800
20040505 351.00 357.00 352.75 355.00 4953500
20040506 355.00 355.75 340.50 344.25 9627900
20040507 345.75 351.50 342.75 346.00 7290700
20040510 343.00 344.00 337.25 337.50 3207800
20040511 340.00 342.75 337.75 341.50 5843700
20040512 340.25 342.75 335.50 338.75 6953000
20040513 342.00 349.50 341.50 349.00 10011600
20040514 348.50 349.75 341.00 342.50 6526800
20040517 340.50 342.00 336.00 338.00 6547800
20040518 340.50 345.75 340.00 344.00 7346200
20040519 342.25 355.00 342.25 353.25 7156400
20040520 353.25 353.50 346.00 348.00 5979000
20040521 347.25 351.00 342.00 343.25 6223800
20040524 346.00 348.25 343.50 345.00 4136500
20040525 342.75 345.75 340.00 340.75 5515100
20040526 346.00 346.75 339.00 341.50 6623100
20040527 340.75 346.50 340.75 342.25 5252900
20040528 343.00 344.25 337.25 340.00 5576100
20040531 340.00 340.00 340.00 340.00 0
20040601 345.00 345.00 336.75 339.25 3301300
20040602 339.00 342.75 336.50 337.00 6666200
20040603 335.25 336.25 330.00 334.00 7019300
20040604 334.00 335.00 330.25 333.50 6182100
20040607 332.00 338.25 332.00 337.75 3325500
20040608 338.50 345.75 338.00 344.25 8670700
20040609 348.00 348.00 342.00 344.75 6529200
20040610 343.00 347.50 338.25 344.00 3833500
20040611 345.75 345.75 340.50 340.75 2056100
20040614 338.25 341.00 335.50 337.25 4398000
20040615 337.00 340.00 337.00 339.25 4693400
20040616 337.25 344.00 337.00 339.25 3902400
20040617 338.50 339.25 334.25 336.25 4510600
20040618 337.25 341.00 334.75 334.75 4641700
20040621 334.25 338.00 331.25 332.25 4674300
20040622 333.00 338.00 330.25 335.00 6890800
20040623 339.25 343.25 333.25 335.50 7710400
20040624 335.75 339.00 332.00 333.00 7338100
20040625 330.00 334.50 330.00 333.50 5395100
20040628 332.75 337.75 331.00 337.50 6558300
20040629 337.00 338.00 335.75 336.50 3834500
20040630 336.00 340.25 336.00 336.50 6798900
20040701 336.50 339.75 336.50 336.50 3671300
20040702 338.75 341.75 334.00 334.00 6410400
20040705 335.75 335.75 332.75 333.50 3456300
20040706 333.00 336.00 332.00 332.00 4177400
20040707 334.00 343.50 334.00 342.25 9672500
20040708 343.00 347.00 341.25 345.75 7736000
20040709 346.00 347.25 344.50 345.50 5648000
20040712 345.50 350.50 343.75 347.00 6218800
20040713 349.75 349.75 341.50 343.25 6125900
20040714 336.25 345.25 336.25 345.25 2668000
20040715 344.25 344.50 336.75 336.75 4001600
20040716 335.25 339.75 335.00 337.75 4780700
20040719 337.00 337.25 334.50 335.25 1971000
20040720 335.25 335.25 330.75 333.25 4201000
20040721 336.25 336.25 332.00 333.50 4122000
20040722 331.25 332.25 326.00 326.00 4365400
20040723 329.00 329.00 325.00 325.25 4127400
20040726 324.50 328.00 323.25 323.50 2579200
20040727 325.00 327.25 323.50 326.25 2353200
20040728 330.75 330.75 325.00 325.00 3396800
20040729 328.00 329.50 323.50 324.00 3705000
20040730 324.50 325.50 318.25 319.75 8064800
20040802 319.75 322.50 314.00 316.25 6796600
20040803 319.00 324.75 314.50 322.75 5405500
20040804 322.25 325.50 318.50 325.00 8437400
20040805 325.00 329.00 325.00 327.50 6830300
20040806 325.50 320.75 318.00 319.25 7002900
20040809 317.75 322.75 312.25 312.25 3763900
20040810 312.00 319.75 312.00 318.75 4130200
20040811 321.50 321.50 315.25 319.25 5185900
20040812 320.00 324.00 311.75 316.75 5733600
20040813 312.00 319.75 312.00 314.50 3649300
20040816 315.50 315.50 310.00 314.25 4429400
20040817 314.75 316.50 311.50 312.50 5249400
20040818 310.50 313.75 309.75 311.50 4614900
20040819 312.50 314.75 310.00 311.50 5104700
20040820 311.50 311.50 306.25 307.50 6036300
20040823 311.00 311.00 307.75 310.00 4152600
20040824 309.50 314.00 309.25 312.50 5256500
20040825 313.25 314.00 311.50 313.00 4825400
20040826 315.00 316.00 311.00 315.00 3804300
20040827 316.50 316.50 311.75 313.50 3477300
20040830 313.50 313.50 313.50 313.50 0
20040831 311.25 315.50 310.50 310.75 7059400
20040901 314.00 315.00 310.50 313.50 7536000
20040902 315.00 319.00 313.50 316.75 9113600
20040903 316.75 319.00 313.25 317.75 6850200
20040906 315.50 321.00 315.50 321.00 2476300
20040907 322.50 324.00 318.25 323.00 6565900
20040908 322.75 324.50 318.25 319.75 5060500
20040909 262.00 272.75 235.00 239.25 76015104
20040910 238.00 240.50 227.00 230.50 52005400
20040913 229.75 241.00 229.75 238.75 30378200
20040914 237.00 240.00 232.25 233.00 11317800
20040915 233.00 234.00 226.75 228.00 13711100
20040916 228.50 231.50 227.00 230.25 14097600
20040917 230.00 233.25 228.50 229.50 15748500
20040920 227.50 231.75 224.75 225.00 12387700
20040921 224.50 229.00 224.50 224.75 12581100
20040922 225.00 233.00 225.00 232.50 20053800
20040923 232.00 235.00 228.75 231.00 16257600
20040924 229.25 232.75 227.00 230.00 8542900
20040927 230.75 230.75 226.00 227.00 5925800
20040928 225.25 229.00 224.25 226.00 5392800
20040929 228.00 231.00 226.50 228.00 8240000
20040930 227.25 229.75 218.75 220.50 19732300
20041001 220.25 222.50 218.25 220.50 13673000
20041004 223.00 227.75 221.25 224.75 13166900
20041005 224.00 226.25 222.25 223.25 12419400
20041006 221.50 221.75 214.50 216.75 21203500
20041007 218.50 218.50 216.50 217.75 9089600
20041008 215.75 220.50 215.75 219.50 14062000
20041011 217.50 220.00 216.25 216.75 11753100
20041012 215.00 217.25 211.75 213.00 8484500
20041013 215.00 217.50 213.75 217.00 10633500
20041014 217.00 222.25 215.25 221.50 18646400
20041015 221.75 223.25 218.00 219.75 9603200
20041018 221.25 224.00 219.00 221.75 9729800
20041019 222.00 230.00 220.50 224.50 9498300
20041020 223.00 225.25 221.50 225.25 13346600
20041021 226.50 226.50 221.50 223.50 7390100
20041022 223.50 224.00 222.00 222.50 4312300
20041025 220.50 221.25 216.25 218.50 8282300
20041026 220.00 220.50 218.00 218.50 7856300
20041027 220.00 225.25 218.75 225.00 12741500
20041028 227.00 227.00 222.75 224.00 7954800
20041029 224.50 226.50 223.50 225.00 8021300
20041101 225.50 227.75 223.25 226.00 6482900
20041102 227.50 230.75 225.00 230.50 7995300
20041103 231.25 235.00 230.75 234.75 12471800
20041104 234.75 240.50 225.25 240.00 17831900
20041105 242.25 245.25 239.00 242.75 12548800
20041108 242.75 243.00 235.00 236.75 5549200
20041109 237.00 240.00 235.00 237.75 6274000
20041110 239.50 247.00 238.50 245.75 12121400
20041111 247.00 247.00 242.25 245.50 8798300
20041112 247.25 248.50 243.50 245.00 8391400
20041115 247.00 247.00 240.25 240.75 7362400
20041116 242.25 242.25 235.75 238.25 8819300
20041117 239.00 242.50 235.50 238.00 6753700
20041118 240.00 241.50 239.25 240.00 7477100
20041119 239.00 242.75 239.00 241.00 9799100
20041122 240.25 242.00 239.00 241.50 10968800
20041123 243.50 245.00 241.00 243.50 10212600
20041124 243.75 247.00 241.00 242.50 8626700
20041125 243.50 245.00 239.25 240.00 5836800
20041126 240.25 243.50 238.50 242.25 7709400
20041129 242.00 244.25 234.00 240.50 12753900
20041130 237.00 237.00 222.50 229.25 29378300
20041201 230.00 235.00 226.75 232.75 9964200
20041202 235.25 238.25 233.00 233.00 12779600
20041203 234.50 235.00 227.00 230.75 10450000
20041206 229.25 230.00 226.25 228.00 6841900
20041207 228.50 232.50 228.50 231.00 8476400
20041208 231.75 234.50 230.00 231.75 6199300
20041209 233.00 236.50 233.00 236.00 13503900
20041210 238.00 242.25 234.50 236.50 10916400
20041213 236.75 239.00 236.00 238.00 5787000
20041214 239.00 242.00 238.25 241.00 7236600
20041215 241.00 243.00 238.25 238.25 8214300
20041216 239.75 242.00 237.00 239.00 8835200
20041217 238.50 242.25 236.00 238.50 9479700
20041220 239.50 240.50 238.25 240.00 7507300
20041221 241.00 245.00 240.50 243.50 10903900
20041222 245.75 249.00 245.00 246.00 12404400
20041223 245.50 247.00 242.75 246.00 3867700
20041224 245.00 246.50 243.50 243.50 933800
20041227 243.50 243.50 243.50 243.50 0
20041228 243.50 243.50 243.50 243.50 0
20041229 244.50 247.00 243.50 245.75 6882800
20041230 245.75 246.50 244.25 246.25 4225400
20041231 245.50 246.75 245.00 246.25 964100
20050103 246.25 246.25 246.25 246.25 0
20050104 243.00 251.00 243.00 250.00 6487000
20050105 241.00 248.75 241.00 246.75 10589200
20050106 246.75 248.75 246.00 247.50 4813300
20050107 246.00 247.50 237.00 246.25 18271200
20050110 247.00 248.25 244.50 247.50 6778200
20050111 247.75 248.00 243.25 244.25 6952000
20050112 244.00 246.50 241.50 243.00 6300200
20050113 243.50 246.00 243.00 244.75 5094100
20050114 244.75 247.75 242.75 243.50 5745900
20050117 244.75 245.50 244.25 245.00 6952900
20050118 244.25 244.50 235.00 238.50 14211200
20050119 239.50 242.25 237.00 237.50 9870200
20050120 237.50 237.75 235.00 236.00 6924700
20050121 236.75 236.75 231.50 235.00 11891700
20050124 233.75 238.00 231.75 237.25 6874700
20050125 235.75 238.25 234.50 236.00 5910800
20050126 236.75 239.75 235.00 239.50 9424900
20050127 238.00 239.75 236.00 239.00 6547500
20050128 237.00 241.50 237.00 240.00 5909700
20050131 240.00 243.00 240.00 241.00 4143200
20050201 241.75 245.00 241.75 244.25 7878400
20050202 244.75 247.50 244.00 246.00 9773700
20050203 246.75 247.75 245.25 246.50 6929100
20050204 247.25 252.75 246.00 250.75 10368300
20050207 252.00 257.00 251.25 255.50 7771300
20050208 252.25 258.00 252.25 258.00 4624600
20050209 258.50 260.25 256.25 258.25 6772700
20050210 258.75 261.75 257.00 257.25 4481100
20050211 258.25 261.00 256.00 260.00 4694300
20050214 259.25 263.75 259.25 263.00 6230500
20050215 263.00 264.00 261.50 264.00 7966000
20050216 258.00 258.50 255.00 255.25 7793600
20050217 254.75 258.00 254.00 255.00 7925300
20050218 255.25 255.25 249.00 253.00 8702700
20050221 253.50 254.00 251.00 253.50 4221800
20050222 254.25 255.75 251.50 253.50 6251100
20050223 253.50 253.50 250.50 251.50 5929600
20050224 251.50 252.50 249.75 250.75 9812600
20050225 252.00 256.00 251.50 252.75 6338200
20050228 254.25 254.25 250.50 250.50 6468600
20050301 250.00 252.50 250.00 252.00 8124200
20050302 252.00 252.00 250.00 250.75 4136700
20050303 249.50 252.00 249.00 250.00 5865400
20050304 250.00 251.75 249.25 250.50 5937900
20050307 250.00 251.75 249.00 250.00 7376000
20050308 250.75 255.75 249.25 254.00 10452600
20050309 255.00 259.00 254.25 255.50 9504900
20050310 253.75 258.50 253.75 255.00 7976100
20050311 258.75 264.00 257.50 261.25 12536200
20050314 260.25 263.00 255.00 261.50 10163100
20050315 260.25 262.50 258.25 259.00 6558200
20050316 259.25 260.00 257.00 257.50 6785500
20050317 255.00 260.75 255.00 257.00 7565100
20050318 258.50 260.50 257.00 259.50 6677800
20050321 260.75 260.75 255.75 256.50 4228400
20050322 256.50 259.75 254.00 257.75 5502600
20050323 255.00 256.75 252.25 253.75 6801500
20050324 253.75 254.75 250.50 251.25 6173600
20050325 251.25 251.25 251.25 251.25 0
20050328 251.25 251.25 251.25 251.25 0
20050329 249.75 254.00 249.75 251.00 9792800
20050330 251.75 256.00 249.25 254.25 13152500
20050331 252.25 252.25 234.00 241.50 42434200
20050401 241.50 249.75 241.50 246.25 16993900
20050404 245.75 246.50 242.50 243.00 13813800
20050405 243.00 244.50 242.75 244.50 10918100
20050406 245.00 248.00 242.75 244.00 12390900
20050407 245.25 245.50 241.75 243.00 13530200
20050408 244.50 244.50 243.00 243.50 7113700
20050411 243.50 244.50 242.00 243.25 6198000
20050412 243.25 243.75 242.25 242.50 5820200
20050413 243.25 244.25 240.00 241.00 12144600
20050414 240.50 240.75 239.25 240.00 7383300
20050415 239.00 239.75 235.50 238.00 7443900
20050418 234.75 235.25 231.50 234.25 6857200
20050419 233.50 237.50 233.50 236.50 6397600
20050420 237.50 238.25 234.25 235.50 10143200
20050421 234.75 238.00 234.00 235.75 5371100
20050422 237.50 238.00 235.50 237.75 5082300
20050425 236.25 239.50 235.75 238.25 3729300
20050426 239.50 239.50 236.00 237.00 6820600
20050427 237.25 237.25 232.75 235.00 9479300
20050428 237.00 239.00 231.25 233.75 11425900
20050429 232.50 234.50 230.50 233.25 9074100
20050502 233.25 233.25 233.25 233.25 0
20050503 237.00 241.50 234.75 237.75 16347700
20050504 237.25 239.00 236.00 238.00 4122300
20050505 237.50 242.75 237.50 239.50 7575300
20050506 240.75 240.75 236.25 238.50 5409400
20050509 239.50 241.75 239.00 240.50 6298600
20050510 240.25 242.25 237.00 239.00 5132000
20050511 239.50 239.50 232.25 235.50 8303300
20050512 235.75 238.25 232.50 235.00 7526800
20050513 235.00 237.50 232.50 235.75 6452300
20050516 236.50 237.00 232.75 234.50 4832200
20050517 236.25 236.25 233.50 236.00 6916600
20050518 231.00 231.00 213.00 222.75 46360500
20050519 226.50 226.50 220.50 224.25 11522600
20050520 225.00 225.00 220.50 223.25 5636500
20050523 221.50 225.00 221.50 225.00 7759400
20050524 224.50 225.00 220.75 224.00 9596700
20050525 223.00 224.00 220.25 221.50 7814600
20050526 221.00 223.50 220.00 221.00 10122400
20050527 221.75 221.75 217.00 219.75 17028300
20050530 219.75 219.75 219.75 219.75 0
20050531 218.75 219.75 217.00 217.00 7453900
20050601 218.00 221.00 217.00 220.00 15684700
20050602 219.25 221.50 218.75 219.75 6488300
20050603 219.75 219.75 219.75 219.75 0
20050606 223.25 224.50 220.75 220.75 5262200
20050607 222.00 223.50 220.50 223.50 6996200
20050608 223.50 224.75 221.25 222.50 5609100
20050609 223.00 223.00 217.50 219.00 10556500
20050610 221.50 221.50 217.75 219.75 7053600
20050613 221.25 221.50 218.25 218.75 4881200
20050614 219.00 219.50 217.75 217.75 4110100
20050615 217.50 219.50 217.50 219.00 9540300
20050616 220.00 221.25 218.75 221.00 4885100
20050617 220.50 230.00 220.50 226.25 15247800
20050620 226.50 226.50 224.00 225.25 4858100
20050621 226.75 226.75 223.50 225.50 4805400
20050622 226.25 229.25 225.50 228.75 7961300
20050623 230.50 232.50 229.50 231.75 14981500
20050624 231.00 231.00 226.00 228.25 9412600
20050627 228.50 228.50 224.00 225.25 6865100
20050628 226.50 228.50 224.75 228.50 4920700
20050629 230.00 233.25 228.25 232.75 12919900
20050630 231.25 236.50 231.25 234.50 16095600
20050701 235.00 241.25 234.25 239.25 8977500
20050704 240.50 240.50 237.75 239.50 6048700
20050705 238.75 240.00 238.25 238.75 4274400
20050706 240.00 249.00 239.75 244.00 13504300
20050707 243.00 244.25 226.50 238.75 16972100
20050708 241.25 243.00 239.00 239.75 5175600
20050711 242.75 243.75 239.00 242.00 5553900
20050712 243.50 243.50 240.25 241.75 8525900
20050713 240.00 242.75 238.00 240.50 4979900
20050714 246.00 250.75 244.75 244.75 30997000
20050715 246.25 247.75 244.50 245.00 46542500
20050718 246.25 246.75 241.75 242.50 24721800
20050719 244.00 244.00 240.00 241.75 18358900
20050720 243.00 243.00 240.00 241.00 14400700
20050721 242.25 243.00 237.00 241.00 18375500
20050722 245.25 261.00 243.25 252.50 39745400
20050725 254.50 254.50 246.50 248.00 16878200
20050726 247.50 249.50 247.50 248.75 5450500
20050727 250.75 252.25 245.75 247.75 14092900
20050728 249.25 250.00 246.50 247.75 8260300
20050729 249.50 249.50 244.75 245.75 10082100
20050801 246.50 247.50 241.75 244.75 9734800
20050802 245.75 246.50 242.50 245.00 5966400
20050803 245.00 245.00 243.25 244.50 8427800
20050804 245.00 247.50 245.00 246.50 11377300
20050805 246.25 251.50 245.25 247.50 18373200
20050808 248.75 249.25 246.75 247.75 6804500
20050809 246.75 249.25 245.00 246.75 8557000
20050810 245.75 249.50 245.75 248.00 5926000
20050811 248.00 248.00 245.50 247.00 7090900
20050812 248.50 248.50 246.50 247.50 4926900
20050815 250.00 250.00 246.00 246.00 6603600
20050816 247.50 247.75 245.50 246.00 13049200
20050817 244.50 245.50 242.75 244.00 14532300
20050818 245.00 245.00 242.25 242.75 10262200
20050819 243.75 244.25 241.75 243.50 8864600
20050822 244.50 248.00 244.25 246.00 7627400
20050823 246.50 248.25 246.00 246.50 5412700
20050824 246.50 249.25 246.00 248.50 6883300
20050825 247.75 248.75 245.50 247.00 12862900
20050826 247.00 250.00 247.00 247.25 6927800
20050829 247.25 247.25 247.25 247.25 0
20050830 247.50 247.50 245.25 245.50 6708100
20050831 246.50 249.50 244.75 249.25 7515500
20050901 249.50 252.00 248.00 248.75 23106900
20050902 249.25 250.50 246.75 247.25 7409600
20050905 248.00 248.00 244.75 245.00 17362700
20050906 246.00 248.75 244.50 247.50 39329600
20050907 249.75 249.75 245.00 245.75 15425400
20050908 244.50 246.00 241.25 245.50 10900400
20050909 247.25 247.25 241.75 245.00 4690300
20050912 247.00 248.00 245.00 247.25 7179800
20050913 247.75 247.75 243.75 244.00 7625400
20050914 244.50 247.00 243.25 243.50 5224900
20050915 243.50 245.25 235.00 239.00 21835600
20050916 239.75 240.25 235.00 235.50 27286700
20050919 235.00 239.00 235.00 236.00 6896500
20050920 237.25 237.25 232.50 235.75 19283900
20050921 234.75 236.00 230.25 231.50 20896200
20050922 231.75 232.50 227.50 228.00 19399400
20050923 229.75 229.75 225.25 227.00 13581600
20050926 227.25 230.00 224.50 228.25 10089800
20050927 228.50 234.00 228.00 232.75 32197100
20050928 224.00 227.00 204.00 206.00 144698496
20050929 207.00 209.75 201.75 208.50 26579000
20050930 210.75 210.75 204.25 206.25 20753100
20051003 207.50 208.25 198.00 199.75 35857700
20051004 200.00 200.00 193.75 195.25 28501100
20051005 194.75 200.00 193.00 198.50 41191400
20051006 198.00 199.50 194.00 196.00 36286400
20051007 196.00 199.00 194.00 197.00 29585700
20051010 198.00 199.00 195.00 196.50 7568800
20051011 196.75 197.00 191.50 192.00 16958400
20051012 191.25 193.25 190.00 190.75 19935800
20051013 191.00 194.75 187.00 194.00 75342200
20051014 195.00 201.00 193.75 198.75 30550900
20051017 198.75 198.75 195.25 196.00 11861300
20051018 196.75 196.75 193.25 194.75 16624300
20051019 194.50 194.50 188.00 188.25 29432600
20051020 191.50 192.00 185.25 185.75 27557200
20051021 181.00 181.00 168.50 175.00 106282096
20051024 180.00 186.50 177.00 179.75 65278700
20051025 180.50 180.50 177.75 178.75 18513700
20051026 178.75 181.75 177.50 181.75 14689500
20051027 181.50 181.50 177.50 180.00 16394700
20051028 180.00 181.00 175.50 180.50 23056300
20051031 184.25 190.25 184.25 190.00 34587700
20051101 189.00 194.75 188.00 190.00 29359200
20051102 189.00 198.00 189.00 197.00 26855800
20051103 196.00 203.75 194.50 203.50 42030300
20051104 205.00 205.00 199.75 200.50 14447600
20051107 200.00 201.25 195.75 199.25 15771600
20051108 200.00 202.25 198.75 199.75 14231000
20051109 199.50 203.50 199.50 201.00 23819500
20051110 202.00 202.00 200.00 201.00 17976100
20051111 202.25 208.00 202.25 207.50 22123900
20051114 205.25 209.25 204.00 208.00 13437400
20051115 208.00 209.75 206.25 206.50 8593400
20051116 205.50 205.50 202.50 204.00 15717300
20051117 205.75 210.50 205.75 210.25 13345500
20051118 210.50 213.25 205.50 206.50 16682900
20051121 207.75 207.75 203.25 204.00 11458700
20051122 205.50 207.25 202.50 205.00 6781900
20051123 205.00 207.75 204.25 204.25 10124600
20051124 203.00 205.00 199.00 201.00 8045800
20051125 202.25 204.75 200.00 202.00 10063900
20051128 203.75 204.25 200.00 200.50 7931200
20051129 204.00 219.25 204.00 216.75 33242900
20051130 214.00 215.25 211.00 211.00 16792100
20051201 210.00 213.75 210.00 212.75 5508800
20051202 212.75 218.00 212.75 218.00 9844000
20051205 218.00 219.75 216.75 218.25 11667700
20051206 217.75 219.25 217.00 218.75 9323300
20051207 218.50 218.50 212.50 214.00 15026600
20051208 213.25 214.50 210.50 214.00 9369300
20051209 213.25 213.25 207.00 210.75 10013900
20051212 211.00 215.00 210.00 211.25 6019100
20051213 210.25 211.75 207.50 210.00 9076900
20051214 209.50 212.00 207.00 211.00 14136700
20051215 211.00 214.50 209.75 213.25 17860800
20051216 212.50 218.50 211.75 218.25 18065700
20051219 220.00 220.75 217.50 220.50 18764600
20051220 218.00 220.75 218.00 219.75 9787200
20051221 217.00 217.50 213.75 216.25 76707200
20051222 215.75 219.25 215.00 218.25 13184400
20051223 217.75 220.00 216.50 217.50 18817700
20051226 217.50 217.50 217.50 217.50 0
20051227 217.50 217.50 217.50 217.50 0
20051228 216.50 220.75 216.50 220.00 10512800
20051229 219.50 221.50 217.50 220.00 9527400
20051230 220.00 222.00 218.75 220.50 8430700
20060102 220.50 220.50 220.50 220.50 0
20060103 223.25 226.75 222.00 226.50 25280000
20060104 230.00 231.25 227.25 230.50 28142100
20060105 230.50 231.75 223.75 225.00 91208200
20060106 227.00 230.50 224.25 229.25 24541100
20060109 230.00 230.50 228.00 228.50 20292000
20060110 229.00 231.25 228.50 230.50 36247800
20060111 231.25 235.50 229.50 235.25 39466000
20060112 234.25 237.25 234.25 236.75 42003200
20060113 235.00 235.75 231.75 233.50 13477100
20060116 232.25 233.00 231.25 232.00 11756100
20060117 229.50 231.50 228.25 229.75 9297500
20060118 229.00 229.00 227.00 227.25 11943300
20060119 227.75 231.75 227.75 230.25 12123300
20060120 230.25 235.50 230.25 233.75 15618100
20060123 232.50 234.50 229.25 233.50 11803000
20060124 231.00 231.00 226.75 230.00 37141100
20060125 230.00 232.75 227.25 229.75 50825900
20060126 231.25 234.50 224.25 224.50 26819700
20060127 226.75 226.75 224.25 225.00 25204100
20060130 224.25 224.75 220.75 221.50 31164300
20060131 222.00 223.00 220.50 221.75 24239100
20060201 220.75 226.00 217.00 225.00 17616500
20060202 226.50 226.50 221.00 221.50 11252300
20060203 221.25 223.50 218.75 222.75 11275400
20060206 222.50 222.50 215.25 221.75 8002500
20060207 220.25 222.50 216.75 221.50 13066600
20060208 214.75 216.00 211.50 214.50 15151800
20060209 214.50 219.75 214.50 218.25 10344500
20060210 222.25 223.50 219.75 220.75 22553900
20060213 221.75 222.50 212.50 216.25 30969400
20060214 218.00 218.00 213.25 215.00 12397000
20060215 215.00 216.00 213.50 214.50 11204900
20060216 215.50 215.50 211.00 214.25 21565800
20060217 215.25 217.50 213.25 217.00 14917400
20060220 218.00 218.00 214.75 217.25 7414000
20060221 218.50 219.00 217.00 218.00 13625300
20060222 218.00 218.00 214.25 216.75 32949700
20060223 217.50 217.50 212.50 213.25 11100500
20060224 213.25 215.00 212.00 214.75 29776500
20060227 216.00 218.75 215.00 218.75 7658400
20060228 219.25 219.75 215.25 217.25 49871400
20060301 218.50 219.00 216.75 218.75 25111600
20060302 219.00 220.00 216.50 218.00 16048600
20060303 219.00 219.25 216.50 218.00 7877800
20060306 219.00 219.50 215.25 219.25 13334600
20060307 218.00 219.50 216.25 218.50 61856400
20060308 218.50 220.50 214.00 214.00 33123500
20060309 214.50 218.50 214.00 218.50 16410000
20060310 218.50 221.75 216.75 221.00 27547300
20060313 221.50 224.75 221.50 222.75 12306900
20060314 222.75 225.75 220.75 224.25 26736900
20060315 225.50 230.50 223.25 228.25 33537000
20060316 229.00 231.00 225.25 230.50 24152100
20060317 230.00 232.75 229.25 230.00 15544800
20060320 231.25 231.75 228.25 228.25 23113300
20060321 227.75 231.50 223.75 226.50 10963800
20060322 226.00 227.75 222.25 225.75 6052500
20060323 227.25 239.75 227.25 235.25 29473200
20060324 241.00 251.00 236.25 238.75 24819800
20060327 240.00 246.00 234.50 237.00 18546800
20060328 237.00 237.00 230.25 230.75 46141600
20060329 230.75 240.00 229.50 232.00 12032900
20060330 233.50 236.25 224.25 229.00 22744700
20060331 230.00 230.25 225.25 228.25 14184200
20060403 231.00 232.75 226.50 230.75 11063000
20060404 230.75 232.75 226.75 229.75 10660800
20060405 230.00 230.25 226.00 228.50 9585600
20060406 229.75 231.25 227.00 230.50 10299400
20060407 231.50 232.00 229.00 229.50 10803600
20060410 240.75 245.00 235.50 238.75 36325300
20060411 239.75 242.25 234.25 235.75 11361600
20060412 237.25 237.50 234.00 235.50 10458200
20060413 237.00 240.25 236.25 238.75 7294400
20060414 238.75 238.75 238.75 238.75 0
20060417 238.75 238.75 238.75 238.75 0
20060418 240.00 243.25 236.50 240.75 9325000
20060419 243.50 244.75 236.25 240.50 6388300
20060420 241.50 243.50 237.00 239.00 9318000
20060421 240.25 246.25 237.75 244.50 10231300
20060424 241.50 244.00 241.25 241.25 4792900
20060425 242.50 244.00 238.75 239.25 8302500
20060426 240.75 244.00 239.50 243.75 13696000
20060427 243.00 243.50 237.50 239.50 7336600
20060428 238.75 239.25 235.25 236.50 12165900
20060501 236.50 236.50 236.50 236.50 0
20060502 243.00 244.50 237.50 239.50 16645500
20060503 241.25 241.25 234.25 234.75 24198700
20060504 235.75 237.00 232.00 234.50 15481500
20060505 235.75 240.00 235.50 238.75 6719500
20060508 240.75 244.00 234.50 235.50 10598900
20060509 236.50 241.75 235.00 241.25 14760600
20060510 241.50 242.75 240.00 241.50 21517900
20060511 241.75 242.00 238.50 239.00 7159400
20060512 239.00 239.75 234.50 235.75 12987400
20060515 235.25 237.35 228.41 234.50 11447700
20060516 239.00 242.54 235.80 240.50 13535000
20060517 241.75 243.50 231.02 231.50 17737900
20060518 231.25 239.28 228.37 230.75 20088000
20060519 230.25 232.98 229.52 231.75 9691100
20060522 232.00 233.50 226.00 230.00 14828200
20060523 231.25 232.94 228.07 232.25 36875600
20060524 230.50 233.45 230.02 230.75 40459100
20060525 230.50 235.75 231.11 235.75 29506300
20060526 239.00 240.32 236.02 239.25 14019100
20060529 239.25 239.25 239.25 239.25 0
20060530 244.50 250.04 236.57 239.00 29247200
20060531 237.00 239.96 236.10 236.50 29952900
20060601 235.25 241.05 233.98 239.50 27440900
20060602 241.50 246.50 240.00 243.75 16192900
20060605 245.00 245.00 241.00 242.75 6339900
20060606 240.75 241.05 238.57 239.75 18253900
20060607 240.75 240.50 237.25 237.25 8883400
20060608 234.00 236.25 232.00 232.25 42427800
20060609 234.00 235.69 232.25 234.50 17444500
20060612 233.00 233.47 231.75 232.50 8075900
20060613 229.00 230.75 226.18 228.50 10059200
20060614 229.50 232.00 227.50 229.50 5965600
20060615 229.75 242.00 229.75 239.75 25787200
20060616 243.50 243.50 238.88 239.25 31793700
20060619 241.50 243.42 239.26 242.00 8828900
20060620 239.00 242.77 240.15 242.50 17948800
20060621 244.00 250.80 242.57 250.00 31925200
20060622 255.00 260.00 251.80 259.00 25812600
20060623 258.00 258.49 254.52 256.00 15504600
20060626 256.75 259.18 254.77 258.25 17924400
20060627 259.50 259.50 256.54 257.25 11812000
20060628 257.50 261.04 256.19 259.00 13119200
20060629 260.50 262.75 258.75 262.50 14448700
20060630 265.75 265.75 261.50 262.25 17252500
20060703 262.50 274.50 262.50 271.25 31920100
20060704 273.75 276.75 270.50 273.00 28373800
20060705 271.50 273.00 267.50 268.00 15976500
20060706 269.00 269.00 262.50 264.50 34249100
20060707 262.75 265.00 262.25 264.00 12234800
20060710 263.00 264.00 262.25 262.75 12587800
20060711 262.50 262.50 257.50 259.50 16156700
20060712 258.75 258.75 252.25 253.75 16547900
20060713 253.50 255.25 250.00 251.50 6374400
20060714 250.25 251.00 247.00 247.00 10272500
20060717 247.25 249.75 244.50 246.25 6833400
20060718 244.75 248.00 242.00 245.00 8991200
20060719 247.25 249.50 244.50 248.75 11538600
20060720 251.50 251.75 246.75 251.00 13422900
20060721 250.75 252.00 246.75 249.00 14750600
20060724 250.25 252.50 248.00 251.50 9664200
20060725 251.00 254.50 248.75 253.25 10774300
20060726 253.00 257.25 251.50 257.00 25933300
20060727 259.25 259.25 256.00 258.75 14560100
20060728 258.75 259.25 256.00 257.25 6040900
20060731 258.50 258.50 255.00 255.25 5702100
20060801 256.75 258.25 253.50 254.50 6704900
20060802 256.50 258.00 255.25 256.75 6461900
20060804 254.00 255.75 252.00 254.75 7482500
20060807 253.50 254.75 250.75 251.25 5153700
20060808 253.25 255.00 251.50 253.50 8655000
20060809 255.00 255.50 251.50 255.25 5737600
20060810 252.00 253.50 247.50 252.25 6764900
20060811 253.00 253.00 250.25 251.75 4797200
20060814 255.00 255.00 251.00 253.50 4182300
20060815 253.75 255.75 251.25 254.50 3425400
20060816 254.50 257.25 251.50 256.25 5468900
20060817 257.50 257.50 253.00 255.75 5888500
20060818 256.75 257.75 253.50 254.25 8315500
20060821 255.25 257.00 253.25 254.25 7284200
20060822 254.25 256.50 252.50 253.75 6480000
20060823 254.25 256.00 253.50 253.75 5527400
20060824 254.50 255.50 247.25 248.00 15142200
20060825 247.75 249.50 244.00 248.50 9574500
20060829 250.00 255.75 250.00 252.25 11279800
20060830 253.50 257.50 252.25 257.00 11730400
20060831 257.00 257.00 254.75 255.25 18482100
20060901 257.00 257.00 254.75 255.00 7662200
20060904 256.75 257.50 255.00 256.25 5648800
20060905 256.75 256.75 254.50 255.50 5659700
20060906 255.00 258.75 255.00 257.00 13024900
20060907 257.00 257.00 252.50 253.50 9569200
20060908 255.25 258.25 255.25 257.25 5247100
20060911 257.00 260.00 257.00 259.25 5292600
20060912 259.00 260.75 256.50 260.25 6100600
20060913 262.00 262.00 258.25 261.00 10713300
20060914 260.75 262.50 258.25 259.50 5648300
20060915 260.25 263.00 258.50 260.00 10020200
20060918 261.00 262.00 258.50 261.50 4722500
20060919 261.75 262.00 260.25 260.75 6436100
20060920 261.25 265.25 260.00 264.50 8270000
20060921 266.00 277.50 265.75 272.25 35241900
20060922 271.75 271.75 268.00 269.50 19722900
20060925 271.00 279.50 270.25 272.25 33870700
20060926 272.75 277.75 272.25 276.25 20746800
20060927 266.00 275.00 266.00 269.25 25624700
20060928 269.00 271.50 267.50 270.00 12932500
20060929 270.75 270.75 267.25 268.25 27828600
20061002 269.25 271.25 265.00 265.00 13797700
20061003 266.25 268.00 263.00 264.50 21313200
20061004 266.75 267.50 264.25 267.00 16470900
20061005 269.25 270.75 265.75 268.25 15865800
20061006 269.75 270.00 267.25 268.75 10372000
20061009 269.00 270.00 266.75 270.00 8014000
20061011 272.75 272.75 269.25 271.00 9619300
20061012 272.25 274.75 270.50 274.00 6037800
20061013 274.00 278.00 273.50 276.75 13908900
20061016 277.50 279.00 274.75 276.50 11717400
20061017 277.25 277.25 271.50 272.50 8956200
20061018 274.75 276.50 272.50 276.00 15572600
20061019 276.25 280.00 274.00 278.00 10421600
20061020 278.50 286.00 278.50 280.50 18418000
20061023 281.00 281.00 278.00 279.75 18478000
20061024 280.50 284.00 278.25 283.00 16041400
20061025 283.00 285.75 281.50 283.00 11132000
20061026 284.75 284.75 281.00 281.50 12510000
20061027 282.50 284.25 279.75 282.25 19482800
20061030 280.50 282.75 278.75 282.25 11851700
20061031 283.00 283.00 278.25 280.50 18325100
20061101 280.00 281.00 278.25 279.25 7966800
20061102 279.00 283.00 277.25 281.75 12623600
20061103 282.00 284.25 270.50 282.25 6824900
20061106 283.75 286.50 283.00 285.75 10290100
20061107 286.75 287.75 285.25 286.50 17222100
20061108 286.25 288.00 285.00 287.00 8113800
20061109 287.00 287.00 283.75 284.75 13459900
20061110 285.25 287.50 284.50 286.75 20251600
20061113 288.00 289.75 285.75 286.00 6675200
20061114 286.00 286.75 283.50 284.75 7780500
20061115 287.25 287.50 284.75 285.75 7135800
20061116 286.50 288.50 285.50 287.25 7871800
20061117 289.00 289.75 286.00 287.00 4071200
20061120 287.00 289.00 283.75 287.00 10294400
20061121 288.00 288.25 284.75 284.75 8358400
20061122 285.00 288.50 284.00 285.25 16638500
20061123 286.75 286.75 282.00 283.00 9699800
20061124 280.00 281.50 275.50 279.50 20859800
20061127 278.75 281.00 271.25 272.00 30981700
20061128 273.50 275.25 267.50 271.00 36033800
20061129 268.00 293.75 267.00 290.00 47669900
20061130 289.50 292.25 285.75 287.00 25917600
20061201 288.50 302.00 288.50 292.00 35563800
20061204 292.00 297.00 288.25 291.25 12772700
20061205 293.75 294.00 288.75 291.00 13999800
20061206 290.25 290.25 286.00 288.00 7592900
20061207 288.50 292.50 287.00 290.75 13457000
20061208 289.75 291.00 287.50 290.25 9575300
20061211 290.50 291.75 289.00 290.00 11902300
20061212 290.00 291.00 287.00 290.00 9446100
20061213 291.00 295.00 290.00 293.75 7592500
20061214 294.75 297.50 291.25 293.00 12625800
20061215 295.00 300.00 292.50 294.25 19219000
20061218 294.00 296.00 293.25 295.00 24182900
20061219 294.50 294.50 291.00 291.75 19161600
20061220 294.50 294.50 291.25 291.75 21268900
20061221 289.50 290.00 287.00 289.25 5486500
20061222 291.00 291.00 283.75 285.25 5389300
20061227 292.00 292.00 284.00 291.75 4487800
20061228 294.50 294.50 290.00 293.50 5039200
20061229 292.00 292.25 288.00 290.00 4271200
20070102 291.75 295.75 291.25 295.00 5724900
20070103 295.00 297.75 293.75 297.50 9148500
20070104 295.00 298.50 290.00 291.00 16931600
20070105 290.50 293.75 288.00 291.50 12964900
20070108 294.50 296.00 291.50 294.25 21095600
20070109 297.00 297.00 292.00 292.50 21041500
20070110 293.50 295.00 291.50 292.75 18538200
20070111 294.00 299.00 292.50 297.50 19611200
20070112 298.50 306.00 298.25 305.00 17491600
20070115 307.50 308.25 305.25 306.75 11629600
20070116 307.00 310.50 303.75 305.25 15371700
20070117 307.25 312.25 306.75 310.75 30196900
20070118 310.75 312.75 309.75 310.75 14214600
20070119 312.00 312.00 306.50 310.25 14853100
20070122 312.25 312.25 307.25 307.25 14603300
20070123 308.25 308.25 304.00 305.00 27646600
20070124 306.00 310.25 304.50 309.25 29746600
20070125 311.00 311.75 306.25 308.00 11290900
20070126 307.75 308.25 304.00 304.00 7504500
20070129 307.00 307.00 304.00 305.75 7746300
20070130 306.25 307.50 303.50 304.25 28269500
20070131 304.50 304.75 302.00 303.25 16626200
20070201 305.75 306.25 304.00 305.25 17616200
20070202 306.25 306.50 303.25 305.25 16340200
20070205 305.75 306.50 304.50 305.50 14876600
20070206 306.00 308.25 305.50 307.50 18627100
20070207 302.75 303.50 301.00 302.25 34224300
20070208 302.75 302.75 299.00 300.50 35909400
20070209 300.75 304.00 299.75 303.00 15122800
20070212 302.50 303.25 299.50 302.75 8847400
20070213 304.00 309.25 303.50 307.00 22562500
20070214 307.00 308.50 305.00 307.00 8709100
20070215 308.25 309.75 305.50 309.25 17090300
20070216 310.25 323.00 310.00 312.00 84427000
20070220 310.00 310.00 304.25 306.25 17715500
20070221 308.00 308.75 304.50 306.25 19410600
20070222 309.00 309.00 305.25 306.75 18826600
20070223 306.75 309.75 303.00 309.75 21174300
20070226 309.50 315.00 309.00 313.75 50465100
20070227 313.50 313.50 306.00 306.25 26581800
20070228 302.00 306.50 298.00 303.00 21751900
20070301 303.75 309.75 295.75 300.75 24279300
20070302 303.50 304.75 299.00 300.25 36944000
20070305 294.25 298.50 291.75 297.50 12907700
20070306 297.25 302.00 294.25 301.25 15125400
20070307 301.25 308.75 301.25 305.00 56274500
20070308 307.00 314.00 305.75 312.00 27592500
20070309 312.00 312.75 308.00 309.00 15909300
20070312 310.50 312.75 307.25 308.25 14037000
20070313 310.00 310.75 305.25 305.75 13061300
20070314 302.00 302.75 298.50 299.00 25899300
20070315 301.25 304.25 297.50 303.00 23175500
20070316 303.00 309.00 300.75 308.25 27415100
20070319 309.50 312.00 309.25 311.75 17643900
20070320 312.50 320.25 308.25 316.75 26775500
20070321 318.50 322.75 318.50 320.50 21395300
20070322 325.00 325.00 318.50 321.75 15101900
20070323 322.00 323.50 320.00 323.00 9555200
20070326 323.50 323.50 319.00 320.00 9042300
20070327 323.00 323.25 316.50 318.25 9814000
20070328 318.25 320.75 316.50 320.00 17944200
20070329 327.25 342.25 327.25 335.75 42769300
20070330 338.00 340.50 336.25 340.00 23145900
20070402 341.00 351.25 340.50 348.25 34581800
20070403 350.00 352.50 347.00 349.75 18054100
20070404 352.25 355.00 348.25 349.25 18326400
20070405 350.50 352.75 348.25 350.25 13559400
20070410 350.25 353.75 348.00 349.75 18300800
20070411 348.25 355.25 348.00 353.00 13640000
20070412 357.00 357.25 348.75 352.00 17348300
20070413 353.75 353.75 349.25 352.50 13145900
20070416 352.50 358.00 351.75 356.00 11844100
20070417 355.50 358.00 352.00 357.25 12626600
20070418 358.25 359.25 354.75 355.75 13806000
20070419 353.00 355.75 351.25 354.00 13222400
20070420 354.75 358.00 354.25 357.00 11273800
20070423 359.00 359.75 354.50 357.25 9601400
20070424 356.25 358.00 353.25 356.25 9585400
20070426 360.00 368.00 354.75 358.50 15289600
20070427 357.00 360.00 355.25 358.25 12540700
20070430 359.75 367.25 358.00 364.50 13927900
20070501 365.00 368.75 359.50 362.00 11323000
20070502 367.00 368.75 363.00 365.25 10594600
20070503 363.75 365.50 358.50 365.00 10743000
20070504 365.00 369.75 363.00 368.00 7195300
20070508 369.50 369.50 361.25 363.50 20194900
20070509 363.00 366.00 355.75 356.25 21718700
20070510 357.75 358.25 351.75 354.50 14814300
20070511 354.50 359.25 353.50 358.50 16169700
20070514 363.50 366.00 355.00 358.00 11406000
20070515 356.25 362.25 353.50 360.25 18084400
20070516 359.75 374.75 356.00 373.50 35335200
20070517 375.50 380.25 372.50 378.25 27760600
20070518 379.00 381.25 377.25 379.00 24630500
20070521 380.75 382.50 377.00 379.25 14102700
20070522 380.00 381.00 376.00 377.50 17212100
20070523 383.00 384.25 378.50 381.75 15764500
20070524 381.00 382.25 379.25 380.25 17681300
20070525 376.25 377.25 373.75 374.50 17081000
20070529 378.00 380.00 375.25 378.25 5929900
20070530 377.25 378.25 373.00 375.50 13708500
20070531 380.00 380.00 374.00 377.00 18388400
20070604 378.75 378.75 375.25 375.75 5831100
20070605 374.25 376.75 370.00 370.50 12497500
20070606 372.00 372.00 360.50 361.25 21347600
20070607 362.25 368.00 358.50 362.00 22031500
20070608 361.50 362.50 355.25 360.75 13592800
20070611 362.00 366.00 361.50 365.50 17195400
20070612 366.00 369.75 364.00 366.25 41625300
20070613 366.50 378.75 365.25 371.25 31217900
20070614 375.00 375.00 370.25 371.00 47162400
20070615 372.00 375.25 370.50 371.00 24184700
20070618 370.75 373.00 367.50 369.00 20513300
20070619 372.50 373.75 367.75 369.50 21116600
20070620 370.00 371.00 361.00 362.00 21457500
20070621 360.00 364.25 354.50 359.75 27439700
20070622 361.50 361.50 359.00 359.25 16420400
20070625 356.75 359.50 355.25 357.50 15494700
20070626 355.00 357.50 353.25 356.00 24253700
20070627 352.00 353.25 348.00 350.00 25881600
20070628 353.25 353.50 345.00 349.25 32937500
20070629 350.00 350.00 341.25 345.75 28134700
20070702 345.75 348.00 342.00 347.00 17216100
20070703 347.50 351.00 346.00 349.50 11683000
20070704 349.75 355.75 349.75 354.50 8741500
20070705 356.00 356.75 351.25 353.00 13463000
20070706 354.50 355.50 349.25 353.00 11300400
20070709 355.50 355.75 351.50 352.00 12662200
20070710 352.00 352.00 346.25 347.50 8617800
20070711 345.00 354.50 343.25 352.00 66357700
20070712 352.25 353.50 347.75 349.50 18748200
20070713 353.75 353.75 350.50 351.50 10883500
20070716 352.75 355.75 350.00 355.00 15513700
20070717 355.00 355.00 348.75 352.50 15100000
20070718 350.50 353.00 348.00 349.25 11404300
20070719 350.25 354.25 346.50 352.25 18483400
20070720 355.00 355.50 348.25 349.50 9361300
20070723 348.25 350.50 342.00 345.50 17217300
20070724 345.50 345.50 336.25 336.50 22254300
20070725 337.25 337.25 331.00 332.25 15652900
20070726 333.50 333.50 318.50 320.00 26370600
20070727 317.75 324.25 310.25 311.00 22996900
20070730 312.50 318.25 311.00 317.25 26483100
20070731 320.50 336.25 318.25 335.50 54690800
20070801 331.00 337.75 326.50 333.25 27263300
20070802 334.00 336.25 328.75 330.00 19682600
20070803 330.00 333.00 326.00 326.50 11813100
20070806 323.25 324.75 318.00 319.50 17646500
20070807 321.50 325.00 321.50 324.75 11660300
20070808 326.00 329.50 324.00 328.00 26218700
20070809 328.75 328.75 320.25 323.25 25759700
20070810 317.50 322.50 309.25 312.00 23889800
20070813 315.00 318.50 315.00 317.25 13395000
20070815 314.75 321.25 312.50 317.00 66588900
20070816 311.50 312.25 291.25 296.75 24110200
20070817 295.75 305.75 289.75 301.00 29172900
20070820 299.50 309.50 299.50 305.50 14913800
20070821 306.00 309.75 299.25 304.00 16981700
20070822 304.75 319.25 304.75 318.50 18726200
20070823 322.25 326.25 318.25 318.50 12206300
20070824 317.25 320.75 316.50 318.75 6397500
20070828 321.00 321.00 313.25 314.75 9015300
20070829 314.75 318.75 312.50 318.75 15036100
20070830 319.50 324.00 316.50 323.50 9101400
20070831 324.50 327.75 321.50 325.00 15533800
20070903 327.25 331.50 325.25 330.25 7552000
20070904 330.75 332.00 324.50 328.00 13703400
20070905 328.50 329.00 320.00 320.50 7678400
20070906 324.00 325.25 314.00 319.75 21999100
20070907 320.50 321.50 307.75 309.00 18495100
20070910 311.75 311.75 305.25 307.00 11046900
20070911 311.00 313.75 308.00 313.50 14490900
20070912 312.75 314.00 309.25 310.00 8278100
20070913 311.00 319.75 308.50 318.00 26423200
20070914 315.50 316.50 308.00 312.75 12870400
20070917 312.75 312.75 304.50 306.00 13486600
20070918 304.25 310.25 303.00 308.00 17735500
20070919 317.75 317.75 310.50 315.50 24189700
20070920 315.25 317.25 311.00 314.50 21391600
20070921 312.25 321.50 312.25 320.25 23623800
20070924 319.25 324.25 316.50 321.25 16924800
20070925 321.00 321.50 315.00 316.00 25593300
20070926 319.00 322.75 316.00 320.25 29861000
20070927 332.00 334.00 309.00 310.75 43892400
20070928 312.50 312.50 288.50 302.00 59841400
20071001 301.00 304.50 299.75 303.50 15214400
20071002 305.00 307.00 298.50 302.50 24568400
20071003 304.75 308.00 302.50 303.75 21872900
20071004 304.00 312.75 303.25 311.25 20046000
20071005 313.00 313.75 309.75 311.25 8924400
20071008 311.00 315.00 311.00 312.00 8020700
20071009 312.25 320.75 312.00 319.00 18480400
20071010 319.00 322.25 316.75 322.25 24133400
20071011 324.00 329.00 321.50 326.50 23349100
20071012 325.50 326.75 324.00 326.75 13389100
20071015 325.75 328.00 320.75 321.25 11990100
20071016 321.75 322.50 317.50 320.00 22081400
20071017 321.25 330.00 320.00 328.25 18856900
20071018 329.50 330.50 320.50 324.50 18201600
20071019 324.50 326.25 320.25 321.50 6928300
20071022 318.50 320.75 314.25 318.50 13342000
20071023 322.50 324.50 320.00 323.00 13729700
20071024 324.50 325.50 321.25 322.50 12443900
20071025 326.00 331.25 323.25 330.25 15264500
20071026 332.00 332.00 327.50 329.75 14279000
20071029 333.75 341.75 332.50 341.75 15556800
20071030 339.50 344.50 339.00 341.25 9428000
20071031 342.00 348.00 341.25 346.00 11650100
20071101 347.00 347.75 337.00 337.50 6864600
20071102 335.00 337.50 330.00 331.50 9854200
20071105 329.75 330.00 324.00 326.50 6607100
20071106 330.00 330.50 321.75 322.75 5664600
20071107 325.50 326.00 318.00 318.00 6057000
20071108 316.00 324.25 312.00 322.00 9207000
20071109 325.00 325.25 312.75 313.25 9725500
20071112 311.00 317.00 311.00 316.50 7505500
20071113 313.25 317.25 312.00 316.00 7165100
20071114 320.00 321.50 310.50 312.00 11117300
20071115 312.75 313.00 298.25 301.25 16556900
20071116 300.00 302.00 284.75 287.50 23263300
20071119 289.25 294.75 277.25 278.00 11212000
20071120 281.00 285.00 273.00 280.25 12800200
20071121 278.00 278.75 272.25 277.75 12270500
20071122 278.50 287.25 277.00 286.75 7581400
20071123 287.50 298.00 286.25 298.00 9429500
20071126 300.50 305.00 295.25 297.50 9149400
20071127 294.25 297.50 275.00 289.25 16176400
20071128 306.00 318.25 303.00 316.25 22876100
20071129 320.75 321.50 313.00 315.50 9387900
20071130 316.00 320.00 314.75 318.75 12938500
20071203 318.75 323.25 317.25 322.00 9624900
20071204 322.75 324.00 315.50 317.75 11750800
20071205 321.75 326.50 316.25 318.00 10614900
20071206 321.50 322.25 309.50 312.25 8752300
20071207 316.00 318.00 312.25 315.75 6787800
20071210 315.50 328.25 313.25 326.25 10385200
20071211 326.75 329.00 319.75 320.75 9859000
20071212 319.00 324.50 313.75 322.50 16131600
20071213 319.50 323.00 311.75 312.75 9831700
20071214 315.75 321.50 313.00 318.50 8663800
20071217 314.50 315.25 309.50 312.00 6838300
20071218 312.00 320.00 312.00 312.50 9184400
20071219 312.00 316.25 306.50 313.00 16327100
20071220 314.75 324.00 311.75 322.75 14709400
20071221 328.00 328.75 322.25 322.25 11295300
20071224 325.00 325.00 316.75 318.00 2219700
20071227 320.00 324.00 313.25 313.75 5753200
20071228 312.50 313.25 310.00 312.00 6313900
20071231 306.00 310.00 306.00 308.50 3223400
20080102 306.50 315.00 306.50 312.00 7289400
20080103 310.00 312.75 306.75 308.75 11773400
20080104 308.00 312.25 303.75 306.50 13776800
20080107 307.00 307.00 298.25 302.00 10634900
20080108 304.75 309.25 303.50 306.75 12971700
20080109 306.00 311.00 303.25 305.25 23364200
20080110 305.75 307.00 291.75 293.75 21008700
20080111 295.00 299.25 288.00 295.50 17297200
20080114 296.00 305.25 294.25 301.00 16425000
20080115 301.50 306.50 297.75 299.00 39815400
20080116 299.50 310.75 296.25 308.00 24621100
20080117 309.00 315.75 308.50 312.75 17702900
20080118 310.25 324.50 310.25 316.25 18360000
20080121 307.75 316.25 298.75 303.50 12378000
20080122 296.25 314.00 288.00 311.50 22179500
20080123 317.75 317.75 299.25 305.50 49305700
20080124 312.75 333.25 312.00 331.00 38661400
20080125 334.25 335.25 319.50 320.75 12785200
20080128 315.00 324.00 312.00 322.50 11664000
20080129 327.00 327.00 316.25 324.25 11329800
20080130 321.25 321.25 312.50 314.00 9067600
20080131 315.00 318.25 302.25 316.00 13152500
20080201 320.50 329.50 313.25 329.50 15949000
20080204 333.50 337.00 322.75 326.25 9824800
20080205 326.00 326.00 309.50 311.50 12039100
20080206 308.00 318.00 307.00 316.75 11385300
20080207 316.75 316.75 306.50 313.75 12099900
20080208 319.25 329.75 319.25 326.50 24315500
20080211 325.25 334.00 322.00 330.50 14159600
20080212 333.75 334.50 326.75 332.75 39069600
20080213 330.00 332.75 324.25 326.75 35765200
20080214 329.00 333.25 326.00 328.75 11505600
20080215 328.75 329.25 317.50 322.00 12799200
20080218 324.00 328.00 324.00 327.50 6901800
20080219 325.00 334.75 323.25 332.00 6986700
20080220 330.00 338.25 325.25 337.75 14307400
20080221 339.00 342.50 333.00 334.00 39447500
20080222 332.00 333.25 323.50 324.50 25188700
20080225 326.00 336.75 325.75 335.25 11092900
20080226 337.00 341.75 330.75 332.00 11574700
20080227 334.75 337.75 330.25 335.25 10728400
20080228 334.50 335.75 327.50 328.00 7890400
20080229 328.00 329.75 322.75 326.50 13790800
20080303 321.50 335.00 321.50 332.25 14628100
20080304 331.50 341.00 331.25 339.75 18769400
20080305 343.00 350.50 339.00 349.25 16874000
20080306 349.00 349.00 331.50 332.75 15342500
20080307 329.25 340.25 326.25 335.50 13519500
20080310 330.75 332.00 316.00 320.00 23546200
20080311 320.00 324.50 315.25 317.50 13905200
20080312 326.00 326.00 313.50 315.00 12910800
20080313 311.00 315.50 307.25 315.00 15191200
20080314 314.50 316.75 305.00 306.50 19901500
20080318 312.25 323.25 309.00 321.75 14272300
20080319 325.00 326.50 311.75 312.75 18005100
20080320 308.75 311.50 306.25 309.25 15321600
20080325 318.25 318.75 309.75 312.75 24371300
20080326 311.25 312.00 307.25 310.50 15752700
20080327 321.50 324.50 317.25 321.50 30131500
20080328 322.00 327.25 319.25 325.00 18053700
20080331 321.75 327.25 317.00 322.25 19542800
20080401 321.75 337.50 321.00 335.00 21929000
20080402 335.25 337.25 329.25 335.00 21569700
20080403 337.00 339.00 328.50 330.00 10940100
20080404 330.25 334.00 325.25 330.00 10810900
20080407 333.00 333.50 329.75 331.50 6830200
20080408 330.00 331.00 326.75 329.50 10442300
20080409 328.50 332.25 326.50 327.50 7196000
20080410 327.50 332.50 320.25 326.50 10321200
20080411 330.50 330.50 322.75 328.50 9749700
20080414 324.25 330.00 324.25 328.25 6702100
20080415 329.25 333.00 324.25 331.00 8039600
20080416 333.25 336.50 330.75 336.50 7850700
20080417 337.00 346.75 337.00 340.00 15687000
20080418 340.00 346.75 339.00 344.25 8407100
20080421 344.00 346.75 339.50 342.25 7154300
20080422 339.75 344.00 337.00 338.25 7606500
20080423 340.00 341.00 333.50 340.00 8495300
20080424 340.00 341.25 333.00 337.75 7237500
20080425 341.25 345.50 338.25 344.00 9100200
20080428 344.00 347.25 339.50 341.75 5152000
20080429 342.00 342.00 336.50 340.25 3903700
20080430 339.25 343.25 335.50 341.00 5564100
20080501 342.75 342.75 336.50 341.75 2317600
20080502 345.50 351.00 344.00 349.75 6144300
20080506 347.50 356.75 345.75 347.50 9568000
20080507 348.00 357.50 347.50 356.25 7163900
20080508 346.00 358.75 346.00 358.00 7681600
20080509 355.50 359.00 347.75 357.50 8886700
20080512 356.00 366.50 352.25 354.50 6529700
20080513 357.00 358.50 340.00 342.25 15451900
20080514 346.00 360.50 342.00 358.00 16333300
20080515 358.00 358.00 352.00 356.25 9134300
20080516 360.50 369.25 358.00 367.25 10271300
20080519 367.75 380.00 364.75 377.50 9431100
20080520 374.75 377.00 362.75 362.75 9835700
20080521 364.50 368.00 358.50 360.00 9792500
20080522 358.00 363.00 355.50 360.75 7939500
20080523 360.75 364.75 358.25 361.75 8663600
20080527 363.75 376.00 362.25 373.25 11628700
20080528 375.00 382.25 374.50 379.25 13678900
20080529 379.00 380.00 368.75 371.50 13036600
20080530 372.25 378.00 368.25 375.00 11522400
20080602 373.50 386.75 369.75 384.00 12674100
20080603 381.75 386.75 380.00 385.00 9160600
20080604 389.50 396.00 382.50 393.75 13446300
20080605 393.25 396.25 382.25 392.50 9975400
20080606 392.50 394.00 375.75 378.00 13895900
20080610 368.25 379.25 363.75 375.50 12224900
20080611 375.00 378.00 361.50 362.50 10752200
20080612 361.50 369.25 357.50 367.25 8281700
20080613 363.75 372.00 360.25 369.25 9206200
20080616 369.50 370.75 359.25 359.50 6344900
20080617 362.00 369.00 359.75 364.50 7461500
20080618 361.75 370.00 359.50 367.75 11123400
20080619 364.00 366.50 360.50 360.50 8382200
20080620 360.50 368.00 357.25 358.25 11242900
20080623 357.25 371.25 357.25 369.50 8628300
20080624 368.25 374.25 363.50 371.00 12149100
20080625 367.50 375.25 365.00 374.25 7484500
20080626 370.25 371.75 368.50 370.00 14191600
20080627 366.25 373.75 365.75 373.00 18818600
20080630 372.75 380.75 369.25 379.50 9719900
20080701 376.00 379.00 359.00 360.50 23974100
20080702 361.75 362.00 338.50 338.50 26549200
20080703 335.00 351.75 332.75 350.00 18800600
20080704 351.25 351.25 336.75 338.75 10166400
20080707 343.25 350.50 340.50 348.50 10245900
20080708 340.75 350.25 339.00 346.75 11552300
20080709 353.00 357.25 348.00 355.50 10144400
20080710 349.75 354.75 347.75 352.50 10515200
20080711 352.50 360.00 340.25 340.25 10153900
20080714 347.00 353.75 339.25 341.00 7694900
20080715 339.25 349.50 332.00 345.75 14229100
20080716 346.25 351.00 336.50 342.50 12327200
20080717 347.50 359.75 345.25 357.25 14246700
20080718 354.75 364.50 350.50 360.00 13165500
20080721 358.50 364.25 351.50 362.75 8327200
20080722 357.25 370.50 352.00 368.25 9821400
20080723 375.75 379.75 370.00 371.25 14111500
20080724 376.50 378.00 350.50 355.00 13695600
20080725 354.50 354.50 337.75 345.00 15699100
20080728 345.75 350.00 337.00 342.25 11739600
20080729 339.50 368.25 335.00 363.75 12410000
20080730 367.00 375.00 366.50 370.00 12425900
20080731 370.00 371.75 362.00 366.00 11163100
20080801 364.00 370.00 361.00 363.50 5714700
20080804 365.25 365.25 353.00 360.75 11595300
20080805 362.00 376.50 361.00 376.50 7682500
20080806 375.75 385.00 370.75 375.25 9898200
20080807 374.50 374.50 367.25 367.75 8140200
20080808 365.00 378.50 363.00 376.75 9485400
20080811 379.25 387.50 373.75 386.25 10635800
20080812 387.25 393.25 378.75 383.25 11201500
20080813 381.50 381.50 364.00 364.25 10001400
20080814 367.75 379.50 365.00 371.00 7467800
20080815 374.00 378.50 368.75 373.75 5777800
20080818 370.50 374.50 366.50 366.50 5364100
20080819 361.25 361.75 351.75 351.75 8861000
20080820 353.00 357.00 350.00 354.25 8262700
20080821 350.50 357.25 348.00 353.00 5460400
20080822 355.75 364.00 352.25 363.25 6106900
20080826 357.75 362.00 351.75 357.25 8381800
20080827 357.75 360.50 352.00 356.75 9562900
20080828 356.25 361.50 352.25 358.75 5316200
20080829 360.75 369.75 359.00 366.50 9409600
20080901 362.50 374.75 359.50 372.50 6765000
20080902 374.00 380.75 370.00 373.50 8147700
20080903 371.25 372.75 362.50 363.50 10097700
20080904 362.75 366.50 350.50 350.75 4769600
20080905 348.50 352.00 343.00 347.00 7446400
20080908 356.75 359.75 347.75 355.50 2761800
20080909 357.00 367.75 352.75 354.75 7952200
20080910 354.25 354.25 342.25 343.50 10494900
20080911 344.00 352.50 340.75 349.00 10125200
20080912 353.25 355.75 347.00 352.00 9104300
20080915 348.50 353.00 338.50 344.75 15528800
20080916 348.00 352.50 327.50 338.25 20669600
20080917 339.50 347.50 325.75 328.00 15794300
20080918 333.00 343.00 326.75 334.75 11634200
20080919 350.00 357.25 335.00 347.00 8996600
20080922 331.00 341.00 330.25 330.25 8662800
20080923 325.00 334.25 303.75 330.50 14658100
20080924 332.00 334.50 326.75 331.25 11632800
20080925 334.00 335.25 326.75 328.75 13924000
20080926 327.50 332.25 321.00 331.75 13777200
20080929 331.50 346.00 329.25 331.25 13387200
20080930 326.50 347.25 326.50 344.00 13363500
20081001 349.25 354.75 339.75 354.25 8912300
20081002 353.75 365.50 351.00 351.50 9712500
20081003 353.75 354.00 333.25 339.25 8065800
20081006 314.00 327.00 310.25 311.25 6000100
20081007 314.00 319.50 303.75 311.25 12479100
20081008 300.00 313.25 286.00 287.25 13084200
20081009 289.00 302.00 285.50 294.00 10387900
20081010 266.00 285.00 256.75 263.00 9764900
20081013 270.75 289.00 262.75 286.25 9885100
20081014 297.00 309.00 294.25 305.50 10297500
20081015 306.50 310.50 287.00 289.75 10759700
20081016 270.00 286.50 258.25 265.75 12900900
20081017 278.00 278.00 259.25 270.00 11165400
20081020 274.50 279.75 263.00 279.75 12473000
20081021 284.75 287.25 277.25 284.00 11656400
20081022 274.50 290.00 274.50 287.50 10042400
20081023 287.00 292.50 274.00 281.50 9929900
20081024 271.00 273.25 247.25 255.50 16980800
20081027 244.25 250.00 238.50 245.00 13052600
20081028 250.75 264.50 242.00 259.50 11377200
20081029 271.75 279.75 262.00 279.75 12006800
20081030 285.00 297.00 281.00 295.25 11459700
20081031 297.50 297.50 279.75 287.75 11367400
20081103 296.25 296.50 283.50 289.25 7354400
20081104 287.75 309.00 286.50 306.75 8307300
20081105 310.00 310.00 297.75 306.00 5802400
20081106 295.00 305.00 285.75 287.25 8449600
20081107 288.75 293.75 279.25 288.50 10041200
20081110 297.00 302.00 290.00 293.00 5837100
20081111 287.75 294.50 283.25 284.75 11224700
20081112 289.25 294.00 266.00 270.00 16281000
20081113 265.75 270.75 250.75 260.50 13998300
20081114 272.00 273.00 259.75 264.50 22176800
20081117 262.50 266.50 250.75 252.00 12725700
20081118 252.25 257.25 244.00 246.50 12586800
20081119 248.75 252.25 242.25 244.50 18421000
20081120 237.50 253.00 237.50 244.00 24017100
20081121 245.25 255.75 235.50 237.50 21642700
20081124 245.00 254.00 240.00 251.50 20831600
20081125 249.75 262.50 237.25 257.50 17221300
20081126 274.75 288.50 267.25 281.50 21870100
20081127 281.75 294.25 277.50 291.50 9440200
20081128 290.25 306.25 287.50 306.25 8603400
20081201 304.75 304.75 284.00 286.00 8804800
20081202 280.00 304.50 280.00 303.75 13851900
20081203 304.50 304.50 288.25 302.00 16628000
20081204 303.25 318.50 295.00 310.50 12958000
20081205 308.75 310.25 289.75 292.25 10438200
20081208 304.75 319.75 304.75 317.50 8043400
20081209 319.25 334.50 311.75 329.50 11091000
20081210 331.00 331.25 320.75 323.00 13727900
20081211 322.75 328.50 318.25 323.75 7349500
20081212 312.25 327.25 308.75 326.00 6941100
20081215 327.75 331.50 324.50 329.50 10561700
20081216 327.25 340.00 327.25 336.75 19623700
20081217 337.75 349.50 331.25 339.00 14737500
20081218 341.75 348.25 339.25 346.00 6821100
20081219 340.00 340.25 323.75 332.00 13975400
20081222 328.00 334.25 319.50 323.50 6665100
20081223 321.25 336.75 320.50 334.75 6165000
20081224 331.25 331.25 323.75 326.50 780600
20081229 330.00 331.50 327.00 331.50 3699700
20081230 334.75 339.50 330.25 336.25 3497200
20081231 339.75 344.75 331.25 344.00 1318000
20090102 343.25 352.75 343.25 352.75 2107900
20090105 359.75 365.00 355.50 362.00 5903200
20090106 364.25 365.00 350.25 354.25 8417700
20090107 356.00 356.25 330.00 337.25 12078900
20090108 337.75 337.75 328.50 333.50 6512600
20090109 335.00 341.25 327.75 329.50 8306000
20090112 330.00 332.25 322.75 328.75 7075100
20090113 325.00 332.00 324.25 328.00 7363900
20090114 332.75 335.50 311.50 319.25 8612900
20090115 317.50 324.25 309.75 320.00 27088100
20090116 327.00 333.75 320.50 323.75 8139100
20090119 330.25 339.00 326.75 332.75 7600200
20090120 334.25 341.50 331.50 338.75 10515700
20090121 332.50 341.25 325.25 336.50 10366200
20090122 341.75 347.50 334.00 336.50 7003000
20090123 334.50 338.25 325.25 331.50 6357300
20090126 331.00 340.25 327.75 338.75 7696300
20090127 338.25 343.25 331.50 342.50 5167800
20090128 339.50 348.25 337.00 337.25 13184800
20090129 336.00 342.25 334.00 339.25 6073100
20090130 340.25 353.75 337.25 343.25 12330500
20090202 341.00 341.00 324.50 325.50 13525700
20090203 327.00 338.75 321.25 337.00 6649700
20090204 340.00 347.50 338.25 343.00 27749100
20090205 349.00 360.00 341.00 357.25 33120800
20090206 361.00 361.00 345.50 355.50 16107400
20090209 356.00 362.00 351.25 355.75 8590000
20090210 355.75 356.25 344.50 344.50 11032300
20090211 343.25 348.75 339.75 343.25 5838400
20090212 338.00 342.50 325.75 332.50 15490100
20090213 335.50 340.00 329.25 331.25 9873700
