20061009 554.85 599.44 554.85 570.70 27830768
20061011 555.84 576.65 555.84 568.72 19440904
20061012 571.69 572.19 560.79 568.72 26550290
20061013 573.18 574.67 562.78 566.74 19828670
20061016 564.76 568.72 558.81 564.76 10079908
20061017 561.29 564.76 552.87 554.35 14414575
20061018 554.85 585.56 553.86 575.66 31451772
20061019 570.21 582.59 565.25 572.68 11942640
20061020 569.71 589.53 569.71 583.09 12346151
20061023 583.58 584.57 575.16 579.62 6446490
20061024 581.11 587.05 579.62 584.57 11775200
20061025 584.57 584.57 578.13 584.57 5091023
20061026 584.57 584.57 578.13 578.13 4091329
20061027 579.62 579.62 564.76 568.23 8349392
20061030 566.74 569.71 560.30 566.24 4740298
20061031 566.74 572.19 561.79 571.69 7188212
20061101 567.23 574.17 565.75 567.23 6701839
20061102 564.76 569.71 556.83 559.80 10046097
20061103 568.23 576.65 563.77 572.68 9659844
20061106 566.74 571.69 566.24 571.69 6679634
20061107 570.21 588.54 570.21 585.56 5552064
20061108 584.57 589.53 577.14 581.60 5896431
20061109 579.62 582.10 575.16 576.15 6768047
20061110 576.65 586.56 569.71 580.61 2954069
20061113 582.59 596.46 582.59 593.99 6072450
20061114 591.51 622.22 589.53 609.34 19508424
20061115 614.30 614.30 600.43 605.38 8799128
20061116 602.90 606.37 589.53 598.44 5386440
20061117 599.44 603.40 594.48 596.96 9558916
20061120 593.00 604.39 585.07 594.48 6902181
20061121 593.49 618.76 592.50 613.80 19932020
20061122 611.82 617.27 605.88 605.88 11641874
20061123 610.83 617.27 603.89 607.36 8041459
20061124 608.85 610.83 585.07 594.98 12286503
20061127 593.00 598.44 580.11 580.61 5755434
20061128 580.11 583.58 558.32 560.79 19789712
20061129 564.76 578.63 564.76 571.69 14528523
20061130 569.71 585.07 569.71 581.60 11937795
20061201 588.04 598.44 572.68 574.67 8813763
20061204 573.18 578.63 568.72 568.72 4276229
20061205 568.72 572.68 564.76 566.74 4640177
20061206 564.76 571.69 562.78 569.71 5096574
20061207 564.76 580.11 564.76 579.12 11969588
20061208 576.65 580.61 571.69 574.67 5467385
20061211 578.13 583.09 572.68 574.17 6866150
20061212 577.64 577.64 568.72 574.67 9629364
20061213 572.19 588.54 571.20 576.65 14861586
20061214 574.67 586.56 574.67 580.61 7357973
20061215 583.09 587.05 580.11 582.10 8587482
20061218 584.57 586.56 578.63 582.10 5614639
20061219 580.11 583.58 578.63 582.10 5485653
20061220 585.56 600.43 585.56 587.55 8389965
20061221 586.56 590.52 584.57 585.56 2577506
20061222 587.55 592.00 578.63 591.51 759485
20061227 594.48 599.44 590.02 594.48 1194183
20061228 594.48 594.48 588.04 591.01 847595
20061229 589.53 599.93 588.54 593.99 2358996
20070102 597.45 597.45 590.52 592.50 6445985
20070103 598.00 599.00 593.50 596.00 7310300
20070104 594.00 595.50 582.00 589.00 4867600
20070105 585.50 594.00 585.50 589.00 3406400
20070108 588.00 593.00 585.00 587.50 4951000
20070109 593.00 598.00 590.00 594.00 7117600
20070110 594.00 600.00 578.50 580.00 26080300
20070111 580.00 591.50 574.50 587.50 8479600
20070112 588.50 591.00 583.00 586.00 10022500
20070115 586.50 593.00 583.00 590.50 4847300
20070116 591.00 593.50 586.00 586.00 10221000
20070117 587.00 588.50 579.00 585.00 4894400
20070118 583.00 590.50 583.00 590.00 6114700
20070119 592.00 592.00 584.00 586.00 10834000
20070122 585.00 592.50 584.00 587.00 4257000
20070123 586.00 590.00 581.00 587.50 8575900
20070124 587.50 599.00 585.50 596.00 10117300
20070125 591.50 596.00 580.50 581.00 18595000
20070126 580.00 581.00 574.00 575.00 11105400
20070129 576.00 576.50 570.50 576.50 7347700
20070130 577.00 581.50 571.50 576.00 8776300
20070131 574.00 580.50 574.00 577.50 7101200
20070201 578.00 597.50 578.00 591.00 19622200
20070202 595.00 608.00 592.00 604.00 13088600
20070205 604.00 608.50 597.00 599.00 4754100
20070206 601.00 606.50 598.00 605.00 3793900
20070207 605.00 605.00 598.50 600.00 5771500
20070208 605.00 607.00 595.50 597.50 5546100
20070209 597.50 606.00 597.50 603.00 3594500
20070212 599.50 602.50 594.50 596.50 2526800
20070213 609.50 609.50 600.00 602.00 4135500
20070214 601.00 605.00 596.50 600.00 3365100
20070215 603.50 605.00 597.00 602.00 7840100
20070216 600.00 612.50 600.00 612.00 11842100
20070220 624.00 624.00 608.50 612.00 7259700
20070221 618.00 620.50 609.00 611.50 8862900
20070222 615.50 621.00 610.00 618.50 5974400
20070223 621.50 623.50 611.00 622.50 6604600
20070226 623.00 637.00 623.00 631.50 7218500
20070227 631.00 631.00 603.00 604.00 10473800
20070228 596.50 606.00 587.00 595.50 13008300
20070301 592.00 611.00 587.50 593.00 13535400
20070302 593.00 598.00 581.50 585.00 10036600
20070305 580.00 582.50 568.00 572.50 11540400
20070306 575.50 583.00 570.50 580.00 7361100
20070307 577.50 583.00 577.50 581.00 5560100
20070308 584.50 598.00 580.00 593.50 9765000
20070309 592.00 600.00 583.00 591.50 6660200
20070312 595.50 596.00 587.00 587.50 3777900
20070313 582.50 590.00 579.50 582.00 6698100
20070314 571.50 577.00 561.50 570.00 7909400
20070315 578.00 590.00 574.00 585.00 5068000
20070316 585.00 589.00 577.50 578.50 6113300
20070319 579.50 590.00 579.50 588.00 3962900
20070320 586.50 594.00 583.50 590.00 8549000
20070321 586.50 605.00 586.50 603.50 6159100
20070322 607.00 612.00 599.00 600.50 7903700
20070323 602.00 604.50 593.50 600.50 4154200
20070326 602.50 606.00 593.00 595.00 2230800
20070327 595.00 600.00 582.00 583.50 10392600
20070328 585.00 586.50 578.50 584.50 7305300
20070329 588.50 590.00 580.00 582.00 7466400
20070330 582.00 589.00 582.00 585.50 5396800
20070402 587.00 606.00 584.00 604.50 11147900
20070403 605.50 618.00 605.50 614.00 5560200
20070404 617.50 620.00 606.50 610.00 5705800
20070405 610.50 615.50 608.00 612.00 1870500
20070410 612.00 619.00 610.50 615.00 2624500
20070411 613.50 619.50 603.50 605.00 4021500
20070412 603.00 605.00 593.00 596.00 4309900
20070413 594.00 597.50 588.50 589.00 5848600
20070416 590.00 603.50 583.50 602.00 6963900
20070417 591.50 595.00 585.00 594.00 15358300
20070418 589.50 594.50 589.50 593.00 2523000
20070419 585.00 593.50 583.00 589.00 9149000
20070420 593.00 593.00 587.00 588.50 9140800
20070423 588.00 591.00 579.50 581.50 8499100
20070424 581.00 584.00 576.50 578.00 4001200
20070426 582.00 582.00 567.00 567.50 13617700
20070427 569.50 573.00 565.00 570.00 14339000
20070430 571.00 573.00 566.50 568.50 7132800
20070501 565.00 580.50 560.50 570.00 8435100
20070502 574.00 578.00 568.50 576.50 9153400
20070503 575.00 581.00 571.00 577.00 7424400
20070504 576.50 595.00 576.00 592.00 7855900
20070508 592.00 592.00 587.00 591.00 3099100
20070509 590.00 595.00 583.50 586.50 6868000
20070510 590.00 590.00 581.00 583.00 5543200
20070511 580.50 583.00 570.50 578.00 9871700
20070514 578.00 585.50 578.00 585.00 3538600
20070515 581.00 585.00 577.50 581.00 9152400
20070516 577.50 582.00 573.50 576.00 12351400
20070517 586.00 602.00 585.00 598.50 14995000
20070518 597.50 610.00 594.00 609.50 9506500
20070521 612.50 612.50 600.50 603.50 4699500
20070522 605.00 606.00 585.50 585.50 18694000
20070523 593.00 602.00 586.50 599.00 18260900
20070524 602.50 615.50 602.50 610.50 14688600
20070525 610.00 630.00 606.00 628.00 16291200
20070529 628.00 635.50 620.00 630.00 4860300
20070530 622.50 627.00 620.00 625.50 4751400
20070531 632.50 636.50 625.50 628.50 4658400
20070604 626.50 628.50 621.00 623.00 5973500
20070605 623.00 630.00 619.50 619.50 4887300
20070606 622.00 622.00 604.50 605.50 8676700
20070607 604.50 614.00 592.00 600.00 6032900
20070608 595.00 601.00 587.00 596.50 18409300
20070611 597.50 602.50 597.00 601.50 11086900
20070612 604.50 607.50 599.00 602.00 9374300
20070613 605.50 616.50 604.50 616.00 9132800
20070614 619.00 623.50 607.00 611.00 7797600
20070615 615.00 621.00 610.50 617.00 5267200
20070618 620.00 623.50 612.00 620.50 5776600
20070619 617.50 624.00 604.00 604.00 10273900
20070620 608.00 611.00 595.50 599.50 8353300
20070621 598.50 600.00 592.50 597.00 8779300
20070622 600.50 600.50 590.00 590.50 5212800
20070625 587.50 590.00 585.00 589.00 7235000
20070626 591.00 608.00 585.00 600.00 11778800
20070627 600.00 609.00 596.00 606.00 11498600
20070628 615.00 626.50 614.00 626.50 12028800
20070629 626.00 637.50 619.00 629.50 9740600
20070702 625.50 629.50 619.00 624.00 8691600
20070703 628.00 637.50 622.50 632.50 6545100
20070704 630.50 638.50 615.00 633.50 3672500
20070705 632.00 637.50 623.00 633.50 5732800
20070706 629.50 630.50 617.50 623.50 4532100
20070709 627.50 632.00 623.00 631.00 5505000
20070710 631.00 639.00 622.50 625.50 8133100
20070711 621.00 636.00 616.50 620.50 8378900
20070712 621.00 625.00 610.00 616.00 11107000
20070713 623.00 633.00 618.00 630.00 12420300
20070716 629.50 637.00 623.50 625.50 4319400
20070717 626.00 626.00 606.50 610.00 8765800
20070718 606.00 613.00 582.00 591.00 19832800
20070719 591.00 601.50 591.00 597.50 8783400
20070720 600.50 602.00 589.50 590.00 3375200
20070723 590.00 596.00 585.50 590.50 4641800
20070724 587.50 592.50 575.00 578.50 10503000
20070725 580.00 587.00 574.50 580.00 12070300
20070726 580.00 584.00 567.00 570.00 22118300
20070727 562.50 573.00 549.00 551.00 12102700
20070730 550.00 553.50 535.00 548.50 23582800
20070731 554.00 573.50 549.50 570.00 19508600
20070801 563.00 568.00 549.50 559.00 9069700
20070802 561.00 564.50 547.00 549.00 7214700
20070803 552.50 552.50 536.00 539.00 9658500
20070806 535.00 546.50 532.50 544.50 9995900
20070807 552.00 565.00 551.00 565.00 10266800
20070808 569.50 580.50 567.50 576.00 9825600
20070809 571.50 585.50 561.50 568.00 9733900
20070810 564.50 570.00 536.00 545.00 14811200
20070813 546.50 561.50 542.00 555.00 10541300
20070815 532.00 532.00 512.00 513.50 17399900
20070816 503.50 508.00 476.00 483.25 29995200
20070817 484.00 520.50 476.00 500.00 22941300
20070820 500.00 514.00 499.50 505.00 6139600
20070821 504.50 504.50 487.50 492.50 11671600
20070822 492.50 528.50 491.25 525.50 14333000
20070823 528.00 539.50 528.00 535.50 8623700
20070824 536.00 539.00 523.50 533.00 3369100
20070828 530.00 533.50 503.00 511.00 7767700
20070829 509.00 517.00 502.50 510.50 12785900
20070830 513.00 515.50 501.50 509.50 8321800
20070831 514.50 524.00 512.50 523.00 10564000
20070903 528.00 531.00 516.50 520.00 10277400
20070904 522.00 522.00 511.00 520.00 5072400
20070905 518.00 522.50 513.00 515.50 6431600
20070906 521.00 521.00 507.50 514.50 4374900
20070907 512.50 516.00 504.00 506.50 5572900
20070910 509.50 515.00 503.00 505.00 8657500
20070911 509.00 526.00 503.50 524.00 6925300
20070912 526.00 528.50 519.00 525.00 4352500
20070913 521.50 543.50 519.00 536.50 5814500
20070914 530.50 534.50 515.00 524.50 6268000
20070917 524.50 524.50 508.00 511.00 9649500
20070918 507.00 519.00 506.50 515.50 5763000
20070919 530.00 548.50 529.50 536.50 8757500
20070920 528.50 533.00 522.50 523.00 5549800
20070921 523.50 532.50 520.00 529.00 6196300
20070924 528.00 543.00 526.50 535.50 4150000
20070925 536.00 544.50 523.00 526.00 12303000
20070926 527.00 530.00 514.00 515.00 22032400
20070927 520.00 526.00 515.50 524.00 9016200
20070928 526.50 529.50 514.00 517.00 4043000
20071001 512.00 520.00 510.50 517.50 21552700
20071002 520.00 529.00 516.50 525.50 12363900
20071003 526.00 529.50 523.50 527.00 17811000
20071004 524.50 542.00 522.50 541.50 5963100
20071005 541.50 553.50 530.50 549.00 15818800
20071008 548.00 552.00 543.50 545.00 5150800
20071009 542.50 550.00 538.50 543.00 4236700
20071010 529.50 529.50 498.00 505.00 44075600
20071011 503.00 508.50 498.00 508.50 21588900
20071012 501.00 505.00 493.75 498.00 21890500
20071015 497.00 500.00 487.00 489.00 11997100
20071016 482.25 485.50 472.00 476.50 32169800
20071017 475.75 490.00 473.00 489.75 12120200
20071018 494.75 494.75 479.50 480.00 10625700
20071019 480.00 487.75 474.50 475.00 5350700
20071022 469.00 470.25 453.50 464.25 7325500
20071023 471.50 481.50 471.50 478.75 11468700
20071024 481.75 481.75 471.75 476.00 4746900
20071025 483.00 485.50 474.00 481.75 4213300
20071026 483.50 499.00 480.50 497.00 6427000
20071029 503.50 503.50 492.50 499.75 3486200
20071030 501.00 503.50 493.50 493.50 5350700
20071031 496.75 505.00 493.50 504.50 5128200
20071101 502.00 509.00 488.25 495.50 6340500
20071102 488.25 495.00 479.50 485.00 8687900
20071105 486.00 486.00 461.50 464.50 5729400
20071106 469.75 471.00 466.00 468.25 5737800
20071107 474.00 474.00 448.00 450.00 5159300
20071108 441.00 454.25 433.00 451.75 7894500
20071109 457.25 463.25 449.75 451.00 5767300
20071112 450.25 467.00 450.25 466.00 4174000
20071113 462.50 471.75 462.25 471.00 5615700
20071114 473.25 479.75 470.00 474.75 5262000
20071115 462.50 465.00 384.75 429.50 32405800
20071116 427.00 437.00 408.00 418.00 13746100
20071119 420.50 424.50 415.00 415.00 9253800
20071120 419.50 432.00 419.00 430.75 5828000
20071121 427.50 428.00 411.25 417.25 5383300
20071122 420.75 420.75 410.00 414.25 5411400
20071123 413.50 427.00 410.00 425.00 4402400
20071126 431.25 436.75 415.75 418.75 4155700
20071127 414.25 418.25 401.50 410.50 6201800
20071128 410.75 428.25 406.00 427.75 4181900
20071129 430.75 435.00 417.00 425.50 3256700
20071130 424.50 433.25 411.75 425.00 6710700
20071203 424.00 432.00 416.25 426.00 5571000
20071204 423.75 428.75 403.50 418.50 5249400
20071205 419.00 428.75 419.00 427.00 3915700
20071206 431.50 434.00 410.75 413.00 10351400
20071207 414.75 422.75 411.00 413.00 4040800
20071210 415.75 416.50 409.50 410.75 4731600
20071211 412.50 416.25 396.25 399.50 5969900
20071212 397.25 403.00 391.50 396.00 8949000
20071213 396.25 403.75 383.50 387.50 10682800
20071214 387.50 394.50 376.50 387.50 8516200
20071217 384.00 390.00 376.00 385.25 5808700
20071218 383.00 396.00 383.00 392.25 4500700
20071219 392.25 402.25 391.75 394.75 4687300
20071220 396.00 397.25 387.25 388.50 4937500
20071221 394.00 399.75 391.00 395.00 5048100
20071224 387.25 402.50 387.25 402.50 668800
20071227 400.00 410.00 396.50 403.50 2655100
20071228 402.25 409.00 399.50 400.25 2282600
20071231 401.75 402.00 393.75 397.00 379700
20080102 391.00 410.75 387.50 404.75 4749200
20080103 401.25 408.25 393.00 402.75 5429600
20080104 403.75 407.50 394.00 395.25 5832700
20080107 395.25 399.75 391.00 392.25 5677800
20080108 397.00 403.50 393.75 396.50 10346800
20080109 394.75 395.75 369.50 372.75 9755600
20080110 375.00 378.75 361.00 361.75 4719400
20080111 365.00 372.00 356.50 359.75 9240600
20080114 361.00 370.75 351.75 366.00 8101100
20080115 365.00 382.50 347.25 375.00 14371600
20080116 350.00 372.25 350.00 362.75 17301200
20080117 353.75 378.00 353.75 360.00 9863900
20080118 360.25 382.25 358.25 372.75 12009500
20080121 367.00 381.75 354.75 363.75 8806900
20080122 350.00 380.50 340.75 377.50 12656000
20080123 386.75 397.50 369.75 388.50 11919400
20080124 398.00 416.50 396.75 411.25 8860400
20080125 422.25 422.25 395.00 399.00 6625300
20080128 391.00 404.25 387.00 399.50 6414200
20080129 404.00 417.75 401.00 409.00 10992400
20080130 410.00 439.50 407.00 432.50 10155500
20080131 426.50 443.25 421.75 440.25 11073800
20080201 448.00 462.00 435.50 444.00 11330400
20080204 445.00 445.00 432.00 438.75 5158000
20080205 435.00 439.25 413.50 416.00 5803600
20080206 415.00 426.50 411.00 422.50 6010600
20080207 423.00 425.25 411.00 418.25 7879500
20080208 421.50 426.75 411.00 423.50 4556700
20080211 418.00 424.50 414.00 417.50 1937600
20080212 424.00 436.75 420.75 435.50 5149700
20080213 432.75 466.75 430.75 453.75 9651700
20080214 460.00 463.00 443.75 445.50 5010300
20080215 447.75 456.75 438.00 443.00 3578300
20080218 451.75 472.50 443.25 455.00 5354700
20080219 451.25 458.00 442.00 453.75 6178700
20080220 450.75 454.25 436.00 440.25 4975900
20080221 445.00 450.00 438.25 439.25 5587500
20080222 438.50 438.75 423.50 425.00 3797200
20080225 427.50 444.50 427.50 443.25 3600300
20080226 447.50 450.00 441.75 446.75 4971800
20080227 450.00 450.00 434.00 442.00 5085500
20080228 438.25 443.50 424.75 425.50 3185600
20080229 424.00 433.50 423.50 426.00 5632800
20080303 420.00 421.50 412.25 415.25 4151600
20080304 417.75 428.25 412.00 418.00 4092600
20080305 426.25 427.75 415.50 420.00 4095000
20080306 424.00 424.00 406.25 408.75 5196300
20080307 402.00 412.00 402.00 407.50 3708000
20080310 407.75 412.00 404.00 405.00 3590600
20080311 408.75 418.25 404.75 412.25 5789700
20080312 420.00 420.00 397.75 400.00 6602300
20080313 391.25 395.50 381.00 386.75 6971000
20080314 389.75 392.00 377.50 380.00 4312200
20080318 362.25 367.75 358.25 360.25 7976000
20080319 367.00 385.00 365.50 381.75 9848900
20080320 374.75 376.00 362.75 367.50 7949000
20080325 379.50 397.00 367.50 381.00 8509400
20080326 382.00 384.75 370.50 379.25 6100900
20080327 376.75 381.00 369.50 375.00 3936800
20080328 373.50 374.00 362.50 364.50 5493600
20080331 360.00 371.50 359.25 367.00 2774300
20080401 364.25 388.50 364.25 383.00 7649800
20080402 383.00 384.00 372.00 379.50 5776700
20080403 378.00 379.25 363.75 366.25 3377300
20080404 369.00 369.00 360.50 364.75 3950100
20080407 366.00 366.50 361.00 364.25 2306600
20080408 360.00 363.75 354.25 361.00 2167200
20080409 358.00 373.25 358.00 363.75 4143100
20080410 362.00 365.75 350.50 358.00 6155800
20080411 361.50 362.00 348.25 355.00 5960100
20080414 347.00 355.50 347.00 352.00 4988900
20080415 352.00 371.25 352.00 356.00 6293400
20080416 370.00 399.00 370.00 395.25 13678000
20080417 385.00 393.25 379.25 380.50 8923400
20080418 384.25 395.50 378.50 395.00 5715500
20080421 397.50 405.50 382.50 384.00 5466600
20080422 380.50 389.25 379.75 382.25 3531100
20080423 388.00 390.75 379.50 390.25 5563400
20080424 390.00 390.00 376.00 382.75 3581000
20080425 383.25 387.00 382.25 386.00 4408100
20080428 389.00 393.75 386.50 392.00 4850500
20080429 393.00 394.50 375.75 379.25 4460400
20080430 377.25 385.75 376.25 380.50 3920900
20080501 384.25 385.00 374.00 384.00 1661500
20080502 389.50 404.00 385.50 401.75 9742600
20080506 401.75 406.25 392.25 398.50 3667400
20080507 397.50 413.00 397.50 407.00 5095500
20080508 401.00 408.25 398.50 407.00 3704000
20080509 406.75 424.00 406.00 421.25 4635500
20080512 424.00 424.00 414.25 417.75 2785200
20080513 422.75 425.75 413.00 417.50 3978300
20080514 418.00 423.00 401.25 403.25 6472100
20080515 401.00 408.25 401.00 402.75 3292100
20080516 407.00 416.00 402.00 409.50 3014900
20080519 410.00 422.25 407.00 421.00 4039200
20080520 420.50 426.50 398.75 398.75 4471900
20080521 410.00 417.25 388.00 397.00 6750300
20080522 392.50 398.25 392.50 395.25 2694800
20080523 395.00 400.75 392.00 398.75 3111700
20080527 399.00 405.50 395.75 403.00 3332800
20080528 405.75 410.75 402.00 406.50 3572000
20080529 406.25 411.50 399.50 402.25 2975300
20080530 406.00 415.00 404.00 405.75 4296600
20080602 407.50 407.50 385.00 390.50 5403600
20080603 390.00 392.75 384.50 387.00 4307700
20080604 380.50 385.25 378.50 383.00 5761700
20080605 385.00 400.25 383.00 399.75 6121100
20080606 403.50 403.50 387.00 387.50 4600500
20080610 382.50 388.25 378.50 387.25 4429000
20080611 385.00 396.75 380.75 383.50 8300600
20080612 385.75 392.00 382.25 389.25 4593200
20080613 386.50 398.75 384.50 398.25 3808300
20080616 396.25 409.50 396.25 400.50 4245300
20080617 403.25 406.25 396.50 402.75 4451700
20080618 403.00 403.00 394.50 396.00 4579600
20080619 386.25 395.00 386.00 388.50 5240900
20080620 388.25 393.25 372.75 372.75 10345200
20080623 374.25 380.00 373.25 375.75 4284100
20080624 375.00 377.50 367.00 373.50 5255100
20080625 362.25 371.00 360.50 367.00 5886400
20080626 363.50 366.50 356.00 356.50 4653700
20080627 355.50 368.50 352.75 365.25 6049700
20080630 366.75 374.75 363.50 373.75 6982500
20080701 369.50 375.25 352.00 362.00 8574300
20080702 364.25 370.00 353.00 353.25 6898300
20080703 347.50 357.75 338.50 356.00 6814400
20080704 358.75 358.75 346.50 348.00 1901100
20080707 353.00 358.00 349.00 350.00 5481800
20080708 341.50 350.50 336.50 347.50 6975900
20080709 353.00 361.50 350.00 361.25 7705000
20080710 361.00 393.25 355.00 389.75 12505700
20080711 406.00 406.00 371.75 371.75 8988000
20080714 378.00 383.50 373.75 375.50 8104200
20080715 375.00 379.00 366.75 375.25 5924900
20080716 379.50 390.00 372.50 385.00 6680800
20080717 391.00 404.50 389.25 400.25 6435000
20080718 400.00 413.75 392.50 405.00 8861700
20080721 406.00 406.25 387.00 398.50 5640400
20080722 392.50 402.00 385.25 400.50 6371100
20080723 407.25 414.75 402.50 408.75 6756500
20080724 412.00 414.50 397.50 399.00 3308900
20080725 397.00 402.00 389.75 396.75 4549100
20080728 394.25 395.00 382.25 384.00 3030700
20080729 383.00 397.75 378.25 394.00 3443900
20080730 397.00 400.25 390.00 395.25 1935100
20080731 395.25 396.25 379.75 393.00 5325200
20080801 392.75 398.75 389.00 393.75 2732500
20080804 394.75 400.00 387.75 395.50 1991300
20080805 395.00 412.50 394.00 411.75 5267000
20080806 413.00 425.50 406.25 420.50 4819700
20080807 416.25 420.25 412.25 414.00 4815800
20080808 417.75 424.75 408.25 414.25 4251600
20080811 415.00 415.00 401.50 409.25 5720900
20080812 406.50 410.50 401.75 408.00 3183200
20080813 407.75 408.25 393.00 393.50 3992500
20080814 392.25 410.25 390.75 406.00 5085200
20080815 410.00 416.75 405.50 414.75 7028600
20080818 411.25 413.00 398.75 403.50 3828600
20080819 401.00 401.00 395.25 399.00 2747100
20080820 398.00 404.25 396.00 402.50 3333400
20080821 397.50 398.75 389.75 393.75 4479800
20080822 394.75 403.25 391.75 402.25 2289900
20080826 396.00 403.00 391.00 399.00 2392600
20080827 401.50 408.75 395.50 406.00 2729600
20080828 404.75 408.50 400.00 405.75 3309000
20080829 405.25 417.25 405.25 414.25 3915800
20080901 410.75 413.25 402.75 410.25 1934300
20080902 413.00 428.50 412.00 424.50 3543900
20080903 422.25 425.50 412.00 412.00 3197000
20080904 412.50 416.50 404.75 407.75 1281200
20080905 404.00 404.25 387.75 392.25 3622300
20080908 407.75 448.75 407.75 431.25 2380900
20080909 429.25 468.00 428.00 443.00 11813400
20080910 440.00 449.50 429.25 430.25 5510600
20080911 429.75 433.25 419.75 424.25 5531100
20080912 428.00 439.50 421.50 439.25 3957300
20080915 433.25 433.25 421.50 421.50 5318400
20080916 419.00 419.25 380.00 399.25 19097300
20080917 393.75 410.50 393.75 399.00 6798400
20080918 401.00 409.50 390.00 395.00 8483700
20080919 407.25 432.00 395.00 413.00 9219300
20080922 412.75 423.25 394.50 400.00 7210400
20080923 398.00 398.00 379.00 384.75 7981200
20080924 389.00 396.75 379.00 379.75 5521200
20080925 388.50 403.75 388.50 393.50 9320200
20080926 388.75 391.50 381.25 383.50 2471100
20080929 380.00 384.00 352.00 353.25 8205300
20080930 343.25 370.00 343.25 367.50 6546100
20081001 370.75 377.00 362.00 370.25 5446700
20081002 375.25 377.75 354.00 355.25 2791700
20081003 358.75 359.25 336.25 344.50 5673100
20081006 336.00 336.00 308.00 312.25 9084300
20081007 317.75 334.75 312.75 320.00 4017900
20081008 309.00 327.25 290.25 295.00 6303600
20081009 303.00 307.00 291.00 300.00 7575300
20081010 285.00 291.50 269.00 274.75 8571900
20081013 300.00 316.75 288.00 311.50 8816100
20081014 340.00 340.00 318.50 330.00 3301000
20081015 329.25 339.00 296.75 300.50 21269800
20081016 276.25 303.25 250.00 291.75 7583800
20081017 308.00 309.25 284.75 296.25 6122300
20081020 305.00 309.50 289.25 307.00 4868500
20081021 315.00 320.50 299.75 306.25 4680600
20081022 298.75 307.00 293.00 299.00 5617400
20081023 297.00 302.00 284.75 301.25 9086400
20081024 288.50 291.75 274.00 286.75 6121800
20081027 279.75 290.00 275.75 284.75 5453500
20081028 293.50 308.00 279.00 295.00 6568700
20081029 315.25 321.75 310.00 318.25 4929000
20081030 323.75 344.25 322.00 338.25 4804900
20081031 341.25 348.50 331.75 341.50 3975200
20081103 341.25 356.75 335.00 354.50 4033700
20081104 357.00 385.25 347.75 373.25 4569300
20081105 377.50 384.75 363.00 370.75 4277500
20081106 367.25 368.00 335.00 337.50 4503700
20081107 338.75 352.50 336.25 342.25 4505000
20081110 354.25 357.50 347.00 349.25 2471200
20081111 341.75 346.00 330.25 331.25 1472100
20081112 335.25 344.50 323.25 326.50 1826000
20081113 320.25 330.25 314.25 323.75 5208700
20081114 339.75 344.75 328.50 330.25 4456400
20081117 328.00 338.00 310.00 314.75 3811600
20081118 311.75 320.00 301.00 306.50 5135800
20081119 320.00 349.25 317.75 329.25 8561800
20081120 317.75 335.50 314.50 317.50 5358400
20081121 315.75 340.00 315.75 334.00 4456700
20081124 345.25 351.25 335.50 348.25 6301500
20081125 347.50 381.00 342.75 373.50 6970400
20081126 365.00 379.50 363.50 377.00 4253900
20081127 384.50 389.75 377.50 383.75 2493400
20081128 381.50 394.25 380.00 393.25 3422200
20081201 395.25 396.25 370.00 373.75 3586800
20081202 362.75 394.75 362.50 394.75 7923300
20081203 396.00 404.75 382.50 403.75 3719400
20081204 405.00 437.75 399.50 401.50 7876200
20081205 401.75 408.50 382.00 385.00 4049800
20081208 409.50 425.00 409.50 416.75 4089500
20081209 409.25 421.00 405.75 413.25 3468000
20081210 418.50 421.50 404.00 407.50 3064100
20081211 407.00 407.00 383.25 387.25 3736600
20081212 370.75 404.00 370.75 396.50 4068900
20081215 406.00 410.25 397.50 407.00 4742900
20081216 410.75 426.75 407.75 418.25 8463400
20081217 429.00 431.50 410.00 424.50 4431400
20081218 420.50 426.75 414.00 418.50 3731200
20081219 416.25 439.00 401.25 439.00 7609500
20081222 434.00 434.00 417.75 418.00 3251600
20081223 418.75 429.25 417.75 422.00 1797600
20081224 417.25 430.00 409.50 415.75 511700
20081229 419.75 427.75 418.50 424.00 2434900
20081230 425.00 436.50 422.75 431.75 3002200
20081231 434.50 434.50 424.00 432.00 552900
20090102 431.00 437.75 425.25 435.75 2374200
20090105 440.00 440.00 426.50 433.25 5920000
20090106 433.00 441.50 426.00 429.50 6643300
20090107 434.00 434.75 417.50 425.00 4470000
20090108 424.75 428.75 416.00 424.25 2307500
20090109 428.75 429.00 404.50 410.75 4739600
20090112 407.75 418.50 405.50 412.50 3143000
20090113 411.00 415.00 399.25 408.50 3398200
20090114 416.25 427.00 404.00 411.50 5728400
20090115 405.00 427.75 401.50 418.25 11187800
20090116 427.50 427.50 405.00 411.00 4285100
20090119 417.50 425.50 408.25 415.00 3984300
20090120 412.00 419.00 405.00 408.25 4269200
20090121 400.50 408.50 391.50 401.00 5994200
20090122 409.00 414.00 400.25 405.25 2539600
20090123 400.50 406.00 393.25 401.50 5708600
20090126 397.25 406.00 384.25 402.00 3374400
20090127 410.75 425.00 408.50 419.50 3374100
20090128 425.00 434.25 424.25 432.75 4619500
20090129 431.50 434.75 416.00 422.25 3003200
20090130 421.00 434.50 416.75 432.25 5299900
20090202 427.50 434.00 423.25 431.50 3131700
20090203 432.75 447.75 429.50 441.75 4752600
20090204 446.00 453.00 440.50 449.50 3926300
20090205 444.50 451.75 439.25 451.75 3712600
20090206 456.25 457.25 445.25 453.25 5563500
20090209 450.75 456.75 445.25 450.25 3642000
20090210 449.00 455.00 434.25 436.25 3428800
20090211 433.00 444.75 430.75 443.00 2441900
20090212 443.00 445.00 434.00 439.75 4370600
20090213 448.00 451.00 430.50 433.00 3900100
