20040210 325.00 327.00 318.00 319.00 666700
20040211 324.75 325.00 317.00 320.00 257000
20040212 320.00 322.00 316.00 317.50 835000
20040213 317.00 322.00 313.00 315.75 525700
20040216 323.00 323.00 316.00 316.50 77700
20040217 315.50 329.00 315.50 328.00 1057500
20040218 326.00 328.75 323.25 323.25 302600
20040219 325.00 330.00 325.00 328.00 671700
20040220 329.50 329.50 320.50 321.00 445900
20040223 325.00 327.25 320.00 326.00 516500
20040224 323.50 323.50 318.50 318.50 414900
20040225 318.00 320.00 314.25 316.00 478500
20040226 318.00 318.00 315.00 317.00 237200
20040227 318.00 318.00 313.00 317.00 510000
20040301 319.00 327.00 316.50 326.00 490400
20040302 325.00 327.00 313.75 316.00 899200
20040303 315.00 315.50 310.50 310.50 741400
20040304 311.00 313.25 310.00 312.00 385200
20040305 312.00 314.00 308.00 309.00 193000
20040308 312.00 313.00 310.00 309.50 136700
20040309 312.00 320.00 311.75 320.00 344000
20040310 319.00 319.00 315.00 319.00 959300
20040311 316.00 317.00 305.00 317.00 2058500
20040312 312.00 325.00 311.00 325.00 302400
20040315 318.00 319.00 315.00 315.00 449700
20040316 315.00 321.00 313.00 321.00 636200
20040317 315.00 326.25 315.00 326.25 1677600
20040318 325.00 325.00 318.75 318.75 567700
20040319 324.50 324.50 312.00 312.00 397400
20040322 315.00 315.00 298.00 300.00 1397900
20040323 297.00 305.00 295.00 302.00 989000
20040324 302.00 307.00 302.00 306.25 402700
20040325 305.50 309.75 305.25 306.25 363200
20040326 310.00 310.00 305.00 305.00 250300
20040329 307.50 308.25 305.00 308.00 148800
20040330 305.00 305.00 301.00 303.00 870300
20040331 296.00 296.00 283.50 285.00 2890700
20040401 286.00 286.00 273.50 276.75 1965400
20040402 275.00 275.50 266.00 272.00 2863600
20040405 271.00 272.00 270.50 271.50 1226100
20040406 270.50 279.00 275.50 276.00 1566600
20040407 274.00 280.00 272.75 274.00 941900
20040408 270.00 278.25 270.00 277.00 659400
20040409 277.00 277.00 277.00 277.00 0
20040412 277.00 277.00 277.00 277.00 0
20040413 278.50 284.25 278.50 283.00 1314400
20040414 283.00 286.00 279.75 285.50 2442000
20040415 283.00 284.75 278.00 279.00 2987900
20040416 283.00 284.25 279.00 280.00 1670800
20040419 284.75 284.75 274.50 277.00 1767100
20040420 280.00 285.00 280.00 281.25 1882100
20040421 280.00 282.00 277.75 281.75 1058300
20040422 282.25 284.00 281.00 282.50 628600
20040423 283.25 285.00 282.50 282.50 653000
20040426 284.50 287.00 284.00 284.50 604800
20040427 286.00 287.00 284.00 285.50 417200
20040428 282.00 284.00 276.00 281.00 793200
20040429 280.00 280.75 275.00 276.00 473400
20040430 275.00 280.00 273.00 275.50 1128500
20040503 275.50 275.50 275.50 275.50 0
20040504 273.00 275.75 273.00 274.50 2239600
20040505 277.00 282.50 274.50 278.50 931300
20040506 280.25 282.00 273.00 275.00 1650500
20040507 274.00 278.50 274.00 275.00 1077400
20040510 273.75 273.75 262.00 264.00 1864200
20040511 265.25 267.00 262.00 266.50 2575200
20040512 271.75 282.00 269.00 269.25 2815700
20040513 272.00 274.50 267.50 270.00 1333400
20040514 272.00 271.25 267.00 271.25 1993800
20040517 270.00 270.00 259.75 261.50 1882400
20040518 260.00 271.25 258.00 271.25 2049800
20040519 270.00 275.00 268.50 274.00 1176900
20040520 272.00 272.00 265.50 268.00 1183500
20040521 271.25 273.75 267.75 270.00 937500
20040524 269.00 276.75 269.00 272.50 1435500
20040525 270.50 273.75 271.50 272.00 1294100
20040526 274.75 281.00 273.00 281.00 2274700
20040527 278.00 287.00 278.00 287.00 2117300
20040528 290.00 290.00 278.50 283.50 12873900
20040531 283.50 283.50 283.50 283.50 0
20040601 280.00 283.50 277.00 279.00 2383800
20040602 281.50 283.00 280.00 280.00 1361600
20040603 280.00 281.25 277.00 279.50 1718900
20040604 280.00 283.75 280.00 283.50 1239200
20040607 279.50 286.00 279.50 285.00 195000
20040608 285.00 285.00 280.50 283.50 930900
20040609 287.00 287.00 280.50 285.00 566700
20040610 282.00 283.75 277.50 278.50 678000
20040611 277.00 279.00 275.75 277.00 729100
20040614 278.25 279.75 274.00 274.00 325300
20040615 273.00 275.00 271.75 273.00 812100
20040616 273.50 276.00 272.00 275.25 968800
20040617 278.00 278.00 271.00 273.75 541500
20040618 274.25 275.00 272.75 275.00 112000
20040621 273.00 277.00 273.00 275.00 503000
20040622 275.00 277.00 274.50 275.50 244500
20040623 273.00 278.00 273.00 276.25 697000
20040624 278.00 279.00 276.00 276.00 550600
20040625 276.50 278.25 275.00 277.75 568500
20040628 275.00 275.00 263.00 263.00 1833500
20040629 262.75 270.00 262.75 268.50 1494000
20040630 269.00 272.00 267.00 272.00 716600
20040701 269.50 271.00 267.00 267.00 1069100
20040702 267.00 267.00 264.00 266.00 1637500
20040705 266.00 266.00 261.00 261.00 1172600
20040706 261.00 261.00 246.25 247.50 1637300
20040707 250.00 256.75 249.50 250.00 1627000
20040708 251.00 253.00 243.00 247.00 1544600
20040709 243.50 254.50 241.00 250.25 1117200
20040712 257.00 257.00 248.75 249.50 1480400
20040713 248.75 253.25 251.00 251.00 591600
20040714 235.00 238.00 218.50 230.00 8365900
20040715 228.00 233.75 226.25 233.50 2265400
20040716 234.00 234.00 231.00 231.25 1565700
20040719 232.50 233.00 229.50 231.25 859800
20040720 234.00 234.00 225.25 227.00 2126900
20040721 227.00 228.00 220.00 222.25 3170900
20040722 220.25 223.00 220.00 221.00 1261100
20040723 223.00 223.00 219.00 219.00 956000
20040726 217.00 219.00 213.50 214.75 1023200
20040727 216.00 216.00 212.25 214.00 889300
20040728 214.75 214.75 207.25 210.00 936400
20040729 208.25 213.75 206.75 211.25 1995100
20040730 211.50 213.00 210.00 212.50 1260500
20040802 213.00 213.50 208.00 208.00 856500
20040803 210.00 210.00 206.25 207.00 745700
20040804 207.00 207.00 202.75 205.00 1912000
20040805 203.00 207.00 202.50 204.75 844800
20040806 201.00 205.00 201.00 203.75 4930800
20040809 203.00 210.00 203.00 208.50 792800
20040810 209.75 213.75 209.00 212.00 1232100
20040811 213.50 215.00 209.50 210.25 2546600
20040812 211.00 214.00 209.75 213.00 2346500
20040813 212.50 212.50 210.75 211.00 993300
20040816 215.00 215.00 210.00 212.00 378000
20040817 213.00 222.00 212.50 220.00 1866200
20040818 222.00 225.00 220.00 220.50 4391200
20040819 222.00 222.75 221.00 222.50 2649600
20040820 222.00 223.00 221.00 222.00 2130100
20040823 223.00 224.00 222.00 222.50 831400
20040824 222.50 223.75 222.00 223.00 1286400
20040825 222.00 223.00 220.25 222.00 2350800
20040826 225.00 225.00 222.00 222.50 1073500
20040827 223.00 226.25 223.00 226.00 621100
20040830 226.00 226.00 226.00 226.00 0
20040831 226.00 226.25 224.75 224.75 543300
20040901 227.00 231.00 226.50 229.00 1090900
20040902 225.00 232.25 225.00 227.00 943200
20040903 227.75 228.00 224.75 224.75 821100
20040906 225.25 229.00 225.25 228.50 1238800
20040907 230.00 230.25 225.00 226.50 1089800
20040908 225.75 228.75 223.00 226.50 959400
20040909 224.00 229.25 224.00 228.25 513400
20040910 229.50 239.00 229.00 231.50 2204200
20040913 233.50 233.50 229.00 230.00 940800
20040914 230.00 230.50 229.00 230.00 743900
20040915 230.00 231.75 229.00 231.50 1499500
20040916 230.00 232.00 228.50 228.50 1606500
20040917 230.00 230.25 226.00 226.00 850800
20040920 227.50 229.00 225.00 227.00 2407000
20040921 226.75 227.75 225.25 225.25 3496200
20040922 226.00 226.50 221.75 224.00 2232500
20040923 221.50 223.75 217.00 220.00 2122000
20040924 215.50 217.75 214.75 214.75 1875400
20040927 213.00 216.25 211.25 211.25 1639500
20040928 210.50 218.00 207.00 215.00 2071100
20040929 213.50 218.00 208.25 208.25 3016500
20040930 220.00 227.00 218.25 220.00 4897200
20041001 222.00 233.00 220.00 229.00 1713600
20041004 233.00 233.00 226.00 230.50 1989600
20041005 230.25 237.00 228.00 236.00 818100
20041006 235.50 241.00 233.25 236.75 1985100
20041007 241.50 241.50 237.00 239.50 614300
20041008 237.25 242.75 237.25 240.25 2327000
20041011 240.00 243.50 240.00 242.00 696300
20041012 242.25 243.75 240.00 242.50 1069700
20041013 243.75 244.75 238.25 238.75 1257400
20041014 237.50 239.00 235.50 237.75 1177900
20041015 237.00 241.75 236.00 241.00 885600
20041018 242.00 242.00 235.25 236.75 773200
20041019 240.00 240.75 237.25 239.50 483900
20041020 238.25 241.00 236.75 239.50 1152400
20041021 238.00 239.00 237.25 238.50 487300
20041022 238.50 240.00 238.50 240.00 513000
20041025 241.00 241.25 235.00 235.50 608000
20041026 235.50 238.75 228.50 230.50 944300
20041027 229.00 233.00 229.00 232.00 914500
20041028 230.25 235.00 230.25 234.00 799200
20041029 237.00 237.00 232.50 234.00 784300
20041101 236.00 249.50 232.50 247.50 3556900
20041102 249.50 254.75 242.00 251.00 2097500
20041103 252.00 260.25 252.00 256.50 1905500
20041104 258.75 258.75 249.00 253.00 880100
20041105 257.00 257.00 254.00 257.00 760600
20041108 257.00 257.00 250.00 250.00 1139200
20041109 252.25 252.25 246.75 248.00 1294000
20041110 248.00 254.75 248.00 251.00 2256800
20041111 253.25 253.25 248.00 250.00 1334900
20041112 250.00 255.00 248.50 250.75 1149300
20041115 253.25 254.50 251.75 253.50 827100
20041116 255.00 255.00 251.25 253.00 691600
20041117 255.00 261.75 253.25 260.00 1734900
20041118 258.00 259.00 253.00 254.50 1838700
20041119 253.00 258.00 253.00 257.75 973400
20041122 257.00 258.50 250.25 251.00 1458200
20041123 253.00 256.75 252.50 255.25 2460500
20041124 252.00 252.00 245.00 246.25 2458800
20041125 248.50 249.50 246.00 246.75 532700
20041126 248.00 248.00 244.25 244.50 582300
20041129 245.50 245.50 241.25 241.25 877500
20041130 242.75 243.00 239.00 239.50 1328300
20041201 239.25 241.00 234.00 235.00 1967100
20041202 237.00 237.75 232.50 237.50 1082700
20041203 238.50 241.25 236.50 240.25 1354000
20041206 238.00 239.75 237.00 238.00 843700
20041207 237.50 245.25 236.50 245.25 1025500
20041208 245.75 245.75 240.25 242.75 846000
20041209 242.00 242.25 232.50 233.75 2262400
20041210 238.50 238.50 234.00 236.50 1175700
20041213 239.00 242.75 236.50 242.75 2398600
20041214 243.00 258.50 242.50 255.00 4329700
20041215 253.00 255.50 249.00 253.00 1404600
20041216 252.00 256.75 252.00 256.75 737900
20041217 256.50 256.50 253.75 255.00 796800
20041220 255.50 256.75 255.50 255.75 548500
20041221 256.00 258.00 255.00 257.75 841100
20041222 256.00 270.00 256.00 268.00 1653000
20041223 270.00 273.00 260.25 264.25 697000
20041224 268.25 268.25 263.00 265.50 63100
20041227 265.50 265.50 265.50 265.50 0
20041228 265.50 265.50 265.50 265.50 0
20041229 264.25 266.75 260.00 263.00 243400
20041230 263.50 272.00 262.25 268.00 352800
20041231 268.50 272.25 268.50 271.75 77600
20050103 271.75 271.75 271.75 271.75 0
20050104 272.50 279.00 271.25 276.25 633300
20050105 279.00 279.00 273.50 276.75 557900
20050106 279.25 280.00 273.50 274.25 830200
20050107 276.75 278.00 270.50 272.00 466300
20050110 274.50 276.00 271.75 273.25 695500
20050111 277.25 277.25 274.00 276.50 1102600
20050112 279.00 284.75 276.50 282.00 1841700
20050113 279.50 285.00 279.50 282.50 1780000
20050114 284.50 286.75 282.00 285.00 1226000
20050117 287.50 303.00 286.00 294.00 1814300
20050118 296.00 296.00 280.75 284.00 2127900
20050119 282.50 283.75 276.00 278.00 2544900
20050120 278.50 280.00 275.00 279.25 1028900
20050121 282.00 282.00 272.00 273.00 797900
20050124 273.75 265.75 263.75 265.75 1740900
20050125 263.50 284.25 263.50 277.50 2863800
20050126 277.50 283.00 277.00 279.00 565400
20050127 279.75 281.00 275.00 281.00 1196900
20050128 282.00 288.50 277.50 284.75 1197700
20050131 288.00 288.00 282.50 285.50 467900
20050201 286.75 288.00 281.00 288.00 645100
20050202 288.00 288.50 280.00 281.25 713400
20050203 282.25 282.25 276.50 277.50 818700
20050204 277.25 282.50 276.00 280.50 785900
20050207 282.00 283.00 278.75 282.25 565300
20050208 283.00 290.00 280.00 290.00 1354800
20050209 289.25 290.00 285.25 288.00 611100
20050210 287.25 291.75 286.00 287.75 634800
20050211 288.50 290.00 285.50 287.50 311400
20050214 288.25 292.00 287.00 290.00 951400
20050215 289.25 289.25 285.00 286.75 262500
20050216 286.50 287.00 283.00 285.75 533500
20050217 287.00 287.00 282.00 284.00 664900
20050218 284.25 286.75 281.00 283.50 777500
20050221 283.25 287.00 283.25 285.00 433700
20050222 283.50 288.25 282.00 288.25 920800
20050223 287.00 287.50 282.25 285.00 860300
20050224 287.75 287.75 282.75 283.00 451300
20050225 285.00 287.25 284.00 285.00 246700
20050228 281.00 292.50 281.00 292.50 451600
20050301 291.00 293.00 290.00 293.00 405700
20050302 293.00 296.00 290.50 293.00 841200
20050303 291.50 291.50 287.00 287.00 294600
20050304 291.00 292.50 287.50 291.00 326100
20050307 290.25 290.25 284.00 286.00 495700
20050308 287.50 287.50 282.00 282.25 1016300
20050309 282.00 287.00 282.00 285.00 603800
20050310 282.50 284.50 280.25 284.50 506700
20050311 284.00 285.75 280.25 283.50 550900
20050314 283.50 284.25 280.50 281.50 271500
20050315 283.50 287.00 281.75 286.50 697600
20050316 287.00 287.00 282.50 286.00 729200
20050317 286.50 287.00 277.75 280.00 336300
20050318 279.50 283.25 277.50 282.00 663500
20050321 281.75 283.50 279.00 280.50 332000
20050322 280.50 281.75 272.25 275.00 753700
20050323 273.75 275.75 266.00 267.25 1645600
20050324 270.00 273.00 267.75 272.50 866200
20050325 272.50 272.50 272.50 272.50 0
20050328 272.50 272.50 272.50 272.50 0
20050329 271.00 272.00 268.25 270.00 1030600
20050330 267.75 271.75 267.25 269.00 1089700
20050331 270.50 275.00 268.75 274.50 577000
20050401 278.00 285.75 278.00 284.75 1195500
20050404 284.75 284.75 281.00 282.75 1591000
20050405 284.25 285.25 280.00 283.50 946900
20050406 282.75 283.25 280.00 283.25 234400
20050407 282.25 284.25 279.50 282.00 366900
20050408 282.00 282.50 280.00 281.75 337500
20050411 282.00 282.00 279.00 281.25 275700
20050412 280.00 281.50 277.00 277.00 519800
20050413 277.00 280.50 272.25 279.00 819000
20050414 276.50 282.00 275.00 281.00 648100
20050415 278.25 278.25 270.25 272.00 413200
20050418 274.00 275.25 255.00 265.25 1340000
20050419 267.00 269.00 265.00 268.00 906900
20050420 270.00 273.75 268.00 268.75 624700
20050421 266.00 271.75 265.25 265.75 435100
20050422 266.00 267.50 265.25 265.25 351100
20050425 266.00 267.00 264.00 265.00 579400
20050426 264.00 266.00 262.00 262.00 503600
20050427 262.00 264.00 260.00 261.25 441200
20050428 265.25 265.25 259.75 261.25 760500
20050429 260.00 265.00 260.00 262.50 899500
20050502 262.50 262.50 262.50 262.50 0
20050503 260.00 265.00 259.00 260.50 682900
20050504 262.00 262.00 257.25 257.75 800400
20050505 260.00 262.00 258.25 260.00 1440800
20050506 260.00 261.25 257.25 259.00 995000
20050509 260.50 260.50 253.00 257.50 970800
20050510 259.50 259.50 253.00 256.25 559200
20050511 254.75 256.75 254.75 256.00 590800
20050512 257.50 264.00 256.50 261.50 1122000
20050513 260.00 265.00 260.00 264.00 1130500
20050516 265.00 265.50 262.00 264.00 544200
20050517 264.00 269.50 264.00 268.00 978300
20050518 270.00 275.00 268.00 275.00 1569000
20050519 278.00 281.00 275.00 275.00 933200
20050520 276.75 276.75 270.00 274.00 982500
20050523 276.50 276.75 273.75 275.00 811100
20050524 280.00 282.00 278.00 278.50 1347800
20050525 280.00 280.00 277.25 279.00 359500
20050526 280.50 283.00 279.25 281.00 580300
20050527 278.25 282.00 278.00 280.00 499700
20050530 280.00 280.00 280.00 280.00 0
20050531 277.00 289.75 275.00 275.00 1724700
20050601 280.00 284.75 279.00 284.25 685000
20050602 286.00 292.50 283.00 292.50 876500
20050603 292.50 292.50 292.50 292.50 0
20050606 293.00 294.25 288.00 293.00 1043300
20050607 294.00 294.75 290.75 294.50 640700
20050608 292.75 295.00 290.00 292.00 248800
20050609 293.75 293.75 289.00 290.00 959500
20050610 292.75 294.25 289.25 292.50 447500
20050613 294.00 298.00 292.50 294.00 784500
20050614 294.00 294.00 290.25 291.00 492100
20050615 293.75 294.00 291.25 291.25 442300
20050616 293.75 305.50 293.50 300.75 1230000
20050617 296.25 306.75 296.25 302.00 1258200
20050620 304.75 306.50 298.75 299.50 592200
20050621 306.50 306.50 297.00 300.00 989800
20050622 300.00 305.00 300.00 305.00 995800
20050623 305.00 306.25 301.00 304.00 287000
20050624 304.00 304.00 299.00 299.50 491600
20050627 300.50 300.50 293.50 294.75 421300
20050628 295.25 300.00 294.25 294.50 492500
20050629 299.75 299.75 295.75 295.75 634300
20050630 296.00 298.00 295.00 297.00 668300
20050701 297.00 303.50 297.00 302.00 743300
20050704 301.00 303.75 300.75 302.00 262100
20050705 304.25 305.00 302.50 305.00 646500
20050706 305.50 316.00 304.00 315.00 994600
20050707 314.75 314.75 298.00 314.00 1102600
20050708 315.00 324.75 314.50 323.50 855800
20050711 325.00 327.75 317.50 326.00 1539600
20050712 324.25 327.00 320.00 323.00 642600
20050713 324.00 324.00 312.75 312.75 1974600
20050714 315.00 315.50 311.25 311.25 2167800
20050715 311.50 315.00 310.50 314.00 3213000
20050718 313.75 315.00 311.25 311.25 1674200
20050719 310.00 315.25 310.00 315.25 2567300
20050720 314.25 317.75 314.00 317.00 3914600
20050721 319.00 319.75 314.00 317.75 2072500
20050722 317.75 322.00 317.25 320.25 1880000
20050725 321.75 322.50 317.00 317.25 946100
20050726 315.00 317.25 314.00 314.25 766300
20050727 309.75 311.75 300.00 303.00 3311900
20050728 302.50 306.25 302.00 304.50 3344700
20050729 304.00 308.00 304.00 306.25 4304300
20050801 307.00 316.50 303.50 315.00 1719600
20050802 313.75 317.25 313.00 315.00 1010000
20050803 313.75 323.00 313.75 319.75 1823500
20050804 317.75 321.75 315.25 317.50 3284100
20050805 318.00 323.00 317.50 318.00 1106800
20050808 320.00 320.00 316.50 317.00 626800
20050809 317.75 317.75 314.50 315.75 750400
20050810 316.25 316.25 312.25 313.25 1859700
20050811 312.00 313.50 309.00 312.00 2027800
20050812 317.00 333.00 317.00 322.25 4862400
20050815 323.00 329.50 323.00 326.50 2622900
20050816 327.75 328.50 323.25 325.00 6029700
20050817 327.00 327.00 318.00 320.75 909300
20050818 323.00 326.75 320.50 321.25 2243600
20050819 322.00 323.25 317.00 317.00 730700
20050822 319.00 322.50 317.50 319.75 1397700
20050823 320.00 320.75 317.25 319.00 2035800
20050824 319.50 319.75 316.50 318.50 1607700
20050825 318.00 319.00 316.50 316.50 2159100
20050826 318.50 318.50 316.50 318.00 524300
20050829 318.00 318.00 318.00 318.00 0
20050830 318.75 320.00 315.75 315.75 476500
20050831 316.75 318.25 315.75 317.25 861000
20050901 318.00 319.25 315.00 315.25 978000
20050902 316.75 318.25 316.25 318.25 1268400
20050905 318.00 318.00 316.25 317.00 747100
20050906 318.00 326.50 318.00 326.00 2442000
20050907 327.00 345.50 327.00 345.50 9970100
20050908 343.50 349.00 341.00 345.00 5944800
20050909 346.75 349.25 343.00 348.50 1287600
20050912 348.25 357.75 347.75 356.00 3780400
20050913 354.00 355.25 352.25 354.00 10963000
20050914 352.75 357.75 350.00 356.25 7295200
20050915 357.25 362.00 354.50 361.75 9392500
20050916 361.50 367.00 360.00 362.50 2138500
20050919 360.00 368.50 360.00 368.50 3512000
20050920 367.00 374.50 366.00 370.25 8882000
20050921 366.25 367.75 360.75 360.75 3217400
20050922 361.50 364.75 355.75 355.75 2681200
20050923 356.00 358.50 353.00 356.00 7529800
20050926 359.25 359.25 353.00 353.00 2880700
20050927 354.00 354.25 350.50 351.00 7274700
20050928 351.00 358.00 351.00 357.25 5284400
20050929 358.00 373.25 357.75 369.00 7537000
20050930 371.25 372.00 365.00 366.00 3221300
20051003 367.25 375.00 366.25 373.00 12275300
20051004 375.00 378.00 370.75 373.00 1608200
20051005 371.25 375.00 369.00 370.00 1559400
20051006 368.25 368.25 358.00 358.00 2160000
20051007 355.75 360.00 355.50 358.50 2102900
20051010 360.75 363.50 356.50 356.50 560800
20051011 355.50 364.75 355.50 362.75 4558600
20051012 363.00 363.50 355.75 355.75 1182500
20051013 356.75 357.00 347.00 348.00 2371800
20051014 347.00 351.50 339.00 339.00 2330800
20051017 342.00 345.00 339.00 344.00 1375400
20051018 343.00 345.00 340.75 341.00 2427500
20051019 338.00 339.75 327.50 337.00 3965100
20051020 343.00 350.25 338.25 345.75 7160400
20051021 342.00 345.00 341.00 342.00 1881600
20051024 340.00 347.50 340.00 345.50 1835800
20051025 345.00 350.75 345.00 345.75 3544200
20051026 345.75 347.00 342.50 345.75 846300
20051027 343.00 344.50 340.50 341.50 775100
20051028 341.25 341.50 335.00 336.50 1289200
20051031 342.00 348.25 341.00 345.50 2747500
20051101 346.25 347.75 344.50 346.75 2801200
20051102 344.00 348.75 344.00 346.75 4354300
20051103 349.50 350.00 347.25 349.50 4078900
20051104 349.75 351.25 346.25 347.50 2251000
20051107 348.75 352.00 348.75 350.00 1605700
20051108 351.00 352.50 348.00 350.25 3416400
20051109 353.50 353.50 343.50 344.00 2602000
20051110 346.25 346.25 335.00 344.75 3234700
20051111 346.00 354.00 345.00 352.50 1807800
20051114 352.50 354.00 348.25 354.00 909000
20051115 354.25 354.25 350.75 351.00 2878800
20051116 349.00 354.00 346.00 350.50 3661600
20051117 353.75 359.25 352.25 358.25 1966500
20051118 360.00 368.25 357.00 365.00 3717400
20051121 368.50 369.75 362.75 365.50 1973100
20051122 371.25 371.75 360.75 360.75 2018500
20051123 362.75 364.50 358.75 359.25 2350900
20051124 357.25 369.75 348.25 368.50 12563800
20051125 369.50 371.25 365.50 370.75 6247300
20051128 369.75 370.50 365.25 365.50 3306600
20051129 367.00 368.75 364.25 367.00 2762700
20051130 365.00 366.50 362.50 362.50 2070600
20051201 362.25 364.25 360.25 361.00 4723700
20051202 363.50 364.75 360.75 362.50 1895600
20051205 362.50 365.00 360.25 362.00 2697600
20051206 364.25 368.00 363.75 366.25 4900500
20051207 367.00 369.50 365.75 369.00 3853700
20051208 364.75 367.75 363.00 367.00 2110700
20051209 363.00 371.75 363.00 370.00 1712100
20051212 372.00 373.50 370.00 372.25 1896400
20051213 374.50 376.25 372.00 374.25 3076900
20051214 372.50 381.75 370.00 375.50 10795300
20051215 376.00 377.25 375.00 376.25 1868600
20051216 377.50 386.75 376.00 385.75 2622600
20051219 387.25 390.00 382.50 390.00 6431000
20051220 389.50 390.50 385.00 387.75 2874100
20051221 387.75 394.00 387.00 393.50 2488800
20051222 395.00 398.25 391.50 395.25 2069100
20051223 398.00 398.00 391.00 396.50 224400
20051226 396.50 396.50 396.50 396.50 0
20051227 396.50 396.50 396.50 396.50 0
20051228 399.00 399.00 391.00 396.00 484800
20051229 398.00 405.00 396.50 405.00 1455000
20051230 401.50 405.00 400.00 405.00 1256100
20060102 405.00 405.00 405.00 405.00 0
20060103 404.75 413.75 404.75 411.50 3212700
20060104 415.00 415.00 401.00 401.50 2831100
20060105 403.50 405.00 395.00 398.50 2463600
20060106 401.25 401.50 393.00 399.50 15150000
20060109 399.25 400.00 393.50 397.75 4135500
20060110 396.00 397.50 385.00 388.00 24946200
20060111 390.00 394.25 386.50 394.25 6528200
20060112 393.00 396.00 391.50 392.50 12595900
20060113 394.50 394.50 388.00 390.00 7163600
20060116 390.25 396.75 387.00 395.75 2564500
20060117 392.00 399.00 391.00 398.50 5970800
20060118 391.75 400.00 388.00 399.50 958500
20060119 400.75 400.75 397.00 398.50 6535900
20060120 400.00 400.00 393.00 396.50 952100
20060123 390.50 393.25 388.25 390.00 2205400
20060124 392.50 400.00 389.25 395.50 7406700
20060125 396.75 396.75 385.00 389.75 6891600
20060126 387.75 424.00 387.75 422.75 15215600
20060127 425.00 434.75 420.25 434.25 5084300
20060130 435.00 435.00 429.00 432.00 2827900
20060131 430.00 440.75 430.00 440.75 1873100
20060201 439.00 448.25 434.25 446.00 1585700
20060202 450.00 454.00 437.00 438.75 2074600
20060203 442.75 443.75 438.75 439.00 1521400
20060206 442.75 442.75 434.75 440.00 1448300
20060207 444.25 444.50 436.25 439.25 982000
20060208 435.00 436.50 430.00 432.00 1673300
20060209 437.50 437.50 430.00 435.00 2488600
20060210 432.75 442.00 432.75 436.25 5312100
20060213 440.00 440.00 432.25 435.00 2841100
20060214 438.50 438.50 432.00 435.75 1485100
20060215 439.50 439.50 428.00 433.25 3166600
20060216 432.50 441.75 431.00 441.25 1563100
20060217 441.00 457.00 440.00 450.50 1340700
20060220 448.50 465.00 446.00 455.50 2304600
20060221 462.00 463.00 449.00 452.00 1042900
20060222 449.25 451.75 448.00 448.75 1591200
20060223 449.00 458.50 448.00 456.75 1812100
20060224 456.75 456.75 447.50 449.25 1514900
20060227 452.00 452.00 447.00 449.75 1255500
20060228 448.00 449.25 444.00 444.50 1389200
20060301 444.50 450.00 443.25 446.00 1125800
20060302 449.75 450.00 440.00 440.75 1278000
20060303 441.25 441.50 434.25 437.00 1350300
20060306 435.25 443.00 435.00 440.50 1957300
20060307 439.00 441.00 437.00 437.00 984600
20060308 437.75 438.50 424.00 426.00 1661800
20060309 428.25 438.00 427.25 437.50 2005200
20060310 434.75 440.00 433.25 439.00 920200
20060313 440.00 464.25 435.00 463.00 3916900
20060314 458.50 463.50 458.50 462.00 2948300
20060315 467.25 468.75 460.00 466.75 3060400
20060316 464.75 486.50 464.75 484.25 2948900
20060317 481.75 483.25 470.50 475.75 1723900
20060320 474.00 474.00 467.50 472.50 1525500
20060321 470.00 473.00 464.50 467.50 8733000
20060322 464.25 472.75 464.25 467.00 3553400
20060323 470.25 470.25 461.00 461.50 2822200
20060324 464.00 478.75 461.00 473.25 1452200
20060327 470.75 470.75 445.00 454.00 3073100
20060328 456.25 467.00 452.00 454.25 2735600
20060329 454.00 454.25 436.00 448.50 2720900
20060330 451.50 457.00 435.00 448.00 4034200
20060331 446.00 456.75 446.00 447.50 1849900
20060403 450.75 473.50 449.75 468.25 5717500
20060404 465.25 477.00 460.75 465.50 5808400
20060405 468.75 479.25 464.25 476.75 2112200
20060406 478.25 480.00 475.75 479.00 1765500
20060407 477.00 491.25 477.00 482.00 4536300
20060410 484.25 506.00 474.00 478.00 1317400
20060411 475.50 478.00 456.00 459.50 1624000
20060412 457.00 459.75 448.75 455.50 1451900
20060413 453.00 474.00 453.00 460.25 1068700
20060414 460.25 460.25 460.25 460.25 0
20060417 460.25 460.25 460.25 460.25 0
20060418 461.50 465.75 452.75 458.00 1950400
20060419 462.50 474.75 456.50 472.50 2584800
20060420 476.50 479.75 472.25 477.25 1486200
20060421 484.00 539.50 484.00 528.75 25431300
20060424 527.75 533.75 520.00 525.50 2435300
20060425 524.25 539.00 524.25 532.00 7697600
20060426 531.00 553.75 530.00 536.25 4321800
20060427 533.75 537.75 524.50 528.00 2047800
20060428 524.00 525.00 518.50 521.00 1859400
20060501 521.00 521.00 521.00 521.00 0
20060502 530.00 539.50 522.00 526.75 1815200
20060503 528.00 537.25 500.25 527.75 1719700
20060504 529.75 532.75 527.00 531.00 5015800
20060505 530.00 553.00 529.75 553.00 3043200
20060508 557.50 575.00 555.00 570.75 8745600
20060509 574.00 575.50 563.25 569.25 3294100
20060510 572.00 575.00 568.00 572.50 2347200
20060511 575.50 575.50 568.50 570.00 1703900
20060512 565.00 572.75 555.25 555.75 3195000
20060515 546.25 547.50 518.62 529.00 4738500
20060516 535.00 526.52 513.25 523.00 5483700
20060517 519.25 534.00 493.25 495.25 9831100
20060518 499.50 499.00 470.00 480.00 6195000
20060519 472.00 520.25 476.80 500.25 11103800
20060522 498.25 498.50 459.25 471.00 5648600
20060523 494.00 505.80 477.15 498.50 6180100
20060524 486.25 496.85 471.70 476.25 9148700
20060525 483.25 486.00 463.42 481.00 7249300
20060526 507.50 512.25 496.00 512.25 5438600
20060529 512.25 512.25 512.25 512.25 0
20060530 505.00 510.00 478.08 491.25 4618900
20060531 475.00 494.24 464.17 493.00 10071800
20060601 480.00 516.50 479.50 484.00 3620200
20060602 499.75 504.00 488.30 501.00 3081100
20060605 509.00 512.40 494.40 498.00 8476800
20060606 507.00 507.00 481.45 487.75 7389200
20060607 484.00 487.75 478.25 485.75 4689100
20060608 481.00 483.25 459.25 461.00 4756300
20060609 462.00 489.00 462.00 477.50 3010100
20060612 469.50 487.90 472.25 475.50 4105300
20060613 460.00 466.25 453.00 464.00 5981900
20060614 470.25 468.90 458.83 465.25 3046100
20060615 472.00 484.30 470.00 476.75 5979400
20060616 488.25 497.00 481.12 483.75 5427800
20060619 494.00 493.50 479.55 480.75 2372200
20060620 473.75 478.22 474.00 477.00 3636300
20060621 491.75 481.75 473.50 479.50 2297200
20060622 491.00 491.00 479.00 482.75 4081500
20060623 482.75 485.73 478.50 479.50 1599400
20060626 486.50 482.03 476.80 482.00 1795500
20060627 489.25 492.00 479.50 484.25 4582600
20060628 477.00 510.80 480.50 500.00 6590700
20060629 509.00 512.75 504.00 508.75 15930100
20060630 523.00 523.00 494.75 498.00 6245700
20060703 500.00 503.50 496.75 499.50 5715700
20060704 504.50 508.75 493.50 503.50 4775400
20060705 496.75 502.50 494.50 495.50 1664300
20060706 494.00 499.00 490.25 494.00 2341200
20060707 486.50 495.75 486.50 491.00 1388900
20060710 486.50 490.00 475.00 487.50 1492900
20060711 482.25 486.00 475.75 478.50 1667800
20060712 479.75 499.00 479.75 485.00 1557700
20060713 479.00 483.75 464.75 471.25 1401000
20060714 460.00 473.75 460.00 468.25 6731600
20060717 460.00 465.00 455.00 457.25 2262000
20060718 451.00 464.25 451.00 460.00 3231700
20060719 478.75 481.50 462.00 479.75 3707800
20060720 472.50 492.50 472.50 477.75 1766200
20060721 473.00 479.00 456.50 459.00 4266100
20060724 459.00 487.25 459.00 486.00 2871100
20060725 491.25 491.25 478.00 481.75 1117800
20060726 470.75 473.75 463.50 465.25 4054500
20060727 466.50 480.50 463.00 477.25 2192900
20060728 477.25 480.00 468.00 480.00 1149300
20060731 463.00 478.00 463.00 470.75 2951600
20060801 469.50 472.00 460.00 464.25 2206500
20060802 462.25 475.25 461.75 474.50 2118300
20060804 465.25 465.25 456.50 458.50 2627800
20060807 450.50 457.00 447.25 449.00 3551800
20060808 454.50 462.75 453.00 460.25 4411200
20060809 465.25 469.75 458.00 463.50 3073400
20060810 463.25 463.25 449.00 450.25 7343200
20060811 450.00 457.50 445.50 449.50 2554900
20060814 457.25 462.00 454.50 462.00 6104300
20060815 462.00 468.50 455.50 467.50 2699700
20060816 463.00 474.25 457.75 470.75 2514800
20060817 468.00 476.50 468.00 473.25 2402000
20060818 475.00 476.50 471.25 473.00 3776900
20060821 470.00 473.75 468.75 471.00 4233100
20060822 469.00 470.50 463.50 467.25 3810400
20060823 470.00 470.00 457.00 458.25 4999800
20060824 457.00 459.25 450.75 456.50 3100200
20060825 454.50 460.50 453.50 459.00 1373400
20060829 460.00 462.00 450.00 459.75 2428700
20060830 462.75 465.00 459.50 461.50 2746300
20060831 460.00 463.75 458.00 462.75 5618200
20060901 466.50 469.00 463.50 467.50 3130200
20060904 467.50 473.75 467.50 473.00 4411500
20060905 473.00 475.50 472.00 474.00 3007800
20060906 470.00 474.50 459.25 460.00 3574100
20060907 456.00 457.00 447.75 450.00 4194400
20060908 453.00 466.25 450.00 466.00 4169700
20060911 461.50 469.50 460.25 469.50 5461000
20060912 473.00 474.75 465.75 474.75 4923900
20060913 475.00 494.00 474.00 493.25 10535200
20060914 491.50 502.50 488.00 497.00 7566000
20060915 497.00 505.00 494.75 495.50 4018800
20060918 498.75 504.00 494.75 496.00 2314300
20060919 494.00 495.50 487.50 489.00 4454700
20060920 486.25 502.50 486.25 502.25 5349700
20060921 505.50 536.00 505.25 523.00 8597300
20060922 518.25 518.25 510.00 513.00 4268200
20060925 513.00 525.25 506.00 509.00 4396300
20060926 513.75 513.75 501.75 507.00 4948500
20060927 506.25 520.75 506.25 520.25 8960800
20060928 519.00 519.50 503.25 509.00 7259000
20060929 514.25 518.00 505.25 516.00 7431300
20061002 509.50 516.75 509.25 511.75 3035600
20061003 505.75 509.50 500.25 509.50 2219800
20061004 510.00 519.75 504.25 519.75 3216600
20061005 527.50 529.00 504.25 513.00 4871100
20061006 509.00 521.25 509.00 521.00 3119700
20061009 513.00 518.00 507.25 516.75 3600000
20061011 525.25 527.75 518.00 518.00 3655800
20061012 525.00 527.50 521.50 525.75 1414000
20061013 522.50 523.75 518.00 519.50 2469200
20061016 516.00 516.00 513.25 513.25 2973800
20061017 516.00 516.00 506.25 507.75 1989300
20061018 512.50 523.25 511.00 516.75 1642700
20061019 513.25 519.00 506.25 511.50 2167800
20061020 515.00 520.50 511.00 520.00 2484200
20061023 525.50 525.50 517.50 520.00 2187400
20061024 522.50 525.00 514.25 517.50 714400
20061025 513.00 518.50 508.00 512.75 4870000
20061026 510.50 515.50 510.50 513.50 829300
20061027 514.75 518.00 502.75 504.00 3279800
20061030 501.00 504.25 497.00 498.50 4846100
20061031 496.25 510.00 496.00 509.00 4170900
20061101 507.50 525.25 507.50 509.00 2461000
20061102 503.75 509.75 501.25 507.00 1424000
20061103 509.50 510.00 502.75 504.75 1125800
20061106 501.25 513.25 501.25 512.75 2609900
20061107 510.25 528.75 510.25 528.00 3625100
20061108 528.50 530.00 507.00 513.00 5449400
20061109 516.00 516.00 503.75 506.00 4928500
20061110 506.00 506.00 497.75 503.75 3249600
20061113 502.00 510.25 502.00 507.50 1849500
20061114 504.25 509.00 502.75 506.25 3138400
20061115 512.50 513.00 475.00 490.00 10066900
20061116 485.50 491.75 483.25 487.25 4554100
20061117 490.00 492.00 479.50 482.50 2420100
20061120 474.25 489.00 474.25 486.50 5031000
20061121 492.00 496.50 475.00 478.00 11941700
20061122 475.75 482.50 466.75 469.50 9008500
20061123 470.00 479.75 470.00 476.50 12931000
20061124 477.75 477.75 466.25 470.75 3340000
20061127 474.00 474.00 464.50 465.00 6794400
20061128 468.00 468.00 457.25 461.00 9024000
20061129 459.75 467.50 455.00 465.50 8231100
20061130 462.50 465.00 457.75 457.75 4945900
20061201 462.25 462.25 447.50 449.75 8938600
20061204 447.50 452.00 441.00 445.25 12686800
20061205 452.00 463.75 451.75 462.00 7506200
20061206 458.25 468.25 457.75 466.00 7709700
20061207 461.25 467.00 461.25 465.00 3448200
20061208 464.00 465.00 459.25 463.50 3315400
20061211 468.75 473.50 463.00 468.25 2286100
20061212 471.25 471.25 459.00 460.75 3572300
20061213 463.75 478.00 459.00 475.50 9768800
20061214 473.50 488.75 416.00 487.75 10293200
20061215 492.00 492.00 480.25 481.50 6057000
20061218 475.50 487.75 475.50 487.00 4768300
20061219 489.25 489.25 477.75 479.00 2155300
20061220 481.50 483.00 471.00 473.50 3035500
20061221 472.25 474.00 466.50 472.25 2538000
20061222 465.50 475.50 462.00 474.00 813900
20061227 487.00 487.00 472.75 479.75 880200
20061228 474.75 481.50 470.00 477.00 821200
20061229 476.75 480.00 474.25 478.50 497600
20070102 485.50 487.50 479.75 486.00 2668100
20070103 489.00 489.50 483.50 487.25 4010900
20070104 490.00 490.00 479.00 483.50 4703700
20070105 480.25 486.00 480.00 483.25 7089100
20070108 486.25 486.25 475.25 476.00 6237700
20070109 481.50 482.75 474.75 476.75 5308700
20070110 475.75 478.50 466.75 466.75 7055200
20070111 466.50 480.50 466.50 478.00 6889600
20070112 480.50 485.00 475.75 484.75 9907500
20070115 485.00 490.00 482.50 489.00 4257900
20070116 485.25 493.75 484.25 493.00 9910600
20070117 494.00 496.75 490.00 496.25 9765200
20070118 495.00 512.00 495.00 506.50 11176700
20070119 508.50 510.00 503.25 509.50 2452000
20070122 505.50 513.75 505.50 511.00 5238000
20070123 510.00 510.50 503.25 510.50 4817600
20070124 510.50 510.50 503.50 504.75 6192000
20070125 502.75 507.50 502.75 504.50 4392900
20070126 504.50 508.50 500.25 502.00 7314600
20070129 504.50 504.50 490.75 494.50 8010500
20070130 494.50 494.50 490.50 491.75 14974000
20070131 494.00 494.25 485.75 488.25 8847700
20070201 484.75 497.50 484.75 494.00 4518600
20070202 492.00 496.75 492.00 495.50 5043200
20070205 492.00 496.25 487.50 488.25 7553600
20070206 491.50 499.50 488.25 499.50 3791000
20070207 498.00 501.00 494.00 498.00 3886800
20070208 502.75 502.75 490.50 491.50 2745400
20070209 492.00 500.25 492.00 499.00 5983600
20070212 493.00 496.25 488.25 489.50 4360600
20070213 490.75 490.75 488.75 489.50 3419800
20070214 493.00 497.50 488.00 495.25 2296900
20070215 492.50 495.50 489.00 491.75 2125000
20070216 487.75 492.00 487.25 489.50 7268600
20070220 489.00 489.00 484.00 486.00 5749500
20070221 487.00 487.00 481.00 482.75 5238600
20070222 481.75 485.00 478.00 478.25 5236100
20070223 479.50 479.50 468.75 477.25 4837700
20070226 475.00 480.00 473.25 479.00 2518800
20070227 475.00 475.25 467.00 470.00 10605600
20070228 460.00 475.00 455.25 471.00 28363700
20070301 466.50 473.75 459.00 465.75 6224400
20070302 468.00 472.00 464.50 468.50 8018400
20070305 459.00 467.50 457.50 466.00 7438300
20070306 466.00 477.25 463.00 477.25 6852600
20070307 476.25 489.50 474.00 480.00 5839200
20070308 480.00 490.00 480.00 488.50 3675800
20070309 490.00 497.75 484.25 495.00 10753300
20070312 500.75 500.75 491.00 491.75 5747200
20070313 491.00 497.00 482.50 482.50 5577400
20070314 475.00 475.25 466.75 466.75 3854000
20070315 470.00 484.75 470.00 481.50 6304700
20070316 478.50 482.25 477.00 478.50 3873500
20070319 483.25 494.75 483.25 493.00 8039300
20070320 490.75 523.00 490.75 522.50 16364400
20070321 525.00 533.75 519.00 533.00 7116800
20070322 538.25 549.00 536.25 540.75 12695500
20070323 540.75 540.75 532.00 534.00 7726700
20070326 532.00 537.50 526.00 528.50 5815100
20070327 533.00 533.50 528.50 530.00 2667200
20070328 526.00 532.00 523.50 528.00 5773200
20070329 533.00 533.00 520.00 523.75 12582900
20070330 522.00 531.50 522.00 530.50 3003300
20070402 530.50 547.00 529.25 540.00 5289400
20070403 542.00 544.50 534.50 542.00 2857400
20070404 547.50 549.25 543.75 546.50 4697300
20070405 544.50 548.00 539.75 540.50 2585700
20070410 540.00 548.50 536.50 543.75 6802300
20070411 542.50 545.00 534.00 535.50 3275100
20070412 530.00 533.75 521.50 525.75 5480500
20070413 528.00 528.00 518.50 521.75 5823700
20070416 524.00 527.50 520.75 525.50 5845700
20070417 525.50 526.00 520.00 521.50 4298700
20070418 517.50 522.50 517.50 519.50 3362100
20070419 517.50 519.75 513.75 518.25 3200500
20070420 519.25 524.00 516.50 517.75 3502200
20070423 521.00 522.00 509.75 511.00 4651100
20070424 509.50 513.00 503.00 507.75 3783300
20070426 515.00 516.00 508.25 509.50 4580300
20070427 510.00 510.00 499.50 500.00 3997200
20070430 500.50 511.25 496.50 507.75 11742400
20070501 500.75 506.25 500.75 502.00 2207000
20070502 503.00 513.25 501.00 511.75 3359600
20070503 511.75 515.00 507.25 510.00 3839300
20070504 510.00 550.00 506.25 535.00 9106100
20070508 538.25 538.25 524.75 531.50 2932300
20070509 533.00 533.75 525.75 528.00 4684800
20070510 528.00 530.00 522.75 525.00 3839500
20070511 521.00 525.00 513.50 522.75 3958300
20070514 530.50 530.50 517.25 520.50 2520100
20070515 524.25 526.25 518.50 523.50 2791800
20070516 521.50 524.75 519.25 522.25 2168300
20070517 526.25 534.75 523.25 531.75 3491600
20070518 536.00 536.00 525.75 527.75 3716500
20070521 533.50 533.50 524.00 527.50 2674700
20070522 532.25 536.25 527.50 530.00 5231600
20070523 522.00 529.50 511.00 528.00 15556700
20070524 529.75 530.50 519.25 523.75 5434700
20070525 517.50 521.50 515.00 518.25 1974700
20070529 517.75 524.50 515.25 522.50 2467600
20070530 522.75 522.75 513.75 517.50 2478400
20070531 526.00 536.75 525.25 534.75 7015200
20070604 526.25 535.50 524.25 526.00 2743600
20070605 527.00 527.00 513.75 515.50 4534900
20070606 518.25 518.25 504.00 506.00 4288200
20070607 504.25 508.25 492.50 495.75 10376900
20070608 490.25 500.75 486.75 499.50 6006900
20070611 500.00 507.75 498.75 501.25 2900500
20070612 503.00 505.25 496.00 500.75 4902200
20070613 500.00 503.50 494.50 500.00 7491200
20070614 507.00 510.75 503.50 508.00 3334300
20070615 508.00 514.25 505.50 514.00 3698600
20070618 509.50 515.50 508.00 509.00 1491200
20070619 509.00 513.00 501.50 506.50 3083600
20070620 507.50 511.00 502.50 505.50 2948800
20070621 502.50 503.00 493.75 495.00 4409400
20070622 497.50 497.50 491.75 495.50 4591600
20070625 495.00 498.00 487.50 496.00 2936200
20070626 496.00 497.00 489.50 493.00 3474200
20070627 490.00 492.00 485.00 490.00 5032400
20070628 492.25 498.00 487.75 488.75 2767200
20070629 490.00 495.00 483.25 494.00 4362400
20070702 492.75 492.75 478.75 479.50 5857900
20070703 484.00 493.25 480.25 492.75 5721500
20070704 494.00 502.50 491.75 499.50 3499000
20070705 501.50 501.50 493.00 498.75 6521000
20070706 497.75 502.00 494.00 502.00 3467000
20070709 503.50 506.50 498.50 502.50 5349000
20070710 502.00 505.50 498.25 503.50 18634600
20070711 502.00 505.50 500.00 505.00 4863000
20070712 506.50 510.00 503.00 510.00 4618900
20070713 514.50 521.00 510.00 518.50 4282700
20070716 518.50 523.00 518.00 519.00 3932500
20070717 519.00 520.50 503.50 505.00 4684900
20070718 500.00 514.50 500.00 508.50 3577100
20070719 516.50 517.50 511.50 516.00 3467600
20070720 517.50 519.50 500.50 500.50 10062600
20070723 501.00 504.00 498.75 502.50 4234900
20070724 498.50 505.00 493.25 494.75 3663500
20070725 486.00 489.00 482.50 485.75 4790800
20070726 491.25 491.25 463.50 463.50 6196400
20070727 460.00 472.00 458.25 467.00 7340800
20070730 465.25 465.50 455.50 458.50 4169500
20070731 460.25 482.75 460.00 479.75 5263500
20070801 468.00 469.75 460.25 462.75 4386200
20070802 464.25 470.50 460.75 463.00 5354200
20070803 467.25 470.00 460.50 463.25 4484200
20070806 457.75 464.00 452.50 454.50 5565400
20070807 462.00 473.75 461.00 471.50 3314400
20070808 476.00 500.50 476.00 500.00 25265000
20070809 501.50 521.00 484.00 505.50 14523900
20070810 499.75 506.50 477.00 490.00 13219200
20070813 492.00 497.25 471.25 491.75 8686900
20070815 480.00 491.75 471.50 486.25 4761700
20070816 474.00 476.75 454.00 455.00 8028200
20070817 455.00 510.00 455.00 484.50 15357700
20070820 492.75 497.50 479.75 481.00 2954800
20070821 481.00 487.75 471.50 482.25 5459000
20070822 489.00 495.75 485.00 493.50 3549600
20070823 495.00 505.50 493.75 495.00 7592800
20070824 490.25 495.75 487.00 490.50 1837400
20070828 495.25 495.50 481.00 482.50 1857000
20070829 477.75 490.25 477.75 484.75 2984700
20070830 484.25 494.25 479.75 489.00 2092500
20070831 496.00 496.00 481.75 488.00 3297300
20070903 492.75 501.00 489.00 501.00 6953500
20070904 502.50 513.00 494.25 513.00 5245500
20070905 512.50 516.50 494.75 498.00 4972600
20070906 503.50 505.00 488.75 496.50 3961900
20070907 496.25 496.50 477.50 478.75 5638200
20070910 482.00 486.00 469.00 470.50 3529500
20070911 477.00 488.50 473.25 487.25 3505200
20070912 485.50 486.25 480.25 482.75 976500
20070913 480.00 485.25 476.25 482.00 5478000
20070914 482.00 484.50 460.25 475.25 5990800
20070917 472.75 485.25 467.50 477.00 6795300
20070918 473.25 481.00 470.25 477.00 6389200
20070919 486.75 501.50 485.50 497.25 8705600
20070920 493.50 506.00 493.00 503.50 6969400
20070921 496.25 507.50 496.25 501.50 7888100
20070924 495.00 501.50 494.00 494.50 5890800
20070925 486.00 500.00 486.00 496.75 3609300
20070926 501.00 519.00 500.00 518.50 5109300
20070927 516.50 528.50 514.00 526.50 4420400
20070928 529.50 530.00 521.50 527.00 3710400
20071001 528.00 536.50 518.50 533.50 5302600
20071002 537.00 544.00 533.50 535.50 6781700
20071003 539.00 539.50 525.50 533.00 7721700
20071004 534.00 534.50 511.50 516.50 11368700
20071005 515.50 523.50 514.50 521.00 2953100
20071008 522.00 534.00 521.00 530.00 4378200
20071009 530.00 533.50 525.00 529.50 2749200
20071010 534.00 534.00 519.00 525.00 5210300
20071011 527.50 531.00 525.00 530.00 4099800
20071012 530.00 538.00 522.50 538.00 3770200
20071015 540.00 542.00 527.00 525.50 5708300
20071016 520.50 527.50 515.50 519.00 2730600
20071017 523.00 548.00 518.50 548.00 6571900
20071018 549.50 565.50 536.00 537.50 5564000
20071019 538.50 539.00 526.50 530.50 2301900
20071022 520.00 529.00 517.00 525.50 2847000
20071023 523.50 539.00 523.50 534.00 1897200
20071024 537.00 543.00 527.50 533.50 2067900
20071025 539.50 551.50 533.50 547.50 2421300
20071026 547.00 557.50 545.00 553.50 3239100
20071029 560.50 560.50 551.50 557.00 3905200
20071030 558.00 573.00 558.00 570.00 7171800
20071031 570.00 585.00 568.00 585.00 4994600
20071101 575.00 606.00 575.00 591.00 6482600
20071102 589.00 604.00 582.50 602.00 4952900
20071105 600.00 604.00 588.00 593.50 3148200
20071106 594.50 599.50 585.50 589.50 4575600
20071107 592.00 597.00 581.00 587.00 2252000
20071108 580.00 601.50 579.50 596.50 5115900
20071109 605.00 640.00 599.00 625.00 8437800
20071112 614.00 623.50 611.00 620.50 4991800
20071113 620.00 620.00 592.00 597.50 5015200
20071114 603.00 608.00 595.00 600.00 2572300
20071115 593.00 600.00 576.50 593.00 2771400
20071116 593.00 602.50 586.50 595.50 2349000
20071119 593.00 600.00 571.50 571.50 3866100
20071120 590.00 665.50 576.50 645.00 10509200
20071121 640.00 641.50 612.50 617.00 5891500
20071122 619.50 648.00 614.50 647.00 2191400
20071123 646.00 670.00 644.00 669.00 3829100
20071126 673.50 696.00 662.50 667.00 6439800
20071127 667.00 670.00 623.00 632.50 5459100
20071128 633.50 675.50 630.50 671.00 5229900
20071129 676.00 698.00 661.00 674.00 3607700
20071130 673.00 701.00 673.00 689.50 3515700
20071203 687.00 697.50 679.00 685.50 6877700
20071204 682.50 687.50 659.50 670.50 4677400
20071205 679.50 695.00 677.50 681.50 5118400
20071206 687.00 695.00 676.00 678.50 4225100
20071207 686.50 690.00 661.00 664.50 4236900
20071210 663.00 677.50 650.50 655.50 2673800
20071211 661.00 672.50 655.00 669.50 2472300
20071212 665.00 694.50 660.00 694.00 4644800
20071213 689.50 695.00 678.50 682.00 3160700
20071214 688.50 699.50 670.50 694.50 1991900
20071217 684.00 698.00 681.50 689.50 3654300
20071218 690.00 695.00 682.00 686.50 3283500
20071219 690.00 690.00 675.50 680.50 2845400
20071220 682.00 701.00 682.00 699.00 2235700
20071221 702.50 729.00 699.00 722.00 3142900
20071224 717.50 723.00 713.00 722.00 207500
20071227 732.00 733.00 717.00 722.50 1248900
20071228 720.50 732.50 720.50 728.00 1432300
20071231 733.00 733.00 719.00 726.50 277100
20080102 725.00 738.00 710.00 714.00 2185500
20080103 712.00 723.50 699.00 718.00 1913700
20080104 720.50 729.50 687.00 687.50 2905000
20080107 689.00 696.00 650.00 655.00 3987600
20080108 660.50 662.50 644.00 655.50 3734100
20080109 654.00 658.00 599.00 650.00 3854600
20080110 647.50 674.00 647.50 663.50 3991800
20080111 677.00 685.00 655.00 675.50 5820700
20080114 678.00 695.00 665.00 685.00 2856900
20080115 679.50 690.00 665.00 668.00 3153700
20080116 681.50 692.50 660.00 674.50 6478700
20080117 683.00 690.00 648.50 650.50 4199500
20080118 645.50 649.00 604.00 616.50 10688000
20080121 609.50 612.00 585.00 585.00 3685400
20080122 556.00 618.00 536.00 605.50 5850000
20080123 622.00 624.00 575.00 584.00 6844800
20080124 620.00 669.50 610.00 666.00 7308600
20080125 690.50 699.50 649.00 655.50 4555600
20080128 657.50 667.50 642.50 665.00 2297900
20080129 676.00 678.00 656.00 672.00 1928400
20080130 666.50 680.50 653.50 659.50 2876100
20080131 659.50 680.00 640.00 675.50 4426300
20080201 686.00 703.00 673.00 698.00 2922900
20080204 708.00 715.00 694.00 706.50 3488300
20080205 705.00 705.00 667.00 675.00 3784500
20080206 670.00 701.00 667.00 698.50 3624300
20080207 698.00 702.00 676.50 685.00 5065800
20080208 690.50 700.50 669.00 677.50 3830500
20080211 668.00 675.50 649.50 656.00 4381400
20080212 663.50 704.00 656.50 703.00 3694700
20080213 699.00 710.00 693.00 708.00 3349400
20080214 714.50 718.00 699.50 703.00 2661800
20080215 706.00 713.50 676.50 680.50 2948300
20080218 685.00 697.00 678.50 694.50 2113700
20080219 691.00 719.00 686.00 698.00 3858000
20080220 693.50 696.00 657.50 673.50 3468200
20080221 676.00 684.50 669.00 674.00 2160900
20080222 670.00 712.00 665.00 670.50 3463300
20080225 673.50 682.00 660.00 673.00 2197000
20080226 679.50 699.00 672.50 698.50 2464700
20080227 705.00 705.00 674.00 692.00 2951000
20080228 693.00 699.00 653.00 664.50 4980600
20080229 660.00 668.50 622.00 631.50 5350100
20080303 625.50 628.50 611.00 622.00 4775900
20080304 627.00 635.50 614.00 622.00 5613600
20080305 625.00 648.00 624.50 635.00 4885600
20080306 641.00 641.00 602.00 607.50 5340500
20080307 605.00 605.00 578.00 585.50 9138600
20080310 583.00 594.50 575.50 579.50 3372700
20080311 585.00 605.50 579.00 602.50 6882400
20080312 618.50 639.50 603.50 630.50 7144100
20080313 623.00 640.00 617.00 634.00 6502100
20080314 631.00 639.50 595.50 598.00 6368200
20080318 526.00 569.50 510.00 551.00 15653500
20080319 600.00 600.00 540.50 553.00 9053400
20080320 544.50 555.50 524.50 547.50 9607700
20080325 568.00 586.50 549.50 577.00 5983500
20080326 573.00 597.50 568.00 590.50 5876300
20080327 601.50 606.50 587.50 595.00 3365900
20080328 594.50 605.00 586.00 589.50 4067600
20080331 587.00 594.50 564.50 569.00 3504900
20080401 560.00 598.50 557.00 594.00 5035500
20080402 601.00 616.00 589.50 613.50 6720600
20080403 617.50 623.00 590.00 592.50 4296800
20080404 600.50 622.00 595.00 620.00 4718200
20080407 620.50 632.00 616.00 628.00 4957900
20080408 627.50 635.50 619.50 631.00 4490800
20080409 629.00 632.50 614.00 620.00 4989900
20080410 617.00 622.00 584.50 592.00 4597300
20080411 598.00 599.00 565.00 570.50 4488600
20080414 567.50 571.00 552.00 558.50 5495200
20080415 560.00 569.00 556.00 561.00 6637000
20080416 569.00 573.00 558.00 564.00 3513500
20080417 568.50 575.50 555.00 562.00 5542500
20080418 567.00 578.50 551.00 575.00 8645500
20080421 588.50 600.00 554.00 560.50 4352600
20080422 560.50 570.00 555.00 559.00 2466700
20080423 568.00 574.00 555.00 572.00 3350300
20080424 572.50 575.50 560.50 572.00 2812200
20080425 579.00 599.50 575.50 595.50 4969700
20080428 597.00 605.00 593.00 599.50 2047700
20080429 596.50 605.50 577.00 579.00 3550300
20080430 583.00 590.00 568.00 586.00 3646300
20080501 591.50 600.00 583.00 595.00 1404900
20080502 604.50 616.50 602.00 606.00 2891400
20080506 620.00 623.00 593.50 599.50 2823100
20080507 597.50 607.50 589.00 592.50 2822400
20080508 601.00 603.00 590.50 600.50 1981100
20080509 598.00 602.50 587.50 600.00 2280800
20080512 600.00 604.50 595.50 598.50 3452800
20080513 606.00 610.50 591.00 592.50 2783000
20080514 598.50 613.00 593.50 606.50 4073100
20080515 608.50 645.00 604.00 635.00 7722600
20080516 635.50 668.50 630.00 659.00 6008800
20080519 662.00 673.50 651.50 670.00 3142300
20080520 657.00 660.00 611.50 626.50 11389900
20080521 644.00 645.00 608.50 611.00 5123300
20080522 609.50 609.50 592.50 604.00 5034500
20080523 601.50 604.00 578.00 587.50 7880300
20080527 592.50 610.00 587.50 604.00 4100600
20080528 604.00 624.50 604.00 619.00 3516400
20080529 617.50 625.00 603.50 610.00 3312000
20080530 615.50 622.50 609.00 616.00 3204800
20080602 612.50 618.00 602.00 615.50 2622500
20080603 615.50 634.50 612.50 632.50 2478600
20080604 628.50 634.00 621.00 624.50 3781100
20080605 623.00 627.00 605.00 610.00 3350100
20080606 616.50 621.50 602.50 603.50 4561700
20080610 564.00 584.00 554.00 564.50 10269100
20080611 570.00 571.50 543.50 549.50 4861100
20080612 547.00 573.50 547.00 570.00 4266000
20080613 572.50 572.50 555.50 568.00 3431000
20080616 566.00 579.50 564.50 575.50 3435800
20080617 579.50 600.00 579.50 584.50 3203900
20080618 572.00 577.50 556.00 559.00 3504600
20080619 559.00 584.00 557.50 575.50 4935300
20080620 580.00 591.50 563.00 569.00 4087300
20080623 564.00 575.00 561.50 564.00 1823800
20080624 567.50 567.50 546.00 557.00 5834000
20080625 563.00 565.50 544.00 548.50 4025900
20080626 541.50 549.00 521.50 524.00 4898500
20080627 518.50 531.50 504.00 529.50 4248900
20080630 545.00 547.50 533.00 542.00 5998500
20080701 541.50 541.50 507.50 517.50 5570800
20080702 514.50 525.50 506.00 506.00 5737100
20080703 496.25 505.00 487.75 495.00 7380100
20080704 498.25 499.50 467.00 470.50 4928700
20080707 477.25 479.00 456.00 461.75 7996400
20080708 455.50 455.50 436.50 442.50 13853300
20080709 453.00 467.50 448.00 462.50 14304300
20080710 452.25 454.00 426.00 428.00 7919200
20080711 432.00 435.00 415.25 415.25 8686400
20080714 424.75 443.50 424.75 435.75 6691100
20080715 427.00 440.75 410.00 417.75 7935300
20080716 430.00 457.25 420.00 454.50 15544000
20080717 481.00 485.25 462.00 485.25 9481900
20080718 475.75 489.25 472.75 487.25 7008800
20080721 490.75 491.25 474.50 476.00 4630700
20080722 469.00 469.75 455.00 465.75 5063200
20080723 472.50 484.75 464.25 482.50 7537300
20080724 492.00 499.50 476.75 484.50 6260800
20080725 473.25 481.25 467.50 471.00 4899300
20080728 471.00 482.75 464.50 477.25 4724800
20080729 467.50 474.25 460.75 468.50 2210100
20080730 487.25 490.00 473.75 489.75 4204000
20080731 502.50 508.00 489.75 502.50 10533800
20080801 512.50 513.50 490.75 501.50 6043000
20080804 485.00 512.00 485.00 506.00 3391000
20080805 497.00 521.00 497.00 513.50 2922800
20080806 520.50 521.00 505.50 513.50 3026400
20080807 507.50 515.00 497.00 498.00 4736400
20080808 492.75 512.50 488.75 511.50 2244300
20080811 516.50 518.00 507.50 516.00 2451700
20080812 512.50 516.50 505.50 510.00 2755100
20080813 508.00 508.00 482.00 483.25 4056600
20080814 483.00 490.75 470.75 482.00 2023100
20080815 483.00 490.25 464.00 472.75 3126400
20080818 474.00 475.00 460.25 469.75 1273500
20080819 469.75 473.00 448.50 450.50 3522300
20080820 452.50 466.75 449.25 463.25 3638300
20080821 457.50 463.00 451.25 458.50 4713200
20080822 459.25 476.75 457.50 474.00 2858200
20080826 466.75 468.25 456.25 462.50 3225900
20080827 464.00 471.75 456.25 469.25 2295000
20080828 469.25 478.75 464.00 474.25 2777400
20080829 478.25 478.75 468.50 475.50 2520700
20080901 474.75 480.50 467.75 477.25 888300
20080902 476.00 488.25 475.00 479.00 3049800
20080903 473.00 480.00 457.25 469.25 3846300
20080904 473.00 475.75 456.25 456.75 2320400
20080905 453.50 465.00 449.25 455.00 6554300
20080908 473.00 488.50 470.00 480.00 2707500
20080909 482.25 498.75 474.75 486.00 7799800
20080910 483.00 492.25 471.25 488.00 6904200
20080911 484.75 493.75 476.00 487.00 4270000
20080912 491.50 501.00 483.00 488.50 4701600
20080915 482.00 482.00 415.75 435.00 11085900
20080916 421.00 421.25 390.00 407.75 11225000
20080917 420.00 432.75 394.25 400.00 11156600
20080918 392.25 413.25 387.50 389.25 9201700
20080919 400.00 475.00 400.00 451.50 11254300
20080922 465.00 484.50 424.25 427.75 5485900
20080923 406.25 419.75 397.00 407.25 7075700
20080924 392.50 410.75 392.50 400.00 4181000
20080925 405.00 405.00 385.00 394.00 4566400
20080926 381.50 389.75 371.50 378.50 5329700
20080929 364.00 369.00 287.00 289.25 13195200
20080930 280.00 355.00 270.00 355.00 12915500
20081001 355.25 356.50 339.75 346.75 5154300
20081002 330.50 366.25 330.50 345.50 4040000
20081003 355.75 367.00 331.00 344.25 5158100
20081006 338.75 338.75 316.50 326.25 5217800
20081007 325.25 341.75 314.75 328.00 2959800
20081008 311.00 378.00 305.00 336.00 5280600
20081009 338.00 362.75 311.25 325.25 3286500
20081010 297.00 330.25 277.00 305.25 8018500
20081013 320.50 345.00 320.50 343.00 5500800
20081014 349.75 400.00 339.00 386.00 4347200
20081015 385.00 391.00 348.25 363.75 5524100
20081016 340.00 360.00 322.50 326.75 2238100
20081017 355.00 355.00 324.75 346.50 3667700
20081020 362.50 363.00 334.25 357.50 2746700
20081021 362.00 374.75 348.50 351.00 3534000
20081022 343.75 349.50 323.50 325.00 3306000
20081023 340.00 340.00 314.00 331.00 3345300
20081024 307.50 319.75 298.00 311.00 3735300
20081027 292.00 309.00 291.50 295.25 2343600
20081028 290.00 301.25 264.25 268.50 4450700
20081029 295.00 308.00 281.50 300.75 5070300
20081030 308.25 319.50 280.00 318.50 2971200
20081031 333.25 333.25 299.00 307.00 3210700
20081103 316.25 332.00 309.75 332.00 3025800
20081104 323.50 366.00 318.25 365.75 4320200
20081105 369.25 370.25 340.50 356.00 3140900
20081106 346.00 352.00 318.25 328.25 5205100
20081107 330.75 343.75 310.25 313.50 3245300
20081110 329.00 332.00 313.00 326.75 2950100
20081111 321.25 328.00 300.25 300.25 1834000
20081112 310.00 311.75 278.25 284.75 3145200
20081113 268.00 274.75 197.00 255.25 14930800
20081114 279.00 282.00 232.25 238.00 5547300
20081117 232.25 257.50 232.25 251.50 4320200
20081118 255.75 271.75 212.25 230.00 7875800
20081119 230.25 256.75 229.75 244.25 6338600
20081120 240.00 250.00 232.00 241.75 4719700
20081121 237.50 259.25 230.00 230.25 5311300
20081124 232.00 261.50 232.00 260.50 4880900
20081125 251.50 309.00 251.50 290.00 8053300
20081126 285.00 298.75 265.00 278.25 4644000
20081127 265.00 286.75 265.00 282.00 3802500
20081128 282.25 294.75 278.00 293.25 2224600
20081201 301.00 303.00 277.50 279.75 2712300
20081202 271.25 293.50 267.50 291.25 2954300
20081203 287.25 310.00 280.50 301.00 3199900
20081204 295.00 305.00 285.00 285.50 4848400
20081205 280.00 297.75 280.00 294.50 4495200
20081208 312.00 317.75 300.50 302.50 3416700
20081209 300.75 306.50 287.50 300.00 3505900
20081210 296.50 307.25 290.00 305.00 5237800
20081211 308.75 321.25 297.75 313.50 3087200
20081212 296.00 307.50 295.00 301.25 2554600
20081215 302.75 307.75 294.75 294.75 1848600
20081216 295.00 295.00 270.00 283.75 2551900
20081217 285.50 289.25 273.50 283.25 2953500
20081218 285.00 289.25 278.00 278.25 3166800
20081219 275.00 297.75 268.25 289.00 3558500
20081222 293.50 295.50 271.25 272.75 1930500
20081223 275.75 287.25 270.00 278.75 1864300
20081224 287.00 289.25 270.00 282.00 401800
20081229 287.00 293.00 279.25 282.00 1554000
20081230 280.25 288.75 278.00 287.25 1978500
20081231 285.25 294.00 283.00 287.50 388900
20090102 291.50 299.75 281.00 298.00 2096200
20090105 299.75 314.75 290.75 313.25 2886100
20090106 322.00 348.00 309.00 336.50 3742300
20090107 333.75 335.00 320.25 325.50 4273400
20090108 321.25 335.00 307.75 311.00 3819900
20090109 308.75 318.75 302.00 310.75 3074400
20090112 311.25 311.25 290.75 296.25 1925900
20090113 291.75 293.50 275.75 288.75 2574100
20090114 294.50 294.50 253.25 264.50 5290600
20090115 263.75 273.75 250.75 270.25 4220900
20090116 274.75 278.25 263.00 263.50 3162400
20090119 260.50 272.50 251.00 255.50 2200600
20090120 254.75 272.75 244.50 254.75 6054700
20090121 250.25 254.25 222.00 250.75 5544200
20090122 255.00 263.00 239.25 246.00 3834100
20090123 244.25 248.25 237.25 243.50 2821400
20090126 241.75 255.75 241.00 252.00 3172700
20090127 255.75 259.00 248.25 251.75 2589600
20090128 255.75 266.25 248.75 251.00 3969900
20090129 251.00 255.50 233.75 235.00 7533700
20090130 235.25 241.25 231.00 236.00 4894800
20090202 237.00 238.25 217.25 219.50 6444400
20090203 219.50 234.75 219.25 229.75 3629200
20090204 235.00 235.00 226.00 229.00 4077800
20090205 225.50 236.25 218.50 223.75 4689500
20090206 224.50 233.75 221.25 224.00 6682300
20090209 224.50 246.50 218.75 241.75 7507100
20090210 240.25 242.00 217.00 220.75 5842900
20090211 218.25 226.75 211.00 221.25 5404100
20090212 224.00 239.50 219.00 237.50 6743900
20090213 244.00 252.00 234.25 238.50 3988100
