20060612 1134.89 1134.89 1097.96 1107.49 1600350
20060613 1092.60 1092.60 1044.59 1069.36 4910493
20060614 1070.55 1119.09 1060.75 1078.30 3677414
20060615 1084.85 1097.61 1071.61 1092.00 3386937
20060616 1109.28 1103.32 1078.89 1082.47 4518378
20060619 1096.17 1096.17 1081.87 1090.21 1334800
20060620 1084.85 1103.45 1076.09 1090.81 2937080
20060621 1093.79 1100.45 1081.61 1084.85 4267012
20060622 1098.55 1098.55 1090.21 1098.55 8496173
20060623 1102.72 1105.70 1100.52 1102.13 1963425
20060626 1102.72 1102.97 1084.85 1092.00 1815626
20060627 1096.77 1096.90 1082.33 1084.85 1256578
20060628 1084.26 1093.79 1079.49 1089.62 1137148
20060629 1093.19 1117.02 1092.60 1116.43 1867914
20060630 1128.34 1131.91 1122.38 1126.55 2193305
20060703 1131.32 1138.47 1127.74 1137.28 1041637
20060704 1131.91 1139.66 1118.21 1133.11 1039371
20060705 1130.13 1136.68 1113.45 1121.19 802273
20060706 1121.19 1134.89 1121.19 1133.11 1326407
20060707 1127.15 1136.68 1124.17 1131.32 831228
20060710 1125.96 1139.66 1125.36 1137.28 1103073
20060711 1131.91 1143.83 1129.53 1138.47 2190955
20060712 1141.45 1143.83 1131.91 1136.68 1649867
20060713 1131.91 1146.21 1115.83 1121.19 3212701
20060714 1102.13 1113.45 1090.21 1092.00 2616641
20060717 1090.21 1098.55 1077.11 1085.45 3921226
20060718 1083.66 1090.21 1075.91 1077.70 2067076
20060719 1087.23 1099.74 1074.72 1097.36 1418644
20060720 1098.55 1109.28 1090.81 1102.72 1873369
20060721 1101.53 1111.06 1068.77 1071.74 2518528
20060724 1072.34 1087.83 1072.34 1085.45 2496371
20060725 1093.19 1098.55 1081.87 1094.38 2097459
20060726 1093.79 1099.74 1078.30 1084.26 3099398
20060727 1085.45 1094.98 1068.17 1072.34 5330387
20060728 1064.00 1064.00 1021.70 1022.89 8824250
20060731 1025.28 1042.55 1021.11 1032.43 4701091
20060801 1029.45 1035.40 1018.13 1022.89 2219323
20060802 1027.66 1031.83 1016.34 1022.89 4288582
20060803 1022.89 1022.89 1022.89 1022.89 0
20060804 1006.21 1026.47 1005.62 1023.49 3236118
20060807 1018.72 1033.62 1018.72 1025.28 1807821
20060808 1036.60 1041.96 1031.83 1034.81 3685639
20060809 1041.96 1041.96 1023.49 1031.23 3203973
20060810 1017.53 1018.72 990.72 999.66 6596450
20060811 1005.62 1018.13 998.47 1006.81 2149746
20060814 1019.91 1019.91 1006.21 1011.57 2335480
20060815 1008.60 1031.83 1008.60 1029.45 3090501
20060816 1036.60 1040.77 1028.26 1032.43 2839387
20060817 1038.38 1050.89 1036.60 1049.11 2914419
20060818 1049.70 1081.28 1049.70 1078.30 6656375
20060821 1078.30 1100.94 1064.00 1077.11 8543089
20060822 1072.34 1082.47 1048.51 1069.96 5389641
20060823 1072.34 1078.89 1062.81 1067.57 5949612
20060824 1067.57 1088.43 1062.21 1084.26 2970148
20060825 1084.26 1096.17 1084.26 1091.40 1359559
20060828 1091.40 1091.40 1091.40 1091.40 0
20060829 1100.34 1107.49 1087.23 1089.62 2131701
20060830 1090.81 1098.55 1085.45 1096.17 1853478
20060831 1092.60 1098.55 1090.21 1094.98 1939085
20060901 1093.19 1098.55 1089.62 1096.77 1700309
20060904 1094.38 1111.06 1094.38 1104.51 1576850
20060905 1109.87 1109.87 1099.74 1103.32 845244
20060906 1097.96 1103.91 1092.60 1101.53 1916005
20060907 1100.94 1103.91 1075.32 1090.21 3877416
20060908 1097.96 1100.94 1088.43 1099.15 1982225
20060911 1099.15 1102.13 1087.83 1096.17 1380709
20060912 1097.36 1114.04 1091.40 1113.45 2152264
20060913 1123.57 1148.60 1114.04 1124.17 4165375
20060914 1121.19 1134.30 1114.04 1118.21 2545805
20060915 1124.17 1132.51 1121.19 1127.74 2011432
20060918 1134.30 1134.30 1111.66 1118.21 1662960
20060919 1114.04 1120.00 1104.51 1108.68 1967285
20060920 1112.26 1120.60 1100.34 1115.83 3459116
20060921 1111.06 1115.83 1105.11 1113.45 2208076
20060922 1111.06 1112.26 1092.60 1100.34 1572234
20060925 1109.28 1112.85 1096.17 1099.74 1085616
20060926 1100.94 1108.68 1092.00 1105.11 2428389
20060927 1112.26 1115.83 1097.96 1101.53 1906353
20060928 1098.55 1124.77 1098.55 1116.43 2490160
20060929 1121.79 1122.38 1108.68 1114.64 2630993
20061002 1124.17 1124.17 1104.51 1109.28 2325744
20061003 1102.13 1115.83 1093.79 1115.23 2780469
20061004 1114.04 1120.00 1111.06 1117.02 3569146
20061005 1122.38 1139.66 1118.21 1137.87 3114505
20061006 1149.79 1172.43 1145.02 1146.81 4333568
20061009 1146.81 1146.81 1132.51 1139.06 2201866
20061010 1136.68 1149.79 1132.51 1147.40 2273625
20061011 1151.57 1152.77 1137.28 1141.45 2465234
20061012 1143.83 1151.57 1134.89 1145.62 855987
20061013 1149.79 1149.79 1139.06 1146.21 1875803
20061016 1146.21 1159.32 1146.21 1155.74 2426291
20061017 1158.72 1158.72 1136.68 1137.87 1884028
20061018 1148.60 1172.43 1148.60 1165.87 3267087
20061019 1163.49 1168.85 1151.57 1158.72 2124400
20061020 1155.15 1190.89 1155.15 1187.91 5862327
20061023 1198.64 1200.43 1183.74 1185.53 1761828
20061024 1190.89 1211.74 1186.72 1201.62 3537841
20061025 1199.23 1232.60 1199.23 1214.13 4283043
20061026 1214.13 1230.21 1210.55 1213.53 4163109
20061027 1215.32 1223.66 1202.81 1205.19 1470680
20061030 1199.23 1206.98 1191.49 1195.06 2799521
20061031 1192.09 1213.53 1185.53 1202.21 2464226
20061101 1193.87 1208.17 1188.51 1199.83 2700318
20061102 1190.30 1204.00 1183.74 1193.28 3416984
20061103 1191.49 1216.51 1187.32 1210.55 4484639
20061106 1206.98 1245.11 1203.40 1237.36 5569584
20061107 1232.60 1264.17 1232.60 1258.81 3820680
20061108 1248.09 1264.77 1239.74 1258.81 2166868
20061109 1254.64 1264.17 1240.34 1254.64 2011348
20061110 1259.40 1260.60 1241.53 1257.02 1637698
20061113 1262.38 1262.38 1243.91 1249.28 1515414
20061114 1251.06 1297.53 1235.57 1269.53 3936837
20061115 1274.89 1274.89 1251.06 1262.98 1677648
20061116 1254.04 1267.15 1250.47 1264.17 840544
20061117 1269.53 1276.09 1240.94 1243.91 2965700
20061120 1243.91 1248.09 1234.98 1237.36 1907780
20061121 1231.40 1252.26 1231.40 1244.51 1180455
20061122 1243.91 1263.57 1234.38 1249.87 2652478
20061123 1249.87 1255.23 1242.13 1246.30 917926
20061124 1240.34 1243.91 1223.06 1232.00 1547810
20061127 1238.55 1247.49 1223.66 1225.45 1615121
20061128 1221.28 1223.06 1201.62 1204.60 3001453
20061129 1210.55 1228.43 1202.21 1227.23 2715173
20061130 1223.06 1230.81 1206.38 1213.53 2537412
20061201 1222.47 1234.38 1207.57 1212.34 3823282
20061204 1212.34 1248.09 1212.34 1241.53 3272459
20061205 1241.53 1279.66 1239.15 1276.09 3828150
20061206 1274.89 1282.64 1265.36 1280.85 2304930
20061207 1283.23 1308.26 1271.32 1305.28 4462566
20061208 1293.96 1305.87 1290.98 1302.30 2290914
20061211 1305.28 1316.60 1302.30 1315.40 1873453
20061212 1320.77 1329.70 1315.40 1327.91 2440978
20061213 1327.91 1377.96 1320.17 1348.77 3354373
20061214 1345.19 1380.34 1345.19 1366.64 1998759
20061215 1363.66 1364.26 1344.00 1351.74 3863400
20061218 1345.19 1388.09 1345.19 1370.21 1612435
20061219 1369.02 1372.60 1353.53 1359.49 1707862
20061220 1366.64 1389.28 1366.64 1374.98 1583900
20061221 1371.40 1396.43 1370.21 1383.32 1212516
20061222 1385.70 1450.04 1382.13 1450.04 1815962
20061225 1450.04 1450.04 1450.04 1450.04 0
20061226 1450.04 1450.04 1450.04 1450.04 0
20061227 1486.98 1579.91 1465.53 1491.74 4160339
20061228 1506.04 1535.83 1498.89 1507.23 1694769
20061229 1515.57 1515.57 1489.36 1503.66 401850
20070101 1503.66 1503.66 1503.66 1503.66 0
20070102 1521.53 1522.72 1497.70 1514.38 1495775
20070103 1522.72 1522.72 1470.30 1472.68 3786857
20070104 1465.53 1465.53 1436.94 1440.51 4994421
20070105 1429.79 1453.62 1423.83 1436.94 3320466
20070108 1434.55 1452.43 1429.79 1429.79 2450462
20070109 1433.36 1454.81 1426.21 1439.32 2594484
20070110 1435.74 1438.13 1408.34 1410.72 3122814
20070111 1410.72 1430.98 1401.19 1419.06 3941369
20070112 1423.83 1463.15 1416.68 1460.77 7960793
20070115 1459.57 1491.74 1448.85 1469.11 2437034
20070116 1473.87 1473.87 1436.94 1444.09 1153430
20070117 1448.85 1460.77 1421.45 1453.62 2986010
20070118 1453.62 1497.70 1453.62 1495.32 11531702
20070119 1496.51 1596.60 1496.51 1548.94 10943279
20070122 1575.15 1608.51 1539.40 1558.47 7504137
20070123 1564.43 1564.43 1528.68 1553.70 4697398
20070124 1551.32 1551.32 1520.34 1532.26 3007580
20070125 1527.49 1556.09 1527.49 1539.40 6612312
20070126 1520.34 1545.36 1519.15 1519.15 3131039
20070129 1533.45 1546.55 1512.00 1533.45 2443328
20070130 1535.83 1538.21 1523.91 1531.06 1741517
20070131 1517.96 1528.68 1513.19 1514.38 2026035
20070201 1508.43 1537.02 1508.43 1516.77 6394686
20070202 1513.19 1550.13 1508.43 1535.83 4454509
20070205 1525.11 1540.60 1525.11 1538.21 1375673
20070206 1534.64 1544.17 1531.06 1538.21 1699217
20070207 1538.21 1560.85 1538.21 1558.47 1740846
20070208 1566.81 1566.81 1541.79 1548.94 1449362
20070209 1560.85 1568.00 1528.68 1531.06 2872875
20070212 1535.83 1548.94 1531.06 1534.64 2804305
20070213 1546.55 1554.89 1540.60 1546.55 1898128
20070214 1560.85 1569.19 1542.98 1566.81 3230243
20070215 1560.85 1565.62 1544.17 1553.70 1726830
20070216 1556.09 1563.23 1550.13 1552.51 1042812
20070219 1548.94 1560.85 1537.02 1545.36 1956207
20070220 1538.21 1554.89 1509.62 1515.57 4468609
20070221 1521.53 1521.53 1482.21 1488.17 3417151
20070222 1486.98 1501.28 1465.53 1466.72 6707487
20070223 1464.34 1471.49 1447.66 1459.57 4881537
20070226 1464.34 1495.32 1453.62 1491.74 3312409
20070227 1486.98 1486.98 1429.79 1440.51 6990662
20070228 1420.26 1440.51 1404.77 1429.79 6258637
20070301 1422.64 1461.96 1411.91 1423.83 6831618
20070302 1429.79 1447.66 1407.15 1442.89 4711078
20070305 1411.91 1441.70 1389.28 1428.60 4147750
20070306 1430.98 1446.47 1423.83 1439.32 2565360
20070307 1459.57 1472.68 1447.66 1457.19 3071366
20070308 1470.30 1481.02 1453.62 1481.02 2278073
20070309 1477.45 1484.60 1459.57 1477.45 1725991
20070312 1489.36 1489.36 1461.96 1465.53 1822760
20070313 1457.19 1470.30 1441.70 1441.70 2060782
20070314 1419.06 1432.17 1407.15 1408.34 2543875
20070315 1434.55 1451.23 1415.49 1447.66 3064484
20070316 1436.94 1454.81 1429.79 1445.28 2701241
20070319 1453.62 1465.53 1448.85 1459.57 1713401
20070320 1459.57 1515.57 1447.66 1509.62 6775721
20070321 1501.28 1515.57 1490.55 1512.00 4032264
20070322 1535.83 1535.83 1508.43 1521.53 5329212
20070323 1525.11 1525.11 1490.55 1510.81 1817725
20070326 1521.53 1525.11 1490.55 1498.89 1710967
20070327 1500.09 1506.04 1484.60 1492.94 2291753
20070328 1494.13 1497.70 1483.40 1488.17 1660778
20070329 1502.47 1509.62 1494.13 1502.47 2397335
20070330 1507.23 1513.19 1496.51 1496.51 926487
20070402 1488.17 1506.04 1488.17 1503.66 1941855
20070403 1504.85 1519.15 1501.28 1510.81 1410419
20070404 1521.53 1527.49 1501.28 1522.72 3309891
20070405 1522.72 1550.13 1519.15 1529.87 2773503
20070406 1529.87 1529.87 1529.87 1529.87 0
20070409 1529.87 1529.87 1529.87 1529.87 0
20070410 1538.21 1538.21 1516.77 1526.30 1791287
20070411 1520.34 1535.83 1503.66 1508.43 1758807
20070412 1502.47 1515.57 1492.94 1512.00 2579041
20070413 1507.23 1542.98 1507.23 1541.79 2225701
20070416 1554.89 1556.09 1537.02 1541.79 2115923
20070417 1545.36 1545.36 1520.34 1527.49 3164946
20070418 1532.26 1532.26 1506.04 1519.15 1758219
20070419 1512.00 1513.19 1492.94 1495.32 1847855
20070420 1504.85 1504.85 1450.04 1458.38 10109952
20070423 1457.19 1496.51 1447.66 1479.83 4684137
20070424 1477.45 1486.98 1448.85 1453.62 2674384
20070425 1464.34 1471.49 1454.81 1456.00 2380718
20070426 1469.11 1488.17 1461.96 1467.91 3316521
20070427 1460.77 1473.87 1450.04 1457.19 2671530
20070430 1445.28 1459.57 1435.74 1448.85 2462632
20070501 1440.51 1477.45 1428.60 1463.15 2739093
20070502 1471.49 1475.06 1458.38 1471.49 2886135
20070503 1471.49 1495.32 1454.81 1488.17 3459032
20070504 1492.94 1526.30 1482.21 1501.28 1556623
20070507 1501.28 1501.28 1501.28 1501.28 0
20070508 1495.32 1497.70 1477.45 1488.17 1810759
20070509 1501.28 1502.47 1473.87 1479.83 2447189
20070510 1472.68 1498.89 1467.91 1489.36 3341448
20070511 1484.60 1496.51 1475.06 1489.36 3763860
20070514 1504.85 1514.38 1491.74 1504.85 8181105
20070515 1512.00 1514.38 1503.66 1508.43 8071411
20070516 1514.38 1690.72 1506.04 1634.72 21802880
20070517 1627.57 1627.57 1588.26 1596.60 4957577
20070518 1591.83 1631.15 1591.83 1624.00 4911332
20070521 1635.91 1635.91 1585.87 1601.36 3465075
20070522 1608.51 1618.04 1596.60 1604.94 3444848
20070523 1596.60 1620.43 1596.60 1607.32 2025448
20070524 1606.13 1621.62 1602.55 1602.55 1690909
20070525 1598.98 1610.89 1593.02 1600.17 5162027
20070528 1600.17 1600.17 1600.17 1600.17 0
20070529 1612.09 1620.43 1606.13 1609.70 1373239
20070530 1606.13 1614.47 1596.60 1609.70 1660107
20070531 1608.51 1625.19 1601.36 1622.81 2013026
20070601 1626.38 1672.85 1624.00 1658.55 6369255
20070604 1415.00 1417.00 1390.00 1413.00 2414900
20070605 1407.00 1424.00 1361.00 1370.00 6595300
20070606 1370.00 1377.00 1314.00 1318.00 3056500
20070607 1318.00 1374.00 1302.00 1305.00 4301800
20070608 1310.00 1321.00 1291.00 1303.00 6321700
20070611 1322.00 1347.00 1307.00 1331.00 16544300
20070612 1338.00 1338.00 1321.00 1324.00 1359600
20070613 1318.00 1337.00 1308.00 1321.00 2770300
20070614 1345.00 1347.00 1328.00 1335.00 2709200
20070615 1345.00 1367.00 1331.00 1362.00 3525000
20070618 1377.00 1377.00 1324.00 1326.00 8562800
20070619 1331.00 1337.00 1307.00 1307.00 4729500
20070620 1316.00 1325.00 1301.00 1303.00 3411200
20070621 1300.00 1312.00 1281.00 1305.00 2133600
20070622 1305.00 1308.00 1286.00 1292.00 2633200
20070625 1290.00 1292.00 1272.00 1288.00 2400300
20070626 1276.00 1297.00 1276.00 1292.00 1604300
20070627 1280.00 1291.00 1256.00 1257.00 6182100
20070628 1271.00 1274.00 1248.00 1257.00 4469000
20070629 1254.00 1261.00 1222.00 1244.00 4084600
20070702 1239.00 1253.00 1223.00 1245.00 2428400
20070703 1250.00 1262.00 1246.00 1258.00 1516100
20070704 1320.00 1339.00 1293.00 1307.00 8374800
20070705 1305.00 1318.00 1291.00 1316.00 8313700
20070706 1311.00 1317.00 1291.00 1298.00 5730200
20070709 1301.00 1301.00 1280.00 1296.00 2419800
20070710 1292.00 1295.00 1264.00 1266.00 2261100
20070711 1253.00 1300.00 1253.00 1289.00 5626000
20070712 1290.00 1297.00 1281.00 1293.00 2955700
20070713 1306.00 1314.00 1294.00 1297.00 2139600
20070716 1310.00 1310.00 1286.00 1298.00 1628800
20070717 1301.00 1301.00 1276.00 1282.00 982600
20070718 1270.00 1282.00 1255.00 1259.00 1881200
20070719 1263.00 1280.00 1251.00 1265.00 2492000
20070720 1269.00 1280.00 1248.00 1252.00 2696300
20070723 1245.00 1264.00 1241.00 1247.00 1784100
20070724 1246.00 1246.00 1212.00 1222.00 2747200
20070725 1216.00 1221.00 1191.00 1199.00 4055800
20070726 1199.00 1204.00 1109.00 1109.00 6855700
20070727 1099.00 1119.00 1072.00 1098.00 7332700
20070730 1098.00 1124.00 1087.00 1103.00 4057700
20070731 1111.00 1134.00 1111.00 1134.00 3974300
20070801 1114.00 1134.00 1093.00 1119.00 4904800
20070802 1134.00 1138.00 1106.00 1109.00 5476800
20070803 1116.00 1125.00 1099.00 1111.00 2043600
20070806 1100.00 1121.00 1087.00 1093.00 4584600
20070807 1098.00 1117.00 1090.00 1103.00 3422200
20070808 1117.00 1154.00 1094.00 1150.00 5374400
20070809 1155.00 1165.00 1089.00 1129.00 7598100
20070810 1120.00 1130.00 1047.00 1066.00 5126600
20070813 1082.00 1115.00 1081.00 1101.00 2897700
20070815 1086.00 1092.00 1034.00 1049.00 4766500
20070816 1026.00 1029.00 986.50 997.00 4620400
20070817 1005.00 1042.00 966.00 1032.00 9049300
20070820 1025.00 1056.00 1025.00 1030.00 1438500
20070821 1040.00 1040.00 995.50 1006.00 3760700
20070822 1030.00 1055.00 1022.00 1051.00 4464300
20070823 1062.00 1088.00 1062.00 1068.00 2983800
20070824 1068.00 1081.00 1055.00 1065.00 1608400
20070828 1070.00 1071.00 1024.00 1029.00 2834800
20070829 1019.00 1040.00 1012.00 1036.00 1575300
20070830 1056.00 1056.00 1015.00 1035.00 3305200
20070831 1036.00 1043.00 1028.00 1037.00 3031500
20070903 1047.00 1053.00 1029.00 1038.00 2142200
20070904 1042.00 1042.00 1023.00 1035.00 1927100
20070905 1031.00 1047.00 991.00 1000.00 4038900
20070906 995.00 1016.00 982.00 997.00 4632700
20070907 997.00 1028.00 965.00 969.50 4760400
20070910 976.50 976.50 951.50 958.00 3510200
20070911 971.00 976.50 962.00 971.00 2502400
20070912 975.00 988.00 965.50 981.00 2394800
20070913 984.50 989.50 975.50 986.50 2667700
20070914 975.00 990.50 934.00 965.00 5837000
20070917 960.50 967.00 922.50 928.00 4726800
20070918 923.00 939.00 913.50 931.00 7058600
20070919 972.00 989.50 959.00 986.00 9836300
20070920 985.00 995.50 970.50 990.00 4566300
20070921 982.00 996.50 972.00 977.50 3462000
20070924 973.00 981.00 965.00 967.00 3081900
20070925 959.00 974.50 923.50 931.50 8579100
20070926 939.50 939.50 917.00 919.00 9546700
20070927 927.00 950.00 921.50 948.00 5649500
20070928 944.00 973.50 944.00 970.50 15315500
20071001 963.00 996.00 963.00 993.50 2742700
20071002 1001.00 1026.00 995.50 1013.00 4508100
20071003 1019.00 1040.00 1009.00 1020.00 3903600
20071004 1017.00 1043.00 1013.00 1015.00 4034900
20071005 1015.00 1065.00 1003.00 1055.00 8298600
20071008 1053.00 1077.00 1036.00 1073.00 3181900
20071009 1070.00 1089.00 1070.00 1078.00 3756600
20071010 1077.00 1098.00 1065.00 1078.00 5138300
20071011 1083.00 1083.00 1069.00 1073.00 3187200
20071012 1066.00 1070.00 1054.00 1065.00 1993300
20071015 1061.00 1069.00 1038.00 1038.00 1567700
20071016 1036.00 1059.00 1012.00 1037.00 4485900
20071017 1036.00 1053.00 1036.00 1046.00 2657500
20071018 1052.00 1061.00 1032.00 1048.00 2958900
20071019 1051.00 1057.00 1031.00 1036.00 1751000
20071022 1014.00 1033.00 1014.00 1021.00 1931400
20071023 1035.00 1044.00 1029.00 1036.00 1665100
20071024 1042.00 1049.00 1025.00 1034.00 1859800
20071025 1051.00 1101.00 1039.00 1095.00 5419800
20071026 1109.00 1126.00 1095.00 1117.00 3087800
20071029 1123.00 1134.00 1104.00 1110.00 2000800
20071030 1111.00 1118.00 1091.00 1092.00 2913300
20071031 1099.00 1126.00 1081.00 1120.00 2469500
20071101 1116.00 1124.00 1085.00 1106.00 2208400
20071102 1106.00 1117.00 1057.00 1061.00 3407400
20071105 1058.00 1058.00 1027.00 1050.00 2903400
20071106 1068.00 1072.00 1018.00 1025.00 3604100
20071107 1017.00 1036.00 979.50 988.00 3558100
20071108 969.00 993.00 954.00 984.00 4926800
20071109 992.00 992.00 950.50 961.50 3365800
20071112 961.50 971.50 948.00 963.00 2515200
20071113 960.00 970.00 948.00 959.50 3207100
20071114 970.50 980.00 953.50 957.50 2259200
20071115 963.50 966.50 949.00 955.50 2926700
20071116 950.00 957.50 934.00 945.50 2371600
20071119 942.00 972.00 927.00 931.00 3887300
20071120 941.00 943.00 909.00 940.50 3075700
20071121 930.50 937.00 895.00 904.50 4645000
20071122 913.00 914.50 894.50 904.50 4177400
20071123 903.00 939.00 903.00 935.00 2352900
20071126 948.00 948.00 913.00 916.00 2732100
20071127 914.50 932.00 901.00 914.00 2927000
20071128 917.00 943.00 915.50 940.00 2529700
20071129 948.00 957.50 933.00 943.00 2431200
20071130 942.50 954.00 929.00 933.50 1914400
20071203 937.50 949.50 935.00 940.00 1820200
20071204 938.00 948.50 907.50 911.50 2398900
20071205 920.50 935.00 917.00 935.00 1570500
20071206 933.50 962.00 933.50 949.50 2332400
20071207 950.00 975.00 950.00 955.50 1660800
20071210 947.00 967.00 945.50 962.00 1902000
20071211 960.50 977.50 960.00 961.50 1853900
20071212 955.50 980.00 940.00 964.50 2278900
20071213 958.50 958.50 933.00 933.00 2619500
20071214 946.00 946.50 920.00 931.00 1159700
20071217 920.50 920.50 889.50 892.50 2591700
20071218 884.50 909.50 884.50 897.00 2598700
20071219 887.00 887.00 863.00 877.00 3211000
20071220 873.50 885.00 867.00 873.50 2162500
20071221 886.50 894.00 874.50 882.00 2718900
20071224 882.00 893.00 881.50 889.50 196800
20071227 896.50 896.50 879.50 889.00 927500
20071228 889.50 889.50 862.50 884.00 2216100
20071231 876.50 898.00 875.00 884.00 679100
20080102 877.50 886.00 857.00 858.50 3537600
20080103 852.00 865.50 810.50 861.00 2915100
20080104 851.00 867.00 813.50 816.50 1852000
20080107 812.50 814.00 760.00 767.50 3196600
20080108 778.50 786.00 771.00 775.50 3059000
20080109 767.50 767.50 716.00 724.50 5054700
20080110 734.50 736.00 709.00 711.50 6044200
20080111 698.50 752.00 687.50 747.00 8246400
20080114 746.50 757.00 729.50 739.50 3646700
20080115 738.50 744.50 702.00 703.50 2213800
20080116 695.50 710.00 673.00 694.00 3969600
20080117 700.00 713.00 685.00 686.50 4097300
20080118 690.00 714.00 675.00 680.50 5109400
20080121 668.50 672.50 644.00 644.00 4622200
20080122 615.00 700.00 612.50 699.00 4140700
20080123 712.50 735.00 687.00 718.50 6125600
20080124 739.50 787.50 739.00 753.50 4059900
20080125 773.00 785.00 750.00 763.00 4770300
20080128 748.50 775.00 742.00 772.50 3951400
20080129 775.00 800.50 773.00 796.00 2861300
20080130 788.50 809.00 772.50 777.50 2717400
20080131 776.50 790.00 730.50 773.50 4879600
20080201 786.00 803.00 767.50 780.50 3527600
20080204 783.00 794.00 776.00 787.00 1351800
20080205 790.00 790.00 738.50 743.00 3005400
20080206 741.00 758.00 729.00 757.00 2262100
20080207 755.00 757.50 735.00 739.00 2009000
20080208 751.00 757.50 729.50 735.50 2458000
20080211 733.50 750.50 719.00 724.50 1786000
20080212 734.50 753.50 725.00 751.00 2810000
20080213 748.00 773.50 738.00 769.50 2319500
20080214 776.00 782.50 759.00 769.00 2201200
20080215 768.00 779.00 737.00 744.00 2863600
20080218 745.00 776.00 745.00 771.50 1966300
20080219 770.50 838.00 754.00 828.00 5761800
20080220 827.50 837.00 807.00 827.00 2380100
20080221 830.50 838.50 818.00 820.50 2370400
20080222 819.00 825.00 806.50 811.50 2409600
20080225 816.00 838.00 816.00 836.00 1528900
20080226 841.00 851.00 826.50 845.00 1522100
20080227 851.50 851.50 821.50 847.50 1987300
20080228 846.50 860.00 803.50 806.00 2775900
20080229 799.50 811.50 767.00 771.50 2458800
20080303 756.00 774.00 751.50 762.00 2246500
20080304 762.00 777.00 753.50 766.50 3024400
20080305 775.50 806.00 775.00 796.00 3182200
20080306 800.00 804.00 776.00 780.00 1769400
20080307 776.00 802.50 761.00 790.00 2425900
20080310 782.00 791.50 762.00 764.50 2481900
20080311 771.00 801.50 762.50 779.00 3863100
20080312 798.50 803.00 780.00 791.00 2885400
20080313 774.00 785.50 757.00 771.50 2433500
20080314 773.00 789.00 759.00 768.00 1653700
20080318 746.00 765.50 732.00 760.00 2408200
20080319 772.00 773.50 740.50 762.50 2703300
20080320 759.50 769.50 747.00 752.00 3334600
20080325 770.00 815.50 770.00 795.00 3653700
20080326 780.50 791.50 774.50 784.50 2682300
20080327 789.50 798.50 773.00 777.00 2484000
20080328 774.50 786.00 767.00 768.50 1685300
20080331 760.50 767.50 751.00 760.00 1787500
20080401 753.00 804.50 753.00 802.00 3541100
20080402 801.50 829.50 798.50 824.00 3734500
20080403 820.50 826.00 799.00 807.00 2053900
20080404 813.00 830.00 797.50 830.00 2804600
20080407 831.50 848.00 825.00 835.50 1964000
20080408 835.50 845.00 815.50 823.00 1703700
20080409 823.00 832.50 806.50 807.00 1429600
20080410 808.50 815.00 785.00 792.00 3070500
20080411 801.00 808.50 776.50 786.00 1482200
20080414 779.50 792.00 770.50 779.50 1651700
20080415 782.00 793.50 771.50 786.00 1688800
20080416 797.00 811.00 778.00 805.50 2717000
20080417 807.00 820.50 806.00 811.50 2500200
20080418 816.50 852.00 809.00 840.50 2598600
20080421 839.50 850.00 811.50 820.00 1756500
20080422 811.50 815.00 798.00 803.00 2352900
20080423 807.50 807.50 791.00 802.00 1938200
20080424 802.00 802.00 780.00 797.50 3027400
20080425 802.50 832.00 799.00 828.00 3558900
20080428 828.00 837.50 818.00 820.00 1672200
20080429 820.00 820.00 802.50 809.50 2333200
20080430 809.50 817.50 795.50 811.00 1398600
20080501 812.00 813.00 791.00 807.00 1079600
20080502 818.00 837.00 817.50 835.00 3258000
20080506 830.00 842.50 818.50 825.50 2548400
20080507 820.50 862.50 820.50 852.00 3179500
20080508 844.00 850.00 835.00 846.00 2614400
20080509 843.50 861.00 832.00 853.50 2393100
20080512 857.00 873.50 843.00 848.50 2112500
20080513 851.50 863.00 841.50 855.00 1800800
20080514 856.50 867.00 829.50 855.00 3144800
20080515 855.00 855.00 844.00 852.50 991500
20080516 860.50 872.50 852.50 854.00 2264900
20080519 855.00 865.50 846.00 865.00 1138400
20080520 861.50 861.50 835.00 835.50 1699900
20080521 836.50 847.00 815.50 820.00 1735000
20080522 810.50 827.00 805.50 821.00 2062100
20080523 822.50 822.50 799.50 802.50 2808700
20080527 817.50 820.00 795.50 811.50 2227300
20080528 818.00 829.00 803.50 825.50 1842200
20080529 827.50 831.50 809.00 812.00 2247100
20080530 814.00 840.00 813.00 832.00 3172700
20080602 828.50 829.50 799.00 803.50 5459900
20080603 799.00 803.00 785.00 797.50 4979700
20080604 800.50 814.00 791.00 810.50 3198000
20080605 810.00 811.00 793.50 806.00 3884600
20080606 806.00 813.00 775.00 777.50 4693300
20080610 751.50 767.50 739.00 744.50 3482800
20080611 745.00 756.50 713.00 716.50 4281400
20080612 713.50 735.00 701.00 733.00 4631800
20080613 727.50 739.00 708.50 734.50 2601000
20080616 735.00 744.50 714.00 724.00 2309700
20080617 723.50 742.50 723.50 729.00 2440900
20080618 728.00 728.00 706.50 711.00 1579900
20080619 703.50 715.50 701.00 706.00 2515200
20080620 713.00 718.50 688.00 698.50 3084500
20080623 688.00 703.00 678.50 693.50 2792800
20080624 689.50 692.50 675.00 688.00 2990700
20080625 692.50 719.50 686.00 717.00 2278200
20080626 707.50 717.50 667.50 669.00 3668700
20080627 665.50 673.50 653.50 667.50 3304200
20080630 664.50 678.00 657.50 673.00 1590000
20080701 666.50 669.00 635.50 647.50 3102500
20080702 643.50 662.00 640.00 647.50 3742500
20080703 639.00 664.00 630.00 660.00 2249700
20080704 658.50 658.50 634.00 635.50 1512900
20080707 644.50 665.50 638.00 660.50 2069200
20080708 643.50 657.50 631.50 653.00 1534200
20080709 666.00 696.50 666.00 686.00 2513000
20080710 671.00 681.00 635.00 637.00 4234300
20080711 638.00 655.00 616.00 616.00 3245400
20080714 630.00 658.50 628.00 630.50 3041500
20080715 619.50 627.00 594.50 617.50 3651100
20080716 622.00 647.00 606.50 641.00 2814200
20080717 668.50 700.50 659.00 693.50 5056200
20080718 690.00 738.50 681.50 727.50 3851800
20080721 728.00 728.00 689.50 704.00 3044500
20080722 693.00 694.50 649.50 691.00 3733000
20080723 710.00 742.50 702.00 737.00 3134700
20080724 746.50 750.50 689.50 695.00 4306400
20080725 681.00 697.00 662.50 689.00 3348500
20080728 685.00 689.00 664.50 670.00 1919800
20080729 654.00 684.50 649.00 673.00 2809600
20080730 674.00 686.00 664.50 671.00 1703300
20080731 666.50 677.00 654.00 666.00 2410200
20080801 652.00 682.50 649.00 666.00 2699900
20080804 648.50 677.50 648.50 668.00 1916600
20080805 669.00 731.50 669.00 725.00 3433900
20080806 718.00 745.50 713.00 728.00 2741400
20080807 722.00 732.00 710.00 719.00 2372800
20080808 710.00 737.00 709.00 731.00 1846300
20080811 728.00 755.50 717.00 750.50 2800400
20080812 733.00 824.00 733.00 773.00 5572200
20080813 790.00 790.00 736.50 744.50 3223000
20080814 752.00 762.50 734.50 745.00 1268400
20080815 747.00 753.00 716.00 725.50 3886900
20080818 727.50 733.00 715.00 725.00 2673000
20080819 718.50 723.00 706.50 710.50 2634300
20080820 711.50 728.50 697.50 705.00 1798700
20080821 698.00 725.00 688.50 702.50 1518300
20080822 703.50 736.50 699.50 731.50 1757100
20080826 719.50 723.50 707.50 719.00 1588500
20080827 717.50 720.00 696.00 715.00 1765000
20080828 713.50 739.00 698.00 730.50 1920500
20080829 733.00 751.00 724.00 744.00 2429000
20080901 736.50 770.50 725.00 757.50 2055300
20080902 761.00 792.50 761.00 773.50 3260200
20080903 768.50 780.00 755.00 772.00 2414100
20080904 770.50 775.00 745.50 747.00 1289600
20080905 740.50 751.50 726.50 737.50 2002500
20080908 766.50 789.50 750.00 770.00 1223300
20080909 780.00 816.50 774.00 787.00 5561000
20080910 787.50 787.50 761.50 766.00 3472900
20080911 763.00 770.00 747.00 762.50 1798100
20080912 778.00 778.00 746.00 762.00 2312500
20080915 742.00 762.50 725.00 753.00 2135200
20080916 739.50 770.50 716.50 733.00 5135900
20080917 736.00 740.00 690.00 696.00 4805300
20080918 709.50 732.00 687.00 694.50 4536500
20080919 740.00 801.50 731.00 766.00 5184500
20080922 774.00 774.00 734.00 739.50 2017000
20080923 727.00 737.00 701.00 707.50 3764600
20080924 711.00 715.00 678.50 688.50 5521800
20080925 692.50 713.00 680.00 690.00 3210500
20080926 681.00 698.00 670.00 691.00 3951600
20080929 684.00 697.50 659.50 670.00 3490800
20080930 655.50 702.00 650.50 688.00 3677800
20081001 695.00 703.00 668.00 675.00 3246400
20081002 674.00 686.00 637.50 642.00 3893000
20081003 644.00 664.00 625.50 654.50 3183400
20081006 638.50 638.50 600.00 615.50 2148300
20081007 623.00 656.00 596.00 622.00 2014900
20081008 601.50 648.00 580.00 593.00 2682400
20081009 608.00 631.00 593.50 598.00 3396200
20081010 554.50 587.50 536.00 574.50 3352200
20081013 625.50 625.50 582.00 610.50 6276800
20081014 634.00 667.50 575.00 600.50 2596800
20081015 604.50 604.50 564.00 569.00 4235500
20081016 550.00 559.00 530.00 544.50 3979000
20081017 564.00 571.50 529.50 542.00 4440200
20081020 558.00 569.50 525.50 550.50 3606000
20081021 550.00 551.50 533.00 539.00 2721700
20081022 536.00 549.00 528.00 536.00 2174800
20081023 550.50 550.50 517.00 542.50 4508200
20081024 527.50 527.50 480.25 508.00 5090700
20081027 491.75 493.00 466.00 472.25 3129600
20081028 484.00 498.00 467.00 482.25 3758200
20081029 504.00 519.50 491.00 504.50 3087800
20081030 517.50 532.50 500.00 532.50 2903400
20081031 536.50 536.50 502.00 526.50 3153000
20081103 535.50 542.50 524.00 536.00 2155900
20081104 542.00 579.00 528.50 577.00 4032600
20081105 577.50 595.50 561.00 586.50 2115000
20081106 565.00 570.00 525.50 545.00 2604100
20081107 550.00 558.50 539.00 542.50 2878200
20081110 550.00 551.00 534.50 540.00 3917200
20081111 520.00 521.00 495.00 499.00 3588000
20081112 509.00 511.50 478.50 487.25 2248800
20081113 482.75 493.50 472.50 482.00 1783200
20081114 495.50 509.50 482.25 488.50 2078700
20081117 483.00 497.00 468.75 472.00 1280200
20081118 473.00 482.50 460.00 482.25 2288000
20081119 486.25 487.50 473.50 477.50 2267400
20081120 468.50 469.25 451.00 460.25 3256800
20081121 459.50 464.50 437.00 447.50 2244000
20081124 453.50 483.75 450.00 482.25 2561800
20081125 480.50 514.00 467.50 500.00 3118500
20081126 495.50 509.00 491.25 501.50 1207000
20081127 506.50 521.50 505.50 517.00 642800
20081128 520.00 528.50 510.50 527.50 879200
20081201 529.00 532.00 491.50 495.50 1841600
20081202 490.75 524.50 478.50 520.00 2591800
20081203 518.00 528.00 497.00 517.00 1791100
20081204 511.50 552.00 507.00 529.50 2071300
20081205 527.50 531.50 494.75 504.00 1682400
20081208 541.00 545.50 520.50 537.00 1737200
20081209 529.00 578.50 517.50 564.00 2494400
20081210 567.00 567.00 537.50 565.00 1676700
20081211 566.00 584.50 557.00 574.50 1854500
20081212 555.00 566.50 540.50 557.00 1293100
20081215 560.00 563.50 551.00 559.50 1055600
20081216 561.50 583.50 553.00 564.00 1526500
20081217 571.50 577.50 554.50 570.00 1686200
20081218 571.00 582.00 562.50 568.00 2018100
20081219 562.00 571.00 535.00 562.00 1720400
20081222 564.00 564.00 544.00 558.50 947000
20081223 560.50 575.50 558.00 572.00 834100
20081224 585.00 585.00 544.00 558.50 182100
20081229 562.00 577.50 548.00 563.50 2038200
20081230 569.50 569.50 550.50 565.00 744700
20081231 574.50 580.00 562.00 562.00 168600
20090102 565.00 600.50 543.50 597.50 975600
20090105 603.00 623.50 602.00 615.50 1138600
20090106 628.50 628.50 612.00 622.00 2017600
20090107 620.00 631.50 600.50 604.00 2259100
20090108 604.50 619.00 578.50 596.00 1658800
20090109 604.00 616.00 588.50 613.50 2254300
20090112 611.00 624.50 592.00 602.00 1664000
20090113 598.00 603.50 571.00 584.00 1709900
20090114 591.00 591.00 544.50 554.50 1898500
20090115 551.00 559.50 530.00 535.00 1720200
20090116 550.00 567.50 534.00 555.50 2583100
20090119 567.00 567.00 534.00 546.00 1065400
20090120 546.50 549.50 504.50 516.50 2634600
20090121 507.50 532.00 495.50 523.50 3493400
20090122 533.00 540.00 520.50 524.50 2251400
20090123 524.50 527.50 507.00 517.50 1571700
20090126 520.00 527.00 501.50 521.00 3246500
20090127 520.50 530.00 512.00 528.00 2276600
20090128 533.50 557.50 528.00 554.00 2837400
20090129 547.50 555.00 513.50 532.00 3192200
20090130 534.50 546.00 515.50 525.00 2829600
20090202 516.00 522.50 508.00 514.00 1888800
20090203 514.00 525.00 507.00 521.50 1752800
20090204 525.00 532.00 518.50 523.50 2507600
20090205 513.50 526.50 507.00 517.50 2355300
20090206 530.00 564.00 529.00 559.00 4312600
20090209 559.50 568.00 550.50 557.50 2012500
20090210 554.00 555.00 536.00 536.00 2035700
20090211 535.00 536.50 519.50 532.00 1974100
20090212 529.50 533.00 492.25 499.25 6609500
20090213 507.00 510.50 479.00 486.25 7815800
