20030101 816.18 816.18 816.18 816.18 0
20030102 813.24 830.15 794.86 823.53 490280
20030103 811.76 835.29 801.47 813.98 313225
20030106 831.62 831.62 761.04 813.98 569925
20030107 800.74 818.39 780.15 798.53 400775
20030108 797.80 797.80 775.00 782.35 474725
20030109 786.76 791.18 772.06 780.88 606305
20030110 788.98 801.47 774.27 789.71 557515
20030113 804.78 805.15 780.88 795.59 492575
20030114 786.76 809.56 786.76 797.06 427295
20030115 809.56 813.98 775.00 779.41 789905
20030116 782.35 788.24 772.06 777.21 786930
20030117 782.35 782.35 764.71 764.71 1118770
20030120 775.00 783.09 752.94 761.04 720460
20030121 768.39 779.41 754.41 767.65 841500
20030122 751.47 767.65 750.00 752.94 816680
20030123 752.94 792.65 727.94 729.41 1319710
20030124 720.59 752.21 720.59 730.15 1023825
20030127 720.59 746.33 669.86 704.41 1495745
20030128 730.15 730.15 686.76 694.12 1046265
20030129 694.12 705.88 657.35 681.62 1360000
20030130 688.24 738.98 688.24 728.68 1086300
20030131 708.82 734.56 698.53 723.53 893180
20030203 724.27 760.29 724.27 742.65 705585
20030204 753.68 753.68 725.00 726.47 823905
20030205 720.59 748.53 705.88 745.59 455175
20030206 720.59 761.76 720.59 736.76 1353455
20030207 733.82 757.35 718.39 740.45 607580
20030210 741.18 741.18 700.00 727.94 791010
20030211 722.06 750.00 722.06 741.92 708985
20030212 750.00 750.00 725.00 727.94 1117495
20030213 727.94 730.88 713.98 720.59 782595
20030214 725.00 732.35 705.88 710.29 903380
20030217 713.24 733.82 713.24 720.59 1007165
20030218 719.12 732.35 716.18 727.94 914515
20030219 737.51 738.24 713.24 713.98 1152940
20030220 713.98 735.29 713.98 716.18 1084430
20030221 713.24 726.47 705.88 716.18 786760
20030224 721.33 722.80 699.27 708.82 658410
20030225 704.41 704.41 669.12 672.06 878305
20030226 698.53 700.74 665.45 691.92 985405
20030227 698.53 704.41 676.47 691.92 683145
20030228 691.18 704.41 674.27 700.00 803590
20030303 694.12 727.94 694.12 712.51 763725
20030304 711.04 718.39 680.88 688.24 748510
20030305 679.41 711.04 679.41 680.15 789565
20030306 691.18 695.59 679.41 687.51 1081880
20030307 680.88 693.39 666.18 668.39 1024845
20030310 676.47 679.41 641.18 652.94 608090
20030311 660.29 662.51 631.62 655.15 1168665
20030312 640.45 657.35 593.39 619.12 1382185
20030313 630.15 666.18 627.21 652.94 947410
20030314 676.47 704.41 658.82 680.88 972910
20030317 654.41 720.59 654.41 714.71 583695
20030318 707.35 735.29 699.27 722.80 945880
20030319 727.21 751.47 708.09 725.74 1124550
20030320 731.62 744.12 705.88 738.24 1015835
20030321 737.51 764.71 733.82 758.82 941970
20030324 752.94 757.35 708.82 718.75 626025
20030325 703.31 735.29 692.65 719.12 444125
20030326 691.18 691.18 639.34 647.06 4104990
20030327 642.65 647.06 610.29 627.21 1227910
20030328 627.21 640.45 622.80 627.94 1333395
20030331 627.94 627.94 595.59 612.51 919700
20030401 612.51 625.00 602.94 614.71 1506625
20030402 610.29 676.11 610.29 663.24 1695070
20030403 653.31 669.12 633.82 645.59 1571310
20030404 646.33 652.94 639.71 644.86 885020
20030407 648.53 669.12 648.53 661.76 1834555
20030408 647.42 660.66 629.78 641.18 1217880
20030409 640.07 654.41 607.72 639.71 500990
20030410 632.35 654.41 625.00 636.40 453050
20030411 635.29 653.31 624.27 640.07 535585
20030414 637.51 653.68 626.11 643.39 510085
20030415 647.06 663.98 646.33 654.41 871760
20030416 664.71 670.59 656.25 664.71 1424260
20030417 664.71 680.52 657.35 673.89 1286220
20030418 673.89 673.89 673.89 673.89 0
20030421 673.89 673.89 673.89 673.89 0
20030422 682.72 682.72 652.21 661.76 408085
20030423 669.12 695.59 664.34 684.93 986765
20030424 683.82 691.18 668.75 674.64 737375
20030425 669.12 676.84 635.29 642.28 933810
20030428 631.62 661.04 624.64 653.68 718080
20030429 658.46 691.54 648.53 680.88 1239470
20030430 676.47 689.34 666.18 683.82 1569185
20030501 679.41 683.82 669.48 672.80 739585
20030502 669.12 688.98 654.41 683.82 526745
20030505 683.82 683.82 683.82 683.82 0
20030506 690.45 726.47 682.35 722.06 896750
20030507 719.12 746.33 719.12 726.47 1661070
20030508 720.59 724.64 691.18 692.65 987955
20030509 701.47 718.39 697.06 710.29 792710
20030512 710.29 729.41 702.94 714.34 482885
20030513 714.34 731.62 712.87 727.21 447525
20030514 726.84 729.78 688.60 711.40 646425
20030515 727.94 775.00 727.94 767.65 2685830
20030516 770.59 788.24 754.41 779.41 1841100
20030519 764.71 774.27 747.06 748.53 1463360
20030520 746.69 772.42 739.71 752.94 1097690
20030521 765.07 765.07 720.59 744.12 980305
20030522 751.47 777.21 740.07 766.92 1061650
20030523 771.33 779.41 755.88 764.71 1171385
20030526 764.71 764.71 764.71 764.71 0
20030527 752.21 776.84 744.48 773.53 530230
20030528 801.47 802.58 783.09 800.00 1068110
20030529 790.45 819.12 786.76 816.18 872355
20030530 810.29 864.71 803.31 864.71 1845945
20030602 858.82 864.71 844.12 859.56 986680
20030603 850.74 850.74 811.76 847.06 1948625
20030604 839.71 865.07 830.88 852.94 1613810
20030605 860.29 874.27 854.78 874.27 1235560
20030606 883.82 919.86 883.09 900.00 1178865
20030609 900.00 902.58 888.24 896.69 841925
20030610 902.94 902.94 871.33 878.68 1026460
20030611 881.25 906.62 881.25 898.89 729555
20030612 902.94 929.41 897.06 902.21 1021870
20030613 899.27 911.04 891.54 897.06 631890
20030616 896.69 917.28 882.35 900.74 793560
20030617 912.13 929.05 885.66 914.34 982940
20030618 898.53 931.99 894.48 916.18 824925
20030619 915.81 915.81 849.27 856.25 1267605
20030620 862.51 869.12 851.47 859.19 841245
20030623 847.80 857.35 826.84 832.35 461040
20030624 823.16 835.29 808.82 815.81 822545
20030625 844.12 844.12 804.78 817.65 976565
20030626 816.92 838.24 816.92 826.84 876690
20030627 833.09 862.87 833.09 841.92 1052810
20030630 829.78 857.35 823.53 830.88 999685
20030701 830.15 830.15 787.13 793.75 1256130
20030702 809.19 829.41 807.72 816.18 1152005
20030703 800.00 822.42 791.92 819.12 1060970
20030704 826.11 828.31 804.78 817.65 269875
20030707 827.94 859.93 827.94 855.88 788715
20030708 854.41 881.62 839.71 876.47 1463105
20030709 852.76 869.48 823.53 850.74 5747700
20030710 838.98 852.58 837.51 850.36 1524475
20030711 848.89 860.29 847.42 860.29 1427830
20030714 860.66 907.35 853.68 889.71 1683595
20030715 883.82 897.06 878.68 888.98 960840
20030716 897.80 904.41 883.82 885.29 663170
20030717 886.76 897.06 864.71 867.65 1082815
20030718 867.65 877.21 867.65 872.06 582505
20030721 894.12 894.12 862.13 863.24 770270
20030722 864.71 871.33 854.41 866.18 765085
20030723 864.71 872.06 852.94 863.24 641070
20030724 872.06 879.41 856.99 872.42 495720
20030725 874.27 875.00 864.34 867.65 561510
20030728 871.69 905.52 870.59 903.68 1384565
20030729 900.00 909.19 891.54 904.41 1022040
20030730 904.41 912.87 900.00 908.82 1004275
20030731 904.78 931.62 904.78 926.11 1286645
20030801 927.94 938.60 919.12 933.82 1115965
20030804 919.12 938.98 917.65 927.94 772310
20030805 926.47 933.46 922.06 927.94 753270
20030806 920.59 920.59 897.06 904.41 1202410
20030807 904.41 910.29 887.51 888.60 883490
20030808 899.27 909.93 891.92 907.72 915705
20030811 907.72 914.71 902.94 912.87 386750
20030812 911.76 925.74 904.41 923.53 353940
20030813 927.94 936.76 923.16 928.31 475150
20030814 931.62 949.27 929.05 933.46 643535
20030815 941.18 956.25 939.71 950.00 664190
20030818 947.80 962.13 947.80 962.13 446930
20030819 966.18 969.48 954.78 963.24 375530
20030820 952.94 964.71 943.39 958.82 891225
20030821 955.88 959.19 949.27 952.21 985660
20030822 955.88 959.19 950.00 953.31 944095
20030825 953.31 953.31 953.31 953.31 0
20030826 942.65 954.41 926.47 927.94 931855
20030827 933.82 951.47 927.94 945.22 1161100
20030828 950.00 958.82 918.01 931.99 947580
20030829 942.28 945.22 916.18 925.00 1068620
20030901 929.05 947.06 926.47 944.86 824330
20030902 950.00 960.29 932.35 957.35 651100
20030903 957.35 988.24 957.35 970.59 2015860
20030904 967.65 990.45 964.71 977.94 871250
20030905 970.59 988.98 964.71 977.94 904060
20030908 986.76 986.76 968.93 977.94 911795
20030909 980.88 1368.19 944.82 952.94 950810
20030910 954.41 954.86 924.62 926.47 855950
20030911 919.12 929.41 907.72 919.12 1629620
20030912 933.09 933.09 914.71 919.86 532270
20030915 926.47 948.53 916.18 944.12 936700
20030916 947.42 951.84 929.05 944.86 719950
20030917 955.52 969.12 948.53 959.56 851445
20030918 952.21 961.04 948.89 956.25 564060
20030919 963.98 968.01 951.84 955.88 1292935
20030922 955.88 955.88 930.88 935.29 927605
20030923 933.82 938.24 930.52 933.82 668440
20030924 946.33 946.33 926.11 932.72 776645
20030925 926.47 928.68 911.76 926.11 1367140
20030926 919.12 922.80 901.47 903.31 1354985
20030929 908.46 911.76 896.33 902.21 579785
20030930 901.47 918.39 872.80 875.36 1560260
20031001 876.47 892.65 875.74 892.65 764830
20031002 901.47 907.35 882.72 884.93 1116475
20031003 888.98 902.94 882.35 900.00 1376745
20031006 897.06 909.56 894.12 908.09 401965
20031007 915.45 915.45 900.74 904.41 548335
20031008 908.09 914.71 904.41 908.09 520115
20031009 903.31 910.66 900.74 904.78 1028500
20031010 904.41 922.80 900.00 903.31 1107975
20031013 908.09 925.00 901.11 925.00 860455
20031014 918.39 926.47 905.88 911.76 655860
20031015 913.24 954.41 913.24 935.29 1177165
20031016 931.62 945.95 931.62 944.86 1562130
20031017 945.59 954.05 943.39 951.47 857395
20031020 955.15 969.12 941.18 966.54 980305
20031021 972.42 972.42 952.94 961.40 1144100
20031022 961.40 961.40 943.01 953.68 1052470
20031023 941.54 944.48 919.12 925.36 1309170
20031024 932.35 933.82 900.00 912.51 1197225
20031027 923.53 938.24 900.00 930.88 975290
20031028 941.18 941.18 907.35 910.29 599335
20031029 917.28 920.59 906.25 910.29 529380
20031030 909.19 928.68 913.24 916.92 1046605
20031031 916.18 919.48 900.00 911.76 1174615
20031103 911.76 911.40 898.53 903.31 1225530
20031104 903.31 913.98 900.00 901.11 941375
20031105 901.11 912.51 896.33 901.11 1197565
20031106 911.76 932.35 900.00 923.89 1189405
20031107 919.12 954.05 919.12 944.12 1297185
20031110 925.00 938.24 906.25 906.25 756160
20031111 907.35 909.56 898.53 906.62 911030
20031112 910.66 926.47 910.66 923.16 1303900
20031113 933.82 940.81 916.92 921.33 1078735
20031114 918.39 929.41 918.39 926.47 749445
20031117 918.01 925.74 912.51 916.18 1144865
20031118 917.65 922.80 918.39 919.12 990505
20031119 916.18 922.06 908.09 917.65 976820
20031120 929.05 929.05 898.89 909.93 993735
20031121 906.62 908.09 891.92 894.86 905165
20031124 891.18 912.51 885.29 899.64 1109505
20031125 897.42 911.76 895.95 907.35 960585
20031126 905.88 922.06 901.84 908.82 647445
20031127 909.93 916.92 894.48 909.56 509575
20031128 904.41 919.12 889.71 895.59 526490
20031201 904.41 918.75 900.36 918.75 485945
20031202 909.56 918.75 892.65 898.16 988550
20031203 900.36 905.88 889.71 894.86 1002915
20031204 892.65 899.27 884.56 888.98 910010
20031205 885.65 891.18 879.41 883.09 764915
20031208 876.47 885.66 875.00 880.15 781915
20031209 878.31 884.56 875.00 883.82 1583550
20031210 875.36 880.52 862.87 873.89 1471180
20031211 876.47 879.41 861.04 866.54 1108230
20031212 866.92 875.00 848.53 854.41 1441260
20031215 864.34 875.74 860.29 873.16 1306875
20031216 864.71 884.19 864.71 880.15 1976675
20031217 877.94 879.78 863.60 877.94 1478320
20031218 871.33 893.75 864.71 876.84 1111630
20031219 877.94 888.98 873.53 883.46 945115
20031222 888.24 898.53 873.53 891.92 822630
20031223 895.59 908.09 890.45 905.15 837845
20031224 904.41 913.98 901.47 903.68 219385
20031225 903.68 903.68 903.68 903.68 0
20031226 903.68 903.68 903.68 903.68 0
20031229 889.71 905.15 889.71 894.12 450075
20031230 903.68 908.82 894.86 904.41 466650
20031231 905.15 913.98 897.06 908.09 251600
20040101 908.09 908.09 908.09 908.09 0
20040102 933.82 933.82 901.47 912.51 299200
20040105 905.88 910.29 904.41 905.88 525130
20040106 904.41 905.15 889.71 896.33 1064540
20040107 897.06 901.47 884.56 894.12 857225
20040108 894.12 933.82 894.12 917.65 1237345
20040109 926.47 942.65 919.12 932.35 1217710
20040112 934.56 940.45 923.53 934.56 875585
20040113 936.76 950.00 932.35 939.71 1366035
20040114 935.29 950.74 935.29 947.80 644555
20040115 950.00 964.71 941.18 957.35 748000
20040116 957.35 965.45 957.35 964.71 725645
20040119 966.92 977.94 958.09 975.00 681360
20040120 963.24 967.65 957.35 963.98 823820
20040121 957.35 958.09 947.06 950.74 692665
20040122 946.45 958.09 927.21 927.21 864280
20040123 925.74 932.35 917.65 925.74 840990
20040126 933.82 933.82 916.92 920.59 817615
20040127 933.09 950.74 918.39 944.12 1473560
20040128 941.18 969.12 936.76 948.53 983705
20040129 950.74 956.62 904.41 951.47 1095650
20040130 933.82 956.62 933.82 941.92 1183965
20040202 946.33 975.74 942.65 960.29 1676115
20040203 955.88 955.88 935.29 936.76 897090
20040204 935.29 938.24 916.92 927.94 995435
20040205 926.47 932.35 915.45 929.41 787865
20040206 947.06 947.06 917.65 927.94 955315
20040209 933.82 933.82 919.12 926.47 547315
20040210 913.24 933.82 913.24 929.41 873460
20040211 926.47 942.65 920.59 938.98 1361360
20040212 936.76 950.74 927.94 942.65 652715
20040213 951.47 972.06 955.88 966.18 1204790
20040216 957.35 972.80 957.35 966.18 718250
20040217 955.88 991.92 955.88 983.82 1660985
20040218 977.21 1002.94 977.21 998.53 1346655
20040219 994.86 1010.29 985.29 1008.82 1496425
20040220 1002.94 1003.68 990.45 991.92 1108995
20040223 988.98 988.98 975.00 980.88 1102620
20040224 973.53 975.00 965.45 966.92 2438055
20040225 963.98 975.74 962.51 970.59 714765
20040226 966.18 977.94 966.18 970.59 761600
20040227 971.33 971.33 952.94 955.15 1251370
20040301 963.24 964.71 953.68 957.35 918850
20040302 960.29 970.59 960.29 966.92 786505
20040303 963.24 974.27 958.82 963.24 1022040
20040304 963.24 963.24 950.00 960.29 1732130
20040305 963.24 963.24 944.86 957.35 1428000
20040308 963.24 966.18 950.00 958.82 657815
20040309 955.88 966.18 947.06 952.94 663935
20040310 971.33 971.33 933.82 936.04 958885
20040311 926.47 926.47 899.27 911.04 1803275
20040312 908.82 943.39 902.21 931.62 1404115
20040315 918.39 931.62 904.41 904.41 702695
20040316 904.41 922.80 886.76 914.71 632655
20040317 911.76 929.41 902.94 925.74 724625
20040318 904.41 923.53 900.00 906.62 526915
20040319 905.15 914.71 901.47 909.56 472005
20040322 899.27 905.15 883.09 890.45 876095
20040323 892.65 906.62 895.59 896.33 1424770
20040324 894.12 916.18 892.65 902.21 1030455
20040325 904.41 925.00 900.00 925.00 772565
20040326 919.12 923.53 912.51 916.92 1029520
20040329 911.76 925.74 910.29 923.53 576300
20040330 919.12 927.21 906.62 924.27 531930
20040331 916.18 938.24 911.76 925.00 813280
20040401 927.21 933.09 918.39 927.21 920380
20040402 940.45 945.59 919.86 930.15 855780
20040405 930.88 936.76 913.98 919.86 1227145
20040406 936.04 936.04 900.00 908.82 1203685
20040407 914.71 920.59 882.35 882.35 1768255
20040408 902.21 917.65 900.00 913.24 1244570
20040409 913.24 913.24 913.24 913.24 0
20040412 913.24 913.24 913.24 913.24 0
20040413 919.12 938.24 905.88 908.09 1000875
20040414 907.35 907.35 891.92 895.59 942140
20040415 895.59 905.15 886.04 892.65 762790
20040416 892.65 906.62 890.45 900.00 1057400
20040419 904.41 908.82 893.39 900.00 604520
20040420 902.21 917.65 897.06 914.71 854590
20040421 913.98 927.94 913.98 923.53 1438455
20040422 917.65 928.68 908.82 916.18 995265
20040423 916.92 942.65 913.98 938.24 1483505
20040426 930.15 946.33 929.41 933.82 1220090
20040427 933.09 933.82 916.92 923.53 1314100
20040428 917.65 926.47 909.56 912.51 1124805
20040429 905.88 913.98 894.12 900.00 1353710
20040430 900.00 900.00 876.47 886.76 1912160
20040503 886.76 886.76 886.76 886.76 0
20040504 911.76 911.76 888.24 898.53 1855975
20040505 891.18 905.15 889.71 890.45 1048220
20040506 890.45 895.59 877.94 880.15 2096610
20040507 890.45 899.27 875.00 885.29 1686910
20040510 889.71 909.56 861.76 863.98 1631490
20040511 864.71 892.65 864.71 889.71 1625965
20040512 898.53 898.53 870.59 870.59 1753210
20040513 883.82 903.68 883.82 885.29 1530680
20040514 891.92 902.21 886.04 899.27 1957380
20040517 893.39 896.33 875.00 888.24 1945650
20040518 888.98 911.76 886.04 892.65 624835
20040519 891.92 921.33 891.92 919.86 1990275
20040520 922.06 922.06 908.82 911.76 1019575
20040521 919.12 920.59 911.76 914.71 669035
20040524 913.24 927.94 913.24 920.59 578510
20040525 912.51 920.59 908.82 914.71 851445
20040526 920.59 931.62 919.86 925.74 1016005
20040527 920.59 935.29 920.59 927.21 533460
20040528 926.47 928.68 898.53 901.47 2644180
20040531 901.47 901.47 901.47 901.47 0
20040601 926.47 926.47 890.45 897.80 1476960
20040602 901.47 912.51 900.00 900.00 1018470
20040603 897.80 904.41 882.35 892.65 1847475
20040604 894.12 907.35 894.12 898.53 902530
20040607 900.74 908.82 900.00 906.62 472260
20040608 908.82 916.92 905.88 909.56 983960
20040609 916.18 916.18 908.82 913.24 690030
20040610 905.88 914.71 905.88 908.09 692155
20040611 916.18 916.18 896.33 900.74 625430
20040614 898.53 901.47 895.59 895.59 1066835
20040615 898.53 913.24 897.06 905.15 887230
20040616 900.74 900.74 886.04 892.65 913495
20040617 892.65 897.06 888.98 893.39 512805
20040618 883.82 898.53 883.82 893.39 452115
20040621 902.21 902.21 882.35 884.56 981410
20040622 883.09 889.71 881.62 882.35 1451800
20040623 885.29 914.71 885.29 905.88 2232015
20040624 912.51 914.71 888.24 902.21 1115880
20040625 897.06 907.35 897.06 901.47 216665
20040628 897.80 914.71 897.06 904.41 534905
20040629 902.21 917.65 898.53 910.29 1101260
20040630 911.76 919.12 894.12 900.74 624325
20040701 900.74 914.71 892.65 895.59 945115
20040702 902.21 887.51 884.56 887.51 811240
20040705 896.33 896.33 883.82 884.56 572560
20040706 889.71 894.86 886.04 893.39 1571225
20040707 900.00 900.00 882.35 883.82 995945
20040708 897.06 871.33 863.24 866.92 2009060
20040709 867.65 871.33 858.82 858.82 725730
20040712 858.09 867.65 858.09 860.29 911030
20040713 902.94 902.94 857.35 858.82 890290
20040714 858.82 858.82 846.33 853.68 911455
20040715 852.94 854.41 843.39 843.39 449650
20040716 846.33 852.94 838.98 847.06 837930
20040719 842.65 852.21 836.76 838.24 490450
20040720 838.24 866.18 832.35 861.76 1296760
20040721 875.00 875.00 862.51 865.45 655945
20040722 858.82 861.04 850.00 852.94 1075760
20040723 852.94 862.51 852.94 858.09 656370
20040726 859.56 859.56 844.86 849.27 861305
20040727 858.09 858.09 835.29 843.39 941035
20040728 852.21 852.21 836.76 843.39 1235815
20040729 845.59 856.62 841.92 849.27 1007930
20040730 845.59 847.80 833.82 839.71 1296250
20040802 841.18 841.18 823.53 828.68 1076015
20040803 828.68 834.56 813.24 815.45 1283245
20040804 817.65 817.65 803.68 811.76 1235560
20040805 816.18 817.65 813.98 813.98 452965
20040806 808.82 814.71 792.65 794.86 1464635
20040809 794.86 801.47 777.21 783.09 939845
20040810 786.76 786.76 777.94 783.82 1638120
20040811 790.45 800.00 769.86 778.68 1535865
20040812 779.41 785.29 772.80 776.47 1192040
20040813 783.09 784.56 775.00 776.47 731170
20040816 777.94 791.18 777.21 786.76 940610
20040817 783.82 805.88 783.82 794.12 1257490
20040818 795.59 800.00 783.82 789.71 698955
20040819 795.59 811.76 794.86 799.27 805630
20040820 801.47 805.88 798.53 802.94 419390
20040823 809.56 825.74 807.35 825.00 1122765
20040824 825.00 832.35 816.18 827.94 907545
20040825 826.47 835.29 821.33 830.15 1003850
20040826 835.29 844.12 832.35 841.92 653055
20040827 843.39 852.21 839.71 848.53 834870
20040830 848.53 848.53 848.53 848.53 0
20040831 838.24 851.47 838.24 843.39 1001045
20040901 852.21 854.41 842.65 847.80 467415
20040902 849.27 857.35 845.59 845.59 622030
20040903 850.74 859.56 844.12 854.41 1061905
20040906 858.82 864.71 857.35 860.29 566780
20040907 864.71 867.65 855.15 861.04 646595
20040908 866.18 875.00 863.24 867.65 805630
20040909 866.18 869.12 852.21 857.35 1131775
20040910 854.41 861.76 852.21 857.35 792795
20040913 860.29 866.92 859.56 860.29 584375
20040914 860.29 864.71 850.74 852.21 445995
20040915 852.21 865.45 842.65 850.00 1142060
20040916 856.62 861.76 849.27 852.21 724200
20040917 846.33 860.29 842.65 856.62 1227145
20040920 849.27 860.29 844.12 857.35 680425
20040921 857.35 863.24 851.47 861.04 1586525
20040922 861.76 862.51 854.41 854.41 1234115
20040923 858.09 861.76 843.39 845.59 488835
20040924 845.59 855.88 833.82 844.12 588965
20040927 836.04 842.65 826.47 826.47 756670
20040928 830.88 840.45 830.15 836.76 626365
20040929 838.24 847.80 833.09 835.29 757945
20040930 841.92 854.41 814.71 816.92 2013395
20041001 822.06 839.71 822.06 839.71 1369775
20041004 842.65 865.45 842.65 863.98 1400630
20041005 867.65 889.71 860.29 878.68 1425110
20041006 880.15 903.68 873.53 901.47 1520990
20041007 904.41 908.82 894.12 898.53 971465
20041008 888.98 905.15 888.98 893.39 781320
20041011 885.29 890.45 882.35 884.56 626110
20041012 892.65 892.65 863.98 869.12 1100920
20041013 855.88 877.94 855.88 866.92 998835
20041014 859.56 876.47 859.56 870.59 682975
20041015 868.39 873.53 858.82 862.51 1224340
20041018 871.33 871.33 857.35 863.24 503030
20041019 856.62 876.47 856.62 871.33 880515
20041020 871.33 871.33 847.06 855.88 1069215
20041021 854.41 875.00 853.68 872.06 1171555
20041022 873.53 873.53 861.04 867.65 835210
20041025 869.12 869.12 846.33 851.47 604775
20041026 850.00 866.18 850.00 857.35 609280
20041027 855.88 858.82 850.00 854.41 902700
20041028 860.29 869.86 862.51 864.71 850765
20041029 866.18 866.18 855.15 856.62 735760
20041101 861.76 869.86 855.15 866.92 737970
20041102 872.06 879.41 863.24 870.59 1253410
20041103 863.98 878.68 863.98 876.47 883490
20041104 875.00 885.29 861.76 879.41 1510960
20041105 886.76 895.59 886.04 891.18 1489965
20041108 896.33 901.47 891.18 894.12 1566720
20041109 896.33 898.53 892.65 896.33 573835
20041110 897.06 918.39 896.33 910.29 1180225
20041111 915.45 927.94 908.09 921.33 935000
20041112 929.41 936.76 921.33 934.56 863005
20041115 941.18 948.53 934.56 941.18 1257745
20041116 941.18 944.12 930.88 940.45 1954745
20041117 936.04 951.47 936.04 944.12 2116585
20041118 944.12 951.47 938.24 948.53 834190
20041119 956.62 965.45 956.62 956.62 1581935
20041122 952.21 954.41 944.12 947.06 1194760
20041123 946.33 963.24 945.59 947.06 1257660
20041124 948.53 955.88 947.06 950.00 817700
20041125 951.47 953.68 945.59 952.21 544000
20041126 950.00 952.94 947.06 949.27 774010
20041129 945.59 958.09 945.59 952.94 813875
20041130 948.53 963.98 948.53 961.04 1413890
20041201 955.88 963.98 948.53 957.35 652885
20041202 961.76 975.74 958.82 967.65 1410575
20041203 975.00 975.00 950.74 953.68 1748790
20041206 945.59 963.24 945.59 959.56 698190
20041207 954.41 958.82 950.74 954.41 680340
20041208 952.21 959.56 944.12 947.06 833595
20041209 950.74 950.74 938.24 946.33 969340
20041210 955.15 955.88 943.39 950.00 675495
20041213 944.12 969.86 944.12 958.09 854930
20041214 965.45 965.45 955.88 955.88 650590
20041215 958.09 959.56 952.21 955.88 1285030
20041216 961.76 961.76 955.88 958.09 1014900
20041217 955.88 968.39 953.68 963.98 1297525
20041220 969.86 973.53 966.18 970.59 989570
20041221 974.27 977.21 963.24 974.27 559215
20041222 974.27 985.29 972.80 982.35 676770
20041223 983.09 989.71 978.68 988.98 414885
20041224 985.29 991.18 985.29 988.98 71230
20041227 988.98 988.98 988.98 988.98 0
20041228 988.98 988.98 988.98 988.98 0
20041229 979.41 1008.82 979.41 986.76 526830
20041230 983.82 983.82 966.18 976.47 1309085
20041231 976.47 982.35 976.47 979.41 112030
20050103 979.41 979.41 979.41 979.41 0
20050104 975.00 1007.35 975.00 997.06 949365
20050105 995.59 997.06 982.35 985.29 807330
20050106 986.04 987.51 973.53 975.74 665380
20050107 980.88 980.88 964.71 977.94 1237600
20050110 975.74 984.56 972.06 984.56 898025
20050111 986.76 989.71 980.15 985.29 966705
20050112 985.29 985.29 972.80 976.47 735250
20050113 979.41 981.62 966.92 966.92 952510
20050114 970.59 972.06 962.51 968.39 343060
20050117 976.47 977.21 965.45 975.74 821695
20050118 977.94 978.68 964.71 973.53 897090
20050119 977.94 982.35 972.06 977.94 935680
20050120 977.94 977.94 958.09 971.33 659770
20050121 970.59 971.33 961.76 966.18 733720
20050124 969.12 969.12 958.82 965.45 626960
20050125 960.29 969.86 960.29 969.12 845920
20050126 971.33 977.94 972.06 977.21 715955
20050127 983.82 992.65 982.35 990.45 1416355
20050128 996.33 1019.12 990.45 1016.18 1428255
20050131 1016.18 1035.29 1016.18 1027.94 1093525
20050201 1029.41 1045.59 1020.59 1044.12 1763155
20050202 1042.65 1058.82 1038.24 1041.18 1856910
20050203 1043.39 1054.41 1029.41 1050.00 1907485
20050204 1051.47 1051.47 1029.41 1041.18 1013710
20050207 1045.59 1053.68 1038.24 1052.94 724795
20050208 1050.74 1064.71 1049.27 1057.35 1527025
20050209 1056.62 1061.76 1051.47 1054.41 809115
20050210 1054.41 1055.88 1046.33 1052.21 530145
20050211 1050.00 1061.76 1050.00 1059.56 323085
20050214 1061.76 1076.47 1061.76 1070.59 1153705
20050215 1072.80 1080.15 1070.59 1075.00 1262335
20050216 1076.47 1076.47 1049.27 1054.41 1496255
20050217 1056.62 1057.35 1044.86 1050.74 841500
20050218 1051.47 1051.47 1041.92 1042.65 1023825
20050221 1047.80 1050.00 1039.71 1041.92 1234455
20050222 1046.33 1046.33 1026.47 1029.41 796960
20050223 1026.47 1028.68 1016.18 1019.12 701505
20050224 1025.74 1041.18 1020.59 1024.27 916640
20050225 1031.62 1036.76 1015.45 1018.39 808860
20050228 1016.18 1036.76 1015.45 1021.33 719865
20050301 1023.53 1033.82 1016.18 1025.74 1031050
20050302 1030.15 1033.82 1022.06 1031.62 851870
20050303 1026.47 1044.86 1019.86 1041.18 1079245
20050304 1047.06 1047.06 1030.15 1036.76 1105255
20050307 1035.29 1048.53 1022.06 1032.35 970275
20050308 1031.62 1035.29 1022.80 1026.47 1063435
20050309 1026.47 1044.86 1026.47 1038.98 1026545
20050310 1030.88 1037.51 1024.27 1030.88 471835
20050311 1031.62 1044.86 1031.62 1037.51 782935
20050314 1038.24 1038.24 1021.33 1025.74 1012945
20050315 1029.41 1030.88 1017.65 1029.41 1041165
20050316 1027.94 1035.29 1017.65 1021.33 788460
20050317 1024.27 1024.27 1001.47 1006.62 836400
20050318 1013.24 1013.24 1002.94 1006.62 698615
20050321 1010.29 1015.45 1003.68 1006.62 228395
20050322 1006.62 1008.09 988.24 1002.21 535415
20050323 995.59 1022.06 995.59 1009.56 2308005
20050324 1009.56 1017.65 1006.62 1010.29 525300
20050325 1010.29 1010.29 1010.29 1010.29 0
20050328 1010.29 1010.29 1010.29 1010.29 0
20050329 1000.00 1005.15 987.51 994.86 899895
20050330 994.86 1008.09 981.62 1007.35 1197735
20050331 1016.92 1016.92 987.51 987.51 928965
20050401 992.65 1000.74 989.71 989.71 726580
20050404 990.45 990.45 972.06 979.41 701845
20050405 988.24 1010.29 983.82 998.53 1233945
20050406 1005.15 1014.71 1000.74 1013.24 843115
20050407 1017.65 1020.59 1003.68 1008.09 855440
20050408 1015.45 1015.45 1000.74 1010.29 526405
20050411 1012.51 1017.65 1007.35 1012.51 935085
20050412 1011.76 1013.98 1002.21 1008.09 545700
20050413 1009.56 1016.18 1008.82 1015.45 683655
20050414 1005.88 1014.71 997.06 1000.74 892415
20050415 996.33 1008.82 978.68 987.51 1560260
20050418 973.53 973.53 953.68 964.71 1638800
20050419 969.86 976.47 960.29 973.53 580635
20050420 973.53 980.88 967.65 970.59 1021360
20050421 966.18 978.68 966.18 969.86 767805
20050422 980.15 980.88 974.27 976.47 699720
20050425 978.68 980.15 973.53 975.74 548335
20050426 978.68 978.68 950.00 966.18 1370030
20050427 966.92 966.92 942.65 947.80 1494130
20050428 947.06 949.27 929.41 934.56 1388475
20050429 929.41 939.71 929.41 938.24 905760
20050502 938.24 938.24 938.24 938.24 0
20050503 942.65 963.24 933.82 961.04 1053660
20050504 964.71 964.71 947.80 955.88 817870
20050505 953.68 964.71 953.68 955.15 578765
20050506 959.56 964.71 953.68 963.24 483820
20050509 965.45 965.45 958.09 961.76 528700
20050510 966.18 970.59 951.47 959.56 880260
20050511 961.76 972.80 952.94 970.59 756500
20050512 973.53 994.86 961.76 964.71 1510365
20050513 963.24 966.92 945.59 957.35 686375
20050516 958.82 964.71 958.82 958.82 728110
20050517 959.56 963.24 950.74 956.62 998920
20050518 965.45 971.33 959.56 966.18 979030
20050519 966.18 980.88 966.18 972.06 846090
20050520 975.00 983.82 969.86 976.47 463505
20050523 977.94 995.59 976.47 991.18 459595
20050524 992.65 995.59 985.29 994.12 952850
20050525 997.80 1005.88 994.12 1003.68 1196290
20050526 998.53 1014.71 998.53 1007.35 1460725
20050527 1004.41 1016.18 1004.41 1015.45 1130245
20050530 1015.45 1015.45 1015.45 1015.45 0
20050531 1008.82 1026.47 1008.82 1016.92 1532380
20050601 1023.53 1029.41 1019.12 1023.53 1397315
20050602 1027.21 1036.76 1022.80 1035.29 961350
20050603 1035.29 1035.29 1035.29 1035.29 0
20050606 1016.18 1016.92 1003.68 1011.04 1465400
20050607 1008.82 1030.15 1008.82 1025.00 930325
20050608 1024.27 1033.09 1021.33 1024.27 545785
20050609 1019.86 1028.68 1014.71 1027.94 955655
20050610 1031.62 1033.82 1022.80 1025.00 756415
20050613 1031.62 1041.92 1015.45 1029.41 950470
20050614 1021.33 1042.65 1021.33 1033.09 1209635
20050615 1024.27 1024.27 1005.88 1006.62 886805
20050616 1015.45 1021.33 1008.82 1016.92 769250
20050617 1020.59 1045.59 1014.71 1027.21 1279165
20050620 1025.74 1028.68 1017.65 1023.53 602650
20050621 1022.06 1032.35 1020.59 1023.53 1323195
20050622 1025.00 1031.62 1020.59 1027.94 745365
20050623 1029.41 1032.35 1017.65 1019.12 875755
20050624 1014.71 1014.71 1003.68 1004.41 581315
20050627 994.12 1002.21 990.45 993.39 741795
20050628 992.65 999.27 982.35 985.29 1596470
20050629 988.24 995.59 977.21 991.92 2515065
20050630 991.92 1000.00 986.76 997.06 850255
20050701 999.27 1007.35 997.06 1001.47 1016770
20050704 998.53 1007.35 997.06 1002.94 474130
20050705 1004.41 1016.18 1004.41 1008.09 1764345
20050706 1013.24 1034.56 1008.82 1031.62 1777350
20050707 1025.74 1030.15 974.27 1014.71 1625710
20050708 1022.06 1024.27 1007.35 1016.92 1983645
20050711 1143.38 1149.92 1126.20 1142.56 981410
20050712 1147.47 1149.92 1140.93 1145.01 1311465
20050713 1150.74 1164.65 1146.65 1163.01 801550
20050714 1165.46 1167.09 1158.11 1162.19 2173705
20050715 1159.74 1166.28 1154.01 1159.74 2437970
20050718 1159.74 1163.82 1149.11 1156.46 2287605
20050719 1153.19 1154.82 1140.93 1147.47 3250570
20050720 1147.47 1150.74 1140.93 1143.38 3648200
20050721 1152.38 1152.38 1134.38 1138.47 2503420
20050722 1143.38 1154.01 1140.11 1145.84 2059720
20050725 1142.56 1153.19 1138.47 1145.01 1359065
20050726 1138.47 1156.46 1138.47 1146.65 2332230
20050727 1145.01 1153.19 1145.01 1151.55 2733090
20050728 1152.38 1165.46 1148.28 1159.74 2092615
20050729 1159.74 1170.36 1159.74 1164.65 6880240
20050801 1168.73 1175.27 1161.38 1174.46 1368840
20050802 1174.46 1174.46 1164.65 1168.73 8448491
20050803 1170.36 1170.36 1153.19 1156.46 7125295
20050804 1158.92 1164.65 1150.74 1154.82 7144165
20050805 1153.19 1156.46 1143.38 1149.11 2656760
20050808 1155.65 1155.65 1145.01 1148.28 2043060
20050809 1145.84 1148.28 1139.29 1144.20 2070260
20050810 1139.29 1148.28 1136.84 1141.74 5618245
20050811 1139.29 1145.84 1135.20 1140.93 3660610
20050812 1143.38 1153.19 1140.93 1149.92 2879460
20050815 1149.92 1149.92 1144.20 1144.20 1020170
20050816 1153.19 1153.19 1145.01 1148.28 2365635
20050817 1149.11 1149.92 1139.29 1141.74 5307825
20050818 1145.01 1149.92 1122.12 1146.65 4231470
20050819 1145.01 1152.38 1140.93 1151.55 3337525
20050822 1151.55 1154.82 1145.01 1151.55 753270
20050823 1145.84 1153.19 1144.20 1152.38 2131035
20050824 1152.38 1156.46 1148.28 1154.82 1213460
20050825 1150.74 1154.01 1147.47 1149.92 1742500
20050826 1147.47 1154.82 1146.65 1149.92 1416015
20050829 1149.92 1149.92 1149.92 1149.92 0
20050830 1158.11 1158.11 1149.92 1153.19 1427235
20050831 1149.92 1153.19 1140.93 1147.47 1755335
20050901 1149.92 1173.64 1145.84 1167.92 2252840
20050902 1163.01 1181.82 1163.01 1180.19 2687445
20050905 1184.27 1195.72 1180.19 1194.91 2605165
20050906 1194.91 1198.99 1190.81 1198.99 1601315
20050907 1197.35 1207.18 1191.64 1207.18 1091570
20050908 1208.81 1208.81 1198.99 1205.54 916130
20050909 1209.62 1209.62 1198.99 1207.99 1001300
20050912 1209.62 1213.72 1199.81 1212.08 935935
20050913 1212.08 1218.62 1205.54 1209.62 851445
20050914 1207.99 1212.89 1201.45 1207.18 706945
20050915 1206.35 1217.80 1201.45 1207.18 1989425
20050916 1207.99 1232.53 1198.99 1224.35 3594905
20050919 1221.07 1234.16 1221.07 1226.80 1767575
20050920 1225.99 1226.80 1221.07 1226.80 1030540
20050921 1212.08 1223.53 1206.35 1207.18 2472905
20050922 1203.08 1211.26 1201.45 1210.45 1543855
20050923 1221.07 1239.88 1208.81 1234.98 4191095
20050926 1241.52 1242.34 1230.89 1242.34 2522375
20050927 1234.16 1248.88 1230.89 1246.44 2440010
20050928 1255.42 1267.69 1249.71 1267.69 1608285
20050929 1270.96 1298.78 1270.96 1288.95 2540820
20050930 1297.14 1311.86 1280.78 1282.41 4896680
20051003 1292.24 1292.24 1282.41 1285.68 1120300
20051004 1291.41 1292.24 1285.68 1288.14 1502885
20051005 1283.24 1288.95 1273.42 1275.87 991185
20051006 1269.33 1269.33 1248.07 1257.06 1939445
20051007 1254.61 1258.69 1240.71 1241.52 919445
20051010 1240.71 1258.69 1238.25 1255.42 1073805
20051011 1257.88 1262.79 1239.88 1248.07 2426155
20051012 1239.07 1239.07 1230.89 1231.71 2532065
20051013 1230.07 1243.15 1215.35 1215.35 2071365
20051014 1213.72 1226.80 1206.35 1225.16 1453755
20051017 1225.16 1233.34 1212.89 1232.53 1020000
20051018 1229.26 1232.53 1218.62 1223.53 716210
20051019 1216.99 1221.89 1170.36 1174.46 3979445
20051020 1192.45 1214.53 1181.82 1212.08 3511095
20051021 1216.99 1218.62 1207.18 1213.72 1843735
20051024 1221.07 1226.80 1206.35 1220.26 1775905
20051025 1221.07 1221.07 1203.91 1207.99 2253690
20051026 1202.27 1217.80 1202.27 1214.53 1971065
20051027 1206.35 1207.99 1196.54 1199.81 1366800
20051028 1199.81 1208.81 1191.64 1205.54 1160420
20051031 1216.16 1239.88 1209.62 1239.88 2077740
20051101 1239.88 1243.98 1233.34 1243.98 2289135
20051102 1248.88 1257.88 1238.25 1257.88 1401395
20051103 1257.88 1280.78 1253.79 1280.78 1464210
20051104 1284.05 1284.05 1264.42 1266.06 1180650
20051107 1266.06 1288.95 1262.79 1288.95 729810
20051108 1287.32 1295.51 1279.96 1285.68 702270
20051109 1293.87 1298.78 1276.69 1289.78 1049665
20051110 1297.95 1297.95 1274.24 1286.51 2290410
20051111 1295.51 1347.85 1295.51 1333.13 4093600
20051114 1322.49 1329.85 1318.40 1328.21 711535
20051115 1321.67 1321.67 1301.22 1316.76 1392215
20051116 1319.22 1332.31 1309.40 1328.21 1076695
20051117 1333.13 1355.21 1326.58 1349.48 1616020
20051118 1357.66 1387.11 1357.66 1377.29 2092105
20051121 1383.84 1392.01 1375.65 1378.11 1396720
20051122 1378.11 1391.19 1374.84 1385.47 4195005
20051123 1384.65 1419.81 1384.65 1418.18 2325940
20051124 1425.54 1429.64 1415.73 1421.46 4369510
20051125 1428.81 1429.64 1410.00 1412.46 1258765
20051128 1416.54 1426.36 1405.92 1408.36 1064625
20051129 1410.82 1423.09 1403.46 1416.54 1712495
20051130 1412.46 1417.36 1380.56 1387.11 1950240
20051201 1394.46 1418.18 1394.46 1414.91 945540
20051202 1414.91 1423.09 1403.46 1414.09 1785000
20051205 1420.64 1420.64 1408.36 1410.82 540855
20051206 1418.18 1424.73 1411.64 1419.81 1386180
20051207 1423.09 1431.27 1400.19 1408.36 1264630
20051208 1408.36 1408.36 1390.38 1401.82 1163905
20051209 1401.82 1408.36 1391.19 1405.92 937040
20051212 1414.91 1421.46 1401.82 1408.36 1106615
20051213 1402.65 1419.81 1402.65 1414.09 2776185
20051214 1417.36 1424.73 1412.46 1414.91 2169200
20051215 1412.46 1421.46 1383.01 1384.65 1876290
20051216 1387.92 1406.73 1387.11 1403.46 2341580
20051219 1407.55 1412.46 1396.92 1408.36 969935
20051220 1407.55 1407.55 1393.65 1405.09 2965820
20051221 1410.82 1415.73 1395.28 1404.28 2283185
20051222 1405.09 1414.09 1392.82 1397.73 1247460
20051223 1396.92 1396.92 1384.65 1387.92 290530
20051226 1387.92 1387.92 1387.92 1387.92 0
20051227 1387.92 1387.92 1387.92 1387.92 0
20051228 1390.38 1398.55 1386.28 1397.73 961945
20051229 1392.82 1400.19 1391.19 1396.92 859860
20051230 1401.82 1401.82 1380.56 1386.28 553605
20060102 1386.28 1386.28 1386.28 1386.28 0
20060103 1390.38 1428.81 1390.38 1422.27 1942590
20060104 1430.45 1438.62 1420.64 1436.18 1435735
20060105 1439.45 1454.99 1430.45 1450.89 3004325
20060106 1447.62 1474.61 1443.54 1465.62 2204900
20060109 1461.53 1495.88 1453.35 1495.06 2751365
20060110 1488.52 1499.96 1475.44 1480.34 2050285
20060111 1487.71 1508.96 1481.15 1501.60 2807295
20060112 1498.33 1511.42 1496.69 1504.87 3941280
20060113 1504.87 1504.87 1465.62 1485.25 1641180
20060116 1478.71 1486.07 1465.62 1478.71 1498975
20060117 1477.07 1477.07 1446.81 1451.72 1882750
20060118 1444.35 1451.72 1415.73 1440.26 3122985
20060119 1443.54 1451.72 1440.26 1444.35 1340875
20060120 1440.26 1463.16 1430.45 1434.54 1704845
20060123 1426.36 1426.36 1402.65 1424.73 1476620
20060124 1419.81 1429.64 1407.55 1424.73 2155600
20060125 1436.99 1447.62 1407.55 1432.91 2075785
20060126 1442.72 1454.16 1439.45 1451.72 2128485
20060127 1454.99 1495.06 1454.99 1493.42 3618620
20060130 1493.42 1513.06 1490.98 1499.15 2283865
20060131 1499.15 1508.15 1491.79 1499.96 1831325
20060201 1495.88 1504.87 1489.34 1501.60 1712410
20060202 1504.87 1504.87 1484.42 1486.88 1042270
20060203 1496.69 1496.69 1460.71 1474.61 2301970
20060206 1468.89 1479.52 1467.26 1470.53 799425
20060207 1482.79 1502.42 1470.53 1502.42 2392155
20060208 1498.33 1498.33 1477.07 1479.52 2775760
20060209 1480.34 1497.52 1476.25 1482.79 1339600
20060210 1483.61 1495.06 1472.16 1476.25 2187135
20060213 1486.07 1490.15 1459.89 1480.34 1975060
20060214 1474.61 1478.71 1468.89 1472.16 1506455
20060215 1473.80 1489.34 1459.89 1478.71 1775225
20060216 1488.52 1492.61 1475.44 1480.34 1203005
20060217 1480.34 1486.88 1470.53 1480.34 681615
20060220 1473.80 1493.42 1451.72 1486.07 2033795
20060221 1497.52 1503.24 1480.34 1496.69 3082100
20060222 1501.60 1657.81 1500.79 1587.48 9964126
20060223 1592.39 1592.39 1540.05 1553.13 2760970
20060224 1564.58 1564.58 1543.32 1552.32 3091620
20060227 1564.58 1589.93 1563.76 1582.58 1466250
20060228 1576.04 1581.75 1531.05 1535.95 2046375
20060301 1526.95 1558.86 1526.95 1549.04 2158405
20060302 1543.32 1550.67 1519.60 1521.24 2197080
20060303 1516.33 1526.95 1513.06 1517.14 1401650
20060306 1517.14 1544.13 1517.14 1531.05 1696855
20060307 1521.24 1533.51 1492.61 1498.33 2083945
20060308 1504.06 1509.79 1467.26 1467.26 1740885
20060309 1480.34 1499.15 1478.71 1487.71 2307750
20060310 1488.52 1505.69 1477.07 1501.60 1557795
20060313 1503.24 1524.51 1499.15 1511.42 681020
20060314 1503.24 1535.14 1503.24 1521.24 2459560
20060315 1519.60 1545.76 1519.60 1523.68 1780835
20060316 1521.24 1544.95 1508.15 1528.59 1359490
20060317 1523.68 1551.49 1523.68 1535.14 1983220
20060320 1543.32 1565.40 1529.41 1558.86 2275620
20060321 1553.95 1556.40 1537.59 1547.40 1463360
20060322 1536.78 1607.11 1522.05 1572.75 3071220
20060323 1582.58 1601.39 1550.67 1554.76 1765960
20060324 1546.59 1585.02 1546.59 1571.94 2049350
20060327 1576.85 1581.75 1553.13 1555.59 1922190
20060328 1562.13 1563.76 1541.68 1545.76 1984835
20060329 1550.67 1558.86 1521.24 1547.40 1694730
20060330 1547.40 1576.85 1537.59 1553.13 2193255
20060331 1553.95 1567.85 1527.78 1538.41 1897710
20060403 1538.41 1561.31 1535.14 1552.32 1368330
20060404 1542.49 1549.86 1523.68 1528.59 1363400
20060405 1539.22 1539.22 1508.15 1521.24 1968600
20060406 1517.96 1539.22 1517.14 1529.41 1768850
20060407 1523.68 1539.22 1513.06 1514.69 966535
20060410 1508.15 1535.95 1508.15 1514.69 1671185
20060411 1509.79 1518.78 1481.15 1486.07 2166990
20060412 1486.07 1486.07 1461.53 1472.16 1591795
20060413 1468.07 1488.52 1468.07 1481.98 753185
20060414 1481.98 1481.98 1481.98 1481.98 0
20060417 1481.98 1481.98 1481.98 1481.98 0
20060418 1488.52 1500.79 1478.71 1491.79 877115
20060419 1506.51 1513.06 1492.61 1499.15 2426495
20060420 1498.33 1501.60 1483.61 1496.69 1648320
20060421 1505.69 1511.42 1495.06 1506.51 1859630
20060424 1505.69 1506.51 1496.69 1498.33 888760
20060425 1496.69 1513.87 1496.69 1507.33 1051110
20060426 1509.79 1512.24 1503.24 1507.33 2824975
20060427 1508.15 1516.33 1483.61 1486.07 2466870
20060428 1486.07 1489.34 1457.44 1459.07 1992060
20060501 1459.07 1459.07 1459.07 1459.07 0
20060502 1464.80 1479.52 1464.80 1470.53 887825
20060503 1476.25 1476.25 1442.72 1446.81 1630130
20060504 1450.89 1468.07 1428.81 1462.34 2499000
20060505 1481.15 1532.68 1481.15 1531.87 6762600
20060508 1539.22 1552.32 1514.69 1521.24 2286330
20060509 1527.78 1545.76 1516.33 1524.51 2495345
20060510 1527.78 1529.41 1513.06 1526.14 2056660
20060511 1539.22 1539.22 1497.52 1503.24 2458710
20060512 1492.61 1497.52 1445.99 1450.08 2308345
20060515 1445.99 1459.07 1391.27 1415.73 3113890
20060516 1414.91 1429.47 1395.45 1410.00 2387395
20060517 1405.92 1422.19 1348.74 1350.29 2434995
20060518 1350.29 1378.60 1318.40 1360.12 2599045
20060519 1363.39 1386.28 1356.02 1379.74 3849650
20060522 1383.01 1388.66 1333.81 1340.48 2784175
20060523 1341.31 1433.93 1345.06 1423.91 4710445
20060524 1406.73 1447.62 1375.65 1380.56 2453865
20060525 1376.47 1409.54 1368.62 1406.73 2547620
20060526 1408.36 1460.71 1408.36 1460.71 4080085
20060529 1460.71 1460.71 1460.71 1460.71 0
20060530 1460.71 1460.71 1414.91 1428.81 2864075
20060531 1428.00 1454.99 1405.92 1451.72 3207730
20060601 1448.45 1456.62 1420.96 1456.62 2460495
20060602 1472.16 1490.98 1440.26 1452.53 3689425
20060605 1459.07 1456.93 1415.81 1432.91 1365185
20060606 1424.73 1424.73 1379.74 1387.11 4952270
20060607 1387.11 1401.01 1367.47 1387.11 3461795
20060608 1357.66 1399.38 1340.48 1362.56 4040475
20060609 1374.84 1411.64 1362.56 1403.46 1953470
20060612 1402.65 1402.65 1378.93 1385.47 1070830
20060613 1358.48 1373.20 1333.13 1361.75 2806615
20060614 1368.29 1378.11 1343.84 1374.01 1929840
20060615 1383.84 1412.46 1370.74 1403.46 2411195
20060616 1417.36 1434.40 1404.28 1404.28 2621740
20060619 1421.46 1435.11 1388.71 1417.36 1434205
20060620 1407.55 1417.94 1397.00 1417.36 2297975
20060621 1413.27 1422.27 1388.74 1415.73 2170645
20060622 1432.91 1447.54 1411.15 1424.73 2569380
20060623 1419.81 1429.55 1396.92 1410.82 2137155
20060626 1414.09 1428.81 1407.55 1416.54 2666875
20060627 1429.64 1434.29 1415.73 1415.73 1160335
20060628 1414.91 1432.58 1414.91 1428.00 1406835
20060629 1441.89 1463.16 1426.36 1463.16 1226550
20060630 1452.53 1481.15 1448.45 1474.61 2327215
20060703 1481.15 1505.69 1460.71 1499.96 1888360
20060704 1506.51 1506.51 1467.26 1477.07 1438455
20060705 1473.80 1495.88 1458.26 1468.07 3858235
20060706 1468.07 1488.52 1459.07 1477.07 2177275
20060707 1474.61 1480.34 1463.99 1477.07 747320
20060710 1481.15 1504.87 1478.71 1497.52 1483760
20060711 1499.96 1510.60 1445.99 1455.80 1786445
20060712 1460.71 1488.52 1460.71 1471.34 1121745
20060713 1456.62 1457.44 1424.73 1433.72 2092360
20060714 1421.46 1443.54 1403.46 1407.55 1581510
20060717 1211.07 1211.07 1177.16 1194.46 972740
20060718 1193.08 1207.61 1175.78 1191.00 2412045
20060719 1191.69 1217.31 1191.69 1215.22 1956615
20060720 1226.29 1236.68 1207.61 1229.75 1526430
20060721 1228.38 1239.45 1203.46 1206.22 1601485
20060724 1218.68 1256.75 1218.68 1253.28 1068875
20060725 1262.28 1262.28 1234.60 1240.84 3603320
20060726 1237.36 1251.91 1231.14 1240.84 2645540
20060727 1242.21 1263.67 1230.45 1261.59 1797410
20060728 1262.98 1294.12 1258.13 1289.27 2869515
20060731 1295.51 1301.04 1278.89 1284.42 2758420
20060801 1283.05 1301.04 1265.74 1269.20 1191190
20060802 1273.35 1298.27 1273.35 1296.19 2059975
20060803 1296.19 1296.19 1296.19 1296.19 0
20060804 1275.44 1284.42 1260.21 1277.51 2085900
20060807 1270.59 1283.74 1260.89 1273.35 1319370
20060808 1285.12 1291.35 1263.67 1269.20 1316140
20060809 1267.82 1288.58 1266.44 1287.20 2797690
20060810 1268.52 1287.89 1263.67 1278.20 1803530
20060811 1277.51 1285.81 1271.98 1281.66 1635910
20060814 1293.42 1293.42 1279.59 1292.73 857395
20060815 1293.42 1311.42 1281.66 1306.58 1245930
20060816 1306.58 1314.88 1285.81 1310.73 1082220
20060817 1314.19 1326.65 1314.19 1323.19 1261400
20060818 1323.87 1323.87 1303.81 1307.27 2089725
20060821 1312.11 1313.49 1284.42 1287.89 1619505
20060822 1294.12 1303.81 1281.66 1301.73 1778285
20060823 1308.65 1314.19 1286.51 1289.96 941715
20060824 1296.88 1305.19 1281.66 1283.05 1480360
20060825 1280.28 1288.58 1278.20 1285.12 577490
20060828 1285.12 1285.12 1285.12 1285.12 0
20060829 1294.81 1310.04 1288.58 1305.19 1888700
20060830 1305.88 1314.19 1303.12 1309.34 1038020
20060831 1310.04 1321.11 1298.27 1316.95 1332205
20060901 1321.11 1342.56 1310.73 1338.41 2832115
20060904 1336.33 1350.18 1323.19 1335.64 1732555
20060905 1330.11 1334.26 1319.72 1328.72 859860
20060906 1335.64 1335.64 1317.65 1323.87 1053320
20060907 1312.11 1322.49 1305.19 1310.73 1139595
20060908 1307.95 1330.11 1307.95 1321.80 677705
20060911 1310.04 1320.41 1302.42 1312.11 1251285
20060912 1307.95 1312.80 1304.49 1310.73 4059345
20060913 1320.41 1327.34 1313.49 1317.65 1925845
20060914 1312.11 1329.41 1310.73 1314.19 1379550
20060915 1321.11 1323.19 1299.66 1299.66 2046970
20060918 1296.88 1303.12 1287.20 1289.27 1458430
20060919 1284.42 1285.81 1269.89 1269.89 2817665
20060920 1275.44 1303.81 1266.44 1298.27 2465680
20060921 1304.49 1304.49 1287.89 1293.42 831640
20060922 1290.66 1290.66 1277.51 1283.74 1096500
20060925 1294.12 1298.27 1267.13 1271.98 838525
20060926 1278.20 1294.12 1278.20 1292.73 2761735
20060927 1303.81 1303.81 1288.58 1298.27 1927970
20060928 1301.73 1312.80 1289.96 1305.88 2256750
20060929 1310.73 1318.34 1287.89 1294.81 2161125
20061002 1313.49 1313.49 1295.51 1297.58 2021045
20061003 1289.96 1299.66 1283.74 1296.19 1416695
20061004 1305.19 1307.95 1296.88 1303.12 1376915
20061005 1314.88 1314.88 1298.96 1314.88 1309850
20061006 1314.88 1314.88 1298.96 1309.34 1157360
20061009 1308.65 1314.88 1301.73 1307.95 1535015
20061010 1307.95 1343.94 1307.95 1336.33 3323245
20061011 1326.65 1343.94 1326.65 1339.11 4551240
20061012 1335.64 1362.64 1331.48 1361.94 2515745
20061013 1357.79 1374.40 1350.87 1360.55 2417145
20061016 1359.86 1373.01 1355.01 1357.79 1841185
20061017 1361.25 1361.25 1333.56 1333.56 1027395
20061018 1334.95 1352.25 1334.95 1352.25 1525240
20061019 1349.48 1357.79 1332.18 1354.33 1671355
20061020 1361.25 1361.25 1341.18 1350.18 760410
20061023 1350.18 1361.25 1345.33 1356.40 1017790
20061024 1356.40 1361.94 1345.33 1346.72 2454715
20061025 1339.79 1356.40 1335.64 1351.55 3064675
20061026 1353.64 1359.86 1349.48 1353.64 1862435
20061027 1353.64 1364.01 1326.65 1337.02 1617380
20061030 1332.87 1341.87 1324.56 1334.95 876520
20061031 1325.95 1338.41 1322.49 1328.72 1354475
20061101 1322.49 1346.02 1322.49 1332.18 870315
20061102 1327.34 1335.64 1322.49 1334.26 3694355
20061103 1339.79 1339.79 1313.49 1315.58 1790185
20061106 1319.04 1349.48 1313.49 1347.40 2023085
20061107 1342.56 1368.16 1342.56 1366.09 1738675
20061108 1352.25 1367.47 1352.25 1359.16 1650445
20061109 1370.25 1372.32 1352.25 1370.25 2628455
20061110 1370.25 1401.39 1363.32 1373.71 2891190
20061113 1368.86 1397.93 1368.86 1391.00 2384080
20061114 1385.47 1391.00 1371.62 1378.54 1511555
20061115 1378.54 1384.08 1359.16 1367.47 2522375
20061116 1357.79 1373.71 1357.09 1369.55 1228080
20061117 1373.71 1402.07 1360.55 1376.47 4068440
20061120 1366.09 1377.16 1361.25 1370.25 1309085
20061121 1364.01 1384.08 1364.01 1378.54 3082185
20061122 1378.54 1384.08 1362.64 1364.71 2595560
20061123 1373.01 1373.01 1351.55 1355.01 927605
20061124 1357.79 1364.01 1331.48 1357.09 1885640
20061127 1362.64 1365.40 1344.64 1349.48 3012315
20061128 1349.48 1349.48 1328.02 1332.87 3903965
20061129 1331.48 1355.01 1325.26 1349.48 3901755
20061130 1345.33 1359.86 1342.56 1348.09 2465935
20061201 1359.86 1359.86 1327.34 1335.64 4917930
20061204 1332.18 1343.25 1324.56 1325.95 1683595
20061205 1323.87 1335.64 1303.81 1321.80 3578925
20061206 1325.95 1373.01 1314.19 1367.47 6167855
20061207 1358.48 1373.01 1355.71 1370.93 1714960
20061208 1361.25 1375.08 1361.25 1373.01 2503080
20061211 1373.01 1373.71 1366.09 1370.25 2931225
20061212 1366.78 1373.01 1360.55 1372.32 1494640
20061213 1366.09 1379.24 1360.55 1372.32 2453270
20061214 1368.86 1382.01 1367.47 1381.32 2337075
20061215 1377.86 1391.00 1375.08 1375.78 2606610
20061218 1373.01 1386.85 1369.55 1386.16 1398250
20061219 1375.78 1380.62 1364.71 1372.32 2002175
20061220 1379.24 1386.85 1366.78 1369.55 1737400
20061221 1366.09 1370.25 1354.33 1356.40 1716405
20061222 1346.02 1364.01 1346.02 1364.01 377400
20061225 1364.01 1364.01 1364.01 1364.01 0
20061226 1364.01 1364.01 1364.01 1364.01 0
20061227 1359.86 1377.16 1356.40 1366.78 961945
20061228 1375.78 1386.85 1375.08 1383.39 713065
20061229 1390.31 1400.00 1366.09 1397.24 612170
20070101 1397.24 1397.24 1397.24 1397.24 0
20070102 1395.15 1431.84 1391.69 1427.68 1933920
20070103 1420.76 1439.45 1417.31 1429.75 2255135
20070104 1425.60 1425.60 1408.31 1411.07 1232585
20070105 1411.76 1414.53 1395.85 1405.54 2908360
20070108 1403.46 1417.31 1397.93 1398.61 2418760
20070109 1411.76 1412.46 1397.93 1403.46 1902640
20070110 1391.69 1402.07 1382.69 1397.24 1909695
20070111 1397.24 1420.07 1384.08 1419.38 1782025
20070112 1414.53 1430.45 1414.53 1418.68 3333360
20070115 1429.75 1430.45 1420.76 1424.92 3015205
20070116 1425.60 1435.99 1415.22 1415.22 2764965
20070117 1418.68 1427.68 1415.92 1426.99 2285735
20070118 1433.91 1438.75 1426.29 1433.91 1943100
20070119 1432.53 1446.36 1424.22 1446.36 2056660
20070122 1441.52 1487.89 1440.14 1476.81 7668105
20070123 1486.51 1494.12 1469.20 1485.12 4246515
20070124 1488.58 1503.12 1486.51 1498.96 6576705
20070125 1500.34 1528.72 1496.19 1515.58 13852876
20070126 1512.80 1515.58 1493.42 1494.81 2959105
20070129 1487.20 1496.19 1484.42 1486.51 2419610
20070130 1485.81 1485.81 1471.98 1478.89 2351355
20070131 1472.66 1482.35 1454.67 1460.21 2937345
20070201 1467.13 1494.81 1467.13 1479.59 3901075
20070202 1474.05 1511.42 1474.05 1507.27 5465075
20070205 1512.80 1529.41 1502.42 1528.02 3933800
20070206 1535.64 1554.33 1530.11 1543.94 4769350
20070207 1552.94 1573.71 1548.09 1563.32 3833075
20070208 1562.64 1569.55 1555.01 1566.09 3757170
20070209 1566.78 1581.32 1561.25 1575.08 2846990
20070212 1564.01 1571.62 1556.40 1559.86 2456755
20070213 1557.09 1558.48 1548.09 1558.48 978520
20070214 1557.79 1567.47 1548.79 1567.47 1906210
20070215 1572.32 1583.39 1568.16 1583.39 2743120
20070216 1574.40 1592.39 1574.40 1588.24 1436755
20070219 1591.00 1598.61 1591.00 1597.93 1076270
20070220 1606.22 1645.67 1606.22 1638.75 6705310
20070221 1647.75 1648.45 1622.84 1625.60 4390420
20070222 1638.75 1660.21 1637.36 1653.28 2667470
20070223 1656.75 1656.75 1630.45 1638.75 1616360
20070226 1628.38 1640.14 1620.76 1626.99 2407540
20070227 1626.29 1626.29 1550.87 1562.64 6561235
20070228 1532.18 1559.86 1454.67 1546.02 4858260
20070301 1550.18 1587.54 1522.49 1559.16 6906675
20070302 1557.79 1574.40 1537.72 1552.25 2345745
20070305 1520.41 1534.26 1480.28 1522.49 3509480
20070306 1523.19 1557.09 1505.88 1554.33 2933265
20070307 1554.33 1578.54 1553.64 1574.40 3724190
20070308 1588.93 1588.93 1568.86 1584.78 1822825
20070309 1584.78 1586.85 1561.25 1580.62 8080780
20070312 1587.54 1598.61 1561.25 1569.55 3676250
20070313 1564.01 1588.93 1559.86 1573.71 3719005
20070314 1544.64 1552.94 1486.51 1488.58 4915125
20070315 1522.49 1562.64 1507.27 1562.64 6839015
20070316 1562.64 1562.64 1529.41 1552.94 4595355
20070319 1554.33 1598.61 1554.33 1586.16 3443180
20070320 1591.69 1591.69 1565.40 1583.39 2614770
20070321 1568.16 1601.39 1568.16 1601.39 3262215
20070322 1617.99 1638.75 1606.92 1612.46 3127575
20070323 1612.46 1630.45 1598.61 1620.76 3000925
20070326 1626.29 1633.22 1583.39 1591.69 3178915
20070327 1591.69 1601.39 1577.86 1586.16 2744905
20070328 1570.93 1584.78 1564.01 1577.86 1782535
20070329 1606.92 1622.14 1573.71 1577.86 3022345
20070330 1579.24 1588.93 1562.64 1572.32 3811485
20070402 1577.86 1584.78 1564.01 1582.01 2783325
20070403 1582.01 1598.61 1575.08 1597.24 2585105
20070404 1609.69 1617.99 1594.46 1606.92 1825290
20070405 1604.15 1620.76 1595.85 1615.22 1520735
20070406 1615.22 1615.22 1615.22 1615.22 0
20070409 1615.22 1615.22 1615.22 1615.22 0
20070410 1627.68 1655.36 1611.07 1647.06 2874105
20070411 1653.98 1653.98 1608.31 1617.99 2456245
20070412 1612.46 1616.61 1588.93 1602.76 1788825
20070413 1600.00 1608.31 1588.93 1605.54 2610690
20070416 1616.61 1635.99 1601.39 1626.29 1456220
20070417 1626.29 1633.22 1598.61 1608.31 1659625
20070418 1626.29 1626.29 1587.54 1591.69 2753915
20070419 1587.54 1593.08 1565.40 1593.08 1691925
20070420 1606.92 1606.92 1584.78 1588.93 1558050
20070423 1597.24 1598.61 1582.01 1587.54 2400230
20070424 1586.16 1600.00 1562.64 1577.86 1970640
20070425 1577.86 1593.08 1515.58 1582.01 1956700
20070426 1588.93 1600.00 1564.01 1569.55 2713370
20070427 1573.71 1597.24 1559.86 1588.93 5451390
20070430 1584.78 1612.46 1584.78 1602.76 2301120
20070501 1594.46 1611.07 1576.47 1580.62 1806930
20070502 1598.61 1612.46 1590.31 1608.31 2682175
20070503 1600.00 1609.69 1584.78 1590.31 3638170
20070504 1597.24 1645.67 1590.31 1638.75 2013310
20070507 1638.75 1638.75 1638.75 1638.75 0
20070508 1647.06 1648.45 1590.31 1637.36 3075895
20070509 1640.14 1662.28 1609.69 1617.99 3920965
20070510 1653.98 1677.51 1626.29 1633.22 4559655
20070511 1630.45 1652.60 1597.24 1651.21 3063740
20070514 1652.60 1658.13 1637.36 1645.67 3026425
20070515 1645.67 1663.67 1641.52 1655.36 1920830
20070516 1662.28 1688.58 1658.13 1681.66 4218380
20070517 1678.89 1688.58 1665.05 1681.66 2237880
20070518 1684.42 1691.35 1670.59 1687.20 1738930
20070521 1683.05 1707.95 1674.74 1703.81 3083970
20070522 1703.81 1703.81 1678.89 1684.42 2800665
20070523 1692.73 1692.73 1673.35 1676.13 1426130
20070524 1677.51 1681.66 1645.67 1645.67 4222460
20070525 1641.52 1663.67 1637.36 1662.28 1825715
20070528 1662.28 1662.28 1662.28 1662.28 0
20070529 1670.59 1680.28 1656.75 1676.13 3330725
20070530 1671.98 1674.74 1642.91 1662.28 1467185
20070531 1676.13 1699.66 1669.20 1680.28 2478430
20070601 1680.28 1680.28 1680.28 1680.28 0
20070604 1695.51 1696.88 1674.74 1688.58 1360425
20070605 1691.35 1694.12 1651.21 1673.35 4100655
20070606 1677.51 1681.66 1622.14 1626.29 3430260
20070607 1635.99 1638.75 1594.46 1602.76 2502825
20070608 1590.31 1593.08 1561.25 1582.01 4618305
20070611 1583.39 1619.38 1583.39 1615.22 2154750
20070612 1617.99 1617.99 1598.61 1600.00 2968030
20070613 1601.39 1616.61 1583.39 1612.46 4088160
20070614 1626.29 1630.45 1615.22 1630.45 3297150
20070615 1631.84 1665.05 1631.84 1659.52 6526810
20070618 1665.05 1684.42 1649.82 1663.67 3871325
20070619 1670.59 1678.89 1665.05 1671.98 6213755
20070620 1671.98 1671.98 1656.75 1662.28 4294455
20070621 1651.21 1663.67 1623.53 1631.84 2261510
20070622 1641.52 1641.52 1608.31 1611.07 1930605
20070625 1602.76 1619.38 1597.24 1606.92 2526880
20070626 1605.54 1613.84 1586.16 1600.00 2444855
20070627 1597.24 1622.14 1591.69 1612.46 6582315
20070628 1622.14 1638.75 1601.39 1609.69 8371055
20070629 1622.14 1629.07 1591.69 1612.46 2144295
20070702 1608.31 1615.22 1594.46 1604.15 3421250
20070703 1609.69 1616.61 1600.00 1604.15 3285250
20070704 1605.54 1630.45 1605.54 1623.53 2218330
20070705 1620.76 1629.07 1600.00 1605.54 2703000
20070706 1597.24 1615.22 1595.85 1613.84 2091765
20070709 1622.14 1623.53 1601.39 1608.31 2711670
20070710 1605.54 1612.46 1575.08 1584.78 1914795
20070711 1575.08 1584.78 1562.64 1580.62 3996275
20070712 1590.31 1601.39 1566.78 1597.24 3887900
20070713 1616.61 1630.45 1600.00 1627.68 3492565
20070716 1176.00 1181.00 1146.00 1181.00 4209900
20070717 1181.00 1184.00 1148.00 1150.00 2700300
20070718 1137.00 1153.00 1137.00 1140.00 4551100
20070719 1152.00 1159.00 1148.00 1159.00 2650500
20070720 1153.00 1166.00 1152.00 1161.00 6195700
20070723 1155.00 1165.00 1147.00 1165.00 1680600
20070724 1153.00 1166.00 1153.00 1160.00 8043800
20070725 1158.00 1160.00 1128.00 1141.00 7502900
20070726 1148.00 1148.00 1080.00 1090.00 8323600
20070727 1071.00 1089.00 1055.00 1073.00 7603600
20070730 1069.00 1070.00 1036.00 1050.00 6090700
20070731 1055.00 1078.00 1037.00 1078.00 13285500
20070801 1057.00 1059.00 1031.00 1040.00 7646600
20070802 1045.00 1072.00 1045.00 1070.00 6729200
20070803 1073.00 1081.00 1062.00 1066.00 9989300
20070806 1057.00 1077.00 1056.00 1070.00 4109500
20070807 1084.00 1097.00 1079.00 1097.00 5119700
20070808 1100.00 1127.00 1096.00 1121.00 6693200
20070809 1118.00 1118.00 1038.00 1056.00 10858800
20070810 1045.00 1065.00 988.00 1010.00 11066900
20070813 1020.00 1068.00 1014.00 1067.00 8257300
20070814 1059.00 1077.00 1046.00 1053.00 4208600
20070815 1032.00 1059.00 1022.00 1053.00 5611300
20070816 1036.00 1044.00 979.50 979.50 12568800
20070817 985.50 1075.00 982.50 1023.00 13657700
20070820 1020.00 1048.00 1020.00 1025.00 4488500
20070821 1025.00 1030.00 1002.00 1016.00 3283400
20070822 1019.00 1070.00 1019.00 1068.00 3106300
20070823 1081.00 1101.00 1075.00 1080.00 7283000
20070824 1072.00 1077.00 1021.00 1034.00 4308700
20070827 1034.00 1034.00 1034.00 1034.00 0
20070828 1043.00 1056.00 1024.00 1030.00 4112900
20070829 1021.00 1048.00 1010.00 1044.00 15289600
20070830 1046.00 1061.00 1022.00 1042.00 3098900
20070831 1041.00 1064.00 1041.00 1055.00 1715300
20070903 1063.00 1071.00 1060.00 1063.00 1597400
20070904 1055.00 1069.00 1048.00 1066.00 2985700
20070905 1056.00 1070.00 1032.00 1040.00 3469600
20070906 1038.00 1047.00 1019.00 1038.00 5019000
20070907 1043.00 1045.00 1006.00 1007.00 7266500
20070910 998.50 1017.00 981.00 984.00 6098600
20070911 996.00 1006.00 989.50 1003.00 4511500
20070912 1001.00 1007.00 985.00 994.00 2558900
20070913 994.50 1004.00 985.00 1001.00 4152400
20070914 995.00 1016.00 967.50 1004.00 4010500
20070917 996.00 998.50 961.50 964.50 4173200
20070918 966.50 986.50 965.50 985.50 5795000
20070919 1022.00 1045.00 1000.00 1039.00 6575000
20070920 1034.00 1038.00 1017.00 1030.00 8122300
20070921 1028.00 1049.00 1022.00 1036.00 4526500
20070924 1033.00 1041.00 997.00 999.00 4161700
20070925 986.00 1006.00 976.50 986.00 4202800
20070926 994.00 1007.00 977.50 984.50 3322800
20070927 996.00 999.00 982.00 996.50 4034000
20070928 996.50 1002.00 987.00 997.00 2620700
20071001 985.00 1007.00 984.50 1001.00 2763300
20071002 1011.00 1033.00 1002.00 1028.00 5266300
20071003 1025.00 1039.00 1023.00 1030.00 3345800
20071004 1026.00 1070.00 1026.00 1064.00 4813000
20071005 1071.00 1072.00 1053.00 1068.00 4370100
20071008 1073.00 1073.00 1057.00 1063.00 2536300
20071009 1066.00 1076.00 1057.00 1073.00 1674000
20071010 1082.00 1110.00 1076.00 1092.00 3943000
20071011 1097.00 1107.00 1092.00 1097.00 3575000
20071012 1085.00 1096.00 1082.00 1090.00 3501900
20071015 1087.00 1101.00 1074.00 1077.00 2326700
20071016 1079.00 1087.00 1049.00 1053.00 3723700
20071017 1060.00 1079.00 1054.00 1069.00 3894400
20071018 1074.00 1087.00 1053.00 1056.00 4264700
20071019 1058.00 1077.00 1035.00 1042.00 2474800
20071022 1022.00 1039.00 1021.00 1031.00 2730000
20071023 1041.00 1060.00 1033.00 1049.00 2252300
20071024 1055.00 1057.00 1032.00 1038.00 3114200
20071025 1053.00 1056.00 1030.00 1040.00 4496800
20071026 1038.00 1049.00 1036.00 1042.00 6495000
20071029 1056.00 1061.00 1041.00 1053.00 1896000
20071030 1053.00 1072.00 1053.00 1070.00 2352400
20071031 1075.00 1086.00 1070.00 1085.00 2148700
20071101 1076.00 1091.00 1060.00 1075.00 1887000
20071102 1068.00 1069.00 1050.00 1064.00 2003900
20071105 1060.00 1062.00 1034.00 1046.00 1614300
20071106 1057.00 1069.00 1026.00 1032.00 1803900
20071107 1040.00 1051.00 1013.00 1016.00 1641100
20071108 1055.00 1055.00 1000.00 1016.00 3584500
20071109 1030.00 1039.00 998.00 1010.00 3812500
20071112 1006.00 1032.00 1006.00 1030.00 2016700
20071113 1029.00 1047.00 1017.00 1042.00 2763600
20071114 1051.00 1062.00 1034.00 1040.00 1685700
20071115 1042.00 1048.00 1013.00 1019.00 2051700
20071116 1018.00 1057.00 1015.00 1044.00 3315100
20071119 1044.00 1067.00 1029.00 1034.00 3056500
20071120 1037.00 1116.00 1037.00 1110.00 7865900
20071121 1098.00 1100.00 1054.00 1059.00 4019000
20071122 1070.00 1086.00 1046.00 1086.00 1845500
20071123 1084.00 1115.00 1083.00 1102.00 2434900
20071126 1117.00 1117.00 1058.00 1062.00 2875100
20071127 1055.00 1070.00 1043.00 1063.00 2295000
20071128 1070.00 1102.00 1065.00 1100.00 2171300
20071129 1110.00 1128.00 1081.00 1092.00 2673800
20071130 1099.00 1108.00 1081.00 1088.00 3244800
20071203 1086.00 1093.00 1059.00 1062.00 3045300
20071204 1065.00 1065.00 1014.00 1033.00 3669500
20071205 1038.00 1054.00 1035.00 1047.00 3130900
20071206 1052.00 1067.00 1025.00 1031.00 2944700
20071207 1033.00 1048.00 1025.00 1035.00 3902200
20071210 1033.00 1048.00 1026.00 1043.00 2124800
20071211 1045.00 1053.00 1017.00 1021.00 2290800
20071212 1007.00 1039.00 1003.00 1035.00 3037200
20071213 1021.00 1032.00 1009.00 1009.00 2716500
20071214 1021.00 1023.00 1004.00 1018.00 1619800
20071217 999.50 1012.00 975.50 981.00 3482800
20071218 980.00 1005.00 963.00 967.50 2711800
20071219 974.00 1007.00 972.50 990.00 2708500
20071220 995.50 1003.00 987.50 992.00 2323500
20071221 1006.00 1019.00 998.50 1005.00 1670300
20071224 1006.00 1029.00 1004.00 1023.00 276100
20071225 1023.00 1023.00 1023.00 1023.00 0
20071226 1023.00 1023.00 1023.00 1023.00 0
20071227 1032.00 1032.00 1012.00 1018.00 667500
20071228 1006.00 1016.00 1004.00 1012.00 1649900
20071231 1003.00 1009.00 994.00 1003.00 523700
20080101 1003.00 1003.00 1003.00 1003.00 0
20080102 995.00 1023.00 995.00 1005.00 785900
20080103 1005.00 1020.00 981.00 988.00 1805500
20080104 985.50 1000.00 964.00 965.00 1920000
20080107 967.50 974.00 953.00 971.50 3167200
20080108 975.00 989.00 971.50 978.50 2297100
20080109 975.50 976.00 946.00 950.00 3279800
20080110 958.50 965.00 924.00 928.50 3659700
20080111 933.50 939.50 917.50 924.00 3652500
20080114 917.00 936.00 917.00 924.50 2157400
20080115 918.00 932.00 904.50 904.50 3296400
20080116 902.00 914.00 888.50 895.00 3274100
20080117 902.00 922.00 889.00 892.00 9378100
20080118 888.00 922.50 881.00 901.00 3585100
20080121 891.00 900.00 859.00 888.50 3907600
20080122 869.50 930.00 847.00 918.00 3995800
20080123 937.50 937.50 889.00 911.00 3119000
20080124 932.00 955.50 920.50 950.00 4377300
20080125 965.00 965.00 913.00 917.50 2450700
20080128 911.00 922.00 903.50 917.00 1793200
20080129 920.00 932.00 912.50 929.50 2331100
20080130 929.00 942.50 913.00 936.00 2364300
20080131 936.00 944.00 903.00 937.00 3261200
20080201 949.50 971.00 937.00 961.00 2329100
20080204 970.00 987.50 954.00 983.00 2618100
20080205 982.00 982.50 924.50 930.00 3755500
20080206 934.50 950.50 926.00 946.00 3437000
20080207 937.00 948.00 916.00 920.00 3112400
20080208 934.50 934.50 915.00 923.50 2523300
20080211 910.00 928.00 906.00 920.00 2432500
20080212 924.00 934.50 910.50 932.00 2765100
20080213 922.00 944.00 920.00 935.00 1942400
20080214 946.50 946.50 923.50 925.50 1943100
20080215 926.00 935.00 915.50 919.50 3100000
20080218 921.00 944.00 921.00 942.50 1531300
20080219 935.00 960.00 926.00 947.00 1925000
20080220 934.50 938.00 922.00 924.00 2488700
20080221 933.00 941.50 901.00 910.00 3196600
20080222 905.00 911.00 880.00 883.00 3550600
20080225 891.50 902.00 886.00 900.00 2476900
20080226 900.50 907.00 883.00 892.00 2931100
20080227 892.00 900.00 873.50 885.00 2882100
20080228 887.00 891.00 848.50 850.50 3939500
20080229 850.00 853.50 806.50 818.00 8411400
20080303 814.50 818.00 794.50 796.50 4705900
20080304 801.50 814.50 791.00 799.00 4342100
20080305 808.50 828.50 803.00 820.50 3689800
20080306 823.00 825.00 794.50 797.50 3472400
20080307 790.00 796.00 776.50 777.50 2459600
20080310 778.00 778.00 761.00 762.50 2743400
20080311 762.00 791.50 758.00 771.00 3744200
20080312 788.50 814.50 783.00 791.00 3294700
20080313 780.50 782.50 764.50 777.00 3605300
20080314 779.50 791.50 760.00 766.50 2367000
20080317 751.00 752.00 725.00 734.00 4104000
20080318 747.00 772.50 740.00 769.50 3381300
20080319 772.50 784.50 763.00 777.00 4656700
20080320 766.50 787.00 751.50 782.50 3704500
20080321 782.50 782.50 782.50 782.50 0
20080324 782.50 782.50 782.50 782.50 0
20080325 800.00 837.00 800.00 834.00 4013500
20080326 831.00 831.00 820.50 823.50 2515000
20080327 828.50 842.00 809.00 839.00 2590800
20080328 843.50 845.00 828.50 838.50 2312400
20080331 834.50 848.50 826.00 830.00 2752900
20080401 831.00 881.00 814.00 867.50 4847500
20080402 881.50 894.50 871.50 886.00 4109800
20080403 886.50 888.00 860.50 868.00 1644600
20080404 859.50 883.50 859.50 882.00 1837500
20080407 888.00 897.50 879.50 895.00 2172600
20080408 893.50 893.50 879.00 883.50 1460300
20080409 881.00 889.00 875.00 877.00 1108000
20080410 873.50 881.50 856.50 864.50 2332700
20080411 873.00 879.50 847.00 853.00 2372100
20080414 846.00 862.50 839.00 855.50 1693700
20080415 855.50 865.00 848.00 850.50 1760300
20080416 856.50 882.00 856.50 881.00 1444000
20080417 882.50 892.50 863.00 868.50 1557400
20080418 876.00 896.00 869.00 888.50 1701300
20080421 892.00 893.50 870.00 873.00 1653400
20080422 866.50 871.50 852.00 856.00 1997800
20080423 856.50 874.50 851.50 871.00 1897500
20080424 872.00 872.00 839.00 854.50 2016400
20080425 855.00 881.00 855.00 877.00 1506500
20080428 881.00 883.00 871.00 873.00 919400
20080429 870.00 876.50 854.50 859.00 780400
20080430 860.00 868.50 854.50 859.50 1667500
20080501 862.50 865.00 850.00 854.50 1115200
20080502 865.00 869.50 857.00 864.00 3645800
20080506 865.00 867.00 845.50 846.50 1968400
20080507 847.00 888.50 846.00 884.50 2470000
20080508 873.50 902.00 873.50 900.00 1816300
20080509 896.50 908.00 875.50 882.50 1336800
20080512 886.00 890.50 878.50 883.50 901300
20080513 887.00 896.50 874.50 879.00 1186700
20080514 885.00 885.00 864.50 869.00 2156100
20080515 862.00 898.00 851.50 895.00 5410000
20080516 903.00 932.50 902.50 919.50 8573200
20080519 925.50 929.00 906.00 910.00 3092200
20080520 905.50 910.00 892.50 895.50 3537500
20080521 902.00 902.00 873.50 877.00 3613100
20080522 873.50 887.00 864.00 877.50 1999000
20080523 879.00 879.00 859.00 859.00 2049500
20080527 865.50 879.50 859.00 873.50 1791900
20080528 877.00 905.00 876.00 891.00 2286900
20080529 894.50 898.00 879.50 885.50 2287600
20080530 887.50 898.50 885.00 885.50 1953800
20080602 885.50 894.00 874.50 880.00 2423400
20080603 875.50 889.00 875.00 877.50 2802200
20080604 877.50 877.50 861.00 869.50 2390300
20080605 873.50 879.00 863.50 874.00 2614300
20080606 882.50 888.00 860.50 861.50 2301000
20080610 834.00 837.00 822.00 833.00 2276000
20080611 838.50 839.00 809.50 811.50 2584400
20080612 809.50 830.50 804.00 825.00 2692400
20080613 822.00 834.00 812.00 828.00 2545000
20080616 826.00 841.50 813.00 817.50 3145400
20080617 817.50 851.00 817.00 835.00 2688900
20080618 823.00 832.00 821.00 828.00 3182900
20080619 821.00 836.50 818.00 830.00 3003200
20080620 835.00 844.00 819.00 828.50 2211300
20080623 820.50 841.00 814.50 834.00 2395700
20080624 831.50 842.00 813.00 825.00 4354200
20080625 831.50 849.50 830.00 848.00 2181600
20080626 842.50 847.50 823.50 825.50 2807700
20080627 817.50 830.00 810.00 819.50 1653900
20080630 814.50 829.50 812.50 825.00 2310400
20080701 816.50 825.00 797.00 804.50 3625700
20080702 803.00 817.50 795.00 808.50 2431500
20080703 798.00 829.00 795.50 826.50 2780400
20080704 832.50 832.50 803.50 803.50 1275300
20080707 808.50 819.50 796.50 807.00 2658500
20080708 794.00 803.00 777.00 793.50 4032900
20080709 802.50 824.00 797.00 822.00 2933800
20080710 804.00 829.00 801.50 814.00 1633400
20080711 816.00 823.50 785.00 785.00 2584900
20080714 800.50 830.00 795.00 816.50 1831400
20080715 803.50 833.00 802.00 827.50 3254600
20080716 832.00 851.00 817.00 845.50 3905800
20080717 855.00 895.50 845.00 881.50 4532500
20080718 877.50 920.00 870.00 918.50 2539900
20080721 915.00 918.50 901.00 905.00 2214900
20080722 898.00 905.00 875.50 895.00 3012600
20080723 900.00 954.50 897.50 948.00 3328800
20080724 945.00 952.00 907.00 916.00 2865500
20080725 907.50 910.00 862.50 886.50 4151700
20080728 886.50 893.00 870.00 874.00 1642700
20080729 863.00 886.00 855.00 880.00 847300
20080730 887.00 919.50 887.00 912.00 1591400
20080731 912.00 912.00 888.00 902.00 1896700
20080801 896.50 915.00 889.00 906.50 1155600
20080804 911.00 916.50 898.00 901.50 1286000
20080805 908.50 948.00 905.00 948.00 1975900
20080806 953.00 953.00 929.00 937.00 2629100
20080807 953.00 953.00 932.00 937.50 1873300
20080808 926.00 960.00 926.00 955.50 602300
20080811 961.50 966.00 949.50 956.50 1056700
20080812 950.00 953.50 933.50 937.00 1203500
20080813 933.50 938.00 900.00 900.00 1959900
20080814 901.50 920.00 898.00 916.50 1310400
20080815 920.50 928.00 900.00 909.00 1484600
20080818 909.00 910.00 890.50 896.50 882800
20080819 884.50 889.00 863.00 864.00 1960400
20080820 865.50 875.50 860.00 871.50 1003300
20080821 865.00 868.00 852.00 858.00 794300
20080822 865.00 889.00 853.50 889.00 1358200
20080826 872.50 880.50 863.00 871.50 1883800
20080827 875.50 882.50 867.50 879.50 2313900
20080828 876.00 911.50 874.50 904.00 1672900
20080829 909.00 921.00 898.00 919.50 1222800
20080901 914.00 917.50 902.00 915.50 805200
20080902 912.00 935.00 908.50 922.00 1612200
20080903 920.00 935.00 904.50 923.50 2529600
20080904 922.00 945.00 911.50 913.50 3530700
20080905 910.50 913.50 887.50 889.50 2071400
20080908 923.50 939.00 917.50 930.00 1239600
20080909 926.00 946.50 918.50 925.00 2049400
20080910 920.00 932.00 909.00 913.50 2782900
20080911 910.00 913.00 888.50 898.50 2218700
20080912 909.50 909.50 878.50 902.00 1944800
20080915 875.00 880.00 822.50 836.00 5812800
20080916 836.00 840.00 791.00 795.00 3710300
20080917 788.00 835.00 786.50 788.00 3849300
20080918 784.50 818.50 776.00 787.50 4168300
20080919 772.00 862.00 750.00 847.00 3235300
20080922 872.00 875.00 819.00 823.00 2837100
20080923 819.00 819.50 786.00 800.00 3320000
20080924 811.00 814.00 789.00 798.00 2291500
20080925 813.50 818.00 792.00 812.00 3048600
20080926 809.50 811.50 783.50 789.00 2018400
20080929 786.50 789.50 685.50 685.50 2671200
20080930 700.00 715.00 665.50 708.00 3518400
20081001 729.00 735.50 694.00 718.00 4440000
20081002 738.00 750.00 721.50 725.00 1662800
20081003 738.50 744.00 710.00 721.00 2576700
20081006 722.00 724.00 638.00 644.50 3806900
20081007 655.00 666.00 612.50 642.50 1612200
20081008 611.00 660.00 606.50 606.50 2797100
20081009 625.00 629.00 570.50 597.50 2685300
20081010 538.00 555.00 500.50 500.50 3939400
20081013 525.50 534.00 500.50 527.00 5405400
20081014 550.00 607.50 542.00 591.50 3195100
20081015 596.00 598.00 542.00 551.50 3704600
20081016 520.00 535.50 475.50 488.00 2735800
20081017 500.00 500.00 438.25 456.00 4470600
20081020 476.00 476.00 437.75 450.50 5136900
20081021 459.75 521.50 459.75 517.00 5285600
20081022 502.50 522.50 492.75 515.50 3575400
20081023 512.00 534.00 500.00 510.00 4108900
20081024 487.00 502.50 462.00 494.75 3504500
20081027 466.00 488.25 446.25 469.50 2825400
20081028 469.00 491.25 453.50 464.00 2188700
20081029 497.00 528.50 465.00 503.50 2652900
20081030 499.00 540.00 489.75 531.50 2377600
20081031 523.00 548.50 512.00 540.00 2728100
20081103 557.00 600.00 543.00 572.00 1889800
20081104 561.00 607.00 561.00 602.50 2219500
20081105 612.00 613.00 583.00 591.50 2452600
20081106 565.00 574.00 509.00 515.00 4038800
20081107 505.50 523.00 470.00 480.00 3682600
20081110 491.25 503.50 481.50 498.25 3306700
20081111 482.00 501.50 460.00 462.50 2063000
20081112 467.75 477.50 445.50 449.50 2527700
20081113 428.00 447.00 409.75 425.00 2611900
20081114 440.00 453.50 420.75 425.00 2245100
20081117 412.25 426.00 390.75 390.75 2379200
20081118 389.50 392.25 359.00 385.75 3416000
20081119 382.50 399.00 371.50 380.25 2228500
20081120 363.50 376.75 350.50 352.25 2193800
20081121 357.25 382.75 351.00 362.50 2002700
20081124 375.50 403.50 374.75 400.75 3383300
20081125 390.50 437.25 389.75 429.25 2881600
20081126 427.00 446.75 410.00 413.50 2154000
20081127 425.50 454.50 403.25 437.25 1298400
20081128 432.75 440.00 406.25 411.75 2035400
20081201 414.75 414.75 389.50 394.50 1616300
20081202 386.00 401.00 369.50 396.00 2324500
20081203 383.50 394.75 370.00 391.25 2140300
20081204 381.00 383.50 348.00 356.50 2771000
20081205 349.00 350.00 328.00 340.50 2432100
20081208 369.00 370.50 347.25 358.00 2087500
20081209 351.25 371.00 343.25 356.00 2065000
20081210 359.00 362.00 315.75 334.00 7576800
20081211 334.25 352.00 329.00 333.25 2723700
20081212 317.50 337.75 305.50 310.50 2671200
20081215 316.25 316.25 274.50 278.50 3395700
20081216 265.00 269.25 236.25 243.00 6068700
20081217 243.75 262.00 234.75 257.50 5014000
20081218 257.00 271.00 257.00 265.50 3261200
20081219 260.25 272.75 248.25 259.25 3688500
20081222 270.00 271.25 249.00 255.00 2248800
20081223 249.75 259.50 249.75 254.25 2668800
20081224 246.75 250.00 235.50 244.75 450900
20081229 243.75 252.25 241.50 252.25 912900
20081230 250.50 264.75 249.75 264.00 1046400
20081231 265.00 274.75 256.25 272.00 688500
20090102 268.00 284.00 257.00 281.50 1010700
20090105 277.50 287.25 273.00 282.50 3329100
20090106 282.00 349.00 282.00 342.25 4948200
20090107 339.25 398.00 336.00 362.50 6485100
20090108 356.00 368.50 345.50 351.75 3352200
20090109 364.75 364.75 345.00 348.25 2014400
20090112 343.00 343.00 322.75 331.75 2975400
20090113 328.75 328.75 307.00 319.50 4354200
20090114 328.50 328.50 278.25 285.00 5616400
20090115 272.50 288.25 266.75 279.75 7929800
20090116 279.75 297.00 279.75 291.75 4621100
20090119 293.50 303.75 262.00 267.25 2642100
20090120 262.25 268.00 235.25 243.00 8041600
20090121 239.25 268.50 232.50 260.25 7407600
20090122 271.75 278.50 261.00 264.75 4113100
20090123 261.00 268.50 251.25 258.00 3747200
20090126 253.00 272.00 253.00 268.25 4157200
20090127 273.50 273.50 250.50 254.75 4397500
20090128 245.00 257.25 229.50 251.25 6689000
20090129 243.25 244.50 183.10 210.00 13710500
20090130 210.25 226.75 210.25 226.50 8383000
20090202 216.00 220.25 210.50 212.50 3584900
20090203 212.00 217.50 202.00 212.00 2979500
20090204 210.75 245.75 210.75 236.75 5612700
20090205 226.00 235.00 222.00 233.75 4369500
20090206 243.00 258.50 235.50 250.50 4354000
20090209 239.00 259.75 238.50 257.75 3029400
20090210 256.25 261.50 244.00 256.00 4230100
20090211 252.25 258.00 248.00 257.00 3492200
20090212 254.00 258.25 251.50 258.25 2416600
20090213 260.75 279.00 260.00 260.50 3679200
