20020906 766.21 767.66 740.04 746.34 2119228
20020909 744.40 757.00 741.49 749.73 686188
20020910 756.03 765.72 755.54 762.81 661736
20020911 756.03 770.57 756.03 759.42 530400
20020912 767.18 767.18 735.67 740.52 822063
20020913 741.01 742.94 715.32 726.95 768415
20020916 727.92 732.77 702.72 732.77 629237
20020917 737.13 738.58 709.99 709.99 936273
20020918 717.26 717.26 678.49 680.43 1742861
20020919 685.76 693.51 680.43 684.79 1958798
20020920 677.52 718.23 666.86 714.35 3805759
20020923 720.65 720.65 705.63 705.63 1658571
20020924 702.72 712.90 692.54 707.57 2437200
20020925 707.57 724.04 703.20 710.47 1511346
20020926 724.04 732.77 702.23 732.77 1219580
20020927 733.74 746.34 723.56 740.04 886029
20020930 740.04 740.04 696.42 717.26 1390224
20021001 717.26 732.28 697.87 718.71 1057292
20021002 724.04 754.09 723.56 736.64 1426024
20021003 747.79 747.79 725.50 725.50 1031293
20021004 717.26 727.92 710.96 720.17 1292625
20021007 720.17 732.77 704.66 719.20 548867
20021008 725.98 725.98 710.47 713.87 1502474
20021009 688.18 719.68 688.18 718.23 903981
20021010 722.10 729.86 711.93 724.53 886648
20021011 725.01 743.43 722.10 742.94 976200
20021014 737.13 756.03 731.80 744.88 820825
20021015 749.24 762.81 739.07 758.94 1165415
20021016 770.57 770.57 733.25 741.49 853633
20021017 741.49 769.11 741.49 756.51 1585629
20021018 758.45 759.91 722.10 739.55 2198669
20021021 760.88 760.88 728.89 743.43 883140
20021022 735.67 756.03 734.22 741.49 1343385
20021023 736.64 760.39 731.80 749.24 1063998
20021024 741.97 773.96 741.97 766.69 1190073
20021025 756.03 768.63 753.61 760.88 1269102
20021028 767.18 770.08 748.76 762.33 862403
20021029 760.88 761.84 736.16 736.16 824539
20021030 726.95 749.73 708.05 742.46 547113
20021031 743.91 744.40 736.64 742.94 1084529
20021101 742.46 742.46 722.59 727.92 578477
20021104 726.47 741.01 726.47 731.31 1783098
20021105 721.14 743.43 717.26 736.16 1120020
20021106 736.16 737.61 721.14 735.19 800604
20021107 729.86 743.91 729.86 739.55 931837
20021108 739.55 746.34 725.01 728.40 944217
20021111 757.48 757.48 717.26 727.44 986827
20021112 726.95 726.95 712.90 725.01 915742
20021113 733.74 733.74 712.41 713.38 1508870
20021114 713.87 718.71 701.75 711.44 1793105
20021115 711.44 711.44 692.06 702.72 2396447
20021118 697.87 702.23 693.03 694.97 1231754
20021119 683.82 693.51 680.43 691.57 1776495
20021120 708.53 716.29 701.27 709.50 3313635
20021121 706.11 732.77 706.11 726.95 1961996
20021122 726.95 735.67 726.47 731.80 1484625
20021125 728.40 737.61 717.74 725.01 939471
20021126 726.47 727.44 713.87 717.26 1460483
20021127 718.23 729.86 709.50 727.44 1087831
20021128 730.34 746.34 727.44 739.55 1418080
20021129 746.34 753.12 736.64 750.21 1362162
20021202 751.18 757.00 734.22 741.49 1086696
20021203 741.49 749.24 723.56 742.46 1327599
20021204 747.79 753.61 729.37 740.52 1076792
20021205 750.70 751.18 734.71 740.04 1098561
20021206 737.13 771.05 731.31 742.94 1089275
20021209 742.94 753.12 742.46 747.31 1162320
20021210 746.34 758.94 741.49 748.27 1235468
20021211 753.12 762.81 748.27 751.18 1222984
20021212 751.18 754.09 741.97 752.64 796374
20021213 755.06 755.06 719.68 742.94 614174
20021216 738.58 748.76 735.67 746.34 820103
20021217 740.04 745.37 726.95 730.83 1271062
20021218 736.64 740.52 724.53 732.77 988374
20021219 717.74 746.34 717.74 734.71 1064927
20021220 736.64 740.52 720.65 740.52 714456
20021223 746.34 748.76 735.67 744.88 608397
20021224 737.61 752.15 737.61 752.15 104718
20021225 752.15 752.15 752.15 752.15 0
20021226 752.15 752.15 752.15 752.15 0
20021227 742.46 751.18 736.64 741.49 635118
20021230 726.95 759.91 726.47 759.91 370279
20021231 747.31 760.88 747.31 760.88 336129
20030101 760.88 760.88 760.88 760.88 0
20030102 759.42 769.11 744.88 765.72 1626072
20030103 772.02 772.02 761.84 765.24 1042642
20030106 765.72 768.14 746.34 763.78 1197811
20030107 765.24 765.24 744.88 752.64 807929
20030108 750.70 760.88 738.58 747.31 1062451
20030109 741.49 753.12 741.49 750.21 718170
20030110 750.21 751.18 741.49 746.82 1442635
20030113 746.34 749.73 738.58 746.34 1266419
20030114 745.85 750.21 741.01 745.85 864260
20030115 744.54 747.79 739.55 741.97 940400
20030116 742.46 745.37 739.07 744.40 627380
20030117 746.34 746.82 733.25 735.67 1219167
20030120 738.10 743.43 731.80 732.77 607984
20030121 740.04 740.04 713.87 720.17 1053372
20030122 722.59 724.53 710.47 710.47 1074109
20030123 714.35 733.74 696.42 702.72 1332861
20030124 711.44 711.44 697.87 704.17 2021525
20030127 704.17 704.17 704.17 704.17 0
20030128 704.17 706.60 685.76 693.51 1838810
20030129 690.60 692.06 681.40 688.18 2219716
20030130 691.57 710.47 683.82 710.47 1374852
20030131 707.57 712.90 697.87 702.23 1470078
20030203 712.90 723.07 702.72 715.32 1122084
20030204 725.98 729.86 705.63 709.99 1592335
20030205 697.87 719.20 697.87 715.32 1268895
20030206 714.35 732.28 700.30 707.08 983835
20030207 717.26 728.89 706.11 720.65 1360511
20030210 720.65 738.10 717.74 729.86 1130440
20030211 726.95 741.01 718.23 730.34 1190073
20030212 730.34 733.74 715.32 718.23 705893
20030213 712.41 725.01 707.57 716.29 900886
20030214 723.07 729.37 720.65 722.59 951646
20030217 728.89 735.19 718.23 724.04 909036
20030218 718.23 740.52 718.23 739.07 872926
20030219 741.01 745.85 736.64 738.58 1464713
20030220 745.85 750.70 735.19 738.58 996215
20030221 741.97 746.34 735.19 744.88 643888
20030224 744.88 752.64 739.55 746.34 752939
20030225 744.40 748.27 732.28 739.55 1408692
20030226 741.49 746.34 728.89 734.71 1184502
20030227 741.01 741.01 719.68 723.07 1591923
20030228 717.26 735.19 704.66 721.14 1782376
20030303 722.10 751.67 722.10 749.24 1983249
20030304 749.24 749.24 729.37 731.80 856213
20030305 722.10 735.19 721.14 724.04 821135
20030306 728.89 739.55 722.10 726.95 724773
20030307 719.68 725.01 691.57 704.66 995596
20030310 705.14 714.35 694.97 698.84 788326
20030311 701.75 710.96 693.03 698.36 1081434
20030312 695.45 697.87 656.19 658.62 2854009
20030313 662.01 676.55 649.89 670.25 3251835
20030314 683.33 687.21 667.83 668.79 1938679
20030317 663.46 703.20 658.62 691.57 1450476
20030318 678.49 705.14 678.49 684.79 1411684
20030319 690.12 726.95 688.66 694.48 1515370
20030320 701.27 704.66 694.48 704.66 1138488
20030321 702.72 735.67 700.30 724.04 1235159
20030324 732.28 732.28 698.84 702.23 617992
20030325 717.26 717.26 697.39 700.78 800191
20030326 693.03 723.56 693.03 720.65 1005810
20030327 712.41 720.65 706.60 711.44 831039
20030328 721.14 721.14 703.20 714.35 851776
20030331 714.35 726.47 693.03 709.99 1117957
20030401 714.35 714.35 678.49 704.66 1187184
20030402 711.44 711.44 693.51 706.11 1437579
20030403 710.47 710.47 697.87 706.11 1776701
20030404 707.08 707.57 695.93 704.66 1376090
20030407 707.57 724.04 707.57 715.32 1456872
20030408 704.66 710.96 699.81 702.72 1308513
20030409 721.14 721.14 691.09 702.23 909655
20030410 697.87 713.38 697.87 708.53 907076
20030411 709.02 721.62 709.02 710.47 723535
20030414 710.47 710.47 689.15 705.63 1458214
20030415 702.72 714.84 702.72 714.35 987136
20030416 715.80 723.07 713.38 714.35 1386097
20030417 714.35 731.80 709.99 723.56 984660
20030418 723.56 723.56 723.56 723.56 0
20030421 723.56 723.56 723.56 723.56 0
20030422 724.04 731.31 715.32 724.04 552375
20030423 731.80 742.46 724.53 736.64 1142511
20030424 744.40 750.21 722.10 741.49 1164384
20030425 735.19 737.61 710.96 722.59 1366804
20030428 722.59 727.92 715.80 726.95 661220
20030429 734.22 736.64 712.90 719.68 587350
20030430 712.41 736.64 712.41 733.74 1097735
20030501 729.86 730.34 722.10 725.01 350264
20030502 726.47 731.31 717.26 727.92 774398
20030505 727.92 727.92 727.92 727.92 0
20030506 736.64 743.91 723.07 743.91 753764
20030507 743.91 747.31 730.34 739.55 793898
20030508 738.10 747.31 736.16 736.16 819278
20030509 743.43 754.09 737.13 750.70 909242
20030512 755.06 764.75 740.52 763.30 913163
20030513 763.30 772.02 753.12 758.94 1305108
20030514 759.42 769.11 757.00 757.48 836920
20030515 758.94 767.18 753.61 760.88 981462
20030516 760.88 792.86 760.88 778.32 2098697
20030519 783.65 783.65 749.24 753.12 1149114
20030520 759.42 769.60 751.18 765.24 1045015
20030521 762.81 769.11 756.03 763.78 1414263
20030522 769.60 772.51 763.30 766.69 2197328
20030523 767.66 770.08 763.78 767.66 1482768
20030526 767.66 767.66 767.66 767.66 0
20030527 765.72 771.54 763.30 767.66 1341940
20030528 769.11 776.38 763.30 775.41 1601208
20030529 775.41 775.90 771.05 775.41 762018
20030530 776.38 792.38 773.48 789.95 3619020
20030602 789.95 791.89 782.20 787.05 961653
20030603 787.05 787.05 773.96 783.65 994565
20030604 780.26 789.47 775.41 778.32 733233
20030605 776.38 785.11 774.93 781.71 702488
20030606 799.65 807.40 773.48 793.83 3521833
20030609 792.38 795.28 779.29 783.65 981256
20030610 774.93 787.05 772.99 775.41 1032635
20030611 777.84 783.65 770.08 776.87 1615136
20030612 778.32 793.35 778.32 788.01 1931457
20030613 785.11 792.86 784.62 787.05 1221643
20030616 787.05 798.19 783.17 793.83 1899681
20030617 796.25 802.07 790.92 794.32 1292625
20030618 797.71 808.37 792.86 794.80 1075966
20030619 794.32 801.58 791.89 792.38 866736
20030620 793.83 805.95 792.38 794.80 942154
20030623 791.41 798.19 789.95 793.35 964748
20030624 792.38 803.04 788.98 798.68 1818279
20030625 784.14 785.11 778.32 783.17 2741656
20030626 778.32 781.71 763.30 768.14 1246301
20030627 755.54 773.48 748.76 763.30 1369074
20030630 761.36 768.14 754.58 757.48 1012104
20030701 760.88 766.69 754.09 755.54 1150971
20030702 758.94 769.60 747.79 762.33 1382589
20030703 743.43 768.14 743.43 766.21 720337
20030704 759.91 761.84 756.03 759.91 407420
20030707 759.91 769.60 757.97 767.66 667514
20030708 781.71 784.14 760.39 777.84 1934449
20030709 775.41 782.68 769.60 779.29 1235468
20030710 774.45 783.17 772.99 776.87 514202
20030711 770.08 783.17 770.08 780.26 769446
20030714 781.23 788.50 776.87 786.08 1323885
20030715 784.14 796.74 778.81 788.98 946074
20030716 786.08 788.01 775.41 777.84 1026960
20030717 771.54 773.48 761.36 763.78 1416223
20030718 765.72 778.81 765.24 772.99 1309648
20030721 780.26 780.26 769.60 770.57 637388
20030722 772.99 779.29 772.02 774.45 1141789
20030723 773.96 792.38 773.48 782.20 1286022
20030724 791.89 804.49 782.20 789.95 744582
20030725 785.11 787.53 778.32 786.08 1042952
20030728 792.86 797.22 788.01 797.22 869315
20030729 799.16 799.65 785.11 788.98 707441
20030730 792.86 793.83 783.17 792.38 968875
20030731 799.65 799.65 787.05 795.28 1538171
20030801 799.16 804.01 785.11 795.28 1123115
20030804 799.16 799.65 786.08 788.98 675974
20030805 794.32 798.19 784.14 788.98 1069260
20030806 779.78 789.95 776.38 787.05 792350
20030807 783.65 788.98 782.20 787.53 672569
20030808 792.86 796.25 783.65 791.89 808548
20030811 798.68 798.68 787.05 794.80 843626
20030812 795.77 802.07 789.95 794.80 704861
20030813 795.28 814.67 795.28 814.19 1483181
20030814 816.61 824.85 807.40 814.67 1589550
20030815 823.39 823.39 810.31 816.61 1172431
20030818 823.88 835.99 818.06 830.66 1521044
20030819 826.79 847.14 826.79 831.63 1273744
20030820 835.99 836.48 821.45 833.09 1073181
20030821 830.66 831.15 822.42 829.21 618817
20030822 830.66 840.36 829.21 835.99 705790
20030825 835.99 835.99 835.99 835.99 0
20030826 827.75 837.93 827.75 834.06 637181
20030827 834.06 838.42 828.72 833.57 821341
20030828 833.57 837.45 808.85 823.88 1932695
20030829 823.88 834.54 823.88 828.72 1612557
20030901 828.72 842.78 828.72 842.29 1014064
20030902 835.99 861.68 834.06 851.02 2125625
20030903 860.71 860.71 841.81 848.11 1126829
20030904 848.11 851.02 838.42 839.39 1207922
20030905 850.05 850.05 833.09 837.45 1110735
20030908 837.45 840.97 828.24 833.57 1155511
20030909 830.66 834.06 824.36 830.66 1560972
20030910 830.66 830.66 821.07 822.91 1602240
20030911 827.27 838.42 827.27 835.02 1655063
20030912 847.62 847.62 831.63 835.51 873545
20030915 836.96 847.62 836.96 845.69 701560
20030916 849.56 849.56 845.20 846.66 963923
20030917 841.32 849.08 841.32 843.26 1054197
20030918 843.26 850.05 832.60 842.78 1404462
20030919 847.14 851.99 840.36 843.75 1011588
20030922 841.32 842.29 825.33 829.21 1519497
20030923 829.69 829.69 820.97 824.85 1301704
20030924 828.24 828.72 812.25 812.25 1566233
20030925 833.57 833.57 800.62 810.31 2401812
20030926 808.37 815.15 804.98 809.82 680616
20030929 809.34 823.39 804.49 821.45 1218754
20030930 832.60 832.60 814.19 816.61 1164074
20031001 815.15 827.75 804.98 827.75 1107021
20031002 844.23 844.23 822.91 829.21 1250634
20031003 835.51 838.42 828.24 835.02 1182851
20031006 833.09 843.26 823.88 843.26 597254
20031007 839.87 852.47 838.90 842.78 1082260
20031008 847.62 854.89 844.23 852.96 774502
20031009 853.93 864.10 850.05 862.16 1141170
20031010 859.74 877.19 855.38 875.73 1787741
20031013 871.37 889.79 870.40 885.43 2877945
20031014 879.13 897.06 876.22 884.46 1825914
20031015 882.52 907.72 869.92 892.70 2113347
20031016 890.27 911.11 889.79 906.27 1458626
20031017 900.93 906.27 888.82 892.70 1602240
20031020 894.15 895.12 883.97 893.18 813191
20031021 893.18 900.45 890.27 899.97 850229
20031022 900.45 903.84 876.70 886.88 1486276
20031023 875.73 881.55 872.34 874.28 1035627
20031024 868.46 882.03 868.46 879.13 568160
20031027 886.88 886.88 864.10 873.80 722297
20031028 875.73 877.19 866.04 871.86 921623
20031029 873.31 876.22 861.68 868.46 887370
20031030 872.83 885.43 864.59 881.55 1439024
20031031 906.27 906.27 871.86 873.31 1045634
20031103 878.16 881.06 872.34 875.25 1434794
20031104 875.25 889.79 875.25 884.46 1532909
20031105 884.46 894.63 881.06 887.85 848888
20031106 886.88 888.33 872.83 875.73 984763
20031107 877.67 894.15 877.67 894.15 1384240
20031110 890.76 896.57 887.36 888.82 792247
20031111 888.33 889.79 882.52 888.82 566510
20031112 885.43 898.51 883.97 898.51 778938
20031113 892.70 907.72 892.70 900.93 1188422
20031114 901.42 920.32 900.93 914.99 1436032
20031117 904.81 921.77 904.33 918.87 1420144
20031118 919.35 930.50 914.99 929.53 1347821
20031119 927.59 949.40 920.80 942.61 1533941
20031120 954.24 954.24 917.90 919.35 2020184
20031121 921.29 929.04 908.69 928.56 1007151
20031124 930.98 939.71 929.53 936.31 2059698
20031125 930.50 939.22 924.20 927.59 1802804
20031126 927.59 935.83 913.53 918.87 1876261
20031127 919.84 930.50 918.38 923.23 822992
20031128 925.65 938.25 921.77 930.50 1063792
20031201 932.44 951.34 926.62 950.85 1481014
20031202 942.61 969.27 957.64 965.88 2469183
20031203 959.09 969.27 950.85 955.21 1394454
20031204 957.15 957.15 936.31 937.77 1119092
20031205 981.87 981.87 922.26 930.50 1658261
20031208 934.86 939.71 926.14 937.77 1109290
20031209 935.83 944.55 933.89 942.13 1157058
20031210 941.64 947.94 933.89 943.10 1460793
20031211 948.91 966.36 940.67 962.97 2294618
20031212 964.91 969.27 952.31 954.73 1287466
20031215 960.54 964.91 949.88 954.73 1039753
20031216 953.27 969.27 950.85 959.58 852705
20031217 961.51 978.48 945.04 961.51 1201319
20031218 961.51 963.94 951.34 956.67 1120536
20031219 970.72 970.72 947.46 954.73 1576550
20031222 956.67 963.94 952.79 953.76 570224
20031223 961.03 962.48 946.49 962.00 635737
20031224 978.96 978.96 961.51 962.48 158057
20031225 962.48 962.48 962.48 962.48 0
20031226 962.48 962.48 962.48 962.48 0
20031229 962.48 968.30 957.64 960.54 390294
20031230 962.48 965.88 959.58 962.97 454673
20031231 964.42 965.88 960.06 961.51 65719
20040101 961.51 961.51 961.51 961.51 0
20040102 978.96 978.96 954.24 964.91 389778
20040105 960.54 972.66 959.09 967.81 725599
20040106 962.24 970.24 960.06 965.88 714353
20040107 975.08 975.08 962.48 965.88 816079
20040108 967.33 984.78 964.42 981.38 1289942
20040109 978.96 996.89 978.96 990.11 1780828
20040112 988.65 996.41 985.75 988.65 997763
20040113 984.29 988.65 971.21 976.05 1534663
20040114 971.21 998.35 971.21 988.65 1515989
20040115 991.56 992.53 982.35 985.75 1185843
20040116 981.87 994.47 979.45 983.81 841975
20040119 981.38 984.78 978.96 981.87 558153
20040120 978.96 992.53 972.18 986.23 1224945
20040121 984.29 991.08 980.90 991.08 1155408
20040122 987.68 991.08 983.81 989.62 1349472
20040123 977.02 1027.42 969.27 974.11 1237119
20040126 978.96 978.96 963.45 968.30 685981
20040127 981.87 982.35 961.03 961.51 1146741
20040128 963.94 975.57 962.48 970.72 999723
20040129 973.14 975.57 965.39 973.63 1001580
20040130 970.72 978.96 967.33 970.24 1361336
20040202 976.05 992.05 974.60 990.11 1805176
20040203 993.01 993.01 980.90 988.17 1074831
20040204 983.32 1005.62 982.35 1002.71 1377947
20040205 1001.25 1001.74 982.84 982.84 999414
20040206 1002.22 1008.52 988.17 1001.74 1086490
20040209 1012.88 1012.88 998.83 1000.28 1120020
20040210 1012.88 1012.88 1000.28 1008.04 893870
20040211 1006.10 1009.98 997.38 1003.19 856935
20040212 1001.25 1010.95 1000.28 1009.49 716004
20040213 1012.40 1037.60 1009.01 1033.24 1284371
20040216 1034.69 1054.56 1026.45 1051.66 1747607
20040217 1051.66 1056.02 1045.84 1051.17 1181613
20040218 1056.02 1066.19 1048.26 1054.08 1825914
20040219 1054.08 1061.35 1046.32 1051.17 1114243
20040220 1053.59 1055.05 1045.36 1050.69 603857
20040223 1048.75 1058.93 1046.32 1052.14 565065
20040224 1050.69 1071.04 1050.69 1067.65 1179550
20040225 1060.38 1069.10 1055.53 1064.26 682886
20040226 1058.44 1089.46 1058.44 1087.03 1763908
20040227 1089.46 1091.40 1065.23 1068.13 2055572
20040301 1071.04 1094.79 1071.04 1086.06 1439333
20040302 1085.58 1091.88 1076.37 1085.58 2186083
20040303 1082.19 1083.64 1065.71 1065.71 2086626
20040304 1065.71 1078.80 1061.83 1069.59 1959623
20040305 1069.10 1071.04 1058.93 1062.80 2373028
20040308 1065.23 1065.23 1052.14 1057.47 1254451
20040309 1055.05 1048.75 1047.78 1048.75 1750805
20040310 1048.75 1057.47 1045.84 1055.53 2487857
20040311 1043.90 1052.63 1027.42 1030.82 1478229
20040312 1018.70 1052.14 999.80 1052.14 1899474
20040315 1054.08 1055.53 1026.45 1026.45 951749
20040316 1032.27 1037.12 1022.58 1029.85 928329
20040317 1026.94 1045.84 1005.13 1008.04 2202280
20040318 1012.88 1025.49 1009.49 1019.67 1706133
20040319 1022.58 1038.09 1020.64 1031.30 1163455
20040322 1033.24 1033.24 1008.04 1020.64 1077514
20040323 1022.58 1022.58 1003.19 1006.10 1216691
20040324 1008.04 1017.73 998.35 1004.16 1157058
20040325 1010.95 1037.12 1010.95 1037.12 1746472
20040326 1035.18 1038.09 1027.42 1032.27 769446
20040329 1037.12 1050.69 1025.49 1046.81 599111
20040330 1049.72 1051.66 1039.06 1049.72 593231
20040331 1054.56 1063.29 1046.81 1056.50 1265594
20040401 1037.12 1066.19 1037.12 1063.29 965264
20040402 1071.04 1075.89 1059.41 1071.04 1292831
20040405 1072.98 1083.64 1060.38 1076.86 1118473
20040406 1076.86 1094.30 1074.92 1088.49 1567265
20040407 1086.55 1092.36 1073.95 1084.61 1689316
20040408 1088.49 1104.97 1087.52 1103.03 1132504
20040409 1103.03 1103.03 1103.03 1103.03 0
20040412 1103.03 1103.03 1103.03 1103.03 0
20040413 1099.15 1106.90 1087.52 1093.33 802048
20040414 1086.55 1089.46 1044.87 1052.63 2047937
20040415 1052.63 1056.50 1022.58 1035.18 2009248
20040416 1037.12 1056.50 1037.12 1048.75 1720370
20040419 1048.75 1056.50 1035.18 1055.53 1001271
20040420 1065.23 1077.83 1051.66 1073.95 1405906
20040421 1063.29 1071.04 1058.44 1063.29 986414
20040422 1056.50 1070.07 1052.63 1066.19 913266
20040423 1065.23 1074.92 1051.66 1059.41 832380
20040426 1063.29 1072.98 1060.38 1064.26 805453
20040427 1068.13 1081.70 1068.13 1076.86 1295513
20040428 1079.76 1084.61 1069.10 1076.86 1748639
20040429 1074.92 1078.80 1062.32 1064.26 1463991
20040430 1071.04 1071.04 1059.41 1062.32 1095156
20040503 1062.32 1062.32 1062.32 1062.32 0
20040504 1066.19 1082.67 1061.35 1079.76 1328631
20040505 1080.73 1091.40 1076.86 1083.64 706099
20040506 1085.58 1085.58 1051.66 1053.59 1709950
20040507 1053.59 1062.32 1040.02 1047.78 1024278
20040510 1040.99 1040.99 1016.76 1023.55 1269102
20040511 1021.61 1042.93 1020.64 1037.12 1630096
20040512 1037.12 1038.09 1029.36 1032.27 981978
20040513 1043.90 1043.90 1030.33 1041.96 987652
20040514 1043.90 1043.90 1027.42 1037.12 1452642
20040517 1020.64 1024.52 1012.88 1017.73 1109909
20040518 1029.36 1046.81 1028.39 1044.87 1812089
20040519 1040.02 1066.19 1040.02 1061.35 1340083
20040520 1061.35 1061.35 1049.72 1050.69 1067197
20040521 1055.53 1058.44 1046.81 1051.66 751804
20040524 1047.78 1061.35 1047.78 1054.56 532979
20040525 1057.47 1087.52 1056.50 1085.58 1995010
20040526 1074.92 1109.81 1074.92 1091.40 1612247
20040527 1096.24 1121.44 1096.24 1113.69 1463888
20040528 1116.60 1134.04 1110.78 1134.04 2135942
20040531 1134.04 1134.04 1134.04 1134.04 0
20040601 1124.35 1125.32 1106.90 1114.66 854768
20040602 1114.66 1134.04 1111.75 1123.38 1345861
20040603 1119.50 1127.26 1111.75 1119.50 1162733
20040604 1121.44 1137.92 1117.57 1133.07 894489
20040607 1132.10 1156.34 1132.10 1143.74 1078339
20040608 1153.43 1153.43 1131.14 1136.95 707441
20040609 1144.71 1145.67 1135.01 1141.80 753248
20040610 1135.98 1149.55 1135.98 1143.74 646983
20040611 1148.58 1148.58 1139.86 1141.80 451474
20040614 1148.58 1157.31 1133.07 1139.86 989509
20040615 1132.10 1145.67 1132.10 1142.77 872514
20040616 1147.61 1152.46 1119.50 1133.07 1747710
20040617 1134.04 1150.52 1131.14 1138.89 2785607
20040618 1138.89 1147.61 1135.98 1147.61 2242826
20040621 1142.77 1164.09 1142.77 1158.28 1393938
20040622 1155.37 1159.24 1140.83 1145.67 1463063
20040623 1119.50 1128.23 1115.63 1125.32 1437373
20040624 1133.07 1133.07 1112.72 1115.63 1118163
20040625 1114.66 1114.66 1104.00 1108.84 1004572
20040628 1111.75 1111.75 1101.09 1106.90 889537
20040629 1104.97 1120.47 1104.97 1118.54 1014786
20040630 1121.44 1131.14 1111.75 1123.38 1110219
20040701 1125.32 1130.17 1113.69 1113.69 1333480
20040702 1118.54 1119.50 1106.90 1114.66 1069157
20040705 1125.32 1125.32 1107.87 1111.75 773779
20040706 1111.75 1119.50 1104.97 1108.84 1499688
20040707 1104.00 1127.26 1111.75 1115.63 1136424
20040708 1120.47 1128.23 1104.97 1124.35 1589859
20040709 1122.41 1135.98 1117.57 1129.20 822063
20040712 1146.64 1148.58 1131.14 1135.98 1187081
20040713 1141.80 1149.55 1139.86 1144.71 851467
20040714 1144.71 1151.49 1125.32 1145.67 1476578
20040715 1144.71 1147.61 1127.26 1141.80 912338
20040716 1141.80 1141.80 1127.26 1131.14 984660
20040719 1131.14 1140.83 1127.26 1134.04 872823
20040720 1133.07 1145.67 1125.32 1140.83 1090617
20040721 1158.28 1158.28 1121.44 1121.44 1024484
20040722 1113.69 1121.44 1104.97 1111.75 1429945
20040723 1111.75 1119.50 1103.03 1104.97 788739
20040726 1104.97 1117.57 1102.06 1104.97 979811
20040727 1116.60 1116.60 1108.84 1112.72 618301
20040728 1122.41 1124.35 1088.49 1090.43 2225700
20040729 1098.18 1103.03 1089.46 1100.12 1329457
20040730 1104.00 1104.00 1089.46 1098.18 920694
20040802 1101.09 1103.03 1092.36 1099.15 569398
20040803 1106.90 1112.72 1102.06 1110.78 1127448
20040804 1113.69 1114.66 1101.09 1112.72 489235
20040805 1109.81 1121.44 1109.81 1117.57 964129
20040806 1109.81 1120.47 1099.15 1108.84 950614
20040809 1111.75 1111.75 1077.83 1079.76 1319139
20040810 1083.64 1095.27 1079.76 1094.30 960209
20040811 1101.09 1101.09 1077.83 1080.73 646570
20040812 1087.52 1092.36 1074.92 1078.80 704139
20040813 1093.33 1093.33 1075.89 1083.64 884482
20040816 1081.70 1092.36 1081.70 1086.55 995493
20040817 1085.58 1087.52 1079.76 1084.61 674736
20040818 1083.64 1097.21 1073.95 1097.21 672053
20040819 1105.93 1105.93 1085.58 1087.52 1103513
20040820 1089.46 1093.33 1084.61 1091.40 817111
20040823 1097.21 1100.12 1073.95 1093.33 1468015
20040824 1095.27 1144.71 1095.27 1120.47 1960139
20040825 1118.54 1127.26 1121.44 1126.29 1232889
20040826 1143.74 1143.74 1107.87 1113.69 989097
20040827 1117.57 1131.14 1111.75 1123.38 630991
20040830 1123.38 1123.38 1123.38 1123.38 0
20040831 1116.60 1124.35 1111.75 1114.66 890259
20040901 1125.32 1155.37 1123.38 1153.43 1882967
20040902 1148.58 1163.12 1141.80 1157.31 969185
20040903 1163.12 1172.81 1157.31 1167.97 1202763
20040906 1170.88 1172.81 1160.21 1161.18 564240
20040907 1160.21 1161.18 1151.49 1155.37 1486276
20040908 1155.37 1164.09 1151.49 1156.34 1129615
20040909 1155.37 1171.84 1154.40 1167.00 1288188
20040910 1163.12 1190.26 1160.21 1174.75 1299021
20040913 1230.97 1230.97 1167.00 1172.81 904703
20040914 1175.72 1177.66 1167.97 1172.81 958661
20040915 1172.81 1181.54 1168.94 1172.81 1753901
20040916 1176.69 1176.69 1153.43 1157.31 1246301
20040917 1163.12 1163.12 1115.63 1157.31 1594708
20040920 1158.28 1167.00 1155.37 1162.15 1006842
20040921 1162.15 1163.12 1151.49 1160.21 804318
20040922 1164.09 1167.00 1156.34 1163.12 1756067
20040923 1158.28 1163.12 1146.64 1152.46 1178931
20040924 1150.52 1164.09 1148.58 1163.12 1144265
20040927 1157.31 1169.91 1136.95 1146.64 749122
20040928 1143.74 1153.43 1138.89 1149.55 700219
20040929 1155.37 1157.31 1139.86 1145.67 1056880
20040930 1148.58 1154.40 1120.47 1136.95 1472451
20041001 1144.71 1152.46 1135.98 1148.58 1226802
20041004 1157.31 1157.31 1119.50 1122.41 1370931
20041005 1118.54 1128.23 1111.75 1114.66 1462547
20041006 1114.66 1122.41 1107.87 1114.66 1183264
20041007 1122.41 1122.41 1100.12 1111.75 1344829
20041008 1101.09 1128.23 1101.09 1126.29 810921
20041011 1120.47 1137.92 1114.66 1135.98 914195
20041012 1137.92 1137.92 1113.69 1121.44 976303
20041013 1109.81 1161.18 1109.81 1118.54 1140242
20041014 1114.66 1122.41 1103.03 1116.60 843626
20041015 1106.90 1128.23 1105.93 1124.35 1440778
20041018 1133.07 1136.95 1127.26 1130.17 624801
20041019 1137.92 1142.77 1121.44 1134.04 951027
20041020 1128.23 1136.95 1112.72 1136.95 1156852
20041021 1136.95 1139.86 1125.32 1132.10 955772
20041022 1149.55 1149.55 1129.20 1135.98 807000
20041025 1125.32 1140.83 1119.50 1135.98 788636
20041026 1142.77 1155.37 1129.20 1147.61 981668
20041027 1149.55 1162.15 1141.80 1154.40 1074316
20041028 1148.58 1156.34 1142.77 1145.67 774089
20041029 1147.61 1156.34 1144.71 1156.34 1044190
20041101 1158.28 1162.15 1140.83 1160.21 581263
20041102 1162.15 1164.09 1153.43 1163.12 590755
20041103 1167.00 1167.00 1147.61 1162.15 1032738
20041104 1163.12 1178.63 1162.15 1174.75 886958
20041105 1174.75 1187.35 1165.06 1170.88 797612
20041108 1181.54 1191.23 1168.94 1179.60 1104957
20041109 1184.45 1184.45 1168.94 1172.81 715385
20041110 1179.60 1183.48 1168.94 1169.91 822373
20041111 1165.06 1172.81 1160.21 1164.09 1284680
20041112 1167.97 1169.91 1161.18 1167.97 513686
20041115 1176.69 1176.69 1167.97 1170.88 653895
20041116 1178.63 1190.26 1172.81 1182.51 1356487
20041117 1194.14 1198.98 1173.78 1183.48 1660428
20041118 1175.72 1183.48 1174.75 1177.66 878291
20041119 1171.84 1181.54 1171.84 1179.60 956185
20041122 1179.60 1199.95 1171.84 1192.20 1637421
20041123 1198.98 1211.58 1201.89 1211.58 1347408
20041124 1211.58 1211.58 1184.45 1197.05 1906903
20041125 1198.98 1227.09 1197.05 1220.31 1667547
20041126 1216.43 1243.57 1216.43 1239.69 2061143
20041129 1237.76 1251.32 1229.03 1250.36 2145330
20041130 1250.36 1253.26 1239.69 1245.51 2205169
20041201 1249.39 1252.29 1241.63 1244.54 1114965
20041202 1257.14 1279.43 1238.72 1260.05 3049930
20041203 1255.20 1260.05 1245.51 1248.42 1583669
20041206 1243.57 1267.80 1240.66 1264.89 1247642
20041207 1264.89 1271.68 1260.05 1270.71 1146432
20041208 1260.05 1287.19 1260.05 1287.19 2746918
20041209 1289.13 1291.06 1279.43 1284.28 1390430
20041210 1292.03 1293.97 1274.59 1280.40 861371
20041213 1276.53 1293.00 1275.56 1290.10 1400954
20041214 1298.82 1298.82 1289.13 1297.85 1293450
20041215 1294.94 1311.42 1288.16 1305.60 1320171
20041216 1312.39 1312.39 1298.82 1306.57 809889
20041217 1301.73 1312.39 1300.76 1309.48 1050174
20041220 1309.48 1330.80 1308.51 1327.90 787088
20041221 1331.77 1331.77 1324.02 1328.87 1051721
20041222 1328.87 1347.28 1322.08 1331.77 1699633
20041223 1326.93 1350.19 1326.93 1341.47 807207
20041224 1345.34 1349.22 1340.50 1343.41 128550
20041227 1343.41 1343.41 1343.41 1343.41 0
20041228 1343.41 1343.41 1343.41 1343.41 0
20041229 1331.77 1425.79 1331.77 1365.70 877156
20041230 1367.64 1385.08 1359.88 1366.67 513067
20041231 1366.67 1366.67 1349.22 1356.98 307758
20050103 1356.98 1356.98 1356.98 1356.98 0
20050104 1356.98 1356.98 1318.20 1324.99 1617715
20050105 1315.30 1318.20 1294.94 1304.63 2206717
20050106 1298.82 1316.27 1309.48 1313.36 1233508
20050107 1316.27 1333.71 1312.39 1330.80 952884
20050110 1333.71 1343.41 1330.80 1343.41 886029
20050111 1349.22 1351.16 1335.65 1342.44 976200
20050112 1348.25 1356.98 1335.65 1352.13 1128583
20050113 1351.16 1344.37 1339.53 1342.44 1668475
20050114 1330.80 1369.58 1330.80 1368.61 867768
20050117 1373.45 1376.36 1358.91 1367.64 776978
20050118 1378.30 1378.30 1356.98 1370.54 1278078
20050119 1375.39 1376.36 1341.47 1359.88 1091442
20050120 1356.98 1363.76 1348.25 1363.76 1218135
20050121 1373.45 1373.45 1346.31 1360.85 915020
20050124 1359.88 1361.82 1346.31 1356.01 586525
20050125 1353.10 1369.58 1348.25 1358.91 1181613
20050126 1361.82 1381.21 1356.98 1381.21 1388470
20050127 1374.42 1387.02 1372.48 1379.27 1665999
20050128 1385.08 1385.08 1360.85 1362.79 1153757
20050131 1364.73 1370.54 1324.99 1334.68 2285849
20050201 1338.56 1349.22 1335.65 1344.37 1814978
20050202 1347.28 1362.79 1342.44 1361.82 1318417
20050203 1363.76 1378.30 1350.19 1356.98 785541
20050204 1353.10 1363.76 1341.47 1357.94 795239
20050207 1357.94 1375.39 1356.98 1371.51 726527
20050208 1368.61 1387.02 1364.73 1368.61 1650111
20050209 1376.36 1384.11 1371.51 1376.36 843420
20050210 1376.36 1386.05 1360.85 1373.45 1054919
20050211 1383.15 1405.44 1375.39 1403.50 1547353
20050214 1406.41 1434.52 1406.41 1417.07 1200390
20050215 1419.98 1428.70 1413.19 1424.82 824539
20050216 1426.76 1440.33 1400.59 1401.56 1465332
20050217 1402.53 1410.28 1393.81 1397.68 1083704
20050218 1399.62 1418.04 1399.62 1411.25 1029539
20050221 1415.13 1417.07 1350.19 1356.98 2597940
20050222 1356.98 1371.51 1344.37 1352.13 1966742
20050223 1348.25 1356.98 1335.65 1354.07 1380113
20050224 1351.16 1357.94 1341.47 1344.37 608810
20050225 1347.28 1351.16 1328.87 1334.68 1246404
20050228 1328.87 1362.79 1328.87 1332.74 1983146
20050301 1339.53 1342.44 1329.84 1330.80 713837
20050302 1335.65 1338.56 1307.54 1308.51 1833445
20050303 1313.36 1357.94 1303.67 1336.62 2558322
20050304 1336.62 1347.28 1322.08 1345.34 799675
20050307 1347.28 1365.70 1347.28 1356.01 1388677
20050308 1351.16 1354.07 1337.59 1343.41 748915
20050309 1334.68 1353.10 1325.96 1329.84 993533
20050310 1323.05 1336.62 1308.51 1324.99 1410858
20050311 1337.59 1346.31 1333.71 1336.62 1723259
20050314 1338.56 1345.34 1316.27 1328.87 1214937
20050315 1323.05 1350.19 1323.05 1339.53 1361646
20050316 1342.44 1343.41 1295.91 1298.82 1650317
20050317 1298.82 1301.73 1238.72 1271.68 3726111
20050318 1271.68 1289.13 1270.71 1276.53 1312227
20050321 1281.37 1303.67 1281.37 1285.25 843729
20050322 1292.03 1292.03 1272.65 1287.19 1199874
20050323 1278.46 1288.16 1272.65 1273.62 1466777
20050324 1274.59 1277.50 1262.96 1269.74 854046
20050325 1269.74 1269.74 1269.74 1269.74 0
20050328 1269.74 1269.74 1269.74 1269.74 0
20050329 1269.74 1263.93 1261.99 1262.96 523178
20050330 1262.96 1268.77 1253.26 1264.89 974240
20050331 1264.89 1272.65 1251.32 1253.26 1333480
20050401 1259.08 1269.74 1250.36 1253.26 1388780
20050404 1252.29 1259.08 1238.72 1252.29 702592
20050405 1263.93 1263.93 1246.48 1253.26 802358
20050406 1261.02 1279.43 1251.32 1272.65 1763083
20050407 1266.83 1280.40 1260.05 1279.43 996731
20050408 1281.37 1289.13 1276.53 1287.19 930392
20050411 1282.34 1293.97 1277.50 1292.03 772026
20050412 1289.13 1295.91 1278.46 1283.31 530503
20050413 1289.13 1305.60 1284.28 1305.60 1338432
20050414 1299.79 1303.67 1286.22 1289.13 1503093
20050415 1283.31 1289.13 1270.71 1273.62 1314084
20050418 1246.48 1265.86 1246.48 1255.20 1247333
20050419 1255.20 1268.77 1250.36 1263.93 1760194
20050420 1263.93 1285.25 1257.14 1261.99 998382
20050421 1259.08 1275.56 1259.08 1262.96 606540
20050422 1267.80 1274.59 1264.89 1274.59 522456
20050425 1267.80 1293.97 1267.80 1293.00 1123837
20050426 1299.79 1302.70 1287.19 1294.94 1328219
20050427 1295.91 1303.67 1276.53 1281.37 1275601
20050428 1292.03 1292.03 1261.99 1269.74 1237635
20050429 1264.89 1289.13 1261.99 1287.19 1396414
20050502 1287.19 1287.19 1287.19 1287.19 0
20050503 1297.85 1315.30 1289.13 1298.82 1369384
20050504 1304.63 1309.48 1284.28 1300.76 1070395
20050505 1299.79 1305.60 1292.03 1300.76 610667
20050506 1297.85 1309.48 1289.13 1303.67 1058427
20050509 1317.24 1317.24 1293.97 1294.94 868593
20050510 1304.63 1304.63 1277.50 1278.46 1260848
20050511 1283.31 1314.33 1278.46 1310.45 1576034
20050512 1317.24 1337.59 1308.51 1333.71 1678586
20050513 1327.90 1350.19 1321.11 1347.28 1422001
20050516 1350.19 1353.10 1338.56 1353.10 720440
20050517 1353.10 1369.58 1353.10 1356.01 1464197
20050518 1361.82 1370.54 1353.10 1368.61 878291
20050519 1362.79 1369.58 1351.16 1354.07 1679721
20050520 1360.85 1385.08 1349.22 1371.51 1344313
20050523 1380.24 1382.18 1360.85 1368.61 915226
20050524 1362.79 1376.36 1362.79 1376.36 1080403
20050525 1381.21 1396.72 1377.33 1396.72 1264253
20050526 1388.96 1414.16 1388.96 1393.81 1456563
20050527 1387.99 1390.90 1377.33 1381.21 1104338
20050530 1381.21 1381.21 1381.21 1381.21 0
20050531 1375.39 1391.87 1375.39 1384.11 1071839
20050601 1387.02 1400.59 1380.24 1400.59 820000
20050602 1400.59 1404.47 1389.93 1401.56 981256
20050603 1401.56 1401.56 1401.56 1401.56 0
20050606 1403.50 1408.35 1388.96 1400.59 650078
20050607 1408.35 1415.13 1400.59 1413.19 406905
20050608 1412.22 1412.22 1400.59 1403.50 939265
20050609 1405.44 1409.32 1395.75 1406.41 1145916
20050610 1406.41 1412.22 1397.68 1397.68 1063070
20050613 1406.41 1418.04 1397.68 1414.16 712290
20050614 1414.16 1415.13 1406.41 1414.16 831864
20050615 1415.13 1421.92 1389.93 1393.81 1468118
20050616 1405.44 1405.44 1379.27 1391.87 1436032
20050617 1390.90 1434.52 1388.96 1425.79 2381797
20050620 1420.95 1428.70 1409.32 1419.98 968566
20050621 1428.70 1428.70 1407.38 1420.95 1109394
20050622 1397.68 1407.38 1383.15 1403.50 1104132
20050623 1410.28 1410.28 1380.24 1392.84 1304592
20050624 1386.05 1387.02 1373.45 1381.21 735916
20050627 1378.30 1383.15 1365.70 1368.61 1407763
20050628 1365.70 1374.42 1355.04 1360.85 987549
20050629 1360.85 1370.54 1352.13 1355.04 1076379
20050630 1348.25 1355.04 1342.44 1347.28 1367939
20050701 1341.47 1358.91 1338.56 1355.04 735606
20050704 1355.04 1363.76 1343.41 1356.98 654308
20050705 1362.79 1362.79 1314.33 1353.10 750050
20050706 1353.10 1383.15 1349.22 1382.18 1792486
20050707 1378.30 1378.30 1295.91 1345.34 3393695
20050708 1358.91 1369.58 1347.28 1360.85 721678
20050711 1373.45 1383.15 1360.85 1376.36 1098251
20050712 1379.27 1390.90 1371.51 1387.99 1301910
20050713 1391.87 1394.78 1384.11 1390.90 569811
20050714 1395.75 1395.75 1361.82 1368.61 4174903
20050715 1364.73 1370.54 1351.16 1363.76 2259850
20050718 1363.76 1369.58 1352.13 1358.91 1784439
20050719 1354.07 1357.94 1330.80 1335.65 4538993
20050720 1342.44 1360.85 1333.71 1358.91 4130746
20050721 1364.73 1371.51 1345.34 1357.94 1865531
20050722 1359.88 1371.51 1356.98 1361.82 1500617
20050725 1361.82 1382.18 1356.98 1376.36 2690174
20050726 1372.48 1392.84 1372.48 1379.27 2624970
20050727 1385.08 1387.02 1375.39 1382.18 3009694
20050728 1389.93 1392.84 1368.61 1369.58 1919490
20050729 1372.48 1374.42 1348.25 1350.19 2035247
20050801 1355.04 1375.39 1354.07 1371.51 2737220
20050802 1364.73 1385.08 1364.73 1376.36 4111866
20050803 1376.36 1376.36 1361.82 1365.70 2773536
20050804 1362.79 1382.18 1362.79 1372.48 1638453
20050805 1366.67 1376.36 1356.01 1362.79 13298078
20050808 1368.61 1369.58 1356.98 1359.88 2461135
20050809 1363.76 1363.76 1345.34 1350.19 2930768
20050810 1348.25 1390.90 1348.25 1384.11 3878700
20050811 1375.39 1384.11 1355.04 1359.88 1915775
20050812 1359.88 1361.82 1354.07 1358.91 1299434
20050815 1354.07 1360.85 1352.13 1356.01 1874817
20050816 1358.91 1366.67 1352.13 1354.07 819174
20050817 1354.07 1367.64 1347.28 1347.28 1723878
20050818 1351.16 1361.82 1349.22 1356.98 1737084
20050819 1356.98 1370.54 1356.98 1370.54 2167099
20050822 1370.54 1375.39 1359.88 1361.82 2140894
20050823 1360.85 1368.61 1356.01 1357.94 3313119
20050824 1358.91 1367.64 1356.01 1358.91 2348783
20050825 1353.10 1360.85 1349.22 1350.19 1174701
20050826 1350.19 1365.70 1349.22 1356.98 1292212
20050829 1356.98 1356.98 1356.98 1356.98 0
20050830 1366.67 1371.51 1359.88 1365.70 2113657
20050831 1370.54 1377.33 1366.67 1375.39 1281895
20050901 1378.30 1385.08 1371.51 1377.33 1259507
20050902 1371.51 1416.10 1371.51 1412.22 3237701
20050905 1419.01 1424.82 1414.16 1422.89 3111317
20050906 1426.76 1426.76 1402.53 1402.53 1659706
20050907 1410.28 1429.67 1407.38 1421.92 2087967
20050908 1427.73 1427.73 1401.56 1413.19 2083221
20050909 1412.22 1421.92 1405.44 1419.98 915845
20050912 1430.64 1430.64 1404.47 1415.13 2496214
20050913 1411.25 1418.04 1384.11 1390.90 2402019
20050914 1395.75 1401.56 1387.02 1398.65 1424993
20050915 1403.50 1409.32 1400.59 1404.47 2079920
20050916 1408.35 1410.28 1399.62 1401.56 3148149
20050919 1398.65 1407.38 1391.87 1397.68 1833961
20050920 1395.75 1397.68 1387.99 1393.81 1156543
20050921 1383.15 1401.56 1370.54 1370.54 1901125
20050922 1370.54 1373.45 1364.73 1373.45 1819311
20050923 1369.58 1396.72 1369.58 1392.84 1427985
20050926 1408.35 1408.35 1384.11 1390.90 2579266
20050927 1390.90 1394.78 1380.24 1383.15 1866047
20050928 1386.05 1426.76 1386.05 1425.79 1530743
20050929 1417.07 1425.79 1407.38 1417.07 1562106
20050930 1425.79 1445.18 1419.01 1433.55 2764148
20051003 1433.55 1446.15 1426.76 1443.24 1764837
20051004 1448.09 1448.09 1426.76 1444.21 2411510
20051005 1435.49 1441.30 1422.89 1425.79 826500
20051006 1407.38 1418.04 1399.62 1406.41 2102927
20051007 1397.68 1410.28 1397.68 1405.44 965574
20051010 1404.47 1407.38 1393.81 1401.56 1143543
20051011 1401.56 1412.22 1397.68 1400.59 1432834
20051012 1387.02 1443.24 1383.15 1396.72 1477919
20051013 1389.93 1391.87 1360.85 1361.82 1362987
20051014 1366.67 1366.67 1339.53 1341.47 3724460
20051017 1341.47 1348.25 1322.08 1337.59 3049002
20051018 1337.59 1341.47 1311.42 1318.20 2526958
20051019 1313.36 1321.11 1297.85 1315.30 2960481
20051020 1327.90 1333.71 1310.45 1318.20 3218202
20051021 1314.33 1324.02 1302.70 1310.45 1738631
20051024 1319.17 1345.34 1310.45 1340.50 1251872
20051025 1346.31 1352.13 1328.87 1348.25 1596565
20051026 1309.48 1350.19 1309.48 1324.99 2492603
20051027 1327.90 1331.77 1305.60 1307.54 2164726
20051028 1308.51 1326.93 1304.63 1324.02 1231032
20051031 1327.90 1346.31 1327.90 1346.31 1590685
20051101 1343.41 1381.21 1343.41 1369.58 3172497
20051102 1366.67 1387.02 1366.67 1385.08 1735330
20051103 1385.08 1410.28 1382.18 1410.28 2456596
20051104 1415.13 1437.42 1410.28 1427.73 2393868
20051107 1443.24 1444.21 1419.98 1444.21 2109220
20051108 1453.90 1459.72 1428.70 1431.61 3975784
20051109 1440.33 1442.27 1412.22 1419.01 2617852
20051110 1428.70 1438.39 1422.89 1422.89 2271095
20051111 1435.49 1465.53 1430.64 1459.72 3175592
20051114 1440.33 1467.47 1440.33 1456.81 2577306
20051115 1458.75 1465.53 1450.99 1456.81 1751631
20051116 1487.83 1538.23 1478.13 1534.35 4115167
20051117 1545.98 1546.95 1522.72 1535.32 2738871
20051118 1540.17 1584.75 1514.00 1523.69 5727931
20051121 1503.33 1529.50 1503.33 1509.15 2846478
20051122 1506.24 1537.26 1506.24 1527.57 2524585
20051123 1524.66 1549.86 1522.72 1546.95 2147909
20051124 1556.64 1556.64 1492.67 1509.15 3353768
20051125 1518.84 1531.44 1513.03 1529.50 1801875
20051128 1542.11 1547.92 1521.75 1533.38 1923926
20051129 1533.38 1539.20 1524.66 1528.54 1904736
20051130 1532.41 1532.41 1495.58 1501.40 3363260
20051201 1511.09 1512.06 1492.67 1500.43 3600139
20051202 1512.06 1512.06 1498.49 1500.43 2383757
20051205 1500.43 1512.06 1484.92 1491.70 3928944
20051206 1498.49 1509.15 1483.95 1506.24 2126037
20051207 1494.61 1511.09 1487.83 1505.27 2850502
20051208 1507.21 1521.75 1483.95 1500.43 3540300
20051209 1491.70 1503.33 1477.16 1500.43 4632671
20051212 1508.18 1523.69 1491.70 1504.30 2015129
20051213 1504.30 1528.54 1497.52 1509.15 2534077
20051214 1513.03 1561.49 1500.43 1560.52 5033180
20051215 1568.28 1616.74 1568.28 1608.02 5098796
20051216 1608.98 1634.19 1588.63 1601.23 4116921
20051219 1597.35 1598.32 1573.12 1592.51 2656128
20051220 1594.45 1594.45 1577.97 1585.72 3094913
20051221 1586.69 1593.48 1567.31 1583.78 2553576
20051222 1585.72 1592.51 1560.52 1581.85 1496387
20051223 1576.03 1587.66 1572.15 1581.85 1118782
20051226 1581.85 1581.85 1581.85 1581.85 0
20051227 1581.85 1581.85 1581.85 1581.85 0
20051228 1584.75 1592.51 1562.46 1588.63 803389
20051229 1596.38 1603.17 1580.88 1600.26 495012
20051230 1602.20 1611.89 1592.51 1611.89 733956
20060102 1611.89 1611.89 1611.89 1611.89 0
20060103 1614.80 1614.80 1595.41 1610.92 1800018
20060104 1620.62 1640.00 1611.89 1627.40 2334855
20060105 1629.34 1629.34 1585.72 1597.35 3222225
20060106 1607.05 1607.05 1574.09 1580.88 2458453
20060109 1554.71 1558.58 1526.60 1528.54 4204307
20060110 1534.35 1549.86 1522.72 1545.01 3543292
20060111 1550.83 1550.83 1536.29 1545.01 1748742
20060112 1539.20 1545.98 1512.06 1531.44 2496214
20060113 1536.29 1536.29 1522.72 1533.38 1129306
20060116 1545.01 1552.77 1526.60 1551.80 780382
20060117 1532.41 1555.67 1527.57 1538.23 2769822
20060118 1527.57 1536.29 1502.37 1534.35 2088586
20060119 1536.29 1581.85 1536.29 1578.94 4484518
20060120 1575.06 1616.74 1575.06 1598.32 4435719
20060123 1590.57 1600.26 1573.12 1581.85 1171709
20060124 1573.12 1587.66 1569.24 1576.03 1608224
20060125 1588.63 1621.59 1584.75 1621.59 2165345
20060126 1628.37 1634.19 1597.35 1605.11 2647255
20060127 1621.59 1622.55 1596.38 1620.62 2798400
20060130 1615.77 1616.74 1595.41 1610.92 2119950
20060131 1605.11 1636.12 1586.69 1633.22 1934037
20060201 1633.22 1701.07 1625.46 1698.16 5798397
20060202 1698.16 1698.16 1678.77 1690.40 3595290
20060203 1687.50 1701.07 1668.11 1675.86 2019152
20060206 1672.96 1682.65 1663.26 1676.83 1279625
20060207 1692.34 1701.07 1650.66 1671.99 2687079
20060208 1658.42 1692.34 1658.42 1686.53 2550997
20060209 1686.53 1710.76 1685.56 1701.07 2538204
20060210 1703.97 1735.96 1692.34 1725.30 2445866
20060213 1734.02 1734.02 1700.10 1713.67 2999893
20060214 1727.24 1759.22 1727.24 1759.22 3086865
20060215 1761.16 1769.88 1745.65 1762.13 1286641
20060216 1766.98 1766.98 1741.77 1753.41 1612247
20060217 1753.41 1753.41 1739.84 1743.71 1207715
20060220 1752.44 1767.94 1735.96 1759.22 1064618
20060221 1774.73 1781.51 1750.50 1763.10 1942084
20060222 1745.65 1779.58 1745.65 1778.61 1751115
20060223 1784.42 1790.24 1768.91 1778.61 2052992
20060224 1788.30 1789.27 1766.01 1785.39 3828559
20060227 1792.18 1824.16 1785.39 1819.32 2969148
20060228 1812.53 1844.52 1781.51 1784.42 2809749
20060301 1799.93 1815.44 1783.45 1814.47 1976646
20060302 1811.56 1837.73 1809.62 1819.32 2321752
20060303 1813.50 1826.10 1781.51 1806.72 1786915
20060306 1806.72 1845.49 1798.96 1825.13 2009351
20060307 1814.47 1819.32 1756.31 1785.39 3469010
20060308 1785.39 1786.36 1748.56 1749.53 3865598
20060309 1765.04 1766.01 1751.47 1755.34 1522902
20060310 1755.34 1768.91 1748.56 1753.41 2387884
20060313 1755.34 1775.70 1755.34 1758.25 2660255
20060314 1749.53 1780.55 1749.53 1777.64 2152552
20060315 1778.61 1806.72 1778.61 1793.15 1929703
20060316 1794.11 1811.56 1792.18 1810.59 1590891
20060317 1817.38 1830.95 1812.53 1826.10 2978846
20060320 1829.01 1834.82 1783.45 1790.24 4933517
20060321 1796.05 1796.05 1767.94 1786.36 1763599
20060322 1787.33 2016.08 1783.45 2016.08 14130252
20060323 2040.31 2082.96 1925.94 1938.54 9869614
20060324 1939.51 1954.04 1909.46 1927.87 5998960
20060327 1927.87 1933.69 1878.44 1888.13 3542570
20060328 1896.86 1909.46 1851.30 1855.18 4159221
20060329 1860.03 1889.10 1829.01 1864.87 3953499
20060330 1863.90 1894.92 1863.90 1888.13 1926196
20060331 1892.98 1897.83 1863.90 1868.75 2076103
20060403 1868.75 1893.95 1861.96 1870.69 2421208
20060404 1873.59 1873.59 1851.30 1857.12 3849916
20060405 1865.84 1872.63 1846.46 1853.24 1762773
20060406 1860.03 1860.99 1798.96 1851.30 2783853
20060407 1851.30 1863.90 1849.36 1853.24 3966911
20060410 1844.52 1860.03 1835.79 1852.27 2411098
20060411 1857.12 1857.12 1789.27 1796.05 3647392
20060412 1786.36 1799.93 1757.28 1790.24 4988198
20060413 1793.15 1838.70 1793.15 1830.95 4971278
20060414 1830.95 1830.95 1830.95 1830.95 0
20060417 1830.95 1830.95 1830.95 1830.95 0
20060418 1838.70 1866.81 1838.70 1852.27 4508351
20060419 1870.69 1892.98 1861.96 1870.69 3623456
20060420 1873.59 1873.59 1841.61 1858.09 2139759
20060421 1868.75 1875.53 1859.06 1864.87 1732647
20060424 1859.06 1865.84 1841.61 1845.49 2083221
20060425 1857.12 1868.75 1831.92 1831.92 2509626
20060426 1841.61 1884.26 1807.68 1812.53 3497381
20060427 1813.50 1815.44 1789.27 1806.72 4654853
20060428 1806.72 1812.53 1793.15 1797.02 3120602
20060501 1797.02 1797.02 1797.02 1797.02 0
20060502 1788.30 1808.65 1779.58 1791.21 3684017
20060503 1797.02 1812.53 1783.45 1788.30 2375504
20060504 1783.45 1841.61 1783.45 1835.79 5053814
20060505 1830.95 1850.33 1825.13 1846.46 3048176
20060508 1858.09 1876.50 1855.18 1864.87 3436201
20060509 1870.69 1879.41 1861.96 1877.47 1888951
20060510 1871.66 1883.29 1866.81 1870.69 2779623
20060511 1864.87 1886.20 1847.42 1853.24 2240144
20060512 1846.46 1850.33 1800.90 1813.50 3390600
20060515 1811.56 1811.56 1740.81 1779.58 4182847
20060516 1775.70 1786.07 1747.65 1778.61 5381794
20060517 1802.84 1824.10 1701.07 1699.13 4952707
20060518 1693.31 1728.98 1672.96 1691.37 5290797
20060519 1681.68 1719.29 1667.20 1709.79 2515094
20060522 1713.67 1715.55 1631.18 1634.19 3984037
20060523 1652.60 1732.16 1652.66 1725.30 6416079
20060524 1701.07 1731.11 1692.34 1706.88 5642609
20060525 1718.51 1745.65 1682.07 1745.65 5215895
20060526 1771.82 1797.02 1746.62 1797.02 4133016
20060529 1797.02 1797.02 1797.02 1797.02 0
20060530 1797.02 1804.72 1730.14 1730.14 5118502
20060531 1729.17 1793.43 1709.79 1764.07 3584148
20060601 1759.22 1759.95 1725.30 1743.71 2279246
20060602 1775.70 1769.54 1748.56 1750.50 1926711
20060605 1749.53 1756.41 1726.27 1745.65 2391186
20060606 1736.93 1736.93 1692.68 1697.19 3458177
20060607 1697.19 1715.60 1683.62 1706.88 2695023
20060608 1668.11 1691.37 1661.33 1663.26 2862057
20060609 1673.93 1678.76 1643.99 1669.08 2925300
20060612 1668.11 1725.89 1660.36 1684.59 2709674
20060613 1660.36 1672.96 1640.97 1654.54 3652137
20060614 1664.23 1680.65 1643.78 1672.96 3285263
20060615 1681.68 1731.11 1678.77 1722.39 4355142
20060616 1741.77 1747.59 1688.46 1688.46 3143093
20060619 1709.79 1733.87 1703.06 1721.42 2748569
20060620 1713.67 1732.39 1686.38 1717.54 1536520
20060621 1703.00 1703.00 1667.14 1690.40 2279865
20060622 1710.76 1720.45 1671.02 1681.68 2583599
20060623 1685.56 1700.10 1672.96 1678.77 1817144
20060626 1682.65 1720.98 1679.80 1684.59 2270786
20060627 1699.13 1699.13 1671.02 1673.93 3159601
20060628 1671.99 1697.19 1667.14 1691.37 2566266
20060629 1697.19 1715.60 1683.62 1712.70 3161561
20060630 1734.02 1747.59 1715.60 1738.87 2817074
20060703 1745.65 1772.79 1743.71 1771.82 2718856
20060704 1766.01 1821.25 1766.01 1821.25 3624900
20060705 1809.62 1816.41 1781.51 1788.30 2716999
20060706 1795.08 1826.10 1781.51 1823.19 2411614
20060707 1814.47 1825.13 1798.96 1813.50 1229278
20060710 1822.22 1829.98 1805.75 1809.62 1636492
20060711 1813.50 1827.07 1793.15 1799.93 1828287
20060712 1805.75 1828.04 1794.11 1804.78 1381145
20060713 1792.18 1793.15 1767.94 1772.79 1180581
20060714 1746.62 1770.85 1746.62 1755.34 1676007
20060717 1762.13 1768.91 1722.39 1764.07 1922688
20060718 1753.41 1766.01 1737.90 1761.16 1359273
20060719 1771.82 1810.59 1762.13 1810.59 2619915
20060720 1812.53 1838.70 1792.18 1800.90 2224256
20060721 1799.93 1801.87 1778.61 1795.08 1230825
20060724 1803.81 1874.56 1803.81 1862.93 3548760
20060725 1866.81 1882.32 1847.42 1870.69 2747228
20060726 1875.53 1890.07 1855.18 1879.41 2792107
20060727 1881.35 1914.30 1871.66 1901.70 2235089
20060728 1890.07 1927.87 1890.07 1921.09 1398787
20060731 1910.43 1932.72 1890.07 1912.37 2041540
20060801 1912.37 1926.90 1874.56 1882.32 1499894
20060802 1887.16 1930.78 1887.16 1914.30 2455461
20060804 1863.90 1893.95 1838.70 1889.10 1871102
20060807 1880.38 1883.29 1865.84 1867.78 2022351
20060808 1883.29 1893.95 1877.47 1884.26 3689898
20060809 1892.01 1912.37 1858.09 1867.78 2968322
20060810 1844.52 1866.81 1814.47 1859.06 2856382
20060811 1866.81 1884.26 1862.93 1880.38 2357243
20060814 1906.55 1906.55 1877.47 1888.13 1359582
20060815 1890.07 1902.67 1877.47 1890.07 2984417
20060816 1893.95 1905.58 1862.93 1874.56 2737117
20060817 1875.53 1886.20 1869.72 1871.66 1527854
20060818 1878.44 1882.32 1860.99 1863.90 1720989
20060821 1862.93 1870.69 1851.30 1856.15 1318211
20060822 1863.90 1874.56 1852.27 1862.93 2882897
20060823 1870.69 1885.23 1829.01 1829.01 1252904
20060824 1839.67 1853.24 1833.85 1847.42 1731203
20060825 1842.58 1854.21 1838.70 1846.46 959177
20060829 1859.06 1864.87 1848.39 1850.33 1683951
20060830 1850.33 1862.93 1835.79 1837.73 2667786
20060831 1847.42 1847.42 1814.47 1835.79 1663110
20060901 1835.79 1865.84 1833.85 1859.06 1420247
20060904 1856.15 1865.84 1846.46 1860.99 778422
20060905 1867.78 1868.75 1841.61 1849.36 2870207
20060906 1854.21 1861.96 1829.01 1833.85 2441533
20060907 1833.85 1846.46 1812.53 1815.44 3594568
20060908 1815.44 1829.98 1807.68 1811.56 854768
20060911 1802.84 1830.95 1797.99 1828.04 1479879
20060912 1836.76 1836.76 1805.75 1823.19 3955150
20060913 1831.92 1842.58 1817.38 1831.92 1937338
20060914 1829.01 1860.99 1822.22 1831.92 2457525
20060915 1835.79 1870.69 1833.85 1857.12 2742482
20060918 1855.18 1868.75 1839.67 1859.06 1321822
20060919 1862.93 1870.69 1847.42 1853.24 1665483
20060920 1860.03 1862.93 1841.61 1858.09 2864533
20060921 1866.81 1866.81 1840.64 1850.33 2146362
20060922 1845.49 1850.33 1822.22 1833.85 2119641
20060925 1837.73 1860.99 1830.95 1839.67 2722776
20060926 1843.55 1861.96 1838.70 1854.21 3149181
20060927 1854.21 1887.16 1854.21 1887.16 2236327
20060928 1882.32 1902.67 1881.35 1899.77 1402708
20060929 1910.43 1928.84 1897.83 1907.52 2808098
20061002 1907.52 1927.87 1898.80 1913.33 3132776
20061003 1919.15 1919.15 1884.26 1902.67 3104095
20061004 1907.52 1916.24 1879.41 1893.95 3339634
20061005 1908.49 1919.15 1890.07 1917.21 2704102
20061006 1919.15 1930.78 1914.30 1928.84 2701833
20061009 1932.72 1949.20 1913.33 1922.06 2543672
20061011 1948.23 1948.23 1928.84 1946.29 3479327
20061012 1953.07 1968.58 1942.41 1967.61 1325949
20061013 1967.61 1988.94 1958.89 1975.37 2387472
20061016 1981.18 2001.54 1981.18 1988.94 1952195
20061017 1992.81 1992.81 1961.80 1965.68 2351156
20061018 1979.25 1997.66 1966.64 1982.15 1291077
20061019 1982.15 2050.00 1960.83 1966.64 1413953
20061020 1966.64 1978.28 1957.92 1971.49 3083358
20061023 1982.15 2005.42 1973.43 1995.72 1828287
20061024 2003.48 2009.29 1982.15 1995.72 1632262
20061025 1999.60 2020.92 1987.00 1993.78 2059389
20061026 1993.78 1994.75 1978.28 1985.06 1974376
20061027 1989.91 2016.08 1989.91 2005.42 2326291
20061030 1994.75 2007.35 1986.03 2001.54 1176042
20061031 1993.78 2041.28 1987.97 2031.59 9971547
20061101 2018.02 2069.39 2018.02 2029.65 8846883
20061102 2032.55 2032.55 2005.42 2016.08 2277904
20061103 2029.65 2029.65 1995.72 2004.45 2255620
20061106 2004.45 2027.71 1990.88 2022.86 3406488
20061107 2027.71 2058.73 2020.92 2055.82 3229447
20061108 2054.85 2071.33 2043.22 2069.39 2479397
20061109 2074.23 2081.99 2052.91 2075.20 1841802
20061110 2069.39 2092.65 2069.39 2085.86 1702522
20061113 2093.62 2110.10 2073.26 2097.50 1870174
20061114 2097.50 2105.25 2083.93 2098.47 1530536
20061115 2129.48 2129.48 2092.65 2109.13 2744855
20061116 2107.19 2134.33 2091.68 2130.45 2301015
20061117 2136.27 2154.68 2115.91 2134.33 2116133
20061120 2130.45 2171.16 2118.82 2163.41 2528919
20061121 2169.22 2203.15 2156.62 2181.82 9880860
20061122 2190.55 2207.99 2135.30 2151.77 3381727
20061123 2160.50 2160.50 2099.43 2107.19 3352839
20061124 2108.16 2117.85 2064.54 2114.94 2965434
20061127 2122.70 2128.51 2075.20 2075.20 3580537
20061128 2081.02 2081.02 2053.88 2062.60 2502507
20061129 2075.20 2075.20 2048.06 2049.03 3297849
20061130 2057.76 2066.48 2036.43 2059.69 3400401
20061201 2075.20 2078.11 2039.34 2046.12 1700871
20061204 2044.19 2089.74 2044.19 2074.23 2584528
20061205 2088.77 2106.22 2083.93 2100.40 3576926
20061206 2086.83 2088.77 2067.45 2083.93 2368591
20061207 2078.11 2087.80 2062.60 2075.20 1240833
20061208 2075.20 2091.68 2064.54 2087.80 1712942
20061211 2099.43 2114.94 2092.65 2105.25 1371344
20061212 2100.40 2112.03 2086.83 2103.31 2720197
20061213 2110.10 2117.85 2089.74 2115.91 4152206
20061214 2130.45 2146.93 2118.82 2146.93 2852359
20061215 2144.02 2162.44 2139.17 2151.77 4282923
20061218 2163.41 2163.41 2139.17 2152.74 1946933
20061219 2140.14 2148.87 2124.64 2141.11 2047112
20061220 2151.77 2164.38 2132.39 2153.71 1948584
20061221 2156.62 2168.25 2144.02 2160.50 1103926
20061222 2166.31 2176.01 2152.74 2171.16 435276
20061227 2180.85 2210.90 2166.31 2210.90 1555194
20061228 2225.44 2261.30 2221.56 2245.79 3135975
20061229 2257.43 2273.90 2228.35 2251.61 1897617
20070102 2268.09 2278.75 2242.89 2261.30 2831209
20070103 2268.09 2268.09 2268.09 2268.09 0
20070104 2242.89 2242.89 2242.89 2242.89 0
20070105 2230.29 2240.95 2207.02 2212.84 3231923
20070118 2061.63 2061.63 2061.63 2061.63 0
20070119 2088.77 2088.77 2088.77 2088.77 0
20070122 2106.22 2106.22 2106.22 2106.22 0
20070123 2101.37 2101.37 2101.37 2101.37 0
20070124 2145.96 2145.96 2145.96 2145.96 0
20070125 2147.90 2147.90 2147.90 2147.90 0
20070126 2121.73 2121.73 2121.73 2121.73 0
20070129 2110.10 2110.10 2110.10 2110.10 0
20070130 2113.00 2114.94 2083.93 2093.62 3203448
20070131 2101.37 2107.19 2059.69 2074.23 5146874
20070201 2091.68 2110.10 2089.74 2104.28 4960857
20070202 2113.97 2161.47 2113.97 2156.62 4202656
20070205 2160.50 2194.42 2139.17 2182.79 3638622
20070206 2195.39 2207.99 2178.91 2184.73 3330245
20070207 2194.42 2210.90 2183.76 2205.08 3173838
20070208 2218.65 2218.65 2147.90 2168.25 5397785
20070209 2183.76 2197.33 2153.71 2194.42 2420899
20070212 2192.48 2192.48 2173.10 2180.85 2341458
20070213 2171.16 2171.16 2130.45 2152.74 3402980
20070214 2158.56 2203.15 2151.77 2202.18 6180438
20070215 2210.90 2210.90 2174.07 2196.36 3462819
20070216 2198.30 2216.72 2190.55 2214.78 2247779
20070219 2224.47 2229.32 2210.90 2223.50 1144781
20070220 2194.42 2194.42 2162.44 2170.19 4447377
20070221 2188.61 2191.51 2142.08 2144.02 4026234
20070222 2151.77 2168.25 2108.16 2115.91 5224974
20070223 2126.57 2140.14 2122.70 2130.45 4965913
20070226 2132.39 2142.08 2105.25 2106.22 3311158
20070227 2105.25 2105.25 2017.05 2019.95 5620324
20070228 1988.94 2038.37 1950.17 1994.75 10049956
20070301 2004.45 2030.62 1926.90 1959.86 4636179
20070302 1977.31 1988.94 1941.44 1946.29 3748808
20070305 1910.43 1937.57 1888.13 1926.90 3255859
20070306 1955.01 1955.98 1928.84 1949.20 3742928
20070307 1964.71 2017.05 1964.71 2003.48 4201315
20070308 1992.81 2031.59 1992.81 2026.74 6998684
20070309 2046.12 2048.06 2008.32 2039.34 2677588
20070312 2059.69 2059.69 2003.48 2003.48 3272573
20070313 2003.48 2026.74 1972.46 1972.46 2182368
20070314 1930.78 1950.17 1903.64 1904.61 2849470
20070315 1930.78 1954.04 1907.52 1945.32 3706508
20070316 1945.32 1974.40 1933.69 1972.46 5104987
20070319 1978.28 2013.17 1976.34 2003.48 3108428
20070320 2011.23 2062.60 2004.45 2058.73 4607085
20070321 2059.69 2124.64 2059.69 2113.97 5126343
20070322 2132.39 2151.77 2084.90 2101.37 4464297
20070323 2110.10 2110.10 2071.33 2088.77 4013235
20070326 2096.53 2104.28 2056.79 2067.45 1717172
20070327 2082.96 2088.77 2059.69 2077.14 2370861
20070328 2083.93 2093.62 2018.02 2021.89 2647255
20070329 2036.43 2050.00 2014.14 2046.12 1999137
20070330 2060.66 2081.99 2029.65 2074.23 4081946
20070402 2088.77 2107.19 2078.11 2107.19 5140684
20070403 2121.73 2121.73 2081.99 2094.59 3309817
20070404 2114.94 2121.73 2089.74 2094.59 2607741
20070405 2105.25 2105.25 2071.33 2097.50 2105403
20070410 2120.76 2131.42 2102.34 2130.45 2197741
20070411 2124.64 2125.60 2094.59 2111.07 2914674
20070412 2115.91 2115.91 2051.94 2069.39 4241448
20070413 2081.02 2082.96 2052.91 2066.48 3110182
20070416 2081.02 2081.02 2052.91 2069.39 2287087
20070417 2064.54 2067.45 2014.14 2033.52 2843899
20070418 2039.34 2039.34 1974.40 1986.03 4265178
20070419 1977.31 1983.12 1947.26 1969.55 4414053
20070420 1987.00 1987.97 1963.74 1967.61 2995147
20070423 1985.06 1988.94 1968.58 1980.21 2616098
20070424 1993.78 1993.78 1944.35 1954.04 2157401
20070425 1968.58 1978.28 1944.35 1955.01 2853906
20070426 1973.43 1981.18 1927.87 1936.60 2679548
20070427 1936.60 1936.60 1893.95 1905.58 5501781
20070430 1899.77 1923.03 1894.92 1901.70 2262738
20070501 1912.37 1914.30 1885.23 1889.10 1755448
20070502 1890.07 1937.57 1890.07 1931.75 2765798
20070503 1937.57 1979.25 1932.72 1960.83 3710532
20070504 1959.86 1977.31 1945.32 1972.46 1808787
20070508 1976.34 1977.31 1928.84 1933.69 3502127
20070509 1952.11 1952.11 1909.46 1919.15 2958109
20070510 1938.54 1990.88 1919.15 1930.78 6303211
20070511 1927.87 1966.64 1911.40 1932.72 5567294
20070514 1950.17 1955.98 1924.00 1942.41 2698118
20070515 1951.14 1964.71 1940.47 1955.98 5308233
20070516 1938.54 1943.38 1861.96 1875.53 8928491
20070517 1889.10 1893.95 1846.46 1859.06 4015814
20070518 1860.99 1875.53 1829.98 1831.92 4509383
20070521 1823.19 1858.09 1822.22 1840.64 2908277
20070522 1841.61 1874.56 1820.29 1857.12 4910716
20070523 1870.69 1877.47 1862.93 1866.81 4807030
20070524 1850.33 1867.78 1829.98 1834.82 4528882
20070525 1832.89 1833.85 1794.11 1800.90 6309504
20070529 1813.50 1813.50 1789.27 1797.02 3759332
20070530 1785.39 1836.76 1779.58 1829.98 5668505
20070531 1839.67 1900.73 1839.67 1886.20 6780891
20070604 1894.92 1901.70 1854.21 1860.03 4911645
20070605 1868.75 1868.75 1812.53 1819.32 4284471
20070606 1826.10 1831.92 1754.37 1766.01 4350500
20070607 1774.73 1786.36 1690.40 1703.00 10303756
20070608 1691.37 1731.11 1681.68 1717.54 6764383
20070611 1719.48 1744.68 1710.76 1739.84 4576959
20070612 1751.47 1764.07 1734.99 1740.81 5359921
20070613 1740.81 1766.01 1727.24 1747.59 5745780
20070614 1760.19 1793.15 1755.34 1777.64 4325017
20070615 1788.30 1811.56 1771.82 1801.87 4619981
20070618 1820.29 1829.98 1756.31 1773.76 3413607
20070619 1780.55 1791.21 1765.04 1774.73 4445933
20070620 1797.44 1801.39 1757.94 1769.79 3313261
20070621 1767.82 1767.82 1691.77 1708.56 8074164
20070622 1719.42 1721.40 1676.96 1681.89 6592299
20070625 1668.07 1695.72 1668.07 1690.78 4116516
20070626 1688.81 1728.31 1673.99 1698.68 6837842
20070627 1685.84 1708.56 1672.02 1705.60 4922505
20070628 1724.36 1751.03 1709.55 1724.36 5221814
20070629 1738.19 1742.14 1693.75 1721.40 8592488
20070702 1720.41 1726.34 1680.91 1688.81 5070540
20070703 1700.66 1731.27 1696.71 1710.54 5983656
20070704 1727.32 1756.95 1718.44 1746.09 6614879
20070705 1743.13 1776.70 1736.21 1746.09 4928884
20070706 1753.00 1773.74 1728.31 1746.09 5485482
20070709 1746.09 1767.82 1723.37 1729.30 4015666
20070710 1723.37 1744.11 1695.72 1704.61 4233162
20070711 1688.81 1707.57 1673.99 1693.75 4464124
20070712 1694.73 1707.57 1667.08 1701.65 4671089
20070713 1721.40 1747.08 1698.68 1728.31 6101213
20070716 1745.10 1759.92 1708.56 1727.32 5029531
20070717 1728.31 1728.31 1674.98 1683.87 6754205
20070718 1673.99 1730.29 1669.06 1705.60 6704692
20070719 1714.49 1788.56 1714.49 1762.88 8010069
20070720 1766.83 1772.75 1746.09 1751.03 4154689
20070723 1754.98 1756.95 1702.63 1726.34 3612773
20070724 1727.32 1728.31 1696.71 1696.71 3651655
20070725 1698.68 1718.44 1688.81 1690.78 5181009
20070726 1694.73 1699.67 1594.00 1598.94 8820210
20070727 1585.11 1670.04 1576.22 1607.82 7735871
20070730 1616.71 1625.60 1582.15 1612.76 5770717
20070731 1619.68 1683.87 1618.69 1671.03 7542981
20070801 1638.44 1676.96 1614.74 1637.45 6486791
20070802 1651.28 1659.18 1626.59 1642.39 3949041
20070803 1651.28 1651.28 1617.70 1621.65 4611956
20070806 1597.95 1659.18 1593.01 1641.40 8037510
20070807 1657.20 1676.96 1657.20 1673.99 6962790
20070808 1689.80 1765.84 1680.91 1755.97 7194968
20070809 1754.98 1771.77 1685.84 1705.60 7157807
20070810 1679.92 1699.67 1637.45 1670.04 5892729
20070813 1691.77 1729.30 1673.99 1720.41 4899723
20070815 1682.88 1738.19 1665.11 1714.49 5271530
20070816 1685.84 1720.41 1673.99 1691.77 8004905
20070817 1698.68 1770.78 1671.03 1739.18 7237191
20070820 1753.00 1757.94 1698.68 1706.58 5002901
20070821 1726.34 1732.26 1680.91 1728.31 3512430
20070822 1742.14 1799.42 1739.18 1789.54 4722527
20070823 1809.30 1815.22 1742.14 1758.93 6967246
20070824 1764.85 1787.57 1742.14 1776.70 3156519
20070828 1785.59 1785.59 1718.44 1731.27 2286132
20070829 1715.47 1760.90 1707.57 1753.00 2999979
20070830 1766.83 1788.56 1756.95 1760.90 6317594
20070831 1778.68 1800.41 1756.95 1789.54 5369241
20070903 1805.35 1805.35 1777.69 1789.54 3277316
20070904 1784.61 1808.31 1765.84 1804.36 2966565
20070905 1836.95 1841.89 1791.52 1804.36 8176735
20070906 1826.09 1830.04 1770.78 1795.47 3524479
20070907 1803.37 1806.33 1716.46 1727.32 4186787
20070910 1733.25 1735.23 1673.01 1681.89 4760396
20070911 1704.61 1743.13 1672.02 1739.18 5286010
20070912 1745.10 1749.05 1705.60 1713.50 1463639
20070913 1723.37 1726.34 1693.75 1712.51 2387792
20070914 1694.73 1696.71 1630.54 1648.32 5545526
20070917 1635.48 1638.44 1553.51 1555.48 7745086
20070918 1546.59 1622.64 1538.69 1607.82 6455605
20070919 1666.41 1695.10 1638.70 1657.50 6106400
20070920 1645.62 1657.50 1616.93 1636.72 3148899
20070921 1628.80 1658.49 1617.92 1642.66 6077498
20070924 1628.80 1643.65 1611.98 1618.91 3833553
20070925 1616.93 1637.71 1596.15 1608.02 3242376
20070926 1609.01 1642.66 1609.01 1635.73 2625834
20070927 1640.68 1696.09 1640.68 1675.31 4572473
20070928 1672.34 1688.18 1643.65 1664.43 2522656
20071001 1652.55 1683.23 1646.61 1671.35 3579700
20071002 1682.24 1707.97 1664.43 1700.05 3722694
20071003 1699.06 1720.83 1688.18 1713.90 1701477
20071004 1704.01 1741.61 1704.01 1724.79 2915359
20071005 1722.81 1725.78 1637.71 1669.37 8132165
20071008 1676.30 1682.24 1631.77 1632.76 3411240
20071009 1637.71 1683.23 1612.97 1675.31 5812731
20071010 1689.17 1697.08 1659.48 1680.26 3806672
20071011 1680.26 1691.14 1636.72 1647.60 4048802
20071012 1636.72 1656.51 1620.89 1633.75 3157388
20071015 1633.75 1642.66 1598.13 1607.03 1751802
20071016 1594.17 1623.85 1578.34 1606.04 2674139
20071017 1614.95 1629.79 1592.19 1597.14 3764734
20071018 1593.18 1622.87 1541.72 1558.54 6557109
20071019 1558.54 1590.21 1532.82 1538.75 4259200
20071022 1502.14 1543.70 1502.14 1522.92 2894744
20071023 1543.70 1566.46 1531.83 1545.68 4672215
20071024 1535.78 1544.69 1515.99 1527.87 5356060
20071025 1547.66 1556.57 1509.07 1533.81 3633563
20071026 1536.77 1566.46 1511.05 1556.57 3138592
20071029 1579.32 1581.30 1535.78 1553.60 2907982
20071030 1544.69 1590.21 1544.69 1582.29 3706627
20071031 1597.14 1635.73 1583.28 1626.82 4482634
20071101 1620.89 1642.66 1568.44 1590.21 3685506
20071102 1575.37 1589.22 1549.64 1569.43 2898483
20071105 1563.49 1579.32 1545.68 1556.57 2543171
20071106 1563.49 1581.30 1528.86 1533.81 2811575
20071107 1546.67 1553.60 1499.17 1512.04 2484356
20071108 1506.10 1518.96 1460.58 1474.43 5999483
20071109 1509.07 1531.83 1465.53 1488.29 4976494
20071112 1494.22 1536.77 1488.29 1530.84 3847094
20071113 1528.86 1560.52 1514.01 1551.62 3111711
20071114 1577.35 1598.13 1505.11 1528.86 4023235
20071115 1530.84 1532.82 1475.42 1484.33 5080986
20071116 1478.39 1478.39 1415.06 1453.65 5060977
20071119 1457.61 1474.43 1356.68 1362.61 5537455
20071120 1371.52 1486.31 1364.59 1461.57 6387840
20071121 1432.87 1471.46 1417.04 1436.83 5119893
20071122 1440.79 1508.08 1414.07 1495.21 4007167
20071123 1492.24 1546.67 1491.25 1512.04 4324987
20071126 1526.88 1534.80 1434.85 1444.75 4151070
20071127 1436.83 1465.53 1407.14 1434.85 4914446
20071128 1435.84 1480.37 1421.99 1462.56 4767006
20071129 1474.43 1500.16 1448.70 1472.45 4301239
20071130 1474.43 1520.94 1466.52 1490.27 4906261
20071203 1487.30 1530.84 1482.35 1504.12 3893782
20071204 1509.07 1509.07 1444.75 1451.67 3324231
20071205 1459.80 1500.47 1452.86 1494.51 4006291
20071206 1508.40 1567.90 1491.54 1508.40 4805412
20071207 1526.25 1552.03 1498.48 1516.33 3828417
20071210 1507.41 1540.13 1503.44 1530.22 2784771
20071211 1541.13 1542.12 1495.51 1508.40 2618998
20071212 1488.56 1515.34 1459.80 1495.51 3159778
20071213 1468.73 1493.52 1434.02 1434.02 4401465
20071214 1450.88 1460.80 1407.24 1432.04 2895186
20071217 1406.25 1423.11 1392.37 1403.28 4705383
20071218 1392.37 1426.09 1392.37 1409.23 3276243
20071219 1411.21 1436.00 1396.33 1407.24 2782553
20071220 1416.17 1438.98 1406.25 1430.05 2506566
20071221 1438.98 1453.85 1423.11 1449.89 4516720
20071224 1435.01 1484.60 1435.01 1472.70 552073
20071227 1466.75 1485.59 1455.84 1469.72 1412603
20071228 1463.77 1491.54 1463.77 1485.59 1170799
20071231 1473.69 1504.43 1459.80 1493.52 839858
20080102 1478.65 1525.26 1470.71 1488.56 1932913
20080103 1495.51 1512.37 1446.91 1478.65 3434756
20080104 1471.71 1496.50 1433.03 1460.80 6585661
20080107 1460.80 1469.72 1412.20 1431.05 4652545
20080108 1432.04 1440.96 1401.29 1413.19 4104202
20080109 1398.32 1437.99 1392.37 1412.20 4541122
20080110 1421.13 1469.72 1420.14 1427.08 4378777
20080111 1427.08 1493.52 1427.08 1449.89 5143210
20080114 1460.80 1546.08 1436.00 1503.44 6701521
20080115 1503.44 1514.35 1467.74 1472.70 5968145
20080116 1463.77 1549.06 1446.91 1512.37 6353033
20080117 1541.13 1590.71 1534.18 1542.12 7164557
20080118 1543.11 1563.93 1501.46 1504.43 5886771
20080121 1480.63 1525.26 1462.78 1488.56 4997806
20080122 1447.90 1619.47 1444.93 1606.58 8197313
20080123 1634.35 1637.32 1528.23 1575.84 7275476
20080124 1630.38 1635.34 1552.03 1590.71 9802310
20080125 1626.41 1626.41 1529.22 1547.08 6074123
20080128 1538.15 1579.80 1517.32 1571.87 4130823
20080129 1578.81 1591.70 1544.10 1574.84 2991483
20080130 1572.86 1581.79 1521.29 1531.21 3946193
20080131 1551.04 1585.75 1513.36 1579.80 4554836
20080201 1606.58 1614.51 1566.91 1575.84 4112370
20080204 1579.80 1618.48 1559.97 1600.63 2554665
20080205 1586.74 1598.64 1527.24 1534.18 3600428
20080206 1502.45 1551.04 1502.45 1536.17 2909000
20080207 1537.16 1548.07 1506.42 1512.37 4170350
20080208 1533.19 1555.01 1507.41 1546.08 2207387
20080211 1536.17 1558.98 1520.30 1530.22 1937955
20080212 1545.09 1575.84 1523.27 1575.84 3533474
20080213 1571.87 1588.73 1547.08 1583.77 2662155
20080214 1589.72 1595.67 1520.30 1540.13 3039179
20080215 1546.08 1547.08 1491.54 1497.49 3156047
20080218 1498.48 1528.23 1498.48 1517.32 3006810
20080219 1514.35 1544.10 1502.45 1523.27 2614964
20080220 1510.38 1525.26 1482.61 1521.29 3899305
20080221 1533.19 1553.03 1518.32 1532.20 2076402
20080222 1528.23 1550.05 1505.42 1525.26 2423175
20080225 1538.15 1629.39 1538.15 1612.53 4705685
20080226 1626.41 1632.36 1596.66 1631.37 3109058
20080227 1620.46 1644.26 1601.62 1634.35 2640677
20080228 1630.38 1633.35 1600.63 1607.57 2447779
20080229 1604.60 1623.44 1554.02 1566.91 3187407
20080303 1551.04 1588.73 1539.14 1554.02 2311954
20080304 1565.92 1594.68 1534.18 1554.02 3242362
20080305 1567.90 1616.50 1557.98 1605.59 2866649
20080306 1606.58 1612.53 1573.85 1585.75 2427309
20080307 1561.95 1568.89 1531.21 1538.15 3226430
20080310 1538.15 1549.06 1481.62 1493.52 4441598
20080311 1493.52 1563.93 1493.52 1532.20 4148166
20080312 1568.00 1568.00 1530.00 1536.00 2761800
20080313 1520.00 1520.00 1484.00 1508.00 3517200
20080314 1507.00 1537.00 1492.00 1503.00 3605200
20080318 1458.00 1513.00 1455.00 1501.00 3144900
20080319 1512.00 1528.00 1459.00 1489.00 4530100
20080320 1467.00 1484.00 1447.00 1466.00 4417700
20080325 1512.00 1557.00 1505.00 1523.00 3461200
20080326 1517.00 1527.00 1496.00 1511.00 1903200
20080327 1508.00 1544.00 1504.00 1536.00 1840700
20080328 1536.00 1536.00 1490.00 1497.00 2567300
20080331 1490.00 1509.00 1460.00 1509.00 3838800
20080401 1500.00 1609.00 1500.00 1598.00 4634900
20080402 1621.00 1621.00 1570.00 1597.00 2719000
20080403 1598.00 1598.00 1546.00 1560.00 2278800
20080404 1568.00 1568.00 1531.00 1544.00 2362500
20080407 1565.00 1565.00 1510.00 1522.00 2535500
20080408 1523.00 1530.00 1491.00 1528.00 2381500
20080409 1515.00 1519.00 1496.00 1503.00 3268800
20080410 1509.00 1523.00 1463.00 1487.00 3301300
20080411 1501.00 1510.00 1452.00 1458.00 2761400
20080414 1452.00 1476.00 1443.00 1467.00 1621100
20080415 1471.00 1495.00 1447.00 1483.00 2371900
20080416 1498.00 1517.00 1482.00 1513.00 1905000
20080417 1523.00 1549.00 1513.00 1517.00 1879200
20080418 1518.00 1560.00 1503.00 1554.00 2197200
20080421 1562.00 1568.00 1493.00 1510.00 2367600
20080422 1501.00 1509.00 1476.00 1487.00 2209900
20080423 1495.00 1510.00 1467.00 1504.00 1978000
20080424 1511.00 1511.00 1447.00 1485.00 2366600
20080425 1497.00 1530.00 1484.00 1512.00 2352300
20080428 1519.00 1558.00 1516.00 1544.00 1491500
20080429 1544.00 1546.00 1514.00 1530.00 1948000
20080430 1535.00 1548.00 1511.00 1540.00 1772400
20080501 1533.00 1539.00 1505.00 1517.00 854700
20080502 1539.00 1583.00 1526.00 1568.00 2610100
20080506 1538.00 1551.00 1518.00 1543.00 1703600
20080507 1544.00 1553.00 1507.00 1516.00 2499200
20080508 1503.00 1530.00 1497.00 1515.00 2219600
20080509 1513.00 1513.00 1476.00 1488.00 1767900
20080512 1496.00 1502.00 1472.00 1477.00 1007400
20080513 1467.00 1480.00 1441.00 1468.00 2324800
20080514 1483.00 1488.00 1446.00 1467.00 2179400
20080515 1472.00 1506.00 1459.00 1493.00 1743500
20080516 1507.00 1515.00 1480.00 1489.00 1633300
20080519 1500.00 1504.00 1473.00 1486.00 1663100
20080520 1480.00 1491.00 1455.00 1455.00 1962200
20080521 1462.00 1476.00 1443.00 1462.00 1989000
20080522 1452.00 1469.00 1440.00 1446.00 2167000
20080523 1450.00 1457.00 1428.00 1431.00 1829100
20080527 1434.00 1443.00 1405.00 1416.00 2228100
20080528 1428.00 1449.00 1414.00 1436.00 1929500
20080529 1440.00 1448.00 1402.00 1416.00 3026400
20080530 1407.00 1432.00 1393.00 1412.00 2848400
20080602 1415.00 1415.00 1368.00 1406.00 4131400
20080603 1406.00 1442.00 1398.00 1438.00 4430900
20080604 1452.00 1463.00 1425.00 1454.00 3976400
20080605 1459.00 1480.00 1442.00 1456.00 1746700
20080606 1468.00 1483.00 1414.00 1417.00 2804000
20080610 1374.00 1396.00 1356.00 1370.00 2450400
20080611 1375.00 1379.00 1332.00 1358.00 4214300
20080612 1355.00 1381.00 1347.00 1371.00 2501500
20080613 1366.00 1400.00 1342.00 1387.00 2868100
20080616 1375.00 1397.00 1371.00 1390.00 2979000
20080617 1398.00 1418.00 1378.00 1385.00 2777800
20080618 1362.00 1363.00 1326.00 1332.00 4602300
20080619 1330.00 1339.00 1311.00 1317.00 3470200
20080620 1317.00 1344.00 1312.00 1339.00 3198900
20080623 1318.00 1318.00 1270.00 1275.00 4984100
20080624 1271.00 1278.00 1255.00 1260.00 4248800
20080625 1258.00 1295.00 1250.00 1290.00 2764600
20080626 1290.00 1290.00 1228.00 1228.00 3297500
20080627 1226.00 1242.00 1193.00 1232.00 2810400
20080630 1228.00 1255.00 1206.00 1232.00 3196400
20080701 1228.00 1241.00 1189.00 1210.00 4209800
20080702 1212.00 1224.00 1166.00 1175.00 3376000
20080703 1160.00 1184.00 1145.00 1180.00 4005900
20080704 1184.00 1191.00 1161.00 1177.00 1527700
20080707 1194.00 1198.00 1174.00 1195.00 1975000
20080708 1168.00 1208.00 1161.00 1203.00 3629500
20080709 1217.00 1251.00 1212.00 1247.00 3418900
20080710 1230.00 1235.00 1206.00 1212.00 2441000
20080711 1215.00 1235.00 1168.00 1173.00 3441500
20080714 1205.00 1235.00 1189.00 1201.00 3203100
20080715 1188.00 1199.00 1124.00 1154.00 3776100
20080716 1158.00 1169.00 1098.00 1135.00 3606800
20080717 1158.00 1183.00 1143.00 1160.00 4151600
20080718 1155.00 1197.00 1136.00 1186.00 2980700
20080721 1181.00 1271.00 1162.00 1255.00 3868600
20080722 1250.00 1260.00 1213.00 1252.00 2935300
20080723 1259.00 1317.00 1251.00 1297.00 2667100
20080724 1312.00 1326.00 1268.00 1279.00 2067900
20080725 1267.00 1267.00 1212.00 1252.00 3027700
20080728 1250.00 1263.00 1217.00 1227.00 1936200
20080729 1218.00 1239.00 1198.00 1228.00 1609600
20080730 1252.00 1265.00 1235.00 1260.00 1373900
20080731 1260.00 1304.00 1255.00 1292.00 3515600
20080801 1289.00 1315.00 1277.00 1303.00 2231000
20080804 1309.00 1328.00 1286.00 1325.00 2231400
20080805 1327.00 1387.00 1310.00 1380.00 2255500
20080806 1386.00 1390.00 1312.00 1345.00 3654400
20080807 1337.00 1340.00 1306.00 1318.00 2670200
20080808 1311.00 1350.00 1308.00 1344.00 1679200
20080811 1357.00 1363.00 1330.00 1360.00 1270200
20080812 1360.00 1383.00 1340.00 1383.00 2011900
20080813 1376.00 1378.00 1304.00 1313.00 3583100
20080814 1317.00 1337.00 1302.00 1319.00 1752800
20080815 1333.00 1341.00 1304.00 1315.00 1772200
20080818 1305.00 1324.00 1280.00 1311.00 1249200
20080819 1299.00 1299.00 1250.00 1258.00 2457600
20080820 1263.00 1287.00 1255.00 1273.00 1592600
20080821 1264.00 1290.00 1255.00 1274.00 1150500
20080822 1276.00 1343.00 1271.00 1322.00 2097400
20080826 1298.00 1328.00 1285.00 1316.00 1433900
20080827 1308.00 1311.00 1282.00 1290.00 1619800
20080828 1295.00 1352.00 1292.00 1340.00 2401500
20080829 1334.00 1379.00 1334.00 1360.00 2704400
20080901 1341.00 1374.00 1331.00 1364.00 1112000
20080902 1367.00 1394.00 1323.00 1328.00 3366800
20080903 1313.00 1340.00 1283.00 1321.00 2341800
20080904 1318.00 1334.00 1278.00 1281.00 1355300
20080905 1267.00 1316.00 1264.00 1277.00 3288600
20080908 1360.00 1363.00 1340.00 1340.00 1751900
20080909 1350.00 1407.00 1342.00 1375.00 4918400
20080910 1377.00 1435.00 1354.00 1420.00 5649600
20080911 1421.00 1429.00 1353.00 1381.00 4198700
20080912 1407.00 1424.00 1390.00 1416.00 3468400
20080915 1352.00 1391.00 1327.00 1347.00 4511100
20080916 1334.00 1334.00 1280.00 1285.00 4295100
20080917 1293.00 1328.00 1262.00 1270.00 4366700
20080918 1265.00 1309.00 1217.00 1217.00 6414300
20080919 1798.00 1798.00 1262.00 1320.00 4019500
20080922 1285.00 1355.00 1285.00 1298.00 4051000
20080923 1265.00 1309.00 1216.00 1292.00 3801100
20080924 1302.00 1314.00 1263.00 1289.00 2086000
20080925 1313.00 1313.00 1261.00 1294.00 2870100
20080926 1260.00 1314.00 1258.00 1285.00 2738700
20080929 1250.00 1288.00 1189.00 1218.00 3505500
20080930 1186.00 1255.00 1171.00 1250.00 4658000
20081001 1274.00 1280.00 1240.00 1280.00 3137500
20081002 1250.00 1308.00 1250.00 1290.00 1852700
20081003 1310.00 1319.00 1264.00 1291.00 3827000
20081006 1220.00 1303.00 1205.00 1225.00 3638800
20081007 1265.00 1270.00 1157.00 1225.00 2797200
20081008 1154.00 1266.00 1137.00 1182.00 3638700
20081009 1194.00 1225.00 1163.00 1187.00 2592100
20081010 1093.00 1121.00 1025.00 1103.00 3829400
20081013 1101.00 1171.00 1056.00 1098.00 4982600
20081014 1150.00 1158.00 1113.00 1157.00 2459100
20081015 1161.00 1161.00 1084.00 1101.00 4211400
20081016 1046.00 1099.00 1036.00 1076.00 2147500
20081017 1116.00 1116.00 1007.00 1063.00 5465000
20081020 1116.00 1116.00 1056.00 1085.00 2740000
20081021 1107.00 1123.00 1063.00 1070.00 2488300
20081022 1068.00 1068.00 1015.00 1025.00 4176800
20081023 1030.00 1041.00 978.00 1000.00 3557800
20081024 974.00 984.00 921.00 960.50 5637800
20081027 928.50 962.00 913.00 946.50 3873600
20081028 975.00 992.50 950.00 953.50 3596400
20081029 972.50 1020.00 972.50 1007.00 3569100
20081030 1042.00 1070.00 1015.00 1050.00 3249800
20081031 1074.00 1095.00 1034.00 1091.00 3166700
20081103 1070.00 1126.00 1070.00 1115.00 2019300
20081104 1130.00 1175.00 1112.00 1161.00 2398500
20081105 1162.00 1194.00 1136.00 1180.00 2198800
20081106 1133.00 1162.00 1097.00 1132.00 4182000
20081107 1134.00 1145.00 1087.00 1104.00 2526800
20081110 1105.00 1138.00 1056.00 1066.00 2726000
20081111 1045.00 1062.00 1004.00 1015.00 2501900
20081112 1015.00 1057.00 988.00 1014.00 2073000
20081113 981.00 1011.00 950.00 964.50 4067900
20081114 1005.00 1009.00 949.50 960.50 2997600
20081117 951.50 979.00 928.00 938.00 3111200
20081118 939.50 958.50 905.00 933.50 3175600
20081119 940.50 949.00 907.50 923.50 5196300
20081120 891.50 914.00 884.00 908.50 4720000
20081121 912.00 914.50 854.00 871.00 3776200
20081124 880.00 900.50 874.00 895.00 3418100
20081125 893.00 925.50 875.50 903.00 3583800
20081126 885.00 916.50 884.50 900.00 2393000
20081127 908.50 938.00 907.50 927.50 2743100
20081128 937.50 946.50 920.00 945.00 2280900
20081201 949.00 951.50 885.00 898.00 3425600
20081202 873.00 910.50 853.50 895.00 5738400
20081203 890.00 909.00 867.50 901.00 2514900
20081204 904.50 970.00 897.50 900.00 3297900
20081205 897.50 922.50 882.50 901.00 2729000
20081208 935.00 960.50 920.00 929.00 3050000
20081209 918.50 992.00 914.50 965.00 4108700
20081210 953.50 981.00 931.00 942.00 3350200
20081211 932.50 950.00 912.50 934.50 2837100
20081212 897.50 925.00 889.50 920.50 2938200
20081215 928.00 960.00 911.00 921.50 2644000
20081216 915.00 925.00 879.50 913.00 2683500
20081217 924.50 924.50 885.00 901.00 3264600
20081218 912.00 948.50 901.00 934.50 2702200
20081219 929.50 957.00 909.00 927.50 3718700
20081222 930.00 930.00 895.50 903.00 2118500
20081223 894.00 938.50 894.00 920.00 1568200
20081224 933.50 946.00 911.00 919.00 284000
20081229 917.00 922.00 887.00 899.50 1128000
20081230 914.50 923.00 897.00 909.50 958900
20081231 895.50 928.50 895.50 921.00 687100
20090102 906.50 953.50 906.50 949.00 943500
20090105 967.50 983.00 918.50 937.00 1213700
20090106 950.00 1034.00 948.00 1005.00 3598900
20090107 1019.00 1051.00 990.50 999.50 3623600
20090108 980.00 1010.00 960.50 984.00 4528400
20090109 985.50 998.50 953.00 965.00 3501900
20090112 955.50 965.00 923.00 939.50 3176100
20090113 920.00 929.50 881.00 892.00 4469000
20090114 903.50 903.50 804.50 812.00 5770200
20090115 809.50 827.00 752.50 765.00 6556300
20090116 783.50 784.00 746.50 751.00 4996300
20090119 778.00 778.00 700.50 712.00 4825100
20090120 716.50 725.00 651.50 659.00 5932600
20090121 649.50 692.00 638.00 679.50 6385100
20090122 694.50 716.50 656.00 664.50 4342700
20090123 662.00 665.00 611.00 625.50 5880500
20090126 626.50 662.00 620.50 657.00 4024800
20090127 662.00 667.00 627.00 634.00 3124600
20090128 650.00 670.00 638.50 650.00 6747000
20090129 645.00 650.00 624.00 633.50 8186000
20090130 637.50 689.50 635.50 689.50 6767700
20090202 673.50 683.00 631.00 640.00 4686700
20090203 646.00 647.50 625.00 647.00 3122600
20090204 654.50 684.00 645.00 681.00 3906300
20090205 662.00 663.00 629.00 645.50 4647400
20090206 654.00 710.00 644.00 680.00 6940900
20090209 685.50 723.00 682.50 719.00 5307300
20090210 722.00 734.50 697.50 699.50 2994000
20090211 695.00 696.00 675.00 685.00 1995500
20090212 685.50 685.50 635.00 652.50 3540700
20090213 666.00 675.00 637.00 643.00 2589000
