20030101 96.00 96.00 96.00 96.00 0
20030102 95.75 99.25 95.50 99.25 6504700
20030103 99.25 102.50 99.00 100.50 10739800
20030106 96.00 100.00 94.50 96.50 20711900
20030107 93.75 96.75 92.50 93.25 21052500
20030108 92.25 93.00 88.00 89.75 24261900
20030109 88.75 92.50 88.75 91.50 17991300
20030110 92.00 94.00 89.50 92.00 30517000
20030113 92.75 93.25 90.00 91.25 13324800
20030114 91.25 91.25 89.00 89.50 18881900
20030115 90.25 91.00 88.50 89.00 15370900
20030116 89.50 90.50 88.50 89.00 15087000
20030117 89.00 89.50 85.50 86.00 20835700
20030120 87.00 87.50 83.25 83.75 23755300
20030121 85.00 85.50 81.00 81.25 23011300
20030122 81.50 81.50 77.50 77.75 36223100
20030123 79.25 79.50 75.75 78.50 37660200
20030124 79.75 84.00 79.75 81.00 48512500
20030127 78.75 80.50 76.75 76.75 44942400
20030128 77.50 79.25 73.00 74.75 28961400
20030129 74.25 76.00 71.00 74.75 36688800
20030130 76.00 78.50 75.50 77.25 25730900
20030131 77.50 77.50 74.25 75.25 28102700
20030203 80.25 81.25 78.00 80.50 38075000
20030204 80.25 80.75 73.25 73.75 34935900
20030205 74.00 77.00 72.75 77.00 21954200
20030206 76.50 78.75 73.50 74.00 26199000
20030207 74.50 75.50 73.00 74.00 24391400
20030210 75.25 76.75 71.75 72.00 16279800
20030211 73.75 75.50 72.75 74.75 25336500
20030212 74.00 74.00 70.75 71.25 27782300
20030213 71.50 73.00 70.25 72.50 23193400
20030214 71.75 77.00 71.75 74.25 33549700
20030217 75.50 77.25 74.50 76.25 26456300
20030218 76.50 77.25 74.00 77.25 23364700
20030219 77.00 78.00 73.75 74.25 26481100
20030220 74.75 76.75 73.75 75.50 23497500
20030221 77.00 77.00 72.25 73.25 18343900
20030224 74.00 75.50 73.50 74.25 17286700
20030225 73.75 73.75 65.75 66.00 57855800
20030226 68.50 70.50 64.00 70.50 44838000
20030227 71.25 74.50 65.00 74.25 85258896
20030228 75.00 75.00 72.00 74.75 39908900
20030303 75.50 76.50 73.00 73.50 15755500
20030304 73.50 73.50 70.50 71.00 20355900
20030305 71.00 71.00 67.75 68.25 17899100
20030306 70.00 70.25 67.25 69.25 25830100
20030307 69.00 69.00 65.50 66.00 15929100
20030310 66.50 67.00 62.75 62.75 20306500
20030311 62.50 65.25 61.00 65.25 24531300
20030312 65.25 66.25 59.50 60.00 30587700
20030313 61.75 64.75 61.50 64.75 33653600
20030314 65.50 69.50 65.50 67.50 36106400
20030317 65.75 74.00 65.00 72.75 33380800
20030318 73.00 77.00 72.75 75.75 39246000
20030319 76.25 80.00 74.25 78.00 30529900
20030320 77.00 79.50 75.75 77.25 17774500
20030321 77.75 82.75 77.75 82.75 24349100
20030324 81.25 81.25 76.25 77.00 16616600
20030325 76.50 77.00 72.25 76.25 22695000
20030326 77.00 77.75 74.50 76.50 14142300
20030327 76.00 76.00 73.75 75.00 8037900
20030328 74.25 76.00 71.50 74.00 8953400
20030331 73.75 73.75 68.00 69.50 21721800
20030401 70.25 71.75 69.25 71.75 17570400
20030402 70.75 75.50 69.75 74.25 28923800
20030403 74.50 77.25 72.50 72.75 23171800
20030404 72.75 76.75 72.50 76.25 20742100
20030407 78.00 82.50 78.00 81.00 21668100
20030408 79.00 79.75 77.50 77.50 23022100
20030409 77.00 77.50 74.00 75.00 26451700
20030410 74.00 75.50 73.00 73.00 20778500
20030411 73.50 75.50 73.25 73.50 15013300
20030414 74.50 75.25 73.25 75.00 13598900
20030415 75.50 79.25 75.50 79.25 22038100
20030416 80.50 82.00 74.50 75.25 27105000
20030417 75.25 77.00 74.00 76.25 13661500
20030418 76.25 76.25 76.25 76.25 0
20030421 76.25 76.25 76.25 76.25 0
20030422 77.50 77.50 76.00 77.25 9127200
20030423 79.00 81.00 78.50 79.50 28928800
20030424 80.00 80.50 74.75 75.00 24260300
20030425 74.25 76.50 71.75 72.50 23926800
20030428 72.50 76.75 72.50 76.25 13334300
20030429 76.75 80.00 76.00 76.75 31943700
20030430 76.75 79.00 75.50 77.50 42166800
20030501 76.50 77.50 75.00 75.50 14563100
20030502 75.00 79.00 75.00 78.50 18236100
20030505 78.50 78.50 78.50 78.50 0
20030506 78.00 81.50 77.25 81.00 24026700
20030507 81.00 84.00 80.00 82.25 36545300
20030508 81.25 82.25 78.75 80.00 17453800
20030509 79.00 80.75 78.50 80.00 17081200
20030512 80.75 81.25 78.75 80.00 11778700
20030513 80.75 80.75 78.25 78.75 19073000
20030514 79.00 80.00 78.50 79.00 21012900
20030515 79.25 86.00 78.00 86.00 53136400
20030516 90.00 90.25 83.50 89.00 64555400
20030519 88.00 88.00 83.25 83.75 30679000
20030520 84.50 88.25 83.25 88.00 38091300
20030521 87.00 87.50 84.00 85.25 25268400
20030522 86.00 87.25 84.25 86.00 25057200
20030523 86.00 87.00 84.00 84.50 22227200
20030526 84.50 84.50 84.50 84.50 0
20030527 84.00 86.00 82.50 84.25 21358000
20030528 85.75 86.50 84.50 85.50 25792400
20030529 85.50 87.00 85.00 86.50 15593900
20030530 85.50 89.00 85.25 86.25 22193500
20030602 88.00 90.50 87.75 90.50 14927800
20030603 89.50 89.50 86.75 88.00 12596100
20030604 87.25 88.25 85.50 87.25 15467700
20030605 88.00 88.00 85.75 86.25 17797300
20030606 87.75 88.50 85.25 86.00 19530000
20030609 86.50 87.50 85.25 86.00 15046200
20030610 86.00 86.25 85.00 85.25 10207200
20030611 85.50 87.00 85.25 86.50 11677500
20030612 87.00 88.75 86.50 87.75 21201100
20030613 87.25 90.50 87.25 88.00 21661400
20030616 89.00 90.00 87.25 89.50 19024700
20030617 90.25 93.25 89.50 91.00 26767800
20030618 90.75 94.50 90.00 94.00 24850300
20030619 94.25 95.00 90.00 91.00 20485700
20030620 90.50 91.75 90.00 90.25 10214500
20030623 91.75 91.75 88.00 88.00 12350500
20030624 88.75 88.75 85.50 87.00 24663500
20030625 87.50 88.00 85.75 86.50 12515400
20030626 85.75 86.75 84.00 84.50 12457100
20030627 85.25 86.25 84.00 85.25 10928700
20030630 85.25 86.75 83.75 84.00 8644200
20030701 85.00 85.00 81.75 81.75 21751200
20030702 83.50 85.00 83.25 84.25 11249800
20030703 82.75 86.00 82.75 85.50 26018000
20030704 84.75 86.25 84.75 85.50 8930400
20030707 87.00 88.50 86.25 88.50 15793100
20030708 88.50 89.25 87.00 87.50 19829900
20030709 88.00 88.25 86.00 87.50 12459300
20030710 87.50 88.00 85.75 86.25 10332100
20030711 86.00 90.25 85.50 90.25 19236600
20030714 90.50 94.00 88.50 92.50 16799200
20030715 92.00 94.00 91.00 93.25 15919800
20030716 93.50 96.75 92.00 92.50 28941100
20030717 91.75 92.50 88.00 90.25 36675700
20030718 90.00 91.00 88.75 89.25 18679000
20030721 89.75 90.00 87.50 88.50 11084900
20030722 89.25 90.25 88.00 89.00 16232000
20030723 89.25 89.75 87.75 88.25 15945600
20030724 91.50 93.25 91.25 92.75 52196500
20030725 92.25 97.00 92.25 97.00 36369200
20030728 98.00 98.50 96.00 98.50 32357700
20030729 96.00 99.00 95.75 96.50 28059400
20030730 95.50 97.75 95.50 97.25 17925900
20030731 97.75 101.50 97.50 100.75 33898600
20030801 100.00 102.00 99.25 100.00 19148800
20030804 99.75 100.25 98.50 99.50 12038000
20030805 100.25 101.25 99.00 101.00 13284900
20030806 99.00 101.00 95.00 95.75 35211700
20030807 96.50 97.75 95.50 97.50 14579300
20030808 96.50 98.00 96.00 97.00 10789700
20030811 97.50 99.00 96.75 98.50 14406900
20030812 97.75 99.25 97.25 98.00 11246800
20030813 98.75 100.50 98.50 99.25 13817800
20030814 100.00 102.00 99.00 101.75 10350200
20030815 102.00 103.00 101.25 102.00 12544200
20030818 102.75 103.75 102.00 103.50 9157000
20030819 103.00 105.25 103.00 105.25 14967300
20030820 105.75 105.75 101.25 103.50 21779200
20030821 102.75 105.00 102.00 102.75 18762600
20030822 102.00 104.00 102.00 103.00 7719400
20030825 103.00 103.00 103.00 103.00 0
20030826 103.00 103.25 100.25 101.50 14664800
20030827 101.75 102.25 99.75 100.25 16092200
20030828 100.25 102.50 99.25 100.00 22460900
20030829 102.25 102.50 99.00 99.50 15853900
20030901 100.00 104.25 99.75 103.25 14289800
20030902 104.00 106.00 103.25 104.50 20529400
20030903 106.00 108.00 105.00 106.50 18242000
20030904 106.00 107.00 103.00 103.25 19579500
20030905 104.25 104.50 102.00 103.00 23871800
20030908 102.50 105.50 101.80 105.00 16157100
20030909 105.25 105.75 102.25 103.00 21305400
20030910 101.25 103.07 97.57 98.00 26780300
20030911 98.75 101.25 98.00 98.75 25354000
20030912 100.25 100.50 96.25 98.00 14888500
20030915 99.50 100.75 98.50 100.25 16633700
20030916 100.25 102.25 100.25 101.50 26600500
20030917 102.00 104.00 102.00 103.00 33691400
20030918 103.25 104.25 102.50 103.75 15779100
20030919 103.00 104.00 99.25 100.00 24746000
20030922 99.25 100.00 97.25 98.25 18926800
20030923 99.25 97.00 96.00 96.25 27793100
20030924 97.50 99.50 97.00 97.25 17560900
20030925 96.00 97.50 95.00 96.00 24390400
20030926 95.75 96.00 92.25 95.00 28764600
20030929 94.75 96.75 93.50 94.75 16029000
20030930 95.25 96.25 92.00 92.25 30403700
20031001 93.00 95.50 92.25 95.50 21846100
20031002 96.50 97.50 95.50 96.75 20531000
20031003 96.75 100.00 96.25 98.25 27158000
20031006 97.75 99.50 97.00 97.25 11397800
20031007 97.75 97.75 95.50 97.50 10169500
20031008 97.50 98.75 96.50 98.00 19355100
20031009 98.75 99.75 97.25 99.50 17455800
20031010 99.50 100.50 98.00 99.50 18036000
20031013 99.50 101.75 99.50 101.25 15673700
20031014 101.50 102.00 100.25 101.00 14670200
20031015 102.25 104.00 101.75 103.50 22334300
20031016 102.75 103.75 102.00 102.75 16359000
20031017 103.25 105.50 102.50 104.00 24665600
20031020 104.25 107.50 103.75 104.75 22212200
20031021 105.25 109.00 104.50 108.25 40692900
20031022 108.00 108.00 104.00 106.75 24929400
20031023 103.50 105.00 101.50 103.25 31444100
20031024 104.25 104.75 102.00 103.50 13198300
20031027 105.00 105.25 103.25 104.50 8493600
20031028 104.75 105.50 102.75 104.50 11409300
20031029 105.50 105.50 103.50 104.25 9828200
20031030 104.00 105.50 102.25 103.25 31597500
20031031 103.50 104.00 102.00 104.00 19407600
20031103 103.50 107.00 103.50 106.25 12461700
20031104 105.50 107.25 105.50 106.50 13206600
20031105 106.50 106.50 103.25 104.00 17134000
20031106 104.25 106.25 103.00 103.75 16742800
20031107 104.25 107.75 104.25 107.25 21599400
20031110 106.25 106.75 105.00 105.75 11238700
20031111 105.00 105.75 104.50 105.50 10948300
20031112 106.00 107.00 105.00 106.50 8337600
20031113 107.50 108.00 105.25 106.00 11442900
20031114 106.00 106.25 105.00 105.25 8592500
20031117 104.00 105.00 103.75 103.75 17563900
20031118 104.25 104.50 101.50 102.00 22936100
20031119 101.25 102.00 100.50 101.25 22779300
20031120 102.25 102.50 99.75 101.50 19941300
20031121 101.75 101.75 100.00 100.75 10168100
20031124 101.75 102.25 101.00 102.00 13765600
20031125 102.00 102.50 100.75 101.00 11762500
20031126 101.00 103.00 101.00 101.25 16166900
20031127 101.42 101.50 100.00 101.00 10882100
20031128 100.50 102.25 99.50 99.50 13673700
20031201 100.75 101.50 100.00 101.25 13837200
20031202 100.50 101.25 99.00 99.75 15166900
20031203 100.00 100.25 98.75 99.75 19083100
20031204 101.00 100.00 98.75 99.75 16696800
20031205 99.25 99.75 97.50 99.25 12260500
20031208 98.50 99.75 97.25 97.75 10647500
20031209 98.25 99.75 98.00 98.50 17000000
20031210 98.00 98.25 96.00 96.50 14634600
20031211 96.50 97.00 95.50 96.00 16710700
20031212 96.06 97.25 95.50 95.75 10432900
20031215 97.00 97.25 95.50 95.75 12209200
20031216 95.50 96.75 94.75 96.00 14008200
20031217 95.75 97.00 95.75 95.75 23826400
20031218 96.00 97.00 95.50 96.00 14407800
20031219 96.81 97.50 96.00 97.25 15073700
20031222 96.50 97.25 96.00 96.25 6319200
20031223 97.25 97.75 96.25 97.75 8457300
20031224 97.00 98.50 97.00 97.50 3145100
20031225 97.50 97.50 97.50 97.50 0
20031226 97.50 97.50 97.50 97.50 0
20031229 97.50 99.00 97.50 98.50 7727600
20031230 99.00 99.50 98.25 99.50 9746100
20031231 98.75 100.25 98.75 100.25 5463000
20040101 100.25 100.25 100.25 100.25 0
20040102 99.50 102.00 98.75 101.75 10779500
20040105 101.25 103.00 100.75 102.25 20831100
20040106 102.88 104.00 102.00 103.00 22303200
20040107 102.75 103.25 99.00 99.50 26780800
20040108 99.75 103.00 99.50 102.25 32921700
20040109 102.00 103.00 101.25 101.25 15367400
20040112 101.50 102.25 101.00 101.50 15688300
20040113 102.25 102.25 99.50 99.75 29849900
20040114 100.75 105.00 100.00 104.50 49106900
20040115 105.00 108.50 104.25 107.25 43254100
20040116 108.00 108.75 106.75 108.75 16635800
20040119 109.50 110.00 108.50 109.50 20234900
20040120 110.00 110.00 108.25 109.00 22407200
20040121 108.28 109.50 106.75 107.75 11722700
20040122 108.50 108.50 105.75 107.00 19969900
20040123 106.00 108.00 105.25 107.50 23146200
20040126 104.88 106.00 101.75 102.25 34157600
20040127 103.00 103.75 100.25 100.75 52167600
20040128 100.25 103.50 99.50 101.75 36969900
20040129 101.00 101.50 99.25 99.50 27779200
20040130 99.44 101.00 98.75 99.00 33371800
20040202 99.25 101.50 99.00 99.25 33899800
20040203 99.00 99.25 97.50 98.25 24702100
20040204 97.75 99.25 97.50 98.50 15905400
20040205 98.00 99.00 97.25 97.25 17105400
20040206 98.75 101.00 98.50 101.00 37739300
20040209 101.00 102.25 100.50 102.00 24933500
20040210 101.50 101.75 100.00 100.25 15771100
20040211 99.50 101.00 99.50 100.50 25660400
20040212 100.50 101.25 98.75 99.50 29683700
20040213 99.75 100.25 98.25 99.50 27591700
20040216 99.50 100.00 98.75 99.00 11511800
20040217 99.00 100.25 98.75 100.00 25506700
20040218 101.50 104.50 101.50 103.50 56640400
20040219 104.00 105.25 103.50 104.75 26335200
20040220 104.50 104.50 102.75 103.00 13401100
20040223 103.25 104.50 103.25 104.25 13413200
20040224 102.75 104.50 100.75 101.00 51368800
20040225 101.75 103.25 101.25 103.00 36870900
20040226 103.75 104.25 100.25 101.00 35301900
20040227 102.00 102.50 100.00 100.00 19936900
20040301 101.00 102.25 100.75 101.25 28949600
20040302 101.50 102.00 100.00 101.00 17003100
20040303 100.50 101.75 99.50 100.00 40171700
20040304 100.00 103.00 99.75 102.50 44944600
20040305 102.25 104.25 102.25 103.00 32374000
20040308 103.25 104.00 102.75 103.75 15493200
20040309 103.25 103.50 102.00 102.25 16318000
20040310 101.50 102.00 100.50 101.50 13688600
20040311 100.00 100.25 97.00 97.00 39264900
20040312 96.75 99.25 98.00 99.00 34379900
20040315 99.00 99.00 95.25 95.50 11993300
20040316 95.25 96.50 95.00 96.00 20068400
20040317 96.25 96.50 95.00 96.00 30360500
20040318 96.25 96.50 93.50 94.00 30519800
20040319 94.25 95.00 92.00 93.50 35617800
20040322 93.00 93.50 92.25 93.00 25523100
20040323 93.75 94.75 93.25 93.25 27954400
20040324 94.50 96.00 94.00 94.50 35202900
20040325 94.75 97.25 94.00 97.25 20024900
20040326 97.50 97.75 96.00 96.75 15949000
20040329 95.75 98.25 95.75 97.75 13143000
20040330 97.75 98.75 96.75 98.50 28660000
20040331 96.00 96.50 94.25 94.75 36055300
20040401 95.50 95.50 94.00 95.00 20336200
20040402 94.50 97.00 94.50 96.75 28243900
20040405 96.00 97.50 95.50 97.25 14433900
20040406 98.00 98.00 94.00 95.75 35240600
20040407 95.75 96.50 94.25 95.00 28231500
20040408 95.00 95.75 94.50 94.75 13347600
20040409 94.75 94.75 94.75 94.75 0
20040412 94.75 94.75 94.75 94.75 0
20040413 95.50 97.75 94.00 97.50 47299200
20040414 97.25 97.25 94.25 95.00 34833100
20040415 95.00 95.00 92.25 92.75 33547100
20040416 92.50 95.50 92.50 95.25 29926800
20040419 95.25 95.50 94.50 95.25 15405200
20040420 95.50 96.50 95.50 96.00 20032300
20040421 95.00 96.50 95.00 96.00 22888100
20040422 96.00 96.75 95.50 96.00 18697700
20040423 96.50 97.00 95.00 95.75 23792600
20040426 95.75 97.75 95.50 97.50 24158600
20040427 98.00 98.25 95.75 97.00 18500100
20040428 96.00 96.00 94.50 94.75 36969900
20040429 94.75 95.25 93.75 94.00 16928600
20040430 94.00 94.75 93.25 93.50 19596700
20040503 93.50 93.50 93.50 93.50 0
20040504 93.50 95.25 93.00 94.25 16510200
20040505 94.75 95.00 93.00 93.00 22429000
20040506 93.00 93.25 90.75 91.00 26883400
20040507 91.75 92.75 88.75 92.00 21531500
20040510 89.75 91.00 88.75 89.00 20331100
20040511 89.75 91.75 89.75 91.25 30093400
20040512 91.25 92.25 90.50 91.25 29281800
20040513 92.00 92.75 90.50 91.00 27366200
20040514 91.25 91.25 88.75 90.25 23986100
20040517 88.50 89.50 86.50 88.75 27676000
20040518 89.50 90.00 88.25 89.25 14692600
20040519 89.50 92.00 89.50 90.75 37563200
20040520 90.00 91.25 89.25 90.75 17538600
20040521 91.00 91.25 89.75 90.75 17645700
20040524 91.25 91.75 89.75 90.00 13237600
20040525 89.50 90.00 88.25 89.50 17130500
20040526 89.75 90.75 88.50 89.50 21423100
20040527 89.75 91.25 88.25 90.50 24658900
20040528 91.00 91.50 88.00 89.00 29620800
20040531 89.00 89.00 89.00 89.00 0
20040601 89.00 89.00 87.25 87.75 17115500
20040602 88.50 88.50 87.00 87.25 26229200
20040603 87.00 88.00 86.75 88.00 11033300
20040604 88.25 89.75 87.50 89.00 10972800
20040607 89.00 90.75 89.00 90.50 15402300
20040608 91.00 91.00 89.00 90.00 27068300
20040609 90.50 91.25 89.25 90.00 22647400
20040610 89.00 92.75 89.00 92.00 34070300
20040611 91.75 92.50 90.75 92.25 16857300
20040614 91.25 92.50 90.75 91.00 10943700
20040615 90.25 93.00 90.25 92.75 16332200
20040616 92.50 94.50 92.50 94.25 25449700
20040617 94.00 94.50 92.00 92.75 21098300
20040618 92.50 93.50 91.25 93.50 9558000
20040621 93.25 93.25 91.75 92.75 9707200
20040622 92.25 93.50 91.50 92.50 10861900
20040623 92.50 93.25 91.50 92.25 15439300
20040624 93.00 94.25 91.75 93.50 21359600
20040625 93.75 94.00 92.75 93.25 13579200
20040628 92.75 94.75 92.25 94.00 11416100
20040629 93.75 95.00 93.50 95.00 11939200
20040630 94.50 96.25 94.50 95.00 21675600
20040701 95.50 95.75 94.25 94.50 24774900
20040702 95.50 98.50 94.75 98.50 72946304
20040705 98.00 99.25 97.50 97.75 27905600
20040706 97.75 98.00 94.50 94.50 36165900
20040707 94.50 95.50 94.00 94.50 23658800
20040708 94.75 95.25 93.25 94.25 16651900
20040709 93.50 95.50 93.00 95.00 16384600
20040712 95.00 96.75 95.00 95.50 15479800
20040713 96.25 96.25 94.75 95.00 15261000
20040714 95.00 95.50 94.25 95.25 14809400
20040715 95.00 95.25 93.75 94.25 11920500
20040716 93.75 94.75 93.00 93.50 12384100
20040719 93.00 93.75 92.75 93.00 8194900
20040720 92.00 93.75 92.00 93.50 12343900
20040721 94.75 95.00 93.75 94.25 12914000
20040722 93.75 93.75 92.50 93.50 13893200
20040723 93.50 95.00 92.75 94.25 20110000
20040726 94.00 94.50 93.00 93.00 7737600
20040727 94.25 95.50 93.50 95.00 15103800
20040728 95.50 96.75 94.25 96.75 21634300
20040729 99.00 99.50 98.00 98.25 41570000
20040730 97.75 98.75 96.50 97.00 26523900
20040802 97.25 98.00 96.25 97.50 15807200
20040803 97.50 97.75 96.00 96.25 21504000
20040804 96.25 96.50 95.25 96.25 16553600
20040805 97.00 98.00 95.50 97.75 22480500
20040806 97.00 97.00 93.50 94.50 32359800
20040809 94.50 96.00 92.00 93.00 24083700
20040810 93.25 95.00 93.00 95.00 8592400
20040811 95.00 95.75 92.50 93.25 14786300
20040812 94.00 94.25 92.75 93.00 9458600
20040813 93.00 94.00 92.25 92.25 7989100
20040816 92.50 95.50 91.50 94.50 14635400
20040817 94.50 95.50 93.50 94.25 13135900
20040818 95.00 95.75 94.00 95.25 12147500
20040819 96.00 96.25 93.75 94.50 13256900
20040820 94.50 95.00 93.50 95.00 7707700
20040823 96.25 96.25 94.25 94.75 12253200
20040824 95.00 96.00 94.75 96.00 11361600
20040825 95.75 97.50 95.75 96.75 25066700
20040826 97.00 99.50 97.00 99.50 25087100
20040827 99.50 101.75 99.00 101.75 27353600
20040830 101.75 101.75 101.75 101.75 0
20040831 100.50 101.50 99.50 99.50 21800700
20040901 100.75 101.75 100.25 100.75 17739500
20040902 100.50 102.00 99.75 101.50 14926600
20040903 102.00 104.75 101.00 104.25 29541800
20040906 103.50 105.00 102.75 104.25 9499700
20040907 103.75 104.00 102.00 103.75 29677300
20040908 101.25 103.25 100.75 101.50 24801200
20040909 101.50 102.25 100.25 100.50 18287600
20040910 101.00 102.00 100.75 101.75 10424200
20040913 101.75 103.75 101.75 103.75 14395400
20040914 103.75 103.75 101.50 102.00 16498300
20040915 102.00 103.00 101.25 101.25 9922100
20040916 102.25 103.75 101.50 102.75 17670700
20040917 103.50 105.00 102.25 104.75 27514500
20040920 103.75 104.50 102.50 102.75 14508500
20040921 103.00 103.25 101.75 102.25 22311900
20040922 102.50 102.50 100.50 100.50 15129900
20040923 100.25 101.00 99.50 100.00 21091200
20040924 100.00 100.25 98.50 99.00 14798600
20040927 98.25 98.75 97.50 97.75 8266200
20040928 97.50 98.50 96.75 98.00 7496700
20040929 99.00 99.50 97.75 98.25 17353200
20040930 98.75 100.25 98.75 99.25 21353800
20041001 99.75 103.25 99.25 102.50 30370900
20041004 103.50 105.75 103.00 105.00 28691300
20041005 105.00 105.50 103.75 104.50 14421000
20041006 104.50 105.00 103.25 105.00 11671000
20041007 105.00 105.00 102.75 103.00 18302400
20041008 103.00 103.25 101.75 102.25 22197900
20041011 102.25 102.50 101.00 102.00 23853900
20041012 103.00 103.00 100.00 100.25 24021500
20041013 99.25 102.75 98.75 101.75 20019400
20041014 102.00 102.25 100.00 101.25 25569800
20041015 100.25 101.25 98.75 99.25 22968500
20041018 99.00 100.00 97.50 99.75 21744500
20041019 99.00 102.75 97.75 101.50 43284500
20041020 100.75 100.75 99.00 99.50 29476600
20041021 99.25 100.75 98.75 99.50 17719000
20041022 100.25 101.75 99.75 100.50 15871800
20041025 100.00 100.00 97.75 98.50 14593700
20041026 99.25 100.25 98.75 100.00 11696700
20041027 101.00 101.25 99.00 100.00 10423700
20041028 100.50 101.25 99.50 100.00 14425600
20041029 100.50 100.50 99.00 99.00 10631700
20041101 99.50 101.00 99.00 100.75 15786600
20041102 101.00 102.25 100.50 102.00 11285500
20041103 103.00 104.25 102.50 103.50 19262000
20041104 103.75 103.75 101.75 103.00 8339200
20041105 103.75 105.25 103.75 104.50 19683500
20041108 104.75 105.25 103.50 104.25 15614100
20041109 103.75 104.50 103.00 104.00 10797800
20041110 104.50 105.00 102.75 103.75 12419000
20041111 103.75 106.00 103.25 105.75 8500000
20041112 106.00 108.25 105.75 106.75 25596800
20041115 107.25 107.50 106.00 107.50 18720700
20041116 107.50 107.75 105.75 106.50 14109100
20041117 106.00 109.25 105.50 109.25 21877200
20041118 109.50 109.50 106.75 109.50 17157000
20041119 109.00 109.25 107.50 108.25 10404700
20041122 108.00 108.50 106.50 107.50 8510200
20041123 108.00 109.00 107.50 108.00 8945200
20041124 108.50 109.00 106.50 107.00 15461800
20041125 107.00 108.25 106.75 107.25 5282800
20041126 107.00 107.25 106.00 107.00 6744100
20041129 106.75 108.50 106.75 107.00 11850800
20041130 107.75 107.75 106.25 106.25 11248700
20041201 106.50 108.00 106.25 107.75 17742800
20041202 108.00 112.50 108.00 112.00 29918700
20041203 111.75 114.75 109.00 110.50 46424900
20041206 109.75 110.50 108.50 110.00 9887700
20041207 109.25 110.00 107.25 107.75 26773000
20041208 107.00 107.75 106.00 107.25 20320600
20041209 107.75 107.75 106.50 107.25 12159600
20041210 108.00 108.00 106.50 106.50 7353300
20041213 107.75 109.00 108.25 109.00 11313600
20041214 109.75 110.25 107.75 108.75 10775600
20041215 109.00 111.00 108.25 110.00 13699400
20041216 110.75 111.00 108.25 110.75 13465700
20041217 109.75 110.75 109.00 109.75 15997500
20041220 109.50 111.50 109.00 111.25 7886400
20041221 111.00 111.25 108.50 108.75 12533600
20041222 109.00 110.50 108.50 110.00 11923600
20041223 109.75 110.25 109.00 109.25 5030900
20041224 109.50 110.25 109.50 109.75 1518700
20041227 109.75 109.75 109.75 109.75 0
20041228 109.75 109.75 109.75 109.75 0
20041229 110.50 110.75 108.75 110.00 3894300
20041230 109.75 110.75 109.75 110.50 2118000
20041231 109.75 110.50 109.75 110.00 874600
20050103 110.00 110.00 110.00 110.00 0
20050104 109.50 112.50 109.25 111.25 9437800
20050105 111.00 113.25 109.75 112.75 15953600
20050106 112.50 116.75 112.00 116.25 34170600
20050107 116.00 117.00 115.25 116.50 24296200
20050110 116.75 117.75 115.25 117.50 12609100
20050111 116.50 116.50 113.50 114.00 24237300
20050112 113.75 114.50 112.25 113.00 15411000
20050113 113.75 114.00 113.00 113.25 11104100
20050114 113.00 113.50 111.50 113.00 12446000
20050117 113.25 115.50 113.25 115.50 11620500
20050118 115.75 116.00 112.75 115.25 18673400
20050119 115.25 116.50 114.25 114.50 13016400
20050120 113.75 114.75 112.75 114.25 11618500
20050121 115.00 115.00 112.75 113.25 8464500
20050124 113.50 114.00 112.00 113.75 5384100
20050125 114.00 116.50 114.00 116.25 13427300
20050126 116.75 117.00 114.50 116.00 8808700
20050127 116.25 116.25 114.25 115.00 7591200
20050128 115.50 116.75 114.75 115.25 8008500
20050131 115.25 117.00 115.00 115.00 6036700
20050201 115.25 115.50 113.50 115.25 21804600
20050202 115.00 116.75 114.50 116.25 17377500
20050203 116.50 117.75 115.25 117.25 16502800
20050204 117.50 118.75 116.00 118.00 20887200
20050207 118.50 120.00 117.75 119.00 15020300
20050208 118.25 119.50 117.25 118.25 14982600
20050209 118.50 118.50 116.75 117.25 11572300
20050210 117.50 118.00 116.00 116.25 15834400
20050211 116.75 118.25 116.25 117.75 10298200
20050214 117.50 118.25 116.75 117.25 5716800
20050215 118.50 118.50 116.00 117.75 14013000
20050216 117.50 117.50 115.75 116.75 14425300
20050217 116.50 118.50 116.50 117.50 10992500
20050218 117.50 119.00 117.50 119.00 11454800
20050221 118.75 119.50 118.00 118.75 7419100
20050222 118.25 119.00 116.75 117.25 16841400
20050223 117.00 118.50 114.50 118.00 14036200
20050224 118.50 120.25 117.50 117.50 33329900
20050225 117.50 119.50 117.50 119.25 9400300
20050228 119.00 120.50 118.00 118.00 15451400
20050301 117.75 118.00 116.50 117.25 24089600
20050302 117.25 117.25 115.75 116.50 18154900
20050303 116.75 116.75 115.25 116.00 23357200
20050304 116.50 117.50 115.50 117.25 10593400
20050307 117.00 119.00 117.00 117.50 13506000
20050308 117.75 118.00 116.25 116.75 13506800
20050309 117.00 117.75 116.00 116.75 14825700
20050310 116.00 118.00 116.00 117.25 16953900
20050311 117.75 119.25 117.50 118.75 17805700
20050314 118.25 118.75 117.25 118.50 7239100
20050315 118.00 119.00 117.25 118.50 16055400
20050316 118.00 119.50 117.75 118.00 27097500
20050317 118.50 119.25 117.25 118.00 26076500
20050318 118.50 119.00 116.75 117.25 20262600
20050321 117.50 119.25 117.50 118.75 11423600
20050322 118.75 119.00 117.25 118.25 23140800
20050323 117.00 117.75 116.00 117.50 13814100
20050324 117.50 119.00 117.25 117.75 26444200
20050325 117.75 117.75 117.75 117.75 0
20050328 117.75 117.75 117.75 117.75 0
20050329 117.00 118.00 115.75 116.75 30287000
20050330 113.50 114.00 112.25 113.25 15394200
20050331 114.00 114.25 112.75 113.25 17047900
20050401 113.75 114.00 112.50 112.75 14293300
20050404 112.75 112.75 110.75 111.75 13934800
20050405 112.50 113.25 111.75 112.75 16227700
20050406 113.25 113.25 112.50 112.75 11706800
20050407 112.75 113.50 111.25 113.00 13300200
20050408 113.25 114.00 113.00 113.25 12318000
20050411 113.50 115.25 113.00 114.75 16498200
20050412 114.75 116.00 114.25 114.50 33128000
20050413 115.00 116.00 114.50 114.50 9257600
20050414 113.75 114.50 113.00 114.00 21157900
20050415 113.50 113.50 111.25 111.75 12845100
20050418 109.25 111.00 108.50 109.75 14664300
20050419 109.50 111.00 109.50 110.50 22526800
20050420 110.50 110.75 108.75 109.00 14186600
20050421 108.75 109.75 108.00 108.50 10878500
20050422 109.25 110.25 109.25 109.75 7192600
20050425 110.00 110.00 108.00 108.50 16249800
20050426 108.75 108.75 107.00 107.25 20864300
20050427 107.50 108.50 105.50 106.00 23669600
20050428 106.25 107.75 104.00 104.00 20808600
20050429 103.50 105.00 103.25 104.25 25867200
20050502 104.25 104.25 104.25 104.25 0
20050503 105.25 108.00 105.25 107.25 32641500
20050504 107.00 109.50 107.00 108.75 18116600
20050505 109.25 110.75 109.00 110.25 11881500
20050506 110.00 110.00 109.00 109.50 13684800
20050509 109.75 109.75 107.75 108.00 12565200
20050510 108.75 109.00 107.00 107.25 7856700
20050511 107.50 108.25 106.75 107.25 9886300
20050512 108.50 109.00 107.75 108.00 7209600
20050513 107.75 108.50 107.00 108.00 7452200
20050516 107.50 109.25 107.00 108.50 8591600
20050517 108.50 108.75 107.25 107.50 11752900
20050518 108.50 110.75 107.50 110.50 18636800
20050519 109.75 113.00 109.75 112.75 21723200
20050520 113.00 113.25 110.25 110.75 12076400
20050523 111.00 112.25 110.75 111.75 5816100
20050524 111.75 112.25 110.00 111.00 8865700
20050525 111.00 111.50 109.50 109.75 13347500
20050526 109.00 111.00 109.00 110.00 16184300
20050527 109.75 110.00 109.00 109.00 14625000
20050530 109.00 109.00 109.00 109.00 0
20050531 109.75 110.75 108.50 108.50 11332400
20050601 109.25 110.25 107.75 109.75 13633400
20050602 109.75 110.75 109.50 110.50 10981300
20050603 110.50 110.50 110.50 110.50 0
20050606 110.50 111.75 109.25 109.50 11313800
20050607 109.75 111.75 109.50 111.75 7530200
20050608 111.50 111.50 109.50 109.75 9677800
20050609 109.25 110.50 108.50 109.00 12495900
20050610 110.00 110.00 109.00 109.00 21071700
20050613 109.75 110.75 108.50 109.25 11677300
20050614 109.75 109.75 108.75 108.75 12451800
20050615 109.50 111.50 108.75 110.75 16496000
20050616 111.50 111.75 111.00 111.25 6994500
20050617 111.25 113.50 111.25 112.00 18774900
20050620 111.25 111.75 109.75 111.25 8642800
20050621 111.75 111.75 110.50 111.00 10219900
20050622 111.00 114.00 110.75 113.50 24724700
20050623 114.25 114.25 112.75 113.75 19306500
20050624 113.25 113.25 111.50 112.00 11024100
20050627 111.50 111.75 110.25 110.75 9542500
20050628 110.75 112.25 110.50 111.75 13453200
20050629 113.00 114.00 112.50 113.25 12478400
20050630 113.50 115.75 113.25 115.00 24427700
20050701 114.50 115.75 114.00 115.00 19388900
20050704 114.75 116.00 114.25 115.25 11241400
20050705 115.75 115.75 114.00 114.50 11577800
20050706 115.00 115.75 114.25 115.25 15246700
20050707 115.50 115.50 108.75 113.50 26625600
20050708 114.25 115.25 113.00 114.75 10512000
20050711 116.00 116.50 114.75 116.00 10177900
20050712 115.75 116.75 115.00 115.25 13782200
20050713 115.75 117.00 115.25 116.25 12808700
20050714 116.75 118.25 116.50 117.00 29714400
20050715 117.25 117.75 115.50 116.50 21218100
20050718 116.50 117.00 115.00 115.25 37594100
20050719 115.25 116.25 114.25 114.75 37229400
20050720 115.25 116.25 114.50 115.00 34699100
20050721 115.50 117.00 113.25 115.50 32344300
20050722 115.75 115.75 113.50 114.25 32881100
20050725 114.25 115.00 113.75 114.00 23180700
20050726 113.75 115.75 113.75 115.00 23280700
20050727 114.50 117.00 114.50 115.50 29427000
20050728 114.25 116.00 113.25 114.25 46481300
20050729 115.00 115.75 113.75 114.50 27577500
20050801 115.00 115.00 113.50 114.25 23716000
20050802 114.25 115.25 113.50 114.75 40086200
20050803 114.75 115.75 114.00 115.25 32498600
20050804 115.75 115.75 113.50 113.75 20638800
20050805 113.25 114.00 111.75 111.75 38400500
20050808 112.25 114.50 111.75 112.25 32108900
20050809 112.75 113.00 110.50 111.00 34278600
20050810 110.75 113.00 110.25 111.75 50646000
20050811 111.75 112.00 110.25 110.50 54615300
20050812 111.00 111.50 110.75 110.75 49942400
20050815 111.25 112.25 110.50 110.50 23578800
20050816 111.00 111.25 110.00 110.75 22071300
20050817 109.75 111.25 109.50 110.50 22900100
20050818 110.50 110.50 108.75 108.75 30052800
20050819 109.00 110.25 109.00 110.00 31920500
20050822 110.50 112.25 110.50 111.50 30832000
20050823 111.25 111.25 110.00 110.50 35040500
20050824 110.00 110.75 109.25 109.75 21811100
20050825 109.25 110.00 108.75 108.75 16538100
20050826 108.75 110.75 108.75 109.50 27160400
20050829 109.50 109.50 109.50 109.50 0
20050830 110.50 111.50 109.75 110.50 28752900
20050831 110.75 112.00 110.25 111.25 43863200
20050901 112.00 113.00 111.50 112.00 37514900
20050902 111.50 113.75 111.50 111.75 52552300
20050905 112.25 112.75 111.25 111.50 15375300
20050906 111.75 113.50 111.50 113.00 23765900
20050907 112.00 112.75 111.50 112.00 24654600
20050908 113.00 114.50 112.25 112.50 33326600
20050909 113.25 113.50 112.25 113.25 15996500
20050912 113.75 113.75 111.75 112.00 38661200
20050913 112.00 112.50 110.50 110.75 19512800
20050914 110.75 111.00 109.25 110.00 34584700
20050915 110.25 110.25 109.00 109.50 29478200
20050916 110.00 112.00 109.00 111.25 52232400
20050919 111.00 111.75 110.50 111.00 16875200
20050920 110.75 112.00 110.50 111.50 26149400
20050921 110.50 112.25 110.50 110.75 45448300
20050922 110.00 110.75 109.25 109.75 17466200
20050923 109.75 110.50 109.00 109.75 30308600
20050926 111.00 112.25 110.50 112.00 17249500
20050927 111.75 111.75 110.50 111.00 36926700
20050928 111.75 111.75 109.75 111.75 53051700
20050929 111.75 112.00 111.00 111.75 25782100
20050930 112.25 113.75 112.00 113.50 51438200
20051003 113.50 114.75 113.00 114.25 42688000
20051004 112.00 112.00 110.50 111.50 88145800
20051005 111.50 112.75 111.25 111.75 27790000
20051006 110.25 111.00 109.00 109.00 48904900
20051007 108.50 109.75 107.25 107.75 55519600
20051010 107.50 109.00 107.50 108.50 28648900
20051011 108.25 109.75 108.25 109.00 39138100
20051012 108.00 109.00 107.75 107.75 18861500
20051013 107.75 108.00 105.50 106.25 55566800
20051014 106.50 107.50 106.25 107.25 34751700
20051017 107.25 107.25 105.75 105.75 14773000
20051018 106.00 108.25 105.50 105.75 27972300
20051019 105.00 105.00 102.50 102.75 57170000
20051020 107.00 107.50 102.00 102.75 48880300
20051021 102.50 106.00 102.50 105.75 46913300
20051024 106.50 106.75 104.50 106.00 19676000
20051025 106.75 107.50 105.50 105.75 17992000
20051026 107.00 107.00 105.00 106.00 25817500
20051027 105.25 106.00 104.75 105.00 25861500
20051028 105.00 105.50 103.75 105.00 25507300
20051031 105.75 109.25 105.75 107.25 25774000
20051101 107.25 109.00 106.25 109.00 42043100
20051102 109.25 110.25 108.00 108.75 29555500
20051103 108.75 110.75 108.75 108.75 28199100
20051104 109.50 111.50 109.50 110.75 61169700
20051107 111.00 113.00 111.00 111.00 41643300
20051108 111.00 112.50 111.00 111.50 20837200
20051109 112.25 112.25 109.50 110.00 28173600
20051110 110.75 112.00 109.50 111.25 33307300
20051111 112.50 112.50 111.25 112.00 16128600
20051114 111.50 111.75 110.25 110.75 22680000
20051115 111.00 111.50 109.25 111.00 20115100
20051116 111.50 111.50 109.75 110.75 21351700
20051117 110.50 111.25 108.75 110.75 82014704
20051118 111.50 113.50 111.25 111.75 41723600
20051121 112.25 112.75 111.00 111.75 32094100
20051122 112.25 114.50 112.25 114.25 50541600
20051123 115.00 115.50 114.00 114.25 39163300
20051124 114.50 115.50 113.75 115.00 21066400
20051125 115.50 115.50 114.00 114.25 21414800
20051128 115.25 117.75 115.25 116.25 67490000
20051129 116.50 119.00 116.50 118.50 76019504
20051130 118.75 118.75 116.50 117.00 38815200
20051201 117.00 118.75 116.25 118.50 41383400
20051202 118.50 121.00 118.50 120.25 43740100
20051205 120.75 121.75 119.75 120.25 26111700
20051206 120.00 121.50 119.75 121.25 22809900
20051207 121.50 122.50 120.00 120.50 34238000
20051208 119.50 120.50 119.00 120.00 31946600
20051209 120.00 120.00 118.50 119.75 21254700
20051212 120.50 121.25 119.50 120.00 14132800
20051213 119.50 119.50 118.25 118.50 40350700
20051214 119.25 119.25 117.25 118.25 53179400
20051215 118.25 118.50 116.25 116.75 32817800
20051216 117.25 119.00 117.00 118.75 36038500
20051219 119.25 120.00 118.25 119.50 21773100
20051220 119.50 119.75 118.75 119.50 35893600
20051221 119.00 120.75 118.25 119.75 22393900
20051222 119.75 120.75 119.25 120.25 21850400
20051223 119.75 121.25 119.75 120.75 3392400
20051226 120.75 120.75 120.75 120.75 0
20051227 120.75 120.75 120.75 120.75 0
20051228 122.00 122.00 120.50 121.50 9518800
20051229 121.00 122.75 120.25 121.75 13588300
20051230 122.00 122.50 121.00 122.00 11169000
20060102 122.00 122.00 122.00 122.00 0
20060103 121.75 124.00 121.25 123.75 44769800
20060104 125.25 127.25 125.25 126.50 75907904
20060105 127.25 127.50 125.50 126.00 34957100
20060106 126.75 127.50 125.50 127.50 52625200
20060109 128.25 129.00 126.75 127.00 30198300
20060110 127.25 127.50 125.25 125.50 34031800
20060111 126.25 128.50 125.00 128.50 45284000
20060112 128.50 129.50 127.50 127.50 49836800
20060113 127.50 128.50 126.75 128.00 47635800
20060116 127.75 128.75 127.25 128.25 19447300
20060117 128.00 128.00 126.50 127.00 33585300
20060118 125.50 126.25 124.25 125.50 29758400
20060119 126.50 127.00 125.50 126.50 37439700
20060120 126.00 128.00 125.25 126.00 40126200
20060123 124.50 125.50 124.00 124.75 26238500
20060124 124.25 126.00 123.75 125.50 34452300
20060125 126.00 128.25 125.50 127.25 35076200
20060126 127.00 127.75 124.75 126.00 70965504
20060127 126.25 128.00 124.25 127.25 65712700
20060130 126.75 127.25 125.50 126.75 13047100
20060131 126.75 127.75 125.25 125.25 28094000
20060201 125.00 126.50 125.00 126.25 24903600
20060202 127.00 127.25 124.75 125.25 26104700
20060203 126.25 126.75 125.00 125.75 27273900
20060206 125.75 127.50 125.25 125.75 28606500
20060207 126.75 126.75 124.00 125.50 43497400
20060208 124.25 124.75 121.75 122.00 58048300
20060209 122.00 126.00 122.00 125.25 52994800
20060210 125.25 127.75 124.75 126.00 40849100
20060213 126.75 126.75 124.75 126.00 35216500
20060214 126.25 127.50 123.50 124.00 43900400
20060215 124.75 124.75 121.75 124.00 57213000
20060216 124.00 127.00 123.75 126.75 48631500
20060217 126.75 129.25 126.75 128.25 50537300
20060220 128.25 128.75 126.50 128.50 10133600
20060221 129.50 132.50 128.75 131.00 110986600
20060222 130.50 131.75 130.25 131.75 40693600
20060223 132.25 133.50 130.00 130.50 40486000
20060224 130.50 132.25 130.50 131.75 52419500
20060227 133.00 133.25 131.75 132.25 13820500
20060228 131.75 132.25 129.50 130.25 31958900
20060301 129.50 131.00 129.25 130.00 21397400
20060302 129.50 133.00 127.25 129.50 25513000
20060303 129.00 129.00 125.50 127.00 24706500
20060306 126.50 130.00 126.50 128.75 36268000
20060307 128.00 128.00 126.00 126.50 31728500
20060308 127.00 127.00 124.50 125.00 42800500
20060309 126.00 127.50 125.50 127.50 25847700
20060310 127.50 128.50 126.25 128.00 15338600
20060313 128.00 132.50 127.50 131.75 65191300
20060314 131.00 132.50 129.75 130.75 34182500
20060315 130.75 134.50 130.75 133.00 72419200
20060316 133.75 135.00 132.00 134.00 47195800
20060317 138.25 147.00 137.50 143.50 162740496
20060320 148.00 153.75 144.50 144.75 101087104
20060321 144.25 145.50 144.25 145.00 41601600
20060322 145.00 145.25 141.50 142.00 55113200
20060323 142.50 146.25 142.00 146.00 54326900
20060324 146.25 147.00 142.00 145.75 58810100
20060327 145.00 146.75 142.75 143.25 67067700
20060328 144.00 144.75 139.25 140.00 49871000
20060329 140.75 141.75 139.50 140.25 56588800
20060330 141.00 144.00 140.25 143.25 38362500
20060331 143.25 144.00 141.50 142.00 26383100
20060403 142.00 143.75 141.00 143.00 51106400
20060404 142.00 145.25 142.00 145.00 52533700
20060405 144.50 145.50 143.00 144.50 53747600
20060406 146.00 146.00 142.75 143.00 36076700
20060407 143.50 143.50 140.50 140.75 25223500
20060410 141.25 142.50 139.00 141.75 27962400
20060411 141.00 142.25 138.25 138.75 67271104
20060412 139.50 141.00 137.25 140.00 19024100
20060413 140.75 141.25 137.75 141.25 30678400
20060414 141.25 141.25 141.25 141.25 0
20060417 141.25 141.25 141.25 141.25 0
20060418 142.00 143.50 140.00 141.50 72983104
20060419 140.25 141.00 138.25 141.00 24163600
20060420 140.25 144.00 139.25 140.00 112316896
20060421 140.75 142.50 140.00 140.75 30982100
20060424 140.75 141.25 139.00 139.25 38129800
20060425 139.75 142.00 139.75 141.50 43296700
20060426 142.00 144.50 141.50 142.25 188508992
20060427 143.00 143.00 139.25 139.75 53783600
20060428 139.75 140.25 138.00 138.50 39920900
20060501 138.50 138.50 138.50 138.50 0
20060502 137.75 140.25 137.50 139.75 154524304
20060503 139.50 143.00 137.00 137.50 31757400
20060504 138.00 139.25 136.25 139.00 32504900
20060505 138.75 141.25 138.50 140.75 18976600
20060508 141.75 144.00 141.25 142.00 27422900
20060509 141.50 143.75 139.50 139.75 43632200
20060510 139.75 140.25 139.25 139.50 25926100
20060511 139.75 142.25 139.25 139.75 37618600
20060512 139.50 140.00 136.50 136.50 29502100
20060515 136.00 136.53 131.04 135.50 89971600
20060516 135.50 136.00 133.50 134.25 80551104
20060517 134.00 136.42 129.75 130.25 76744896
20060518 131.25 132.00 127.82 130.00 36406800
20060519 128.75 131.75 127.75 129.50 32081700
20060522 129.00 130.65 125.25 126.75 26279700
20060523 126.75 132.13 126.92 130.50 29380600
20060524 128.75 130.48 125.75 125.75 42309000
20060525 126.25 128.00 123.84 127.50 30927700
20060526 129.25 130.75 128.15 130.00 29687600
20060529 130.00 130.00 130.00 130.00 0
20060530 130.00 130.00 125.25 126.00 110045696
20060531 125.75 129.74 120.85 128.00 41800200
20060601 127.75 129.25 126.25 128.25 24128900
20060602 129.50 129.50 125.90 127.25 48799900
20060605 127.25 127.67 124.83 125.75 32108600
20060606 123.50 124.92 123.50 123.75 23414300
20060607 123.50 125.97 123.58 125.50 26550500
20060608 122.25 124.00 121.00 121.50 27935800
20060609 123.00 124.75 122.50 123.25 34504200
20060612 123.00 123.92 119.73 120.75 63649900
20060613 118.00 120.90 117.04 119.25 42039200
20060614 120.00 121.10 118.62 119.75 33881700
20060615 120.50 124.67 120.50 123.75 32849000
20060616 125.00 128.88 122.75 122.75 78578600
20060619 124.25 126.00 123.31 125.75 23512900
20060620 125.25 126.69 123.69 126.50 24451400
20060621 127.50 126.94 124.75 125.50 24680100
20060622 127.25 127.75 125.25 126.75 19998100
20060623 126.25 127.35 125.50 126.25 20188900
20060626 126.50 127.43 126.00 127.25 19046800
20060627 128.75 128.75 125.56 126.00 22700000
20060628 125.75 127.00 124.75 125.50 28204800
20060629 126.25 127.50 126.25 127.25 40307100
20060630 128.50 129.00 127.25 128.25 33505600
20060703 129.00 130.00 128.75 129.75 25468500
20060704 129.75 130.50 128.00 130.25 23902400
20060705 129.50 132.25 128.75 129.25 101580496
20060706 129.50 131.50 129.00 131.25 36376100
20060707 130.75 130.75 128.50 129.25 33748300
20060710 128.75 130.25 128.75 129.75 9164500
20060711 129.75 130.50 128.50 128.75 26676300
20060712 129.25 130.25 127.00 127.75 20463600
20060713 127.00 127.00 123.00 123.50 57582400
20060714 121.50 124.75 121.25 123.50 40071000
20060717 123.50 123.50 121.25 122.50 17645100
20060718 121.50 122.75 120.75 121.00 27156400
20060719 122.00 124.75 121.75 124.25 23409400
20060720 124.50 126.75 124.25 125.00 33747600
20060721 124.75 126.25 123.75 124.25 28785300
20060724 124.25 129.25 124.00 129.25 31518900
20060725 129.75 130.00 127.50 128.00 39611000
20060726 128.25 129.00 126.00 127.25 37719000
20060727 128.25 129.00 125.25 126.50 57444900
20060728 126.00 127.50 123.50 126.75 58840700
20060731 127.00 127.25 124.25 124.25 36088500
20060801 124.00 125.75 122.00 123.00 37470500
20060802 123.00 125.25 122.75 124.75 49389100
20060803 124.75 124.75 124.75 124.75 0
20060804 123.75 126.75 122.50 126.00 49270800
20060807 124.25 125.50 124.25 124.75 20408400
20060808 126.00 126.00 123.00 123.25 50304800
20060809 123.75 125.50 123.00 125.00 29389200
20060810 123.25 124.00 122.00 123.50 26497300
20060811 123.25 124.50 123.25 124.00 16209400
20060814 125.25 125.50 124.00 125.00 14078100
20060815 124.25 127.00 124.25 126.75 15692500
20060816 126.75 127.75 124.75 126.75 20445400
20060817 127.25 129.25 127.00 129.00 23827500
20060818 129.00 129.00 126.50 127.00 25394900
20060821 126.75 127.25 125.25 126.25 25921300
20060822 127.00 128.50 125.50 127.75 31083800
20060823 128.50 129.75 125.50 125.75 39585900
20060824 126.50 128.75 125.00 128.25 65827300
20060825 127.75 129.75 127.50 129.25 37105000
20060828 129.25 129.25 129.25 129.25 0
20060829 130.00 133.75 129.00 131.25 54222700
20060830 131.25 134.50 131.00 133.50 68017504
20060831 133.50 133.75 131.25 131.50 35036300
20060901 131.50 135.75 131.50 135.50 58663900
20060904 135.25 137.00 134.75 137.00 33827000
20060905 137.25 137.50 135.00 136.00 25987000
20060906 135.00 136.75 132.00 132.50 47962300
20060907 131.50 132.00 130.25 130.75 30102400
20060908 131.00 132.25 130.75 131.75 17031700
20060911 131.00 132.50 129.50 132.00 22700300
20060912 131.50 135.75 131.25 135.50 26638500
20060913 136.25 136.25 133.50 134.25 21170600
20060914 134.50 139.25 134.25 136.50 69072096
20060915 136.50 138.75 136.25 138.00 34033000
20060918 138.00 139.25 135.25 136.00 20264800
20060919 136.00 136.50 134.00 134.50 30691000
20060920 135.00 138.00 134.25 137.25 20143700
20060921 138.00 139.50 136.25 137.75 15126100
20060922 136.50 136.75 135.00 135.00 14417700
20060925 135.75 137.25 134.75 135.25 37592700
20060926 135.50 138.25 135.50 137.75 19389600
20060927 138.00 141.25 138.00 141.25 49472300
20060928 140.75 141.75 140.25 140.50 35194400
20060929 141.00 143.25 140.75 142.50 25810100
20061002 141.75 143.50 139.50 140.00 32881200
20061003 139.00 142.00 138.00 142.00 46781100
20061004 143.00 143.50 141.25 142.50 22506500
20061005 143.25 144.25 141.50 142.25 37490700
20061006 142.25 143.75 140.75 142.50 20589500
20061009 142.50 143.00 140.50 141.50 13264800
20061010 141.25 143.50 141.00 143.25 20694000
20061011 142.75 144.25 142.00 143.00 30897300
20061012 142.50 146.00 142.00 145.75 26756400
20061013 145.75 145.75 143.25 144.25 29038800
20061016 144.25 145.75 144.25 145.00 44092100
20061017 144.50 144.75 139.25 139.75 40261800
20061018 139.75 144.50 139.75 143.25 67780200
20061019 143.00 144.50 142.25 143.00 23974700
20061020 143.00 144.25 142.25 143.75 25775700
20061023 145.00 145.00 141.50 143.00 17847400
20061024 143.50 144.75 142.75 144.00 21638700
20061025 143.75 144.25 141.50 142.25 21969000
20061026 142.00 143.75 140.50 142.25 33804700
20061027 143.25 143.50 140.50 141.25 26663200
20061030 140.25 142.75 140.25 142.25 21872700
20061031 141.75 146.25 141.75 144.50 60290900
20061101 144.75 147.00 144.00 144.75 37215300
20061102 144.00 145.75 143.50 144.75 26391800
20061103 145.25 148.50 144.50 147.00 50979200
20061106 147.25 149.75 147.25 149.25 31700600
20061107 149.00 151.50 148.25 151.25 28232700
20061108 150.25 151.00 148.00 148.75 38505100
20061109 148.50 149.25 146.00 147.50 27470900
20061110 147.50 148.00 146.25 147.50 15075100
20061113 149.00 150.00 148.50 149.00 26466200
20061114 149.25 150.25 148.00 149.00 40191100
20061115 150.75 151.25 143.50 146.50 76367200
20061116 146.75 150.25 146.25 149.75 70796704
20061117 150.25 152.25 148.25 150.00 42339400
20061120 149.50 154.00 149.25 153.50 43066200
20061121 153.00 157.50 152.25 153.50 54149100
20061122 154.00 156.75 152.75 153.75 53802400
20061123 154.00 154.00 151.50 152.75 32397300
20061124 153.00 153.25 150.50 152.00 22734200
20061127 152.25 152.50 148.50 148.75 37771200
20061128 149.50 151.00 146.50 149.50 60722300
20061129 150.25 155.75 149.50 153.50 49784800
20061130 153.75 155.00 151.00 151.50 51400400
20061201 152.50 153.25 147.50 148.25 52085600
20061204 148.00 150.50 148.00 149.50 51613800
20061205 151.50 152.50 149.25 151.50 41036800
20061206 152.00 155.25 151.75 153.50 37223400
20061207 153.00 158.75 153.00 157.50 81809400
20061208 157.25 160.75 156.75 160.00 45478100
20061211 160.25 161.50 157.25 157.50 35666100
20061212 157.00 159.00 156.50 158.25 30292300
20061213 157.25 158.25 157.00 158.00 31127300
20061214 157.50 159.25 156.50 157.75 42274500
20061215 157.50 158.50 156.75 158.00 76921800
20061218 158.00 159.25 157.00 158.75 15898200
20061219 158.50 159.50 157.25 158.00 21845800
20061220 158.25 158.75 157.50 158.00 21787100
20061221 158.00 158.25 156.25 156.25 14502400
20061222 156.75 158.25 156.25 158.25 14641700
20061225 158.25 158.25 158.25 158.25 0
20061226 158.25 158.25 158.25 158.25 0
20061227 158.25 158.50 156.00 157.50 15500200
20061228 158.75 158.75 157.25 157.50 8477000
20061229 158.50 158.50 156.75 157.50 2622100
20070101 157.50 157.50 157.50 157.50 0
20070102 159.25 160.00 157.75 160.00 10592600
20070103 160.50 161.75 159.25 159.75 15947300
20070104 159.25 161.00 157.50 160.00 26862200
20070105 158.50 160.25 157.75 158.00 17872600
20070108 157.75 159.25 156.50 156.75 18006500
20070109 158.00 161.00 157.25 160.25 29842600
20070110 158.75 159.50 156.50 157.75 20999600
20070111 159.50 160.75 157.00 160.00 30001400
20070112 159.50 161.25 158.50 159.50 20714800
20070115 160.75 161.00 159.50 159.75 14691300
20070116 159.75 160.75 158.75 159.25 15781200
20070117 160.25 161.00 159.00 159.75 17204600
20070118 159.75 161.25 159.75 160.50 30394000
20070119 160.75 161.50 158.75 161.50 18148200
20070122 161.25 163.00 160.50 160.50 17937800
20070123 161.00 162.25 159.75 160.00 27019400
20070124 160.25 163.00 159.50 161.50 20024200
20070125 163.00 164.25 160.50 160.50 51878400
20070126 159.75 161.00 158.25 158.75 28808800
20070129 158.50 159.50 157.50 158.00 17727300
20070130 157.75 158.25 156.75 156.75 27433700
20070131 156.00 157.25 153.25 154.75 50858000
20070201 156.25 158.75 155.50 158.25 39427500
20070202 157.75 159.75 157.25 159.25 25645700
20070205 158.50 159.25 158.00 158.50 15601900
20070206 158.75 160.75 157.75 159.50 35341500
20070207 159.25 161.50 159.25 161.25 27446100
20070208 161.50 161.50 159.25 159.75 21661000
20070209 160.25 163.00 160.25 162.75 31630700
20070212 162.75 162.75 160.75 161.50 17353800
20070213 162.75 163.25 161.25 162.25 10327800
20070214 163.00 164.00 161.25 164.00 35598700
20070215 163.50 165.00 162.75 164.50 25393200
20070216 164.25 167.25 164.25 165.50 25911600
20070219 166.00 167.25 165.75 166.75 13161300
20070220 166.75 167.25 165.50 166.50 30123000
20070221 166.75 168.00 163.75 164.25 22426100
20070222 165.00 166.00 164.50 164.75 36500700
20070223 165.50 165.50 162.25 163.75 35000100
20070226 164.00 165.50 163.75 165.00 13140900
20070227 164.00 164.00 158.25 159.50 30136400
20070228 156.75 158.50 154.50 156.50 42751600
20070301 156.00 159.25 150.00 153.75 71195296
20070302 154.00 155.25 150.00 151.75 39890300
20070305 148.50 150.50 146.00 149.25 36956600
20070306 149.75 154.75 149.25 154.75 52033600
20070307 154.75 157.00 152.50 153.25 38058300
20070308 153.75 155.25 153.75 154.50 45889500
20070309 154.75 155.50 153.25 155.00 58280000
20070312 156.25 157.00 154.50 155.00 16824100
20070313 155.25 156.00 153.00 153.75 32963500
20070314 152.00 152.00 146.00 146.25 62377000
20070315 149.00 149.75 145.75 148.75 62340900
20070316 148.50 150.50 146.25 150.25 202036896
20070319 151.20 155.00 151.10 154.50 91300704
20070320 154.90 157.50 152.90 156.60 108368000
20070321 155.60 158.30 155.20 158.00 74222896
20070322 160.50 161.90 158.70 159.80 40288700
20070323 159.80 160.90 158.20 160.40 54192800
20070326 160.80 163.00 158.10 159.00 55686600
20070327 160.00 161.00 159.30 160.10 66319400
20070328 157.60 159.60 154.80 155.00 57503000
20070329 156.50 158.40 155.60 157.00 28261600
20070330 156.80 159.40 156.20 159.00 26004900
20070402 159.40 160.40 158.00 158.40 21356200
20070403 159.90 162.10 158.80 161.80 81983296
20070404 161.80 162.40 160.80 161.30 88333296
20070405 161.10 162.00 160.30 161.90 16640600
20070406 161.90 161.90 161.90 161.90 0
20070409 161.90 161.90 161.90 161.90 0
20070410 161.90 163.20 161.60 162.70 14671000
20070411 163.30 163.30 161.10 161.90 21198200
20070412 161.20 162.20 160.50 162.20 26695100
20070413 162.00 163.00 160.70 160.90 44104200
20070416 162.10 164.20 161.10 164.20 32071100
20070417 163.70 164.40 162.30 163.80 31089800
20070418 161.00 161.00 159.10 160.00 33821200
20070419 159.20 160.20 156.60 157.10 49506700
20070420 158.40 158.70 156.90 157.40 58515700
20070423 157.90 157.90 156.30 156.60 30531900
20070424 156.30 157.70 155.00 155.70 90243600
20070425 156.20 157.60 155.40 157.20 34770000
20070426 157.70 157.70 155.90 157.10 68290800
20070427 156.30 157.50 152.80 153.30 140126096
20070430 152.60 155.40 152.60 154.70 29239800
20070501 154.70 155.50 152.80 154.00 26077400
20070502 154.40 155.90 154.30 154.80 46423600
20070503 154.80 156.10 153.80 155.00 70932200
20070504 156.20 159.10 155.20 158.40 157424800
20070507 158.40 158.40 158.40 158.40 0
20070508 158.10 159.00 156.30 156.70 25507400
20070509 156.00 158.10 155.00 155.50 43567300
20070510 155.50 158.00 154.60 156.00 51741400
20070511 155.20 156.90 153.00 155.00 42845000
20070514 155.80 156.50 154.90 155.70 25962600
20070515 155.10 157.40 155.10 156.60 39253100
20070516 156.50 158.10 155.80 157.30 59274900
20070517 158.00 159.70 157.50 159.10 50680300
20070518 159.80 159.80 158.20 159.50 86309296
20070521 160.00 160.20 158.30 158.80 25619200
20070522 159.30 159.80 156.30 157.30 57349800
20070523 156.50 158.80 156.40 157.10 38474400
20070524 156.00 156.00 153.30 153.90 27633400
20070525 154.40 155.20 153.20 155.20 28517600
20070528 155.20 155.20 155.20 155.20 0
20070529 155.20 155.80 153.30 154.20 34664300
20070530 153.90 154.00 151.20 154.00 15377200
20070531 154.50 155.50 153.00 153.70 19600800
20070601 153.70 153.70 153.70 153.70 0
20070604 155.10 155.50 153.50 154.40 19020500
20070605 155.40 158.30 154.20 154.80 52809100
20070606 155.40 155.90 151.90 152.60 38934500
20070607 153.50 154.20 147.80 149.00 35581100
20070608 147.80 148.60 146.80 147.40 51639200
20070611 147.50 150.20 147.50 150.20 38517800
20070612 150.00 150.70 147.40 148.00 26707700
20070613 148.20 151.70 147.20 151.20 37963900
20070614 153.00 156.20 152.00 155.90 75754896
20070615 156.60 161.30 156.50 160.20 79725600
20070618 160.10 161.40 158.50 159.00 45790700
20070619 159.50 160.80 157.60 158.90 54715200
20070620 159.50 160.80 158.00 158.60 31515400
20070621 158.20 158.70 154.30 155.60 34476700
20070622 156.00 156.40 153.20 153.90 36273300
20070625 153.50 154.20 152.70 153.90 23201700
20070626 153.50 153.60 150.80 150.80 26085400
20070627 150.50 150.50 146.50 147.80 49616700
20070628 148.70 149.50 147.70 149.10 29806100
20070629 149.60 151.00 147.10 150.10 42971300
20070702 149.80 149.80 146.80 148.10 29301000
20070703 148.50 151.00 148.00 150.30 33094200
20070704 151.00 152.00 149.00 150.10 25074600
20070705 151.10 151.10 148.70 149.50 27962600
20070706 150.00 152.00 148.40 151.70 38434500
20070709 152.70 153.80 151.10 151.80 16857400
20070710 151.50 152.30 148.60 149.40 26245500
20070711 147.70 148.20 145.80 147.60 28972300
20070712 148.00 150.00 147.10 149.90 33513500
20070713 151.50 152.50 149.00 151.10 22066100
20070716 151.90 152.60 150.80 151.50 16145100
20070717 151.90 151.90 149.50 150.30 17494000
20070718 148.20 149.70 147.30 147.30 14889100
20070719 148.00 150.50 147.70 150.20 31291300
20070720 149.90 151.90 148.80 151.20 43606300
20070723 153.00 161.80 153.00 155.30 77896096
20070724 155.30 156.40 150.10 151.00 52690700
20070725 150.80 151.70 149.40 150.50 32856500
20070726 150.80 150.80 138.10 138.10 138805792
20070727 136.00 139.70 134.50 137.00 76405696
20070730 136.50 137.10 135.00 135.60 43608900
20070731 135.60 140.70 133.30 140.30 83404496
20070801 136.90 138.90 135.90 136.50 61413700
20070802 137.10 139.20 136.00 138.40 53160800
20070803 138.60 139.60 137.40 137.70 31675800
20070806 135.60 137.90 135.00 135.50 34690800
20070807 136.30 139.80 136.10 139.00 39565400
20070808 140.00 144.10 139.50 143.10 66814400
20070809 142.50 143.50 137.70 140.00 76190200
20070810 137.90 140.50 133.70 134.00 48986700
20070813 135.90 139.80 135.20 139.00 35745700
20070814 137.60 140.80 135.70 136.90 24274800
20070815 135.60 136.50 133.20 134.80 31369500
20070816 132.10 132.90 129.40 129.70 33410200
20070817 129.60 139.90 127.80 137.40 52972100
20070820 138.20 140.00 136.50 136.60 23561000
20070821 136.90 139.20 135.20 137.00 29347200
20070822 137.20 142.60 137.20 142.10 51330100
20070823 143.80 144.70 139.40 139.60 56340900
20070824 139.50 140.30 138.00 138.20 23759000
20070827 138.20 138.20 138.20 138.20 0
20070828 137.30 138.70 136.40 136.50 28135300
20070829 136.40 138.40 135.30 137.90 30176300
20070830 139.40 142.10 138.20 142.00 54301900
20070831 144.00 145.40 141.90 145.10 40758700
20070903 145.60 146.90 144.60 145.60 18738000
20070904 145.10 147.20 144.20 146.70 19899300
20070905 144.10 145.60 140.20 141.30 31494300
20070906 142.00 143.90 135.90 138.00 72658600
20070907 137.10 138.90 134.30 134.30 32149700
20070910 134.30 135.70 132.00 132.60 18463900
20070911 133.90 137.00 133.60 136.50 23905900
20070912 136.60 137.10 131.70 132.68 44298800
20070913 132.60 134.50 131.60 134.00 32772900
20070914 132.50 132.50 127.60 130.20 37241000
20070917 129.40 130.50 124.50 124.60 34331700
20070918 124.00 129.10 124.00 128.20 43872200
20070919 130.30 137.70 130.20 135.90 63609900
20070920 135.80 136.10 133.50 133.80 35095700
20070921 132.40 134.20 130.80 132.00 86983600
20070924 130.90 132.20 130.20 130.70 40634100
20070925 130.50 131.90 129.30 129.80 50901100
20070926 130.00 134.60 130.00 132.60 56678300
20070927 133.20 135.30 130.80 134.90 41785100
20070928 134.50 136.00 131.60 133.60 40806100
20071001 131.50 138.00 130.40 136.20 50022400
20071002 138.00 140.30 135.50 136.70 54958700
20071003 136.60 139.30 135.90 138.60 44246100
20071004 137.90 144.00 137.50 140.40 67174304
20071005 141.30 143.30 140.20 142.60 52259400
20071008 142.80 142.90 140.80 141.50 27201300
20071009 141.80 144.00 140.60 143.30 37271500
20071010 143.20 144.40 141.70 142.70 42862300
20071011 142.70 143.60 139.90 140.20 52492300
20071012 139.60 141.90 139.10 141.80 47325600
20071015 141.30 143.50 134.00 135.50 66072500
20071016 135.30 137.50 133.00 134.30 65862400
20071017 134.80 136.00 133.00 134.10 48742700
20071018 134.90 135.60 130.10 131.50 50531100
20071019 131.50 132.50 129.50 130.30 40658100
20071022 127.70 129.00 127.00 128.00 32434000
20071023 129.50 132.90 129.40 131.80 35682700
20071024 132.50 133.20 129.60 130.50 31609100
20071025 132.30 132.30 130.90 131.70 51682000
20071026 130.70 136.50 129.00 135.20 37497000
20071029 136.90 137.80 135.20 136.70 46609200
20071030 136.10 138.20 134.60 137.80 27929500
20071031 138.30 140.10 137.50 140.10 20008900
20071101 139.30 141.50 134.00 135.10 31363400
20071102 133.80 133.80 131.30 132.50 35066200
20071105 132.40 132.40 129.20 131.50 16803800
20071106 132.80 133.20 130.10 130.40 16148200
20071107 131.40 131.40 126.90 127.00 23202700
20071108 127.80 129.50 124.00 126.00 45016600
20071109 126.10 127.90 121.10 122.30 33712800
20071112 122.30 127.30 122.00 127.20 35935900
20071113 125.70 128.40 125.00 127.50 21279400
20071114 128.50 131.80 127.90 129.70 25553300
20071115 129.90 130.10 126.10 126.90 24320800
20071116 126.30 126.30 122.60 123.50 27812100
20071119 123.50 123.80 121.20 122.50 39792500
20071120 123.70 125.80 122.00 125.80 26855200
20071121 124.80 126.50 122.80 123.80 27186000
20071122 124.80 125.30 122.40 125.00 21566200
20071123 126.20 129.10 123.80 128.90 28278500
20071126 130.50 130.80 124.90 125.60 26666200
20071127 125.00 126.40 123.10 125.30 36829100
20071128 125.50 128.20 123.10 127.60 41710900
20071129 128.80 130.00 125.60 127.60 26357900
20071130 127.70 131.30 127.30 129.70 35197400
20071203 128.90 129.30 125.80 126.40 19947800
20071204 126.70 127.10 123.40 123.70 32376000
20071205 124.30 125.90 124.00 125.00 29385600
20071206 124.90 129.20 124.90 127.50 43674800
20071207 128.20 132.50 127.40 131.20 38807500
20071210 130.50 133.50 130.00 132.20 25662100
20071211 133.10 133.20 131.00 131.70 18274900
20071212 129.90 133.70 129.20 132.30 31528000
20071213 131.00 131.00 128.40 128.40 41283700
20071214 128.80 130.80 127.00 130.20 26219800
20071217 128.00 128.70 124.50 125.10 28843400
20071218 124.80 128.00 124.70 126.30 31714300
20071219 126.40 127.20 125.10 125.70 27010600
20071220 126.40 127.40 124.30 125.90 33048200
20071221 127.20 128.80 126.50 127.60 37176700
20071224 125.10 130.10 125.10 129.20 2560800
20071225 129.20 129.20 129.20 129.20 0
20071226 129.20 129.20 129.20 129.20 0
20071227 128.60 131.90 128.40 129.30 7495600
20071228 128.70 131.80 127.70 129.10 5283800
20071231 129.70 131.00 129.50 130.60 3851400
20080101 130.60 130.60 130.60 130.60 0
20080102 129.80 132.00 129.60 130.70 17874400
20080103 130.90 132.20 128.10 131.60 23691100
20080104 131.00 132.50 129.40 130.40 37750900
20080107 130.00 130.00 126.10 128.30 35234300
20080108 128.40 130.90 126.70 127.30 37894300
20080109 126.10 132.50 124.80 130.10 64403800
20080110 130.50 135.00 126.20 127.00 46217700
20080111 127.50 129.40 126.00 128.40 27460500
20080114 128.00 132.00 126.40 131.40 28200000
20080115 130.20 130.80 126.10 126.10 29072400
20080116 126.10 129.20 123.70 127.30 34487000
20080117 129.40 133.00 126.90 128.00 43267500
20080118 128.00 130.80 122.20 126.00 67179000
20080121 124.00 125.60 119.00 122.00 70139800
20080122 119.00 130.00 116.50 127.30 80393600
20080123 130.00 131.70 121.30 125.40 50961700
20080124 129.00 135.10 127.50 134.10 48797200
20080125 137.80 137.80 129.00 129.60 37423100
20080128 128.70 130.50 127.10 129.60 30581800
20080129 131.00 132.00 129.50 132.00 27337000
20080130 130.90 132.30 129.30 130.70 25887700
20080131 129.80 133.50 124.50 132.10 50966600
20080201 133.30 135.00 129.70 132.10 72612096
20080204 133.80 136.20 130.30 134.20 33051200
20080205 133.30 134.00 129.20 130.20 35765600
20080206 129.00 130.10 125.70 127.30 31601400
20080207 126.70 128.00 123.80 126.30 50416900
20080208 127.80 127.90 124.00 125.20 28265100
20080211 124.50 124.90 119.30 120.10 43646400
20080212 121.80 127.10 117.60 127.10 46498200
20080213 125.90 127.50 123.90 124.50 31911000
20080214 125.30 127.50 123.90 124.40 40284700
20080215 124.90 125.80 121.60 123.10 34089500
20080218 124.50 128.30 124.30 128.10 18773300
20080219 127.10 130.80 125.60 127.80 20913300
20080220 125.80 128.70 125.00 128.20 30369900
20080221 129.20 131.10 126.80 127.80 29397500
20080222 127.00 127.80 122.40 123.90 32299900
20080225 125.30 128.00 124.70 126.70 35108500
20080226 127.70 131.90 127.10 131.60 22043000
20080227 132.40 134.20 127.60 129.90 20405600
20080228 129.80 130.70 126.30 126.80 24793100
20080229 126.60 127.40 123.90 124.60 35166000
20080303 121.50 124.30 121.10 122.80 25521700
20080304 122.40 124.80 118.70 120.10 32489900
20080305 121.90 125.30 120.60 125.00 26365300
20080306 125.50 125.80 120.40 121.00 26738700
20080307 119.70 125.10 117.20 122.50 41881600
20080310 121.90 124.10 120.30 121.00 31122400
20080311 120.90 125.90 120.00 122.40 47691300
20080312 125.70 128.40 125.20 126.50 39518700
20080313 123.50 126.00 121.40 124.00 156706304
20080314 124.00 128.80 123.00 124.40 65242100
20080317 121.00 125.00 118.00 119.00 70422496
20080318 118.10 124.60 117.20 122.90 69412896
20080319 124.60 124.60 120.50 123.20 39829700
20080320 122.70 126.20 122.70 124.50 45900500
20080321 124.50 124.50 124.50 124.50 0
20080324 124.50 124.50 124.50 124.50 0
20080325 128.40 130.30 126.70 129.10 37801300
20080326 130.00 130.00 125.40 125.90 37664000
20080327 126.00 128.80 125.40 127.20 27552200
20080328 126.50 126.80 124.70 126.40 35451600
20080331 125.00 127.70 124.50 126.40 26076900
20080401 125.60 131.70 125.30 131.30 31651300
20080402 132.00 136.40 129.00 136.00 39880600
20080403 136.10 137.50 128.80 128.90 45098300
20080404 129.70 133.00 128.90 133.00 26137700
20080407 133.70 135.30 132.60 135.30 29002600
20080408 134.00 134.10 132.10 134.10 22072400
20080409 133.70 133.70 130.70 130.80 24151500
20080410 130.00 132.40 128.70 131.80 44770800
20080411 132.40 134.00 128.70 132.00 39342400
20080414 130.80 131.90 129.80 131.60 23613400
20080415 132.00 134.00 128.70 130.90 51343700
20080416 129.70 129.80 121.20 124.50 75929000
20080417 125.10 126.60 124.40 124.70 163309408
20080418 125.60 127.80 124.50 127.50 35127300
20080421 128.00 129.00 126.90 128.60 35578300
20080422 128.20 129.00 125.70 126.40 24964300
20080423 126.90 127.40 123.80 126.00 34954900
20080424 126.20 126.20 123.20 125.60 31533600
20080425 126.20 127.60 125.50 127.40 20046100
20080428 127.40 129.40 127.40 128.50 18254200
20080429 126.00 129.00 125.00 126.10 15171600
20080430 125.70 128.00 125.00 126.90 17342400
20080501 126.90 126.90 124.70 124.90 10637600
20080502 126.50 128.60 125.60 127.60 34994700
20080506 127.60 128.70 127.00 127.30 40325300
20080507 126.90 128.10 126.60 126.90 21896100
20080508 125.30 128.10 125.30 127.60 22564000
20080509 126.30 127.10 123.70 125.50 17453200
20080512 125.50 126.70 124.80 125.00 14927800
20080513 125.90 125.90 122.50 124.30 24372500
20080514 124.50 125.40 122.60 123.70 39574100
20080515 123.10 123.60 121.00 122.40 25426500
20080516 123.50 124.80 123.00 123.70 22618200
20080519 123.80 125.00 122.70 124.70 20919400
20080520 124.20 124.50 122.30 122.50 24422200
20080521 123.60 125.00 119.30 120.20 37445400
20080522 118.70 119.10 117.30 118.30 31381300
20080523 118.80 120.40 117.20 118.70 27127400
20080527 118.90 119.10 116.80 117.80 20517000
20080528 118.80 121.10 118.20 119.40 17785600
20080529 119.70 120.70 117.70 119.20 26505000
20080530 120.00 121.90 119.00 119.80 33018000
20080602 119.30 119.30 116.30 117.00 26910800
20080603 117.00 119.20 116.60 118.80 20344800
20080604 118.00 119.10 116.90 118.40 17230800
20080605 118.90 119.90 117.20 119.30 23407000
20080606 119.70 120.20 116.00 116.00 29236100
20080610 115.00 115.50 111.90 113.40 35291900
20080611 112.70 115.20 110.90 112.00 47399800
20080612 111.80 114.20 111.00 112.80 48106000
20080613 112.20 113.70 110.50 113.30 17092000
20080616 113.40 115.00 113.00 114.00 29189300
20080617 114.70 117.50 114.30 115.90 22540800
20080618 114.30 115.20 110.00 110.80 60320100
20080619 109.90 110.60 107.60 108.10 32877900
20080620 108.80 109.30 106.10 106.70 41396000
20080623 106.00 107.20 104.50 105.80 22476900
20080624 105.40 107.30 104.60 106.20 32175300
20080625 106.90 107.40 104.90 105.70 22695000
20080626 105.30 105.30 100.10 100.10 32042300
20080627 100.00 101.80 97.60 100.20 26043200
20080630 100.40 100.80 98.00 100.20 26105900
20080701 99.20 100.30 95.20 97.90 28169900
20080702 97.90 101.20 95.80 99.10 31291300
20080703 97.80 101.00 97.00 99.30 37875800
20080704 99.30 99.40 93.60 94.50 24456400
20080707 95.90 97.30 93.90 96.50 32097100
20080708 93.80 96.80 92.90 96.30 23218600
20080709 97.70 102.10 96.80 101.50 37520200
20080710 99.80 100.10 98.00 98.40 33093600
20080711 98.80 100.20 92.10 92.60 41261100
20080714 93.90 97.80 93.90 94.80 29786000
20080715 93.70 94.10 89.70 91.50 26343700
20080716 92.20 94.50 88.70 93.50 34043400
20080717 95.60 96.80 93.90 95.70 42439200
20080718 95.30 102.00 94.70 101.60 39875400
20080721 100.90 101.30 98.50 100.90 25065100
20080722 100.10 102.00 97.70 101.60 36008800
20080723 103.60 107.10 102.50 106.50 34549300
20080724 106.50 108.00 104.60 105.70 36919600
20080725 103.40 104.30 97.40 98.60 39166200
20080728 98.70 98.70 95.30 95.80 21797600
20080729 93.80 94.80 91.20 93.50 17255100
20080730 94.00 100.50 93.60 98.50 23343700
20080731 98.90 99.00 95.60 97.80 28677200
20080801 97.20 98.90 95.20 96.80 21452100
20080804 98.00 98.20 96.10 96.60 15175300
20080805 99.50 109.40 98.30 108.30 67300704
20080806 108.00 108.80 103.70 107.60 43653200
20080807 107.00 111.80 105.40 110.80 44523400
20080808 109.60 111.30 107.20 110.30 20344100
20080811 111.00 111.40 109.30 110.90 24140000
20080812 110.80 113.00 109.50 111.00 21068800
20080813 110.10 110.80 104.00 104.40 28063000
20080814 105.50 107.00 103.00 105.80 31575700
20080815 107.00 107.50 104.00 104.90 22948600
20080818 104.90 105.50 101.90 103.10 18674900
20080819 102.20 102.20 95.80 95.90 23898900
20080820 96.20 99.50 95.00 96.80 32647600
20080821 95.50 97.00 93.40 95.20 17685100
20080822 95.70 99.30 95.00 99.10 64281400
20080826 97.60 97.90 95.30 96.40 23627000
20080827 96.30 98.60 94.30 98.10 44006200
20080828 98.00 102.30 97.00 101.80 24028400
20080829 101.50 102.80 99.70 100.50 45034400
20080901 99.50 103.10 98.30 101.80 17880300
20080902 101.60 105.80 101.60 104.70 20217000
20080903 101.50 102.00 98.60 100.10 29201300
20080904 100.20 101.20 95.00 95.20 17048300
20080905 94.00 96.60 93.00 94.00 28669600
20080908 98.30 101.70 98.10 99.90 15705500
20080909 100.80 104.80 100.40 102.50 41046000
20080910 102.00 102.70 99.50 100.20 31421700
20080911 99.80 100.20 96.40 98.90 23465100
20080912 100.90 100.90 96.60 99.40 23929800
20080915 95.30 96.50 91.50 92.10 50840000
20080916 90.30 91.50 83.80 88.50 74682000
20080917 89.40 92.10 85.80 89.90 54228200
20080918 90.10 92.40 86.30 86.90 47897000
20080919 90.00 113.70 90.00 107.00 45331800
20080922 107.00 111.90 103.00 107.00 63535800
20080923 109.10 112.00 102.00 103.30 20849400
20080924 105.50 105.50 98.10 100.00 18254200
20080925 102.90 110.00 100.00 109.80 25611600
20080926 102.50 107.90 102.20 106.00 20854200
20080929 103.90 107.10 98.10 98.10 12589100
20080930 99.00 102.30 91.00 100.00 16852800
20081001 108.80 108.80 92.10 95.10 31185200
20081002 93.00 98.20 91.10 91.10 8480500
20081003 92.90 97.80 90.40 96.80 18457600
20081006 96.00 97.00 87.30 95.70 6720700
20081007 93.80 100.00 92.00 94.70 21973200
20081008 90.00 95.40 82.70 86.00 14638100
20081009 93.50 96.60 86.70 89.00 19352200
20081010 80.00 87.60 71.60 74.70 23505700
20081013 80.00 80.50 74.10 79.00 19357300
20081014 85.00 85.00 76.70 82.00 15467900
20081015 83.50 83.50 71.80 71.80 18949800
20081016 69.00 71.50 62.70 64.00 12551700
20081017 67.10 70.10 58.40 63.80 21513000
20081020 63.80 67.80 62.90 66.00 17944200
20081021 68.00 73.20 65.00 73.20 15641500
20081022 69.00 72.90 67.20 67.20 12809400
20081023 70.50 71.00 63.70 71.00 24687400
20081024 68.00 71.00 63.10 71.00 15515700
20081027 67.50 69.00 63.30 68.90 14154500
20081028 67.10 70.00 60.50 60.90 12389600
20081029 68.00 68.00 61.30 68.00 22138100
20081030 70.00 74.00 67.40 71.30 14136000
20081031 72.70 74.90 66.80 71.30 19172300
20081103 74.00 74.00 68.30 72.00 13753900
20081104 66.40 78.80 66.00 78.10 19344000
20081105 77.70 79.00 74.90 78.00 14243000
20081106 79.60 81.00 76.00 76.00 18663800
20081107 78.70 80.70 76.90 80.00 12340100
20081110 89.00 89.00 80.20 80.50 14186800
20081111 77.50 80.90 75.60 76.00 9448500
20081112 81.90 81.90 74.60 76.40 9478100
20081113 78.00 78.00 70.70 72.50 6632700
20081114 75.50 77.80 69.60 70.20 11667100
20081117 68.20 71.60 67.00 71.60 8087500
20081118 73.00 77.00 66.60 77.00 10942000
20081119 76.90 79.00 67.50 69.70 11668600
20081120 64.30 68.40 60.20 60.30 14240100
20081121 60.00 63.70 56.30 57.10 19102300
20081124 61.00 63.00 58.50 62.50 21748800
20081125 60.80 68.00 60.00 62.80 22263900
20081126 62.00 68.10 62.00 66.00 16322400
20081127 69.50 71.20 63.80 68.60 9176800
20081128 68.50 70.00 65.00 67.30 9654600
20081201 66.00 70.00 64.20 65.00 8739500
20081202 65.10 68.20 62.60 67.30 9338700
20081203 67.60 70.90 64.50 65.60 13260000
20081204 64.90 73.80 64.50 69.80 14141800
20081205 67.90 76.00 67.10 74.00 11641900
20081208 81.10 81.40 73.80 75.00 16602900
20081209 76.50 87.50 72.30 85.10 13785000
20081210 83.70 84.70 79.70 80.50 11480600
20081211 78.90 79.90 74.90 75.40 14143800
20081212 70.20 74.90 69.50 74.60 15323100
20081215 72.20 74.20 71.30 72.00 9478400
20081216 70.50 72.00 69.30 70.80 12553600
20081217 74.00 75.50 71.00 74.80 14297800
20081218 76.20 76.90 72.60 76.90 10652600
20081219 78.00 78.00 71.20 72.70 25758300
20081222 73.70 76.00 70.00 76.00 9814500
20081223 73.00 74.80 70.90 71.30 8289500
20081224 69.20 72.30 66.50 68.50 1803500
20081229 67.10 72.10 66.90 70.00 4266600
20081230 67.80 75.00 67.80 75.00 9831900
20081231 76.50 76.80 72.70 76.80 1267100
20090102 76.60 78.50 74.40 77.20 1548100
20090105 79.50 81.00 73.60 76.00 8034000
20090106 76.50 78.50 73.80 77.60 16446900
20090107 76.90 80.00 75.60 80.00 14148900
20090108 78.50 78.50 74.70 76.50 13337200
20090109 79.90 79.90 76.00 78.20 21946500
20090112 79.30 79.60 76.60 78.10 7985400
20090113 76.60 77.20 68.50 73.30 19427300
20090114 75.40 75.40 68.70 70.20 14121700
20090115 69.30 72.20 66.00 67.90 11701300
20090116 69.00 71.60 67.90 69.70 30716200
20090119 71.20 72.90 63.20 63.70 19214100
20090120 63.80 64.50 57.50 57.90 20274100
20090121 57.00 60.00 54.20 59.90 34428300
20090122 60.60 64.00 58.70 58.80 18785200
20090123 58.10 58.30 50.30 55.40 39801800
20090126 54.80 60.90 54.80 59.50 22858100
20090127 59.20 61.20 57.70 60.90 14590800
20090128 61.60 68.40 60.90 67.30 23663300
20090129 66.30 66.30 58.60 60.70 35494600
20090130 62.50 63.50 59.80 61.60 34661800
20090202 60.50 60.50 57.70 58.40 11767900
20090203 58.20 59.10 56.30 57.90 19875200
20090204 58.00 64.60 58.00 63.10 32167900
20090205 62.00 63.00 58.50 59.70 37120100
20090206 60.80 62.10 59.30 60.00 34966600
20090209 60.00 65.20 59.90 64.00 29688600
20090210 63.00 64.20 59.90 59.90 17962600
20090211 59.00 60.40 58.00 58.80 21448000
20090212 57.90 58.20 53.80 55.48 36921100
20090213 55.00 57.30 48.70 49.50 130913800
