20030101 446.00 446.00 446.00 446.00 0
20030102 453.00 465.50 444.50 459.00 10390100
20030103 459.25 465.00 447.00 449.50 8653800
20030106 451.00 455.00 428.25 434.50 18012300
20030107 425.00 442.50 417.00 424.25 21837600
20030108 429.00 430.50 411.25 430.00 18044500
20030109 429.00 446.75 429.00 440.00 21485900
20030110 444.50 454.75 438.50 445.00 17214100
20030113 446.75 458.50 440.00 445.50 13414500
20030114 445.55 456.50 438.00 440.75 12903500
20030115 438.50 446.50 429.25 437.50 13746500
20030116 436.50 440.75 430.50 431.25 12978000
20030117 425.00 432.25 424.00 425.75 14003800
20030120 426.25 429.50 414.00 416.75 9139600
20030121 419.00 423.00 406.75 409.50 16216900
20030122 393.44 411.00 389.00 395.00 24681800
20030123 404.00 406.00 389.00 391.50 20453700
20030124 401.50 411.00 391.25 400.00 26751600
20030127 388.00 398.00 377.00 378.00 20586100
20030128 379.50 395.00 373.00 375.00 22314700
20030129 376.00 379.00 360.25 370.50 25988400
20030130 377.00 385.00 374.00 385.00 21485700
20030131 375.25 384.25 373.00 379.00 14120100
20030203 402.00 411.25 402.00 408.25 25986600
20030204 398.00 408.50 395.00 395.50 13898100
20030205 396.00 409.00 391.00 408.00 13383000
20030206 402.00 416.00 397.75 402.00 28179500
20030207 401.25 413.75 396.00 408.75 14121700
20030210 407.75 414.00 397.00 398.50 14982300
20030211 402.00 421.25 401.50 419.25 22503100
20030212 418.00 419.00 410.00 410.00 15743700
20030213 408.25 436.00 403.50 431.25 21357600
20030214 446.00 448.50 390.00 400.00 50706600
20030217 411.00 412.50 399.25 407.00 19310400
20030218 405.75 413.75 399.00 413.50 16009100
20030219 412.50 419.50 405.25 405.25 11644800
20030220 398.00 403.00 385.00 394.25 26952000
20030221 392.00 394.25 382.75 394.00 14356200
20030224 397.75 401.00 389.25 392.25 8597700
20030225 385.50 386.00 372.25 379.75 20846600
20030226 368.00 368.50 340.00 352.25 21800200
20030227 350.25 357.50 331.75 341.00 23240100
20030228 340.00 354.00 336.25 354.00 21814000
20030303 354.75 360.75 347.75 355.00 15000200
20030304 352.00 352.75 333.00 341.00 17224400
20030305 335.25 340.75 330.00 334.00 12204200
20030306 335.75 338.00 320.75 325.00 16940800
20030307 320.25 320.50 306.00 311.25 25094500
20030310 311.25 315.00 300.75 302.00 16049600
20030311 300.00 317.75 295.25 312.50 22228100
20030312 313.00 322.50 295.75 295.75 30717400
20030313 303.00 325.25 301.50 321.25 28654100
20030314 329.00 342.00 328.00 336.00 26717200
20030317 358.00 364.00 325.00 353.50 20719800
20030318 354.00 368.00 352.25 362.50 23153000
20030319 360.25 367.50 350.50 355.75 51625300
20030320 359.25 363.75 346.00 355.75 13005600
20030321 354.00 371.50 354.00 369.75 18841100
20030324 365.00 365.00 350.50 353.00 12051000
20030325 346.00 353.50 336.75 348.75 16596200
20030326 349.25 357.00 345.25 354.00 14919400
20030327 349.00 355.00 336.00 340.00 12770300
20030328 340.00 343.75 325.25 333.50 12096100
20030331 325.50 338.00 317.50 322.00 12176100
20030401 325.50 331.75 322.50 326.00 13360800
20030402 330.00 344.00 329.25 335.00 19619500
20030403 340.00 351.00 336.25 340.00 16418900
20030404 339.00 358.50 339.00 352.00 19646800
20030407 361.00 382.00 361.00 379.50 21163200
20030408 371.00 379.25 367.25 369.00 15629000
20030409 366.00 377.50 359.25 368.00 16471300
20030410 362.00 375.00 358.00 364.75 9419500
20030411 377.00 386.00 365.00 373.00 17801900
20030414 375.50 392.00 375.50 386.50 15140200
20030415 391.50 408.00 391.50 408.00 24636000
20030416 417.00 427.00 379.00 388.25 36586200
20030417 384.25 401.00 380.00 398.50 13846100
20030418 398.50 398.50 398.50 398.50 0
20030421 398.50 398.50 398.50 398.50 0
20030422 401.50 407.00 394.50 400.00 11803800
20030423 407.75 424.00 407.75 423.00 19541800
20030424 418.75 432.75 414.00 419.50 19201200
20030425 417.00 424.00 401.75 406.00 19911000
20030428 404.00 424.50 401.25 421.50 13538700
20030429 427.25 437.50 419.00 421.50 17703900
20030430 421.50 424.75 407.25 411.50 20211100
20030501 409.00 411.25 400.00 405.25 9356300
20030502 407.00 416.25 399.50 416.00 14683800
20030505 416.00 416.00 416.00 416.00 0
20030506 420.00 425.00 410.00 423.50 14076900
20030507 422.75 434.00 418.75 427.00 15808600
20030508 426.00 426.00 412.75 416.50 13916800
20030509 415.50 420.00 409.50 417.00 14946200
20030512 420.75 423.50 405.00 420.00 15327500
20030513 421.50 426.00 412.00 419.25 10848300
20030514 410.98 422.75 409.25 416.50 16632900
20030515 421.00 424.75 414.25 424.00 10034000
20030516 436.75 438.50 422.50 430.00 13628100
20030519 430.50 430.50 416.25 417.25 12615000
20030520 419.75 430.00 417.50 421.50 16665800
20030521 420.75 421.00 405.75 410.00 19290100
20030522 414.00 426.00 409.00 426.00 16324500
20030523 426.75 427.00 414.50 419.75 8720900
20030526 419.75 419.75 419.75 419.75 0
20030527 420.50 426.25 408.75 423.00 8347200
20030528 430.00 439.00 429.00 437.00 17298100
20030529 435.00 464.75 435.00 454.50 30558800
20030530 459.25 463.00 443.75 447.50 21495000
20030602 456.00 474.00 456.00 473.50 16302200
20030603 467.50 472.00 460.00 465.00 16477100
20030604 466.25 469.50 446.75 455.25 24675300
20030605 460.00 462.75 449.25 452.00 13445000
20030606 456.00 464.75 453.25 459.25 14631500
20030609 457.00 464.00 449.00 452.00 11869000
20030610 453.75 456.00 443.00 446.75 12378200
20030611 449.75 454.00 441.00 449.50 20688800
20030612 452.25 459.50 446.25 450.75 15810000
20030613 452.75 461.25 447.25 447.75 9716200
20030616 448.75 460.75 443.00 456.50 13355000
20030617 466.00 480.75 466.00 476.75 28607800
20030618 474.50 481.50 467.00 474.50 18682900
20030619 466.00 475.50 451.50 455.00 18045900
20030620 451.00 460.50 445.00 458.00 13919400
20030623 450.75 457.75 447.50 452.00 14925200
20030624 451.00 451.00 435.00 438.00 18077700
20030625 442.00 448.75 434.00 440.50 12401700
20030626 436.00 444.00 434.00 439.00 9577500
20030627 440.50 443.00 429.75 433.00 13217800
20030630 434.25 439.50 427.50 430.25 11237900
20030701 425.00 432.00 418.50 422.50 13023800
20030702 431.50 433.00 422.75 425.75 12733500
20030703 431.00 433.50 421.00 429.25 15227700
20030704 427.25 435.00 425.00 431.25 4655800
20030707 435.00 451.25 435.00 450.50 21289900
20030708 451.75 456.00 447.00 449.50 15870000
20030709 449.00 452.75 442.50 445.50 14909800
20030710 447.50 454.50 446.50 453.00 21029200
20030711 450.00 466.75 447.75 463.00 21845900
20030714 467.50 481.50 465.00 476.25 21682700
20030715 475.00 486.00 471.00 473.75 16526400
20030716 474.00 477.50 463.25 464.75 24161300
20030717 464.00 464.50 448.75 454.00 24127400
20030718 457.00 459.50 453.00 454.75 15143000
20030721 459.50 461.00 451.75 454.00 11420800
20030722 457.50 461.75 453.75 457.00 10804600
20030723 459.50 466.00 454.25 460.00 11498400
20030724 461.25 469.00 460.75 466.00 16128600
20030725 463.50 471.75 459.00 459.00 15407800
20030728 467.75 474.00 463.75 471.00 10377500
20030729 470.75 477.00 466.00 466.00 11653600
20030730 468.00 478.75 468.00 474.00 13733000
20030731 477.00 483.00 468.00 483.00 14104700
20030801 483.00 483.00 453.25 459.00 45005700
20030804 460.75 461.00 443.75 447.00 27064000
20030805 451.75 456.75 446.75 455.00 13008400
20030806 450.50 453.00 435.75 441.00 21186000
20030807 445.25 449.50 432.50 435.00 18148300
20030808 439.75 442.75 432.50 439.75 14348100
20030811 443.00 448.25 437.50 440.00 12507800
20030812 441.50 447.00 439.50 444.00 16220700
20030813 439.00 439.75 427.00 430.00 18799900
20030814 433.50 437.75 431.50 434.50 15721300
20030815 436.50 437.00 430.50 435.00 12875500
20030818 436.50 437.75 432.00 437.50 11694500
20030819 439.25 443.50 435.00 440.25 25568200
20030820 439.75 440.00 428.25 433.00 16161100
20030821 736.00 440.75 433.00 433.00 14265000
20030822 433.75 438.50 428.00 431.50 11887600
20030825 431.50 431.50 431.50 431.50 0
20030826 428.00 432.00 416.75 418.75 16364900
20030827 422.50 429.00 420.00 425.50 14272300
20030828 426.00 429.00 417.50 420.75 13063400
20030829 423.75 424.00 411.00 415.00 16709600
20030901 416.75 422.00 412.50 419.00 10030800
20030902 420.50 421.00 409.00 415.50 19263500
20030903 420.00 429.50 416.50 418.75 22698900
20030904 419.00 419.00 410.00 414.50 18650600
20030905 414.75 419.25 411.00 418.00 18232000
20030908 418.50 424.50 416.00 422.75 17064600
20030909 426.50 446.25 418.10 428.75 40337900
20030910 430.00 449.70 426.00 435.00 27007200
20030911 431.25 445.75 430.25 430.25 34453600
20030912 430.00 440.00 424.50 433.00 23283200
20030915 435.00 445.00 435.00 442.00 20116200
20030916 442.00 442.00 432.00 442.00 22428600
20030917 446.00 447.00 433.00 434.75 22919600
20030918 434.75 441.25 432.75 439.50 16324700
20030919 442.00 444.00 430.00 433.00 25924500
20030922 430.00 432.00 421.00 427.75 19670300
20030923 431.50 420.75 418.75 419.25 24605400
20030924 419.00 428.00 416.25 419.00 18727800
20030925 418.00 425.25 416.00 421.75 20171000
20030926 419.75 425.00 417.00 420.25 17961900
20030929 419.25 427.25 420.25 423.00 20366300
20030930 424.75 426.00 410.50 413.75 21606900
20031001 417.00 427.75 415.25 427.00 26145500
20031002 434.00 437.00 428.00 437.00 25620000
20031003 437.00 447.00 433.75 444.25 26099000
20031006 445.00 446.00 428.00 436.00 20748600
20031007 436.00 437.25 428.25 433.00 21498300
20031008 433.00 436.75 427.50 429.00 24340000
20031009 431.00 434.50 424.75 429.50 20324000
20031010 429.75 429.75 420.75 424.00 24361300
20031013 425.00 429.50 418.50 428.00 24445700
20031014 430.00 432.50 421.50 426.00 19891400
20031015 425.50 432.75 424.75 425.50 21650900
20031016 422.00 431.25 420.00 422.00 17885900
20031017 425.00 426.75 419.50 422.25 13236800
20031020 420.50 428.25 418.00 419.00 15515000
20031021 424.00 424.00 417.75 420.00 17086600
20031022 421.00 425.00 410.50 413.75 29099600
20031023 409.00 416.00 405.50 410.50 24604300
20031024 415.00 418.25 411.25 414.00 21707700
20031027 417.00 415.50 413.50 415.50 10761900
20031028 418.75 419.00 409.00 414.75 13689300
20031029 417.50 417.50 406.75 407.75 15845400
20031030 408.00 418.00 407.50 411.25 17835800
20031031 411.00 411.00 405.75 409.25 16663900
20031103 410.00 413.00 407.50 410.25 13945800
20031104 409.25 413.00 407.50 410.50 11711200
20031105 409.75 410.00 404.50 407.25 15928800
20031106 407.50 412.00 405.25 406.50 12709700
20031107 409.00 416.00 408.50 414.00 19214800
20031110 411.50 413.50 406.50 408.75 12891500
20031111 406.50 408.50 403.50 407.25 12005900
20031112 407.25 409.25 404.50 409.00 18572100
20031113 413.50 413.50 405.50 408.25 20415700
20031114 408.25 410.75 404.75 407.00 14664400
20031117 404.00 404.75 400.00 400.00 16567200
20031118 401.75 401.75 391.50 396.75 25591000
20031119 394.75 397.75 391.75 396.00 16207100
20031120 399.75 401.25 392.25 396.75 19266000
20031121 397.50 400.75 395.25 398.75 13832000
20031124 400.00 405.25 400.00 404.50 14435700
20031125 412.25 413.75 405.50 412.25 21436000
20031126 418.95 421.75 410.00 414.25 27898600
20031127 416.25 418.50 410.50 412.75 8984400
20031128 413.25 415.50 405.75 411.00 11917800
20031201 414.25 417.75 412.50 416.00 15594300
20031202 414.50 412.75 408.25 412.75 17368700
20031203 411.75 414.00 410.00 413.00 13826900
20031204 413.00 418.25 406.50 416.00 20200200
20031205 416.00 410.00 407.50 409.50 13263600
20031208 411.00 412.50 406.00 412.25 11509800
20031209 413.75 417.00 411.25 411.75 15048400
20031210 410.00 411.50 402.75 404.25 14869900
20031211 404.04 407.25 401.00 405.75 11915800
20031212 405.00 409.00 401.25 404.50 13075500
20031215 410.00 421.25 409.00 416.00 31095700
20031216 415.50 423.00 413.50 420.00 29364200
20031217 424.50 426.50 422.00 424.50 25587300
20031218 425.00 432.50 421.25 431.25 18916300
20031219 434.00 438.00 430.25 437.00 15383700
20031222 435.00 441.75 432.25 440.00 13455100
20031223 441.00 443.00 438.00 442.75 8306100
20031224 443.00 443.00 440.25 441.75 2911600
20031225 441.75 441.75 441.75 441.75 0
20031226 441.75 441.75 441.75 441.75 0
20031229 441.75 444.00 439.00 440.75 5592800
20031230 443.50 448.00 440.50 444.50 7138700
20031231 444.75 448.75 444.25 448.00 3266200
20040101 448.00 448.00 448.00 448.00 0
20040102 451.78 455.50 448.75 454.75 11667800
20040105 455.00 460.00 451.50 458.00 14471300
20040106 460.00 461.00 454.00 455.00 19107400
20040107 456.00 457.00 446.50 449.75 27065700
20040108 452.75 462.50 444.50 460.75 41009800
20040109 460.75 465.50 457.00 460.25 24611400
20040112 460.75 461.75 454.50 460.75 14674900
20040113 453.00 458.25 451.25 453.25 32787900
20040114 450.75 461.00 450.50 461.00 17626900
20040115 458.50 471.75 456.50 466.50 28079100
20040116 470.00 476.00 468.50 473.75 22399800
20040119 474.75 474.75 469.00 473.00 23362500
20040120 474.00 474.00 468.50 469.50 19047600
20040121 468.75 470.50 464.75 469.75 18036800
20040122 470.50 476.00 470.50 473.25 24167000
20040123 471.50 474.25 467.25 472.25 21642500
20040126 474.00 474.00 463.75 469.00 13689500
20040127 467.75 470.00 459.75 461.50 21161700
20040128 461.92 471.25 455.50 469.00 21497100
20040129 466.00 467.00 462.00 463.25 16844400
20040130 463.50 467.75 458.25 460.00 16495700
20040202 457.95 466.50 455.00 457.00 14603500
20040203 459.50 459.50 451.00 455.75 15989300
20040204 455.75 455.75 449.25 452.00 15430900
20040205 451.25 457.25 449.00 451.50 14022800
20040206 455.00 456.75 452.50 454.00 15455000
20040209 457.00 461.50 454.00 461.50 17275300
20040210 460.00 464.00 454.75 458.25 12296000
20040211 458.25 462.25 453.75 461.00 15009600
20040212 460.50 464.00 453.00 454.25 12229500
20040213 458.00 461.50 453.00 455.50 9986100
20040216 458.00 459.00 455.50 455.50 5810500
20040217 456.25 463.00 455.25 461.00 12635800
20040218 462.50 466.25 457.50 462.00 14871500
20040219 463.25 478.75 461.00 476.25 24088400
20040220 475.00 480.25 468.50 468.50 17420500
20040223 472.50 470.00 465.50 467.75 8391800
20040224 465.50 471.75 460.50 464.00 14305400
20040225 462.00 467.75 461.50 466.25 9690800
20040226 463.00 463.00 448.50 460.25 31969300
20040227 462.00 462.75 447.00 447.75 36429400
20040301 450.25 451.50 442.50 445.50 22919300
20040302 447.00 449.00 435.25 442.25 26684900
20040303 442.00 445.00 438.25 443.00 20185900
20040304 445.75 457.00 445.00 456.00 40979800
20040305 456.25 456.25 448.00 454.50 19434600
20040308 458.00 467.00 437.50 442.00 69088496
20040309 438.00 451.50 436.00 448.00 31705900
20040310 447.75 451.75 438.75 442.25 37906100
20040311 437.50 439.75 427.75 430.50 32653500
20040312 428.00 438.50 430.50 432.75 31389200
20040315 432.25 438.00 430.00 430.00 21963900
20040316 432.00 437.50 427.75 433.00 23139900
20040317 415.00 419.75 418.00 419.25 21794900
20040318 418.00 419.00 410.75 410.75 14279400
20040319 417.00 417.00 407.25 409.00 16854100
20040322 408.25 408.25 402.00 405.00 20056200
20040323 407.00 416.00 407.00 409.75 25827400
20040324 412.25 415.00 404.25 407.00 17887900
20040325 409.75 413.75 408.00 413.75 12997400
20040326 415.25 416.00 407.25 409.50 18696400
20040329 412.50 419.00 410.00 417.50 18367100
20040330 416.50 418.00 411.75 415.00 12078300
20040331 414.00 418.75 410.50 413.50 18125500
20040401 416.00 418.75 413.00 416.00 9641700
20040402 418.50 422.75 415.50 422.25 12012600
20040405 422.00 427.25 421.25 427.25 14489700
20040406 427.50 427.50 420.50 423.50 14794000
20040407 423.75 425.50 414.00 414.00 21542900
20040408 417.00 420.50 415.75 418.25 15762100
20040409 418.25 418.25 418.25 418.25 0
20040412 418.25 418.25 418.25 418.25 0
20040413 420.00 421.00 414.75 415.00 17850200
20040414 415.00 416.75 409.50 414.25 18943800
20040415 414.00 414.50 410.50 413.50 14694100
20040416 414.00 418.00 413.00 415.50 13504700
20040419 417.00 422.25 414.50 421.00 19696200
20040420 423.50 429.50 422.50 426.75 20665100
20040421 425.00 426.50 422.00 426.00 13097800
20040422 428.25 428.75 427.00 427.00 14650900
20040423 431.50 433.50 426.50 429.25 16872300
20040426 428.50 433.00 426.50 428.00 12372700
20040427 430.00 430.50 426.50 426.75 11977500
20040428 427.00 430.00 424.25 424.75 14326100
20040429 427.00 427.00 420.25 423.50 15856300
20040430 424.50 425.50 420.75 421.50 15034000
20040503 421.50 421.50 421.50 421.50 0
20040504 425.00 425.00 418.25 422.75 18399600
20040505 418.00 422.25 416.00 421.75 34633000
20040506 421.00 423.75 416.25 418.75 22158200
20040507 421.00 416.75 412.00 415.00 18505800
20040510 410.00 412.50 407.00 411.00 20080200
20040511 415.00 419.75 410.75 418.75 21173800
20040512 421.50 421.50 414.00 415.75 13399800
20040513 417.75 421.00 417.75 420.00 11448100
20040514 421.25 423.75 414.50 423.75 14100000
20040517 421.25 422.50 413.50 418.50 23701700
20040518 422.75 422.75 416.75 420.00 12722000
20040519 418.00 427.50 418.00 426.25 10917500
20040520 422.00 425.00 420.00 423.50 10411800
20040521 426.50 428.50 422.75 424.00 15070500
20040524 424.00 429.00 420.75 423.75 8577800
20040525 423.00 424.75 420.00 424.50 7969700
20040526 428.25 431.00 425.75 429.75 19974500
20040527 430.00 438.00 430.00 433.50 15635600
20040528 436.50 437.00 428.75 431.00 20575400
20040531 431.00 431.00 431.00 431.00 0
20040601 433.50 433.50 425.00 427.00 12263500
20040602 429.75 430.50 427.25 427.25 11743200
20040603 429.50 429.50 424.00 426.50 11344800
20040604 426.50 431.25 425.00 430.75 12266000
20040607 431.00 437.75 431.00 437.75 14661300
20040608 438.00 439.00 435.25 436.50 11303700
20040609 439.75 443.25 435.75 439.00 17043400
20040610 441.50 443.25 439.00 441.50 11065900
20040611 442.25 442.50 438.50 439.50 5201800
20040614 440.75 440.75 433.75 436.00 8732700
20040615 435.75 438.00 434.00 436.50 8430900
20040616 435.50 443.50 435.50 438.25 12862400
20040617 438.75 442.00 438.00 439.00 13539000
20040618 439.50 440.00 435.25 436.50 16933900
20040621 428.50 436.00 427.00 436.00 24071400
20040622 433.00 435.00 429.75 433.25 15768800
20040623 436.25 436.25 430.75 433.25 14022900
20040624 434.00 438.00 428.75 431.50 17681000
20040625 429.00 434.25 429.00 429.75 15802800
20040628 428.25 435.00 427.50 434.00 11340400
20040629 433.25 436.00 430.00 433.50 10167000
20040630 435.00 435.00 430.50 431.75 12304900
20040701 433.00 437.50 421.50 424.75 30043300
20040702 425.25 425.25 414.00 416.00 31918100
20040705 417.25 417.25 413.50 414.00 11017300
20040706 416.75 416.75 407.75 410.00 21018500
20040707 412.50 416.50 410.00 410.75 22209300
20040708 408.00 411.00 403.50 409.50 19559100
20040709 410.50 410.50 404.50 408.00 19572500
20040712 409.75 413.00 404.25 404.25 14346000
20040713 408.00 408.00 404.25 404.25 13734900
20040714 403.50 404.75 396.00 401.75 32207600
20040715 401.25 402.50 397.00 397.00 16793500
20040716 399.75 401.00 395.00 395.00 19675200
20040719 397.00 398.25 391.75 391.75 16314000
20040720 391.50 397.00 387.00 396.25 23366900
20040721 398.50 409.00 405.50 406.50 24289300
20040722 401.75 402.00 396.00 400.50 18339500
20040723 402.50 414.75 398.00 404.50 27287800
20040726 404.00 405.00 397.00 397.00 15666600
20040727 399.25 404.50 399.00 404.50 10564300
20040728 407.25 409.00 402.50 407.00 19155800
20040729 408.50 418.00 407.00 413.75 19386600
20040730 412.50 414.00 404.00 412.25 22997000
20040802 408.50 416.00 408.50 412.50 12953300
20040803 415.00 419.25 411.25 415.50 17963900
20040804 414.00 416.25 407.00 412.75 20486400
20040805 414.75 420.00 413.50 417.00 20300400
20040806 415.00 438.25 411.50 420.75 52986100
20040809 421.75 421.75 408.75 408.75 22279300
20040810 409.00 418.00 408.50 413.25 20162800
20040811 406.00 406.00 402.00 403.00 12643300
20040812 404.00 406.00 400.50 400.50 11603000
20040813 400.00 404.00 397.75 401.00 12955200
20040816 402.00 404.75 399.00 402.50 15208100
20040817 403.00 409.75 401.25 404.25 26132000
20040818 405.25 407.00 402.50 406.75 11590800
20040819 408.00 409.00 401.75 405.50 15632100
20040820 403.00 406.50 403.00 404.50 8518400
20040823 406.50 410.50 405.00 409.25 10067800
20040824 409.50 414.25 408.00 410.00 14466700
20040825 411.00 412.00 408.50 410.50 8476300
20040826 412.50 417.50 412.25 417.50 15680200
20040827 418.00 421.25 414.50 418.25 9858600
20040830 418.25 418.25 418.25 418.25 0
20040831 418.00 420.00 417.00 417.00 15385700
20040901 420.75 425.50 419.50 424.00 11273900
20040902 424.50 429.75 421.00 427.00 16346600
20040903 427.50 432.00 424.25 431.50 14509900
20040906 432.00 435.00 429.50 430.25 11315400
20040907 433.00 433.00 428.50 431.75 12163100
20040908 428.50 435.50 426.50 431.00 17170600
20040909 428.00 431.25 427.00 430.00 11458600
20040910 429.75 434.00 428.50 429.25 8340400
20040913 431.00 434.25 429.25 432.00 13088600
20040914 431.50 432.00 428.00 430.75 18293200
20040915 432.00 433.50 427.25 427.50 18313500
20040916 428.00 429.50 424.50 429.50 17133300
20040917 427.50 437.25 426.00 432.00 17714600
20040920 432.00 432.75 428.25 429.00 10248200
20040921 430.00 433.75 429.50 433.75 11726900
20040922 433.50 446.00 431.50 433.25 31264900
20040923 433.00 436.00 426.75 427.75 13273100
20040924 425.75 430.75 425.75 428.75 12906100
20040927 427.00 431.50 422.50 424.25 16685000
20040928 424.75 430.50 423.50 429.50 16494000
20040929 430.00 436.00 430.00 436.00 13016100
20040930 435.75 437.25 427.50 431.50 27438700
20041001 434.00 439.50 428.75 438.00 18970400
20041004 443.75 445.75 441.75 443.75 16171500
20041005 444.25 449.25 442.50 445.00 14164000
20041006 447.25 449.75 443.25 447.75 14952500
20041007 450.00 452.00 446.50 448.00 16120300
20041008 445.50 452.00 445.00 446.50 17854000
20041011 448.00 453.75 444.25 448.50 14046200
20041012 450.00 450.00 439.00 441.00 12734200
20041013 445.00 446.50 439.25 440.25 12596200
20041014 439.50 444.00 436.00 437.00 18048800
20041015 436.25 438.00 430.75 433.75 11808200
20041018 433.00 435.00 429.75 431.75 12057500
20041019 425.00 437.75 424.00 436.50 27120500
20041020 435.00 435.00 427.50 430.25 15000800
20041021 433.50 434.50 423.25 429.00 14327400
20041022 430.25 431.00 425.00 429.00 11659300
20041025 423.75 425.00 419.25 422.75 12942900
20041026 424.50 427.00 421.00 425.00 10421400
20041027 426.50 428.75 424.50 428.00 6751900
20041028 430.00 435.50 429.00 435.50 14929700
20041029 435.00 436.00 428.00 431.00 15708200
20041101 432.00 436.75 427.50 435.25 11413700
20041102 438.25 439.00 435.25 438.75 10341600
20041103 440.00 440.50 431.00 437.25 22193500
20041104 437.00 437.00 425.50 432.25 27200400
20041105 435.25 436.00 429.00 433.75 20985100
20041108 433.75 434.00 429.75 432.75 14850900
20041109 434.25 434.50 430.00 431.00 14205700
20041110 433.75 435.00 429.25 430.00 12850100
20041111 430.00 435.25 428.75 433.50 15863100
20041112 433.00 435.50 430.00 435.50 12951800
20041115 436.25 438.00 431.00 433.25 13570800
20041116 434.75 434.75 430.50 432.75 10519000
20041117 432.75 436.25 426.50 436.25 16150200
20041118 435.00 436.75 427.50 429.70 22897500
20041119 430.00 431.00 421.50 423.00 23057800
20041122 422.00 422.75 417.50 418.25 18451600
20041123 421.00 423.25 415.00 417.25 19883400
20041124 418.25 419.25 413.25 415.00 15047300
20041125 414.00 419.25 414.00 418.50 13973900
20041126 418.25 423.00 416.25 422.75 14033900
20041129 423.75 432.25 423.00 425.75 20888600
20041130 425.75 428.75 420.00 421.25 18356100
20041201 424.00 430.00 421.00 426.75 19947500
20041202 429.00 432.00 425.50 430.50 22863300
20041203 429.75 436.50 429.75 432.25 28898500
20041206 430.25 433.00 428.50 430.75 9069200
20041207 430.25 434.00 429.25 433.00 9138700
20041208 431.75 432.50 429.25 430.50 9867700
20041209 432.50 432.50 426.25 426.50 11388200
20041210 429.00 430.00 424.50 428.00 17355200
20041213 435.00 445.75 442.00 443.00 37675500
20041214 445.00 449.50 442.50 443.75 20414600
20041215 443.25 460.00 443.25 455.75 44207500
20041216 457.00 460.00 454.50 456.50 18075100
20041217 458.75 460.50 454.00 455.25 19172900
20041220 456.75 464.50 455.00 459.00 16548500
20041221 461.00 463.75 457.25 459.75 11347400
20041222 462.75 470.50 461.75 467.25 17432300
20041223 469.50 471.00 465.00 467.50 7548300
20041224 468.50 472.50 466.50 472.00 2868900
20041227 472.00 472.00 472.00 472.00 0
20041228 472.00 472.00 472.00 472.00 0
20041229 473.00 477.00 471.50 472.25 7218300
20041230 472.00 474.75 472.00 473.25 5127000
20041231 470.50 475.00 470.50 473.00 3533600
20050103 473.00 473.00 473.00 473.00 0
20050104 475.00 479.75 475.00 477.75 14957600
20050105 475.00 475.50 469.25 472.50 15672200
20050106 471.00 479.75 470.75 475.00 13358500
20050107 472.75 479.25 472.75 477.25 12296300
20050110 478.25 482.00 473.75 477.00 13829000
20050111 479.00 472.25 470.50 472.25 15715400
20050112 471.25 471.50 462.25 466.00 16305300
20050113 468.00 470.00 464.75 468.25 12116900
20050114 467.00 469.25 464.50 466.75 11203700
20050117 468.00 469.25 465.50 468.25 5783700
20050118 470.00 470.00 460.00 463.50 13475100
20050119 466.00 471.75 465.25 469.00 17660200
20050120 468.00 469.50 465.50 469.00 12987400
20050121 472.00 472.25 469.00 471.00 16283300
20050124 469.75 471.25 467.25 471.25 15779700
20050125 471.75 491.50 469.00 486.00 40042800
20050126 488.50 490.00 482.50 484.25 21944300
20050127 483.00 498.50 481.75 490.00 22903100
20050128 486.00 502.00 484.00 489.50 28564600
20050131 494.50 497.00 493.00 496.25 17319500
20050201 496.75 499.00 494.00 499.00 16002100
20050202 500.00 508.00 497.50 503.25 15950600
20050203 505.00 504.25 502.25 504.25 13182100
20050204 505.00 509.50 504.00 508.00 10799300
20050207 510.50 513.50 507.50 508.50 12764500
20050208 506.25 508.75 501.25 503.25 26054800
20050209 502.50 504.00 496.00 499.00 21238100
20050210 496.50 506.50 494.75 503.00 13602100
20050211 502.00 510.75 501.50 508.75 10384300
20050214 510.00 510.00 505.25 507.25 8227100
20050215 506.00 508.50 504.00 507.75 7319000
20050216 508.00 508.75 505.00 507.50 11441200
20050217 505.00 510.75 505.00 507.50 8233200
20050218 507.25 510.75 505.00 509.00 8634500
20050221 511.00 511.00 504.00 506.50 5366800
20050222 507.00 507.00 499.75 505.50 11571600
20050223 502.00 503.00 491.00 494.75 22450500
20050224 496.25 496.50 487.00 490.00 16897000
20050225 491.00 494.25 488.25 493.25 15600500
20050228 494.00 497.50 486.50 489.75 15276300
20050301 490.00 496.25 484.75 495.25 16437700
20050302 495.75 496.00 485.00 490.75 23839700
20050303 488.50 491.25 481.75 488.25 21057600
20050304 500.00 504.25 494.00 497.00 41983800
20050307 500.50 504.00 499.50 504.00 13504500
20050308 502.00 504.00 500.50 502.25 16434000
20050309 502.00 511.00 500.75 503.00 18560700
20050310 502.00 507.50 502.00 502.00 18338900
20050311 506.00 508.75 502.00 504.75 17039000
20050314 504.00 506.50 499.50 501.00 20454200
20050315 500.00 508.00 500.00 508.00 22411000
20050316 482.50 484.00 472.00 474.25 24010300
20050317 476.00 477.75 471.75 476.00 16863400
20050318 477.25 479.75 476.00 477.00 18955900
20050321 479.00 482.00 477.00 478.50 9786800
20050322 478.50 478.50 470.50 478.00 17010600
20050323 474.50 474.50 468.00 472.50 18364100
20050324 472.50 479.50 470.00 475.50 14028700
20050325 475.50 475.50 475.50 475.50 0
20050328 475.50 475.50 475.50 475.50 0
20050329 475.00 481.00 472.50 478.00 13337100
20050330 477.00 478.00 472.00 474.50 11724000
20050331 478.00 479.50 475.50 478.00 14737100
20050401 477.50 480.00 474.50 477.00 13248100
20050404 478.00 478.50 470.50 471.00 9614800
20050405 475.50 477.00 472.50 475.50 8249500
20050406 475.50 479.50 475.50 478.00 8628400
20050407 480.00 484.00 478.50 480.50 12178700
20050408 482.00 484.00 481.50 482.50 6834100
20050411 482.50 484.00 478.00 479.50 6484900
20050412 478.00 479.00 472.00 473.50 14642900
20050413 477.00 479.00 474.00 475.50 12065700
20050414 473.50 479.00 473.50 475.00 13257400
20050415 472.00 472.50 465.50 467.00 14298100
20050418 461.50 464.00 455.00 462.00 15891000
20050419 462.00 465.00 458.50 462.00 10149600
20050420 461.50 465.00 455.00 458.50 13273300
20050421 456.00 461.50 454.00 458.00 12761900
20050422 461.50 462.50 457.50 458.50 10719500
20050425 459.00 462.00 456.00 461.50 7404600
20050426 461.50 463.00 453.00 457.50 13021000
20050427 455.00 458.00 447.50 451.50 16740800
20050428 452.00 456.50 444.00 446.50 20755300
20050429 445.00 453.00 445.00 447.50 14226500
20050502 447.50 447.50 447.50 447.50 0
20050503 452.50 456.00 447.50 454.50 18429600
20050504 456.00 462.00 454.50 461.50 22271000
20050505 463.00 468.00 461.50 465.50 15905300
20050506 463.50 470.50 463.50 469.50 13659900
20050509 471.00 471.00 466.00 467.50 10946600
20050510 469.00 469.50 460.00 463.50 11958100
20050511 464.00 465.00 458.00 459.50 12815100
20050512 459.50 465.00 459.50 461.50 12011300
20050513 460.00 462.00 457.00 460.00 7092500
20050516 460.00 461.50 450.00 455.00 22072200
20050517 456.50 456.50 449.00 454.00 17542700
20050518 456.50 464.00 455.50 461.50 16729400
20050519 463.50 466.50 461.50 465.00 11813200
20050520 464.50 466.50 462.00 464.00 7732600
20050523 467.50 467.50 463.00 467.00 6873400
20050524 465.00 468.50 464.00 464.50 9141000
20050525 464.00 466.50 462.50 466.00 10259200
20050526 457.00 458.00 448.50 458.00 32547700
20050527 457.50 459.50 451.00 458.00 11359000
20050530 458.00 458.00 458.00 458.00 0
20050531 461.00 463.00 452.00 453.00 13924600
20050601 455.00 461.00 452.00 460.50 9888700
20050602 460.50 460.50 458.00 458.00 7560400
20050603 458.00 458.00 458.00 458.00 0
20050606 454.50 456.50 448.50 451.50 12562300
20050607 451.00 459.00 451.00 456.50 10670500
20050608 457.00 462.00 454.00 459.50 11690700
20050609 460.50 461.50 455.00 457.50 11952600
20050610 459.50 465.50 459.00 462.50 12489500
20050613 464.50 467.00 462.00 463.00 10807000
20050614 463.00 472.50 462.50 468.50 20018800
20050615 469.00 474.00 467.50 471.00 19904500
20050616 472.50 476.50 469.00 473.00 20443400
20050617 471.50 479.00 471.50 475.50 21173200
20050620 472.00 475.25 466.50 473.50 14283900
20050621 474.00 477.50 472.75 476.25 9285800
20050622 475.00 480.00 472.75 476.00 12834400
20050623 475.50 482.50 474.25 477.00 14212500
20050624 475.00 475.00 470.00 471.50 7556200
20050627 470.00 471.00 464.25 465.75 11842000
20050628 467.50 472.75 464.75 471.00 9721100
20050629 475.00 475.00 470.25 472.00 7190500
20050630 472.00 475.50 470.00 473.00 13646600
20050701 474.25 479.50 471.50 478.00 11677600
20050704 480.00 480.00 475.25 478.75 5734300
20050705 479.50 479.75 474.50 477.25 9601500
20050706 478.75 483.00 474.50 479.00 14564700
20050707 478.75 479.00 460.00 472.75 23729600
20050708 478.00 478.00 473.00 477.75 11001900
20050711 481.50 487.25 479.75 485.75 18199300
20050712 486.00 492.00 484.75 490.25 18960200
20050713 490.00 495.25 489.50 492.75 16014400
20050714 495.00 496.75 493.75 495.00 29702400
20050715 497.00 497.50 489.75 493.50 24976500
20050718 494.25 495.00 487.00 489.50 40754400
20050719 490.50 490.50 481.75 485.25 57979600
20050720 487.50 490.00 482.75 489.00 40528800
20050721 492.00 495.00 482.25 487.75 26560000
20050722 489.50 489.50 482.25 485.25 14148400
20050725 486.00 488.00 482.00 486.50 28695400
20050726 484.25 486.50 483.50 486.50 22746300
20050727 488.00 491.00 486.00 488.25 16015400
20050728 490.75 490.75 483.50 489.00 33233700
20050729 482.25 482.25 476.00 482.00 49778000
20050801 484.00 489.00 483.00 488.50 24530500
20050802 486.50 490.00 485.50 488.00 21723500
20050803 486.00 489.25 482.75 488.00 20838000
20050804 488.50 494.00 479.25 485.50 99750096
20050805 486.75 487.00 481.50 481.50 37304300
20050808 484.00 484.75 481.00 481.75 20268400
20050809 482.00 482.75 476.00 482.75 29700800
20050810 475.00 476.50 469.50 474.00 30804300
20050811 473.00 473.00 467.75 468.75 27559400
20050812 468.00 469.00 463.00 463.75 21704900
20050815 466.00 466.25 459.50 462.00 25987400
20050816 463.00 463.00 456.00 458.75 65232900
20050817 461.00 461.25 452.25 455.00 64615400
20050818 457.25 460.00 452.00 454.25 48307400
20050819 456.25 458.00 452.75 456.50 46722800
20050822 457.00 458.75 453.25 454.00 45054800
20050823 454.00 455.75 452.25 455.25 18657800
20050824 455.50 457.75 454.00 454.00 36977400
20050825 452.50 465.75 451.75 458.25 69401504
20050826 458.25 466.00 457.50 457.50 27530400
20050829 457.50 457.50 457.50 457.50 0
20050830 459.00 460.75 456.50 457.00 22588000
20050831 458.00 459.25 454.50 456.00 33405100
20050901 458.75 460.75 455.00 458.50 31053300
20050902 459.50 469.00 458.00 465.50 59110500
20050905 466.50 479.50 465.00 478.50 73900096
20050906 484.00 491.75 480.25 486.50 79684304
20050907 489.75 491.25 484.50 488.75 39161700
20050908 489.75 489.75 480.50 484.25 24866400
20050909 483.00 484.75 476.50 483.00 42008600
20050912 483.50 484.50 477.50 480.25 47599800
20050913 479.00 480.00 471.25 474.50 67156704
20050914 473.50 476.00 468.50 473.75 33604000
20050915 471.75 473.75 468.00 468.75 56036700
20050916 467.25 471.00 466.75 468.75 44038200
20050919 469.00 472.00 466.50 468.75 42396300
20050920 470.00 473.25 467.50 471.75 35955300
20050921 469.00 469.75 463.75 464.50 45739000
20050922 462.50 464.50 459.50 462.50 29527500
20050923 465.00 465.00 460.00 464.25 19881800
20050926 466.00 470.50 465.50 470.00 16959200
20050927 468.75 469.50 464.50 467.25 13400300
20050928 470.00 471.75 465.50 468.75 30211600
20050929 469.75 474.50 467.50 469.00 45443500
20050930 472.00 472.50 463.75 467.00 30387300
20051003 469.50 471.50 465.00 469.00 18514300
20051004 468.50 471.25 465.50 470.75 37494800
20051005 468.50 469.50 465.00 465.00 37015800
20051006 462.50 465.00 458.00 458.50 32483500
20051007 458.50 461.25 456.00 456.00 17226200
20051010 456.50 458.50 454.00 454.50 25575300
20051011 455.75 459.25 454.00 454.25 25058000
20051012 453.50 454.75 450.50 452.00 18713200
20051013 451.75 452.25 447.00 449.50 21825800
20051014 450.50 450.75 445.50 448.50 21465300
20051017 448.50 450.50 445.50 448.25 24949000
20051018 449.00 452.75 446.25 446.25 32403300
20051019 445.00 446.25 438.50 441.00 45280300
20051020 447.50 447.50 437.25 439.50 48979200
20051021 440.00 445.25 435.25 441.00 42355300
20051024 443.25 451.25 441.00 450.25 34878700
20051025 451.75 457.00 450.50 453.00 48071300
20051026 453.00 458.00 453.00 457.25 30672500
20051027 454.50 455.25 450.25 450.25 26967600
20051028 450.75 455.50 446.50 451.00 31018600
20051031 455.00 462.75 452.25 462.00 40729300
20051101 459.50 465.75 459.50 463.75 19688500
20051102 464.50 469.25 462.50 464.75 28036300
20051103 465.25 472.00 465.00 469.50 25531400
20051104 466.25 474.00 464.25 466.75 17464900
20051107 468.50 471.75 466.25 468.50 17289400
20051108 468.00 471.00 463.25 471.00 26362500
20051109 471.00 473.25 464.50 464.50 41519600
20051110 468.00 468.75 463.25 463.25 30207900
20051111 468.50 472.75 467.75 470.25 25311300
20051114 470.00 471.25 465.50 471.25 19765500
20051115 472.00 472.75 467.75 468.50 17327400
20051116 470.50 470.75 465.50 468.50 18781100
20051117 470.50 474.50 467.25 467.50 42702300
20051118 468.75 476.75 468.25 474.50 34006800
20051121 477.25 482.00 474.25 479.75 21286500
20051122 480.00 482.00 476.50 478.00 27486300
20051123 478.50 482.25 478.25 479.75 21066700
20051124 481.25 481.75 477.50 481.50 11632600
20051125 482.25 482.25 478.25 481.25 12628300
20051128 482.75 485.00 476.50 477.00 19604600
20051129 476.00 477.50 471.50 477.50 28908900
20051130 475.00 477.25 469.00 470.50 33017000
20051201 471.25 474.75 468.50 472.25 22214900
20051202 473.50 475.00 469.25 472.75 39916500
20051205 474.75 475.25 470.00 471.25 21953400
20051206 472.50 486.00 472.50 482.25 40810500
20051207 483.00 492.75 482.75 485.00 57140300
20051208 482.00 485.00 479.50 483.00 27187800
20051209 480.75 484.00 478.50 482.75 22845300
20051212 479.50 488.00 479.00 481.50 30908900
20051213 482.00 485.00 478.50 480.00 32051700
20051214 482.25 483.00 478.75 480.25 19375400
20051215 480.50 483.75 478.00 479.00 26577400
20051216 478.00 489.00 478.00 483.50 44825700
20051219 484.25 487.00 482.25 486.50 14532300
20051220 486.75 488.75 483.75 484.75 19064600
20051221 483.75 491.00 483.75 489.50 16380500
20051222 488.75 491.25 486.50 489.50 21469500
20051223 490.00 492.00 488.00 489.50 4234600
20051226 489.50 489.50 489.50 489.50 0
20051227 489.50 489.50 489.50 489.50 0
20051228 490.00 491.50 487.50 488.75 14964500
20051229 490.00 491.00 487.00 489.50 8816600
20051230 489.75 489.75 485.50 488.50 5083100
20060102 488.50 488.50 488.50 488.50 0
20060103 491.00 494.50 486.50 489.75 40324200
20060104 492.75 493.50 489.75 492.75 18210000
20060105 493.50 496.50 488.50 492.50 35680300
20060106 493.50 498.00 492.75 497.75 26571800
20060109 498.00 500.00 495.25 499.75 28637200
20060110 498.75 498.75 494.00 495.50 22574400
20060111 497.00 505.75 497.00 505.00 63560000
20060112 514.00 519.00 511.00 511.00 85568000
20060113 511.00 516.25 507.00 512.25 37430700
20060116 510.25 514.50 509.00 511.50 15005400
20060117 509.50 510.75 507.00 507.25 26463600
20060118 503.00 507.50 500.50 502.75 41359300
20060119 507.75 522.00 507.00 516.00 62854600
20060120 518.00 521.00 510.00 511.25 48932400
20060123 508.00 517.00 506.25 515.00 34551900
20060124 515.00 516.00 505.00 506.50 30949000
20060125 507.00 509.50 503.50 508.00 47402800
20060126 510.00 515.00 508.50 510.75 47349800
20060127 516.00 519.00 511.75 516.50 65081900
20060130 517.50 518.00 509.75 511.25 39301700
20060131 510.00 512.00 508.25 509.50 40213400
20060201 514.50 555.00 509.50 535.00 193432800
20060202 535.00 535.00 523.50 525.25 67496200
20060203 525.50 531.75 520.75 521.00 66958500
20060206 533.00 539.50 525.50 525.50 68984200
20060207 524.25 527.25 521.00 524.00 37225700
20060208 521.75 544.50 520.50 533.00 91679296
20060209 536.75 557.00 533.00 549.00 79541400
20060210 547.50 554.75 543.25 549.00 45728000
20060213 550.00 559.50 548.50 552.00 53649300
20060214 554.00 557.50 542.75 550.00 39821600
20060215 550.00 552.25 544.00 548.00 26223500
20060216 550.00 551.75 544.00 546.75 27800800
20060217 547.00 558.00 544.50 546.75 41235000
20060220 547.00 547.25 541.00 546.75 18563900
20060221 547.00 549.75 542.50 546.50 26329600
20060222 545.50 547.00 542.25 545.00 23284900
20060223 546.00 550.00 540.00 541.00 30969900
20060224 556.50 572.50 553.25 566.50 197709200
20060227 570.00 573.50 565.00 565.00 33094600
20060228 567.00 567.25 551.50 553.75 58237100
20060301 554.00 555.25 549.25 554.50 22133600
20060302 554.50 557.00 548.50 551.75 35646200
20060303 550.00 552.50 542.75 545.50 25781200
20060306 548.25 551.75 545.50 547.00 82471600
20060307 546.25 547.50 539.00 543.25 60286500
20060308 522.00 526.75 513.50 521.75 33141600
20060309 522.50 535.50 519.50 531.00 42085200
20060310 531.50 542.00 531.00 535.50 30809800
20060313 539.00 543.50 534.50 541.75 31981500
20060314 541.50 546.75 537.50 540.00 27479400
20060315 542.00 543.50 536.50 538.75 22604900
20060316 539.50 549.75 536.25 545.00 41104300
20060317 550.00 558.00 548.25 551.00 47917000
20060320 556.00 572.00 556.00 558.00 68724096
20060321 561.00 561.00 553.50 560.00 42615200
20060322 558.50 583.00 554.00 573.50 102541904
20060323 575.00 581.50 565.00 568.00 37827200
20060324 568.00 571.00 563.50 569.00 46173000
20060327 566.50 571.50 562.00 562.00 24364600
20060328 565.00 565.00 551.50 555.00 50663400
20060329 554.00 559.00 550.50 552.00 21093200
20060330 557.00 560.00 551.00 556.00 18822700
20060331 557.00 557.00 548.50 550.50 25741400
20060403 554.50 558.00 550.50 552.00 31612400
20060404 552.00 552.00 543.00 545.50 39100800
20060405 547.00 550.00 541.50 544.00 85324096
20060406 546.00 550.50 540.50 549.00 27299700
20060407 550.00 552.00 538.50 540.00 32742500
20060410 542.00 542.00 532.50 536.50 37337400
20060411 534.50 536.00 527.00 530.00 47379900
20060412 532.00 532.00 520.50 524.50 36945800
20060413 526.00 528.00 518.00 525.00 39543400
20060414 525.00 525.00 525.00 525.00 0
20060417 525.00 525.00 525.00 525.00 0
20060418 523.00 526.50 519.00 524.00 50698500
20060419 530.00 532.00 525.50 527.50 67561600
20060420 528.00 533.00 523.50 526.50 62437800
20060421 528.50 533.00 527.00 530.50 73313400
20060424 526.00 527.50 521.00 522.00 27818000
20060425 523.50 533.00 523.00 524.00 33242800
20060426 527.00 535.00 526.00 532.00 60114700
20060427 536.00 539.50 529.50 533.00 38562300
20060428 533.00 542.50 532.50 533.50 24424600
20060501 533.50 533.50 533.50 533.50 0
20060502 533.00 536.00 529.00 534.00 43391600
20060503 533.00 538.00 530.50 532.50 39449900
20060504 533.50 535.50 528.50 531.00 76563200
20060505 537.00 540.00 532.50 536.50 55010900
20060508 539.00 542.00 530.00 530.50 43200600
20060509 530.00 533.00 526.00 528.50 46177000
20060510 529.50 533.00 526.00 526.50 22490700
20060511 525.00 528.00 519.50 520.00 31275200
20060512 519.00 522.50 505.50 506.00 42419200
20060515 503.50 513.50 492.66 510.00 45732100
20060516 510.00 522.00 510.00 512.00 45865300
20060517 514.00 519.96 498.08 499.50 28634300
20060518 502.00 509.00 492.16 500.50 38186700
20060519 500.00 507.02 497.50 500.00 30339500
20060522 500.00 504.94 470.00 491.50 38804000
20060523 494.50 505.00 491.34 500.00 32776900
20060524 496.50 501.00 487.26 493.00 38308600
20060525 497.00 502.50 486.08 502.00 29471900
20060526 503.00 510.50 500.94 510.50 20443700
20060529 510.50 510.50 510.50 510.50 0
20060530 511.00 512.94 494.50 496.50 35820500
20060531 492.50 507.35 491.66 503.50 24010000
20060601 507.00 517.66 488.10 515.50 55101100
20060602 519.00 523.50 516.30 518.50 26014200
20060605 518.50 520.73 512.50 514.50 24048000
20060606 510.00 515.00 508.16 511.00 37628200
20060607 511.50 530.00 511.50 523.00 61602800
20060608 512.50 535.20 511.66 521.00 91870600
20060609 525.00 531.03 511.71 523.50 31488800
20060612 520.50 525.50 515.00 519.00 15930500
20060613 510.50 512.35 499.00 503.00 41430000
20060614 506.00 522.24 505.14 515.00 50041500
20060615 523.00 531.35 522.12 527.00 45939500
20060616 532.00 535.05 523.82 527.00 55343000
20060619 525.00 550.00 520.85 523.50 37410600
20060620 520.00 526.42 518.89 525.00 22626900
20060621 525.50 526.70 516.50 523.50 33510600
20060622 527.00 530.00 521.11 526.50 17737200
20060623 524.50 527.50 518.63 521.50 17799500
20060626 524.00 524.37 518.75 522.00 20265100
20060627 524.00 524.50 516.25 517.50 16514700
20060628 517.50 525.26 515.25 517.00 18235000
20060629 519.50 529.50 519.00 529.00 39279100
20060630 533.50 535.50 526.00 531.50 22607800
20060703 534.00 539.50 531.00 535.00 25692900
20060704 536.00 543.50 534.00 541.00 19151000
20060705 537.50 541.00 537.00 539.00 19856500
20060706 539.00 543.50 537.50 542.00 19888200
20060707 541.50 548.50 537.50 544.00 34777200
20060710 546.00 546.00 537.00 543.00 32081200
20060711 539.50 545.00 536.50 541.00 25542600
20060712 543.00 544.00 532.00 535.00 15050900
20060713 533.00 533.00 523.00 525.50 32123900
20060714 522.00 527.50 516.00 517.00 14778200
20060717 518.00 520.50 511.50 518.50 21966100
20060718 515.00 521.00 515.00 516.50 21966800
20060719 518.00 532.00 518.00 528.50 32447600
20060720 532.50 534.50 529.00 531.00 29775600
20060721 529.50 529.50 520.00 524.50 30949800
20060724 526.50 540.00 525.50 538.00 28934900
20060725 538.00 540.50 531.00 540.00 33912900
20060726 540.00 541.00 535.50 540.50 56136300
20060727 541.00 544.00 538.00 542.50 22373900
20060728 539.00 546.00 538.50 544.00 39740800
20060731 544.00 544.00 536.50 539.00 19577100
20060801 536.00 539.00 528.00 534.00 30926900
20060802 538.00 540.50 521.50 528.00 47830100
20060803 528.00 528.00 528.00 528.00 0
20060804 520.00 527.00 517.50 525.00 23972000
20060807 525.00 528.00 518.50 519.50 20720500
20060808 523.00 527.50 519.00 521.00 26422400
20060809 513.50 515.50 508.50 511.50 30674900
20060810 506.50 510.00 501.50 509.50 23312100
20060811 510.50 513.00 506.00 507.00 15602200
20060814 511.00 516.50 508.50 514.50 13819200
20060815 514.50 519.50 512.00 517.00 20514600
20060816 518.00 523.00 515.50 519.50 21572600
20060817 519.50 522.00 517.00 519.50 17253000
20060818 521.00 532.00 518.50 523.00 28415200
20060821 523.50 526.00 520.00 522.00 16491900
20060822 523.00 530.50 521.50 523.00 38714100
20060823 524.50 526.00 518.50 521.50 32962100
20060824 522.50 526.50 515.50 523.00 49926500
20060825 529.00 532.00 523.50 526.00 32297300
20060828 526.00 526.00 526.00 526.00 0
20060829 529.00 530.00 522.00 524.00 32980200
20060830 524.50 529.50 524.50 527.00 16765000
20060831 528.50 529.00 520.00 521.50 22614900
20060901 523.50 527.50 522.00 525.50 33561600
20060904 525.00 535.00 523.00 533.50 33303700
20060905 534.50 535.50 529.00 532.50 23934800
20060906 535.00 535.00 526.50 529.50 17846000
20060907 528.00 528.00 518.50 522.00 26709800
20060908 524.00 525.00 520.00 521.00 13477000
20060911 518.00 523.00 518.00 522.00 28941600
20060912 523.00 532.00 520.50 528.00 44470400
20060913 530.00 532.00 523.50 525.00 25852500
20060914 525.00 529.00 521.50 524.50 19922900
20060915 524.00 530.00 524.00 529.50 33721200
20060918 530.50 533.00 527.50 529.00 19852600
20060919 529.50 531.50 524.00 529.00 45389700
20060920 531.00 535.00 529.00 534.00 38767400
20060921 533.50 536.00 529.50 533.00 23223200
20060922 529.50 531.00 525.50 529.00 16003800
20060925 529.00 533.50 525.00 527.50 26861600
20060926 530.50 534.50 528.50 532.50 16997600
20060927 534.50 540.00 533.00 537.00 46453700
20060928 534.50 542.00 534.00 540.00 20948100
20060929 539.50 544.00 537.50 539.50 26086200
20061002 542.50 544.00 538.00 540.00 12438200
20061003 542.00 542.00 537.00 542.00 47995100
20061004 544.00 554.50 541.50 547.50 48817400
20061005 554.00 556.00 550.00 552.50 37837400
20061006 556.00 562.00 551.50 556.00 32157100
20061009 556.50 557.00 552.00 556.00 26132300
20061010 557.00 557.00 548.50 552.50 41498300
20061011 552.00 555.50 550.00 554.50 37135400
20061012 553.00 562.50 552.50 559.00 20826300
20061013 560.50 587.50 559.50 581.00 92214304
20061016 584.00 595.50 575.00 579.00 50990300
20061017 575.50 577.00 561.50 564.50 44457000
20061018 568.00 571.50 564.00 569.00 46016200
20061019 568.00 571.00 563.00 568.50 19930500
20061020 568.50 571.00 557.50 562.50 35497800
20061023 563.00 566.00 557.00 564.00 24532500
20061024 563.00 566.50 559.50 563.00 19367300
20061025 562.00 566.50 559.50 564.00 37169100
20061026 565.00 566.50 560.00 563.00 17551400
20061027 565.50 568.00 557.50 561.00 26019200
20061030 557.00 561.00 557.00 559.50 17886700
20061031 559.00 564.00 557.00 559.50 15666300
20061101 560.50 563.00 558.00 560.50 26198400
20061102 560.00 561.00 556.00 559.00 21999500
20061103 560.50 562.00 555.50 558.00 19256000
20061106 552.00 564.00 552.00 561.00 19306500
20061107 562.50 565.00 557.00 561.50 27202400
20061108 559.00 561.00 555.50 560.00 32462900
20061109 561.00 561.00 552.00 555.50 58217100
20061110 555.00 556.00 552.00 555.50 15828700
20061113 555.00 564.50 554.50 561.00 39021900
20061114 563.50 564.50 558.00 561.50 27009600
20061115 563.00 565.50 561.00 564.50 18307000
20061116 563.00 568.00 561.50 567.00 22228600
20061117 567.50 571.00 564.50 568.00 28724300
20061120 564.00 566.50 560.00 565.50 24887900
20061121 569.50 570.00 565.00 567.00 24868300
20061122 569.00 574.00 558.50 564.00 24464200
20061123 564.50 565.50 554.50 561.50 32534800
20061124 559.50 559.50 550.50 554.50 34059200
20061127 553.00 555.00 548.50 551.00 30614100
20061128 551.00 552.00 541.50 546.50 31376800
20061129 548.00 550.00 543.00 546.00 24901600
20061130 546.00 549.50 540.00 540.50 30672100
20061201 544.00 547.50 537.50 539.50 38507800
20061204 539.50 545.00 539.50 543.00 33587300
20061205 543.00 544.50 535.00 539.50 42234200
20061206 539.50 549.00 538.00 543.50 33713900
20061207 544.00 556.50 542.50 550.50 47236300
20061208 550.00 560.00 550.00 555.50 33740800
20061211 559.00 569.50 554.00 558.50 44329700
20061212 557.50 561.00 554.50 558.00 28515700
20061213 555.50 557.50 551.00 556.50 43364200
20061214 558.00 562.50 555.00 561.50 26223400
20061215 564.00 568.50 562.00 565.00 45011500
20061218 562.50 565.50 559.00 564.00 14595600
20061219 563.00 563.50 556.00 557.50 55098700
20061220 560.00 566.00 559.00 560.00 17410700
20061221 560.50 568.00 560.50 565.50 15707100
20061222 563.50 570.00 563.50 568.50 11311600
20061225 568.50 568.50 568.50 568.50 0
20061226 568.50 568.50 568.50 568.50 0
20061227 571.00 576.50 568.50 572.50 18429200
20061228 576.00 580.00 570.50 574.00 12230400
20061229 573.00 576.00 568.50 571.50 27447400
20070101 571.50 571.50 571.50 571.50 0
20070102 575.50 580.00 573.00 577.50 13606600
20070103 580.00 587.50 576.50 585.00 26836200
20070104 582.00 583.00 576.00 580.50 29643000
20070105 577.00 582.50 574.00 577.50 20066000
20070108 581.00 582.00 575.00 575.50 18980800
20070109 583.50 585.50 579.50 581.00 29187100
20070110 580.00 580.00 574.00 577.50 18246100
20070111 578.00 585.00 563.50 583.00 38466800
20070112 584.00 594.00 582.50 593.00 45404000
20070115 594.50 600.00 594.00 597.50 38149200
20070116 595.00 599.50 587.00 590.00 32375700
20070117 583.00 586.00 577.00 584.00 57780900
20070118 584.00 587.00 578.00 579.50 21566400
20070119 576.50 582.00 572.50 582.00 28110100
20070122 581.50 587.50 579.50 581.00 31390200
20070123 583.00 588.00 578.50 580.50 16148900
20070124 582.00 588.00 581.00 588.00 80919400
20070125 590.00 593.00 583.50 585.00 21111100
20070126 583.50 588.50 582.00 583.50 50124000
20070129 582.00 590.50 581.50 587.50 70008400
20070130 588.00 590.50 583.00 584.50 68185600
20070131 584.50 585.00 578.50 581.50 28566700
20070201 586.00 589.00 583.50 585.50 50163000
20070202 586.00 593.50 584.00 590.00 25250300
20070205 590.50 592.00 587.50 590.50 10911000
20070206 593.00 604.00 593.00 598.50 72266304
20070207 597.00 598.50 591.50 598.50 56973300
20070208 595.00 604.00 594.00 600.00 34135600
20070209 603.00 608.00 601.00 606.00 30994100
20070212 603.00 604.00 599.00 602.50 28871000
20070213 605.00 605.00 599.00 602.50 12192600
20070214 605.50 608.50 602.00 607.00 47833100
20070215 608.50 608.50 600.50 607.50 18287400
20070216 605.00 609.00 603.00 605.50 21921200
20070219 607.50 611.00 606.00 606.50 31757600
20070220 607.50 618.50 607.00 614.00 86014704
20070221 618.00 622.00 608.50 613.00 49978400
20070222 617.00 618.00 609.00 613.00 25401500
20070223 600.50 602.00 587.50 592.00 79727904
20070226 593.00 594.00 586.00 591.50 36381300
20070227 588.50 589.00 581.00 585.00 34055300
20070228 578.50 581.50 572.50 574.00 38886800
20070301 574.00 580.00 553.00 567.00 45762000
20070302 571.00 573.00 563.00 565.00 37151200
20070305 557.50 565.50 554.00 562.50 33348600
20070306 564.00 566.00 559.00 563.50 75130000
20070307 544.00 544.50 535.00 539.00 59331900
20070308 540.50 554.00 540.50 552.00 56789300
20070309 553.00 555.00 547.00 552.50 23180100
20070312 554.00 555.00 546.50 548.50 27077300
20070313 549.50 550.00 539.50 540.00 34651500
20070314 534.50 537.00 529.00 532.00 104338600
20070315 540.00 541.50 530.00 533.50 53378600
20070316 533.00 534.50 527.50 534.00 50340700
20070319 545.00 551.00 541.00 548.00 68036096
20070320 551.00 559.50 549.00 553.50 78933600
20070321 554.50 562.00 553.00 559.00 54322700
20070322 567.50 571.00 563.50 565.50 68902496
20070323 568.50 574.00 566.00 573.50 79815696
20070326 574.00 575.00 559.00 562.50 80100400
20070327 567.00 567.00 558.50 563.50 28542600
20070328 563.00 564.50 556.00 556.50 30468100
20070329 557.50 563.50 556.50 560.50 28168100
20070330 559.50 563.50 557.00 560.00 20737800
20070402 562.00 569.50 560.50 567.00 61516800
20070403 571.00 571.00 561.00 567.00 83786600
20070404 571.00 571.00 563.50 564.00 64572200
20070405 563.50 571.50 561.50 569.00 45055900
20070406 569.00 569.00 569.00 569.00 0
20070409 569.00 569.00 569.00 569.00 0
20070410 571.00 575.00 567.50 571.50 88063200
20070411 571.00 572.50 566.50 570.00 89421800
20070412 570.00 572.50 566.50 570.50 30535700
20070413 571.50 574.50 568.00 574.50 23957500
20070416 582.00 588.50 578.00 586.00 57086100
20070417 588.50 588.50 578.00 585.00 28066500
20070418 582.00 584.50 578.50 582.00 33262900
20070419 579.00 579.00 574.50 577.50 14033600
20070420 578.00 588.50 577.50 583.00 75735904
20070423 582.00 586.50 577.50 584.00 17765500
20070424 586.00 587.00 572.50 578.00 27823700
20070425 578.00 587.50 578.00 580.50 33469700
20070426 585.00 590.00 579.00 582.00 35786000
20070427 581.50 583.50 577.00 579.00 58077700
20070430 577.00 583.50 576.00 581.00 11947500
20070501 582.00 583.00 571.50 573.00 19622300
20070502 577.50 585.00 577.00 582.00 38742700
20070503 585.00 588.00 582.50 585.50 30605800
20070504 589.00 589.00 583.50 587.00 9718900
20070507 587.00 587.00 587.00 587.00 0
20070508 590.00 592.00 579.50 582.00 15804500
20070509 584.00 588.00 577.00 581.00 19729900
20070510 582.50 586.00 577.50 581.50 22663600
20070511 578.50 587.00 574.00 586.50 27865900
20070514 587.00 588.50 582.00 583.50 11463900
20070515 582.00 586.00 580.00 584.00 29149800
20070516 584.00 584.50 578.00 580.50 26860000
20070517 583.50 583.50 579.00 581.00 21682700
20070518 581.00 584.50 579.00 584.00 16980700
20070521 583.50 585.00 580.50 583.00 15804300
20070522 584.50 586.50 580.50 581.00 39940800
20070523 583.50 589.00 583.00 583.00 54418100
20070524 582.00 583.50 574.50 576.00 23683500
20070525 574.50 577.50 571.00 576.00 14846900
20070528 576.00 576.00 576.00 576.00 0
20070529 576.50 578.50 571.00 576.00 23857700
20070530 572.00 577.00 569.00 576.50 16488300
20070531 579.50 581.50 574.00 575.00 17608400
20070601 575.00 575.00 575.00 575.00 0
20070604 577.50 579.50 573.00 575.50 12258400
20070605 576.00 583.00 575.50 579.00 35482900
20070606 582.00 584.50 568.00 570.50 34447100
20070607 571.50 573.50 562.00 569.00 36490400
20070608 569.00 570.00 562.00 567.50 33110700
20070611 570.00 574.00 568.50 572.00 28494500
20070612 570.00 572.50 565.50 566.00 31466700
20070613 566.00 568.50 558.00 567.50 47047300
20070614 572.00 577.00 568.00 574.50 36700500
20070615 581.00 583.50 576.50 579.00 88086200
20070618 582.00 588.00 577.50 578.00 27652700
20070619 580.50 584.50 574.50 574.50 28713700
20070620 578.50 590.00 576.50 576.50 38410400
20070621 574.00 577.00 566.00 573.00 21228200
20070622 574.50 577.50 568.00 568.50 20956300
20070625 567.50 568.00 562.50 567.00 41062400
20070626 565.00 565.00 559.00 560.00 29810900
20070627 555.00 556.50 544.00 551.50 53975900
20070628 554.00 555.00 548.00 553.50 31001600
20070629 555.50 559.50 547.50 556.00 28350200
20070702 554.50 557.50 548.50 550.00 23640700
20070703 553.50 556.50 550.00 554.00 65202200
20070704 553.00 558.50 552.00 553.50 19916700
20070705 561.00 565.00 559.00 560.00 76488400
20070706 558.50 566.50 558.50 562.00 25887300
20070709 563.50 568.50 561.00 565.50 35258600
20070710 566.00 569.00 554.00 557.50 34322500
20070711 555.00 556.50 549.00 553.50 25249800
20070712 554.50 563.50 552.00 560.00 46625300
20070713 565.00 571.00 562.00 566.50 37748400
20070716 568.00 573.00 566.00 569.00 50451900
20070717 569.00 574.50 566.50 572.00 28544800
20070718 567.00 573.00 567.00 567.00 28621200
20070719 568.50 573.00 567.00 569.50 26314000
20070720 570.50 572.50 562.00 563.50 18546800
20070723 563.00 568.50 563.00 568.00 12938100
20070724 565.00 569.00 559.50 560.50 58274900
20070725 557.50 559.50 552.50 554.50 30150600
20070726 554.50 558.00 538.50 538.50 46240000
20070727 536.50 545.50 533.00 537.00 42993900
20070730 538.50 539.50 529.00 534.50 42147200
20070731 550.00 561.00 547.50 558.00 64411000
20070801 550.00 560.50 545.00 553.00 44874000
20070802 557.50 565.00 554.00 562.00 29805400
20070803 563.50 563.50 549.00 553.50 26066900
20070806 549.00 559.50 548.00 554.50 35236400
20070807 560.00 570.00 558.00 570.00 51948900
20070808 566.00 569.50 560.50 565.00 48821000
20070809 566.50 568.00 547.50 554.00 52433700
20070810 546.50 550.00 527.50 530.00 57163600
20070813 535.00 550.00 534.00 545.50 29548800
20070814 540.50 552.00 536.50 538.50 32542000
20070815 533.50 539.00 528.50 538.50 48929300
20070816 529.00 531.00 517.50 521.00 58811300
20070817 517.00 551.00 516.50 544.00 169616704
20070820 542.00 552.50 540.00 543.50 29462400
20070821 543.50 548.00 538.50 544.00 52155500
20070822 547.00 554.00 546.00 552.00 26165800
20070823 555.00 560.00 553.50 553.50 43958400
20070824 552.50 557.00 547.00 550.50 17703700
20070827 550.50 550.50 550.50 550.50 0
20070828 549.50 551.50 533.50 534.00 30567100
20070829 532.00 538.50 530.50 534.00 21657600
20070830 539.00 540.00 528.50 537.50 37130900
20070831 543.00 547.00 536.50 545.00 23162800
20070903 548.00 549.00 543.50 547.50 9441100
20070904 540.50 549.00 538.50 548.50 37893100
20070905 548.00 548.00 533.00 535.00 23684600
20070906 538.50 538.50 523.00 533.50 27143300
20070907 531.50 533.50 521.50 524.00 30082900
20070910 523.00 530.50 519.00 520.50 20333600
20070911 524.00 534.00 522.50 532.00 19404100
20070912 531.00 533.50 525.50 530.50 10436900
20070913 529.00 536.00 525.00 534.50 35145600
20070914 529.00 529.00 515.00 520.00 47247800
20070917 519.00 519.00 508.00 513.00 46401600
20070918 514.00 523.50 510.00 519.50 39367800
20070919 534.00 546.00 532.00 540.50 66901900
20070920 540.00 540.00 527.50 532.00 34430800
20070921 529.50 539.50 529.00 536.00 73051400
20070924 534.00 539.50 530.00 534.00 42328200
20070925 532.50 535.00 526.50 531.50 77664496
20070926 535.00 541.00 534.00 536.00 31805200
20070927 541.00 551.00 540.00 542.50 51266400
20070928 541.00 543.00 534.50 542.50 64083900
20071001 539.00 544.50 535.00 543.00 23311800
20071002 545.00 561.00 543.50 556.00 48007200
20071003 560.00 570.00 557.50 565.00 80461696
20071004 565.00 585.00 564.50 571.50 56137500
20071005 576.00 578.00 564.50 571.00 36763200
20071008 572.00 572.00 567.50 567.50 45337300
20071009 569.00 574.50 566.50 571.00 25253000
20071010 574.50 574.50 559.50 563.50 32574100
20071011 564.00 565.50 554.50 562.00 50106500
20071012 558.00 559.00 548.00 557.00 73328400
20071015 557.00 560.50 545.00 547.50 32247700
20071016 542.50 544.00 531.50 536.50 45119800
20071017 537.00 548.50 533.50 547.50 44710600
20071018 549.00 555.00 541.00 543.50 44102500
20071019 541.50 543.50 529.00 536.50 91892704
20071022 525.00 533.00 525.00 530.00 28137800
20071023 534.00 536.50 529.00 531.00 49859800
20071024 532.50 533.00 524.50 527.50 31358800
20071025 531.00 532.00 525.00 529.50 19258800
20071026 531.50 538.00 527.00 534.00 20733100
20071029 537.00 542.00 532.50 536.00 16853200
20071030 535.00 539.50 532.50 536.00 29920200
20071031 537.00 547.00 536.00 545.50 22730300
20071101 545.00 546.50 527.00 531.00 25285800
20071102 527.00 527.00 508.50 517.50 39301500
20071105 511.00 512.00 498.50 508.00 30340900
20071106 512.50 518.50 507.00 510.00 50600600
20071107 513.00 513.50 498.50 502.00 18417700
20071108 494.25 500.00 482.75 483.50 40018100
20071109 488.00 493.75 467.50 474.50 45277300
20071112 472.25 489.75 471.50 487.50 39567900
20071113 483.00 503.50 480.00 497.50 30619900
20071114 504.50 511.50 494.25 499.50 35368100
20071115 502.50 507.00 482.00 491.75 31551800
20071116 486.50 487.75 477.75 481.25 31729200
20071119 481.00 485.75 465.00 466.75 29660900
20071120 469.00 476.00 451.25 472.00 31178800
20071121 460.00 462.75 446.00 451.25 33591400
20071122 452.00 458.00 440.00 457.00 23327900
20071123 458.00 472.50 456.50 470.25 24424500
20071126 464.25 474.50 452.25 455.50 33005500
20071127 452.75 461.50 438.75 454.00 51910100
20071128 460.00 474.75 447.00 473.00 54046600
20071129 480.00 483.00 466.25 474.00 36043900
20071130 474.00 500.50 473.00 495.00 45846500
20071203 492.75 499.00 487.50 490.75 22383900
20071204 486.00 487.25 464.00 474.25 37921600
20071205 478.50 486.25 469.25 485.50 34175700
20071206 496.00 503.00 480.25 487.50 62718300
20071207 490.75 498.75 482.50 488.00 28647000
20071210 486.00 513.50 479.75 504.50 45081600
20071211 508.50 510.00 495.00 498.75 27905600
20071212 488.00 504.00 483.75 498.75 86773296
20071213 495.00 495.50 470.75 471.75 36838600
20071214 478.75 482.25 469.00 476.50 19347500
20071217 469.25 471.75 458.50 464.00 44784100
20071218 463.00 475.00 462.00 465.00 30209400
20071219 468.50 468.50 459.75 462.25 23506900
20071220 462.50 465.75 458.25 461.25 19420300
20071221 466.25 472.00 462.50 470.00 35458700
20071224 465.75 481.50 465.75 475.25 3203800
20071225 475.25 475.25 475.25 475.25 0
20071226 475.25 475.25 475.25 475.25 0
20071227 476.00 482.25 474.00 475.75 12204400
20071228 466.50 478.50 466.50 475.25 7974900
20071231 478.75 478.75 468.00 472.00 4389300
20080101 472.00 472.00 472.00 472.00 0
20080102 467.50 480.75 465.50 469.00 13080100
20080103 469.00 474.00 460.75 471.50 19987100
20080104 468.00 474.75 451.25 455.00 28868200
20080107 455.00 458.00 442.25 452.00 36559100
20080108 453.00 456.25 432.25 443.50 40851100
20080109 437.25 439.50 427.25 433.50 40693800
20080110 440.00 440.00 427.25 430.50 42327200
20080111 430.00 434.25 419.50 430.25 56474000
20080114 429.50 432.25 422.25 425.00 38562400
20080115 422.25 429.25 403.00 406.00 44212400
20080116 400.75 404.25 386.75 394.25 58124200
20080117 398.00 409.50 396.75 405.50 68017000
20080118 404.25 422.25 393.00 401.25 60894300
20080121 392.00 394.50 372.25 373.50 63624000
20080122 361.00 430.00 354.00 408.00 113298200
20080123 422.00 423.50 399.75 410.00 81611200
20080124 440.00 453.50 426.75 443.75 94962600
20080125 457.75 458.00 422.75 429.25 55386300
20080128 421.00 424.75 412.75 422.00 40805900
20080129 426.75 440.50 423.75 439.50 36954400
20080130 434.00 445.25 431.25 438.00 30303600
20080131 435.00 440.00 407.50 437.50 47812700
20080201 445.00 447.25 432.00 441.75 37823500
20080204 447.00 452.75 438.75 447.50 24132800
20080205 445.00 449.75 428.00 432.50 37392300
20080206 423.75 431.75 417.25 425.00 32174700
20080207 424.50 424.50 409.25 416.00 35212600
20080208 419.50 424.50 409.00 416.50 26717100
20080211 410.75 415.25 401.25 404.25 29383800
20080212 409.50 424.00 398.50 421.50 37382500
20080213 415.00 423.25 409.00 416.00 37345800
20080214 418.75 422.50 405.50 410.50 30877400
20080215 409.00 412.50 392.50 395.75 49785400
20080218 403.00 428.00 403.00 424.50 42576900
20080219 420.50 444.50 414.75 432.00 60217200
20080220 424.00 439.75 418.75 428.00 47113100
20080221 433.25 443.00 430.00 436.75 31085800
20080222 434.50 467.50 429.25 457.50 96011400
20080225 466.00 473.50 455.50 466.50 79669400
20080226 468.25 483.75 467.00 482.25 71341504
20080227 482.00 483.50 466.00 476.25 76696704
20080228 473.00 479.50 461.50 463.50 34069600
20080229 462.00 464.00 448.75 453.50 46275000
20080303 445.25 450.75 440.25 444.50 42370400
20080304 447.00 452.25 435.75 440.25 41849400
20080305 427.00 432.00 421.00 428.25 44230100
20080306 427.00 430.75 409.50 413.75 35807100
20080307 409.00 434.00 405.25 424.00 61127700
20080310 423.50 433.75 418.75 421.00 32919600
20080311 423.50 442.50 420.00 433.25 50060800
20080312 446.00 450.00 439.50 444.00 33679800
20080313 436.75 436.75 422.25 430.00 41444700
20080314 428.00 445.00 415.00 421.25 43260200
20080317 408.00 412.00 386.00 398.00 91518704
20080318 408.75 419.25 402.50 416.50 49061200
20080319 425.00 430.25 401.75 427.25 95689904
20080320 420.00 441.50 420.00 434.00 98945400
20080321 434.00 434.00 434.00 434.00 0
20080324 434.00 434.00 434.00 434.00 0
20080325 458.00 468.50 452.50 461.50 73760704
20080326 462.75 472.00 456.25 461.75 93433200
20080327 463.50 473.25 455.50 459.50 47549900
20080328 454.25 460.00 447.25 451.25 42725600
20080331 449.75 460.00 443.00 451.00 43114000
20080401 448.00 482.50 446.50 480.25 49106900
20080402 483.00 488.50 472.50 483.25 38571900
20080403 470.50 477.75 457.75 462.75 33941800
20080404 463.00 467.25 448.25 457.50 34545900
20080407 462.50 468.50 457.50 461.50 27581200
20080408 454.50 459.50 446.00 457.00 31587100
20080409 457.00 462.00 450.75 454.25 27330000
20080410 454.75 459.25 437.00 446.25 35867400
20080411 451.00 451.50 427.00 433.00 38639000
20080414 427.00 434.00 420.75 421.00 28201700
20080415 420.50 431.00 415.75 427.00 33224700
20080416 431.75 442.75 427.50 441.75 40530900
20080417 442.50 458.25 439.75 442.75 37150600
20080418 445.75 458.50 426.75 453.25 61153500
20080421 455.00 462.75 439.25 442.50 35857300
20080422 434.75 445.50 432.50 439.75 23638700
20080423 440.25 442.50 417.25 430.50 43588600
20080424 432.00 436.00 423.50 436.00 24075300
20080425 438.25 449.75 438.25 442.25 25085500
20080428 445.75 450.75 444.25 447.25 24407300
20080429 448.00 451.25 435.50 438.75 24796300
20080430 436.25 441.00 425.00 432.50 33711200
20080501 441.00 441.00 427.00 430.75 14635700
20080502 439.75 453.75 437.75 452.50 34202800
20080506 450.00 451.00 431.25 439.00 37022400
20080507 437.25 451.25 434.50 449.50 32990900
20080508 446.00 448.00 440.00 443.75 31947700
20080509 439.75 441.50 426.50 433.00 40949800
20080512 435.75 435.75 419.75 424.75 28014100
20080513 428.00 428.75 407.50 418.00 41531100
20080514 413.50 417.00 407.25 410.50 36241900
20080515 409.75 412.00 398.75 409.00 38675500
20080516 413.00 417.50 409.50 411.00 24153000
20080519 412.50 414.00 399.75 408.25 25369500
20080520 405.75 412.00 400.00 402.75 31974700
20080521 407.50 410.50 392.25 394.75 28700400
20080522 391.75 394.75 386.00 391.25 27353600
20080523 398.50 406.50 388.50 395.00 35978300
20080527 398.00 401.00 389.75 393.50 21382100
20080528 388.00 394.50 381.50 384.75 38394300
20080529 384.00 384.00 372.00 377.00 42541800
20080530 379.75 392.25 378.00 384.00 34078000
20080602 380.00 383.75 365.00 377.25 47430700
20080603 379.00 391.00 375.50 388.75 44394600
20080604 394.50 394.50 376.50 390.25 39857200
20080605 389.00 394.50 382.25 385.50 51715000
20080606 389.50 390.50 367.25 368.25 41931700
20080610 350.00 356.25 342.50 351.50 57940000
20080611 351.75 363.00 328.75 332.75 68453104
20080612 329.50 356.50 326.25 353.50 50895400
20080613 358.50 361.00 344.00 356.00 40251300
20080616 361.75 370.00 346.50 348.00 37233100
20080617 350.00 367.00 349.50 356.25 48325900
20080618 353.00 353.00 341.25 341.25 37217500
20080619 338.50 340.00 330.00 332.00 38396100
20080620 334.25 337.50 324.50 327.50 42864000
20080623 321.75 329.50 317.00 318.75 35512300
20080624 319.00 329.50 313.25 325.75 42357000
20080625 331.00 333.75 316.50 328.50 51844600
20080626 323.00 325.50 306.75 306.75 44106200
20080627 306.00 320.50 299.25 317.00 47276500
20080630 319.25 320.00 306.00 310.75 31853000
20080701 307.25 308.75 295.25 301.00 51785200
20080702 301.75 307.00 293.75 295.50 40992500
20080703 293.50 306.75 286.75 306.00 69925296
20080704 306.00 311.00 298.25 299.25 45284900
20080707 304.25 307.75 293.75 295.50 44664900
20080708 286.75 291.50 282.25 285.75 57298200
20080709 291.25 317.50 291.00 304.75 86696800
20080710 296.50 298.50 288.00 292.50 48684500
20080711 296.00 300.00 275.50 275.50 59125400
20080714 282.50 297.75 280.25 282.25 57756700
20080715 278.00 278.25 262.00 273.00 65068000
20080716 273.25 288.75 252.25 284.00 128291296
20080717 298.00 308.50 290.00 300.50 97429800
20080718 295.00 331.50 292.25 331.00 110375504
20080721 330.00 350.75 325.25 325.75 89280496
20080722 318.00 320.75 305.25 320.00 61777700
20080723 331.00 351.50 329.00 346.50 85780200
20080724 348.00 351.75 335.75 338.00 55776000
20080725 327.50 335.75 318.00 331.25 56791800
20080728 330.75 330.75 316.75 318.25 29794900
20080729 308.25 323.00 305.50 321.00 37136100
20080730 325.00 328.00 297.00 306.00 111583200
20080731 304.00 306.00 288.50 295.25 119703296
20080801 293.50 303.50 287.50 300.00 47981900
20080804 300.00 302.75 292.00 293.25 41665400
20080805 295.75 324.50 295.50 324.50 62590400
20080806 317.75 320.00 305.75 314.25 43296300
20080807 312.50 329.50 308.00 318.75 59846000
20080808 316.25 321.50 310.25 318.00 29215300
20080811 321.25 331.00 318.50 330.75 37259600
20080812 329.00 337.75 324.50 329.00 29772500
20080813 321.50 323.50 305.00 308.50 52696800
20080814 312.25 313.25 301.00 306.25 25779400
20080815 310.00 313.50 307.00 312.00 34007700
20080818 310.25 311.50 301.25 306.00 23172400
20080819 302.50 302.50 286.75 288.25 55040900
20080820 288.50 292.25 283.50 290.25 29655300
20080821 285.00 287.25 278.75 280.00 42933400
20080822 282.75 299.50 280.25 299.50 84039200
20080826 294.00 294.00 286.75 292.00 40753600
20080827 287.50 297.00 286.75 295.50 34029200
20080828 296.75 307.50 291.00 305.50 30351300
20080829 307.75 311.00 301.75 303.75 26305100
20080901 301.75 309.50 297.00 307.50 14079000
20080902 308.25 316.75 306.25 311.00 41684000
20080903 305.75 309.50 298.50 303.50 43437500
20080904 302.75 306.00 283.75 286.25 20087900
20080905 284.25 284.50 274.00 279.00 62086400
20080908 320.00 320.00 304.25 310.00 42667000
20080909 307.75 321.25 304.75 307.75 80008096
20080910 306.75 309.25 293.25 295.00 68835104
20080911 294.00 294.00 277.00 283.00 62968700
20080912 288.00 292.00 282.00 289.50 45867200
20080915 273.00 280.50 262.00 273.75 102837000
20080916 265.50 292.00 256.25 279.75 104669504
20080917 290.00 332.50 253.00 279.75 267034704
20080918 256.50 308.75 226.50 237.50 352814496
20080919 360.00 393.00 280.00 285.75 187664496
20080922 280.00 298.00 271.75 275.00 101447104
20080923 270.00 271.00 249.00 261.75 82466704
20080924 264.00 267.00 248.00 267.00 60591600
20080925 262.00 273.25 251.75 273.25 58295100
20080926 259.75 263.75 248.75 251.00 58721400
20080929 245.00 253.50 209.00 217.25 56309400
20080930 200.50 233.00 192.50 226.50 74060096
20081001 244.00 267.00 229.25 250.00 79328400
20081002 251.00 273.25 251.00 262.00 33581400
20081003 269.75 296.00 262.50 290.25 54894700
20081006 262.50 283.75 258.50 259.00 26407000
20081007 270.00 273.75 200.00 225.50 45851600
20081008 215.00 245.00 200.00 210.00 54889500
20081009 211.25 237.00 203.00 211.75 35339100
20081010 185.00 218.75 176.20 189.40 37613600
20081013 200.00 215.00 147.80 162.00 85673800
20081014 175.00 176.00 146.60 151.30 55270800
20081015 158.70 169.00 150.20 150.20 81002896
20081016 148.90 159.00 141.60 150.00 45163000
20081017 162.50 166.40 151.80 158.80 37777000
20081020 166.50 174.00 161.00 173.50 41164400
20081021 174.00 177.00 168.00 174.00 24299500
20081022 169.10 179.90 167.50 167.50 24921100
20081023 160.80 173.30 160.10 172.00 21174400
20081024 170.90 170.90 154.00 165.80 33731300
20081027 166.00 182.90 151.60 169.90 27322500
20081028 175.20 176.50 161.00 162.50 32129600
20081029 174.00 188.20 173.50 179.20 36613400
20081030 179.20 198.60 175.10 197.50 30930200
20081031 199.80 207.00 188.50 197.80 23148900
20081103 201.75 207.00 188.80 197.80 18978000
20081104 207.00 216.25 200.00 210.00 28089800
20081105 210.00 222.00 203.00 208.75 21193900
20081106 196.30 208.00 180.50 187.60 40295700
20081107 189.40 201.50 187.00 200.50 27940500
20081110 205.00 207.00 195.10 195.20 11637900
20081111 186.00 188.80 175.30 177.40 21970800
20081112 185.00 185.00 165.10 173.30 32558600
20081113 165.10 172.50 155.10 167.00 24710300
20081114 175.00 175.90 159.90 166.00 32651900
20081117 161.40 167.50 144.20 149.00 36763400
20081118 149.00 152.90 127.60 131.20 30024300
20081119 131.00 137.80 118.10 118.50 30961200
20081120 115.10 133.80 115.00 125.30 36818900
20081121 131.50 133.00 120.60 124.70 22875600
20081124 124.00 148.00 124.00 147.60 36029400
20081125 150.10 170.00 144.10 160.90 38491400
20081126 166.00 166.60 149.60 160.00 24999800
20081127 166.60 172.50 163.00 164.00 14134300
20081128 169.50 171.10 153.00 168.00 16551500
20081201 162.50 169.60 154.10 156.40 13313200
20081202 157.50 164.80 146.00 164.80 19790600
20081203 169.00 169.00 155.00 163.70 16385800
20081204 166.50 170.00 160.00 162.50 15746800
20081205 160.30 168.20 150.00 150.00 17207700
20081208 164.00 168.00 156.10 160.00 23481900
20081209 163.20 168.00 152.50 167.00 16899400
20081210 160.00 170.00 160.00 167.10 11600400
20081211 168.00 168.00 152.00 158.00 26335100
20081212 150.10 151.60 126.60 129.90 74118704
20081215 133.00 137.20 124.00 124.00 41865700
20081216 129.10 130.00 125.50 128.00 18657900
20081217 126.90 133.00 120.10 125.20 23144700
20081218 127.10 130.50 117.50 126.40 22917300
20081219 127.50 134.60 117.00 134.60 43160100
20081222 128.50 130.90 122.10 123.00 30037300
20081223 123.00 127.50 122.00 124.10 11744800
20081224 127.70 129.30 121.10 123.70 4729100
20081229 125.00 128.00 123.20 128.00 9968800
20081230 129.00 129.00 123.20 126.50 11066100
20081231 128.00 128.50 124.50 126.00 6410000
20090102 129.60 130.70 125.30 130.00 5708300
20090105 133.00 133.90 123.00 125.70 20538600
20090106 124.30 126.30 118.50 119.00 44391800
20090107 120.00 127.00 115.60 123.90 40130100
20090108 125.10 130.00 124.10 128.40 52611700
20090109 132.00 135.50 128.50 131.50 46005100
20090112 131.10 144.20 131.10 140.70 39938100
20090113 138.60 139.90 130.50 133.00 38657100
20090114 137.50 137.50 116.00 117.20 71718400
20090115 115.00 118.20 99.20 103.50 60668800
20090116 108.00 109.50 96.10 98.40 98557200
20090119 102.00 105.70 60.00 65.00 123606200
20090120 68.90 70.70 33.80 44.80 179011392
20090121 44.70 48.00 33.00 45.10 142189296
20090122 49.00 55.00 47.00 49.10 93411104
20090123 49.80 50.80 43.20 49.30 53837200
20090126 50.80 67.00 50.10 65.20 90895504
20090127 63.20 74.60 63.20 67.10 52504700
20090128 74.00 100.90 72.00 100.90 128878400
20090129 100.00 101.50 81.40 89.00 81976096
20090130 90.00 97.60 87.20 90.70 63455900
20090202 90.00 91.30 85.50 88.20 36547900
20090203 88.40 90.00 83.80 88.70 27039100
20090204 87.40 97.90 86.30 95.20 43918500
20090205 91.00 101.40 90.20 100.60 60962600
20090206 101.00 110.00 100.30 105.00 61447500
20090209 101.90 113.00 99.20 100.50 73775600
20090210 100.90 104.20 94.90 94.90 49907400
20090211 93.50 95.90 87.40 87.40 44328300
20090212 85.80 91.60 84.30 90.90 39251300
20090213 94.90 96.10 54.90 61.40 216677696
