20010723 345.00 366.25 340.00 348.00 3442200
20010724 348.50 348.50 331.50 332.00 849300
20010725 325.00 326.30 310.00 320.00 1863100
20010726 324.00 324.00 317.00 321.00 1484800
20010727 321.33 344.75 320.25 334.50 4086600
20010730 336.50 343.00 335.00 340.00 720900
20010731 340.50 343.60 338.00 342.50 455700
20010801 343.70 348.00 342.00 346.00 441900
20010802 350.00 363.00 346.00 356.00 685700
20010803 354.00 359.00 354.00 356.00 284500
20010806 357.25 357.25 351.00 353.00 616100
20010807 354.00 355.00 350.00 350.00 856300
20010808 353.00 360.00 349.00 360.00 750400
20010809 359.00 363.00 355.00 363.00 1303800
20010810 365.00 368.00 362.00 363.50 1071200
20010813 368.00 368.00 362.00 367.75 422600
20010814 367.25 373.00 367.25 371.00 975200
20010815 372.40 373.75 364.00 364.00 936900
20010816 370.00 370.00 365.00 365.00 171000
20010817 366.30 375.00 365.00 369.50 1000100
20010820 377.80 377.80 365.00 365.00 285900
20010821 363.00 372.22 363.00 370.00 1365400
20010822 368.00 373.00 368.00 370.00 2085100
20010823 372.50 372.50 368.00 368.00 1832500
20010824 367.48 369.00 365.00 368.00 908500
20010827 368.00 368.00 368.00 368.00 0
20010828 368.70 368.70 365.00 367.00 638800
20010829 365.00 365.00 356.25 362.00 1028800
20010830 360.00 360.00 355.00 358.00 1361500
20010831 355.00 359.00 354.00 359.00 1376300
20010903 360.00 360.00 357.00 358.00 448800
20010904 357.25 358.00 355.00 358.00 1482300
20010905 359.22 362.22 355.00 355.00 5887200
20010906 357.96 357.96 354.00 354.00 1826400
20010907 354.00 355.00 344.00 344.75 5266400
20010910 345.00 349.00 341.00 344.00 3075200
20010911 340.00 346.00 310.00 315.00 907300
20010912 325.00 325.00 305.00 322.00 1819700
20010913 330.00 335.00 322.00 333.50 937100
20010914 310.00 338.00 310.00 315.00 2120500
20010917 312.00 312.20 300.00 307.00 1317800
20010918 307.50 307.50 288.00 304.00 2560200
20010919 300.00 302.00 298.00 301.25 1207400
20010920 298.00 298.00 280.00 283.00 884400
20010921 272.25 305.00 251.00 292.00 7320900
20010924 290.00 293.91 290.00 292.25 3139800
20010925 295.00 306.00 292.50 302.00 1399100
20010926 300.00 307.00 297.00 303.00 948600
20010927 309.50 309.50 301.00 307.75 1405200
20010928 307.75 307.75 307.75 307.75 0
20011001 335.50 335.50 328.04 331.00 680600
20011002 324.00 332.22 324.00 330.00 1468800
20011003 330.00 334.00 330.00 332.00 776200
20011004 334.50 334.50 328.00 328.00 1418900
20011005 332.00 332.00 330.00 332.00 308200
20011008 329.00 332.00 328.00 328.00 975900
20011009 333.50 333.50 330.00 330.00 253700
20011010 332.00 332.00 328.00 328.00 400300
20011011 330.00 333.00 329.75 332.00 817500
20011012 330.00 345.00 330.00 345.00 286800
20011015 342.80 345.00 333.50 345.00 318400
20011016 345.00 345.00 345.00 345.00 0
20011017 348.50 348.50 330.00 344.25 1226300
20011018 345.22 349.00 344.25 347.50 251000
20011019 346.00 348.00 345.00 346.00 788500
20011022 347.50 347.50 342.00 345.00 409500
20011023 344.00 344.00 340.00 342.00 110900
20011024 340.00 347.50 340.00 342.00 1112600
20011025 343.70 347.00 342.00 346.50 359400
20011026 346.50 346.50 346.50 346.50 0
20011029 349.00 350.50 337.50 337.50 1990200
20011030 333.50 342.00 332.50 342.00 341300
20011031 343.00 356.00 335.00 347.50 708100
20011101 352.25 354.00 347.00 351.00 290700
20011102 350.00 355.00 345.00 351.00 538000
20011105 352.00 368.00 352.00 362.50 606200
20011106 369.92 379.50 362.50 373.50 1975500
20011107 379.50 379.50 367.00 372.00 782400
20011108 375.00 386.00 371.00 383.00 1755000
20011109 380.00 383.00 375.00 381.00 1414000
20011112 379.50 379.50 360.00 370.25 124400
20011113 378.50 378.50 370.50 371.00 247100
20011114 365.00 388.00 365.00 380.00 1436700
20011115 378.50 383.50 378.00 380.00 1307900
20011116 387.58 390.00 378.50 390.00 1820000
20011119 398.00 399.75 382.00 399.50 911500
20011120 395.00 399.50 382.00 383.00 501600
20011121 399.00 399.00 388.00 390.00 548600
20011122 390.00 391.00 385.00 385.00 493500
20011123 385.00 388.50 379.00 380.00 414900
20011126 385.00 385.00 380.00 381.00 203000
20011127 385.00 385.00 376.00 379.00 169700
20011128 380.00 380.00 371.50 379.00 212600
20011129 375.00 380.00 371.00 371.00 268300
20011130 372.00 377.00 362.00 368.00 509100
20011203 371.00 382.00 364.00 369.00 396300
20011204 370.00 374.00 366.25 367.00 816100
20011205 372.00 403.00 372.00 400.00 4935500
20011206 392.00 405.78 392.00 405.00 851000
20011207 395.25 400.00 395.25 400.00 90000
20011210 396.50 408.00 396.50 407.75 433200
20011211 396.00 416.00 395.00 415.00 1078300
20011212 408.00 416.00 406.70 416.00 2615500
20011213 419.00 419.00 410.00 414.25 1276200
20011214 408.00 413.00 403.50 409.50 137600
20011217 400.00 415.00 400.00 403.00 282100
20011218 402.00 413.00 402.00 405.00 508300
20011219 403.00 423.50 402.50 415.00 565600
20011220 418.00 424.50 415.00 418.00 310600
20011221 421.00 422.50 415.00 415.00 287800
20011224 415.00 420.00 406.00 415.00 18400
20011225 415.00 415.00 415.00 415.00 0
20011226 415.00 415.00 415.00 415.00 0
20011227 408.00 421.69 404.50 410.00 20700
20011228 410.00 424.50 410.00 424.50 61000
20011231 424.50 424.50 411.00 422.00 203100
20020101 422.00 422.00 422.00 422.00 0
20020102 425.00 425.00 420.00 422.00 140200
20020103 423.00 423.00 415.00 416.00 64200
20020104 417.00 420.00 406.50 412.00 1094000
20020107 414.00 424.00 412.50 421.00 604500
20020108 417.00 422.00 417.00 418.00 331300
20020109 417.00 424.25 415.00 424.25 1119100
20020110 418.00 424.25 417.00 418.00 148800
20020111 420.00 423.16 418.00 421.00 1060600
20020114 421.00 422.00 420.00 421.75 257600
20020115 422.00 424.50 421.00 421.00 264400
20020116 421.75 430.00 421.00 425.00 1004000
20020117 430.00 434.00 425.00 434.00 565300
20020118 435.00 436.90 427.50 427.50 196200
20020121 430.00 432.00 426.00 432.00 234100
20020122 434.00 436.00 430.00 430.00 174900
20020123 428.00 431.00 421.50 428.00 2108000
20020124 426.00 430.00 425.00 427.00 1541400
20020125 423.50 432.63 405.00 407.00 1578700
20020128 402.00 415.00 400.00 411.25 417800
20020129 420.00 422.00 414.73 415.50 734000
20020130 413.00 417.00 407.27 415.00 102300
20020131 413.00 413.00 408.00 410.00 126600
20020201 410.00 410.00 404.00 405.00 382600
20020204 402.00 406.00 402.00 405.00 948500
20020205 402.00 402.00 397.00 400.00 1449700
20020206 403.00 406.50 400.75 406.50 556300
20020207 405.00 405.52 402.00 404.00 1150900
20020208 403.00 405.00 400.50 405.00 1520900
20020211 407.00 410.00 405.00 409.50 1243700
20020212 409.50 409.50 405.00 408.00 1392800
20020213 405.00 409.50 403.00 403.00 1293300
20020214 404.00 405.25 398.00 398.00 657700
20020215 402.00 402.00 398.00 398.00 46700
20020218 399.00 411.50 399.00 401.25 924600
20020219 401.00 404.63 399.00 401.00 3494300
20020220 405.00 405.00 400.00 403.00 227400
20020221 406.00 408.50 401.00 403.50 1039800
20020222 403.50 408.00 401.00 404.00 747700
20020225 405.00 405.00 400.00 404.50 1655800
20020226 402.00 409.50 402.00 406.00 425700
20020227 408.50 411.09 404.00 410.00 91400
20020228 408.00 414.00 407.00 412.00 1157900
20020301 410.00 419.50 406.96 416.00 2082100
20020304 415.00 420.00 410.25 420.00 464900
20020305 420.00 424.00 418.00 420.00 138100
20020306 420.00 424.00 419.25 423.50 179300
20020307 425.00 432.85 421.30 432.00 657800
20020308 430.00 431.63 426.30 428.50 324700
20020311 435.00 435.00 427.00 431.00 1361600
20020312 431.75 435.00 430.50 432.00 369700
20020313 430.00 433.70 430.00 432.00 182300
20020314 430.00 435.00 430.00 432.00 90900
20020315 431.00 435.00 428.00 431.00 797100
20020318 425.00 430.25 425.00 427.00 358300
20020319 426.50 435.00 426.30 435.00 371100
20020320 432.00 433.00 427.00 430.00 798800
20020321 431.00 434.00 429.00 430.00 865500
20020322 430.00 433.00 426.00 432.00 291700
20020325 430.00 436.00 430.00 434.50 710400
20020326 434.25 437.00 433.00 435.00 632400
20020327 436.00 437.00 433.00 435.00 1535800
20020328 435.00 435.00 435.00 435.00 0
20020329 435.00 435.00 435.00 435.00 0
20020401 435.00 435.00 435.00 435.00 0
20020402 445.00 460.00 440.00 457.00 1644800
20020403 450.00 453.50 450.00 451.50 953700
20020404 453.00 455.16 452.00 455.00 1030300
20020405 453.50 455.00 451.25 455.00 792500
20020408 453.00 468.25 450.00 452.00 1080200
20020409 450.00 451.19 448.00 451.00 687900
20020410 451.00 454.00 450.52 453.00 140700
20020411 455.00 457.50 450.00 455.00 632800
20020412 455.00 456.00 451.00 451.50 134700
20020415 453.75 455.00 442.00 449.25 635900
20020416 443.00 447.50 442.00 445.00 121500
20020417 449.00 449.00 445.00 445.50 558800
20020418 446.00 448.00 446.00 446.50 773600
20020419 446.00 447.50 446.00 446.50 342900
20020422 447.00 447.50 445.60 446.50 155200
20020423 447.00 447.00 446.00 446.00 1018100
20020424 446.00 479.25 445.50 470.00 1532300
20020425 465.00 474.00 455.00 456.00 1281500
20020426 450.00 466.88 450.00 461.00 283200
20020429 464.00 466.00 456.50 461.50 476400
20020430 460.00 463.95 456.00 456.00 1237800
20020501 455.00 460.00 455.00 459.00 68000
20020502 456.50 459.00 456.00 456.50 1888700
20020503 458.50 460.00 456.50 456.50 139400
20020506 456.50 456.50 456.50 456.50 0
20020507 458.00 458.00 452.00 457.00 153500
20020508 452.00 454.00 450.00 454.00 265100
20020509 456.75 460.00 454.00 459.00 342500
20020510 456.25 463.00 454.00 463.00 498600
20020513 470.00 504.00 466.30 488.75 808200
20020514 495.00 499.75 475.00 489.00 710400
20020515 486.75 498.00 482.00 488.00 755800
20020516 487.00 496.00 483.00 486.00 92400
20020517 485.00 485.75 482.00 483.00 239100
20020520 488.00 489.52 480.00 480.00 290600
20020521 482.00 489.00 481.25 484.00 97400
20020522 481.00 484.50 458.00 464.00 445900
20020523 472.00 480.00 460.00 465.00 266500
20020524 462.50 480.00 460.00 476.00 965000
20020527 479.00 480.00 474.00 477.50 91300
20020528 475.00 477.04 463.75 470.00 97400
20020529 464.00 464.00 457.00 457.00 186100
20020530 460.50 463.75 455.00 457.00 1312200
20020531 462.00 470.00 462.00 470.00 577000
20020603 470.00 470.00 470.00 470.00 0
20020604 470.00 470.00 470.00 470.00 0
20020605 471.00 472.12 453.75 465.00 35900
20020606 470.00 475.00 467.30 470.00 314000
20020607 470.00 473.00 460.00 462.00 359900
20020610 459.00 470.25 459.00 470.00 254900
20020611 466.00 478.13 462.00 465.00 118600
20020612 460.00 464.00 455.00 456.00 84600
20020613 456.00 458.50 440.00 440.00 143800
20020614 440.00 445.32 419.00 419.00 71400
20020617 430.00 444.75 425.00 440.00 184300
20020618 440.00 457.50 440.00 443.00 81300
20020619 445.00 446.00 432.00 435.00 57100
20020620 430.00 443.00 405.00 415.00 201100
20020621 420.00 426.00 408.50 420.00 175800
20020624 413.00 417.00 400.00 400.75 143700
20020625 408.75 418.00 405.00 415.00 225600
20020626 400.00 414.45 398.50 410.00 534500
20020627 410.00 418.75 401.78 413.00 325400
20020628 411.00 420.00 408.00 411.50 206000
20020701 412.00 422.00 410.20 420.00 301300
20020702 415.00 415.00 400.00 402.50 105600
20020703 408.50 409.25 390.50 401.25 454800
20020704 407.75 420.00 402.30 412.00 183800
20020705 415.00 419.00 414.50 415.25 273800
20020708 410.00 418.75 410.00 411.25 46800
20020709 410.00 414.00 409.00 412.00 346900
20020710 406.00 410.00 405.00 410.00 102500
20020711 400.00 406.00 396.00 406.00 102500
20020712 410.00 413.75 372.87 390.00 457800
20020715 381.00 392.81 350.00 360.00 399200
20020716 371.00 374.50 340.00 351.00 479500
20020717 345.00 369.00 322.25 369.00 774600
20020718 365.00 379.00 363.00 376.00 494500
20020719 375.00 377.00 356.95 375.00 340500
20020722 366.00 372.16 351.11 355.00 173200
20020723 355.00 359.85 340.00 348.00 204900
20020724 350.00 354.52 335.00 339.00 297700
20020725 349.50 376.00 347.00 375.00 401500
20020726 370.00 377.19 355.25 365.00 130000
20020729 375.00 380.00 370.00 380.00 43700
20020730 385.00 385.00 360.77 378.00 190900
20020731 367.00 374.00 367.00 368.50 67300
20020801 367.50 372.00 360.00 366.00 96100
20020802 366.00 370.05 356.00 356.00 77900
20020805 358.00 360.00 350.25 352.50 248900
20020806 345.00 360.00 342.00 357.75 407900
20020807 357.75 372.00 357.00 370.00 122900
20020808 367.25 372.00 361.50 369.25 264400
20020809 365.25 378.75 365.25 377.75 186600
20020812 379.00 383.00 374.00 379.00 37600
20020813 386.00 388.00 380.00 386.00 126100
20020814 385.00 385.00 375.25 385.00 86600
20020815 390.00 394.50 382.75 394.50 226200
20020816 388.25 390.50 383.00 388.25 300700
20020819 400.00 400.00 380.00 400.00 405000
20020820 401.00 401.25 385.25 390.00 400400
20020821 388.25 391.50 383.00 384.00 104800
20020822 383.75 386.00 382.00 384.75 132400
20020823 385.00 388.00 380.00 385.00 83800
20020826 385.00 385.00 385.00 385.00 0
20020827 384.00 395.00 384.00 390.75 97800
20020828 376.00 390.00 376.00 376.00 74000
20020829 360.00 380.00 360.00 370.00 198600
20020830 372.75 374.25 365.00 365.00 114500
20020902 363.00 364.00 358.00 363.00 116900
20020903 353.50 363.00 348.25 353.50 260000
20020904 348.00 353.00 347.00 348.00 314900
20020905 350.00 354.75 342.00 350.00 181100
20020906 353.75 355.00 346.50 350.00 19200
20020909 353.00 353.25 345.00 345.00 115600
20020910 350.00 357.50 350.00 354.50 217700
20020911 355.00 356.00 353.00 355.75 153100
20020912 355.00 356.00 348.00 353.50 135900
20020913 350.00 352.00 342.00 352.00 128800
20020916 348.25 350.50 348.25 349.50 142700
20020917 350.00 360.00 350.00 360.00 272400
20020918 358.75 360.00 348.00 348.50 144600
20020919 348.25 351.00 340.25 346.00 252500
20020920 343.75 343.75 338.00 338.00 128300
20020923 341.75 344.25 334.00 339.00 186500
20020924 330.25 333.50 325.00 330.00 281900
20020925 325.00 340.75 325.00 340.75 65200
20020926 343.75 343.75 332.00 332.00 137300
20020927 334.50 338.00 332.75 337.00 253500
20020930 337.00 342.00 329.00 342.00 80300
20021001 339.25 339.25 326.75 336.00 128700
20021002 340.25 343.00 334.75 336.75 439900
20021003 341.50 344.50 330.00 344.50 131200
20021004 335.00 335.75 326.75 328.00 77700
20021007 327.00 327.00 310.00 310.00 223800
20021008 317.00 320.00 315.25 318.00 209200
20021009 317.75 317.75 308.00 308.00 101700
20021010 305.00 305.00 292.50 298.50 341200
20021011 300.00 315.00 300.00 310.50 229000
20021014 308.00 311.25 305.00 310.00 438000
20021015 312.00 318.00 308.00 313.75 202100
20021016 320.00 327.50 314.75 324.00 251400
20021017 325.00 334.50 323.25 333.00 81200
20021018 329.75 334.50 325.00 334.50 240200
20021021 329.50 342.00 329.50 342.00 187300
20021022 346.75 346.75 337.25 342.00 310200
20021023 343.50 350.00 342.00 350.00 248300
20021024 342.00 360.00 342.00 349.75 97400
20021025 345.25 350.00 343.00 343.00 87700
20021028 347.50 350.50 347.25 350.00 41500
20021029 344.00 345.50 335.00 335.00 94900
20021030 340.00 342.50 335.00 342.50 94200
20021031 332.50 335.50 324.75 331.50 114700
20021101 330.00 332.00 328.00 329.50 462100
20021104 336.50 343.00 330.00 342.00 171000
20021105 340.00 346.00 330.00 341.00 279600
20021106 350.00 350.00 342.00 346.00 182200
20021107 349.00 357.00 347.75 356.00 320600
20021108 348.75 352.50 346.00 352.00 68600
20021111 345.00 348.25 340.00 345.25 132400
20021112 350.00 353.50 343.00 351.25 260200
20021113 340.00 355.00 340.00 355.00 175200
20021114 345.00 349.25 345.00 347.00 167000
20021115 349.25 351.75 346.75 351.75 81400
20021118 351.75 360.00 345.00 352.75 80300
20021119 351.25 353.00 346.00 351.00 146100
20021120 355.00 355.00 350.00 350.00 121900
20021121 365.00 365.00 352.75 352.75 149500
20021122 352.50 352.50 349.00 351.25 61500
20021125 360.00 360.00 343.00 343.25 86500
20021126 346.75 347.50 330.00 333.25 225500
20021127 339.50 339.50 326.00 331.25 218200
20021128 335.00 339.00 326.00 336.00 64000
20021129 340.00 340.00 320.00 320.00 84100
20021202 325.00 330.00 325.00 328.00 193000
20021203 327.50 327.50 322.00 324.50 69500
20021204 326.75 326.75 317.00 319.75 222800
20021205 315.00 316.00 314.00 316.00 153100
20021206 315.00 318.25 300.50 309.00 209700
20021209 310.00 314.75 290.00 308.00 692200
20021210 303.00 308.00 299.50 300.00 384700
20021211 305.00 305.00 296.00 299.00 601700
20021212 298.00 298.50 294.50 298.50 222000
20021213 298.00 300.00 295.00 295.00 246200
20021216 296.25 303.00 295.00 303.00 213500
20021217 303.00 313.00 303.00 313.00 552600
20021218 306.50 315.00 305.00 307.50 157700
20021219 308.75 313.00 307.50 309.75 485700
20021220 308.00 310.00 307.25 307.50 52800
20021223 307.50 310.00 306.00 307.50 106000
20021224 310.00 325.00 308.50 325.00 118500
20021225 325.00 325.00 325.00 325.00 0
20021226 325.00 325.00 325.00 325.00 0
20021227 309.00 315.00 309.00 315.00 26700
20021230 310.00 322.00 307.75 320.00 86000
20021231 320.00 320.00 315.00 315.75 34500
20030101 315.75 315.75 315.75 315.75 0
20030102 315.50 316.25 313.00 315.00 86000
20030103 323.00 323.00 316.75 319.50 100000
20030106 320.00 322.50 312.00 312.50 239800
20030107 312.50 318.75 308.00 311.50 242700
20030108 310.00 310.00 302.00 308.00 742100
20030109 308.00 324.75 302.50 315.75 471400
20030110 315.50 329.00 315.00 326.00 1145400
20030113 333.25 333.25 323.00 323.00 265200
20030114 325.00 330.50 323.00 326.00 321500
20030115 325.81 352.50 326.00 350.00 1486200
20030116 356.75 365.00 341.00 344.00 1402800
20030117 346.00 362.50 343.00 355.00 2217300
20030120 350.00 352.50 348.00 350.25 438500
20030121 348.00 354.00 341.00 350.00 1453200
20030122 350.00 355.00 346.00 352.50 646100
20030123 352.00 352.00 340.00 344.75 949000
20030124 340.25 351.50 340.25 344.25 1351700
20030127 340.00 340.00 330.25 330.25 1101700
20030128 332.00 340.00 327.50 333.50 717700
20030129 333.50 333.50 325.00 328.50 1311000
20030130 333.00 336.00 325.00 332.50 705600
20030131 334.00 334.00 328.75 329.75 230000
20030203 334.00 338.00 330.00 337.25 568700
20030204 335.00 344.50 335.00 340.00 390700
20030205 336.75 338.25 334.00 336.00 308400
20030206 336.00 337.00 328.00 329.00 384900
20030207 329.50 335.00 329.00 329.75 660500
20030210 329.50 332.00 325.25 327.25 258500
20030211 329.50 329.50 323.50 323.50 960100
20030212 326.00 327.25 320.00 321.50 498000
20030213 320.25 322.75 320.00 321.25 371800
20030214 323.50 323.50 318.00 319.50 863300
20030217 319.00 323.75 319.00 321.50 325200
20030218 324.75 324.75 321.25 322.00 245700
20030219 325.00 330.00 315.00 315.00 588800
20030220 316.00 328.50 316.00 328.50 617700
20030221 324.75 330.75 319.25 330.00 352700
20030224 323.00 342.00 323.00 333.00 386700
20030225 322.25 324.25 315.00 317.25 600300
20030226 317.25 322.25 314.00 315.00 590200
20030227 313.00 314.75 306.00 310.00 613400
20030228 310.75 320.00 310.00 319.50 312200
20030303 325.00 325.00 313.25 316.00 265200
20030304 315.25 319.00 314.00 316.75 247200
20030305 319.00 319.00 313.00 316.00 339400
20030306 310.00 317.75 310.00 314.00 312000
20030307 313.50 319.75 297.75 298.25 798900
20030310 300.00 304.00 289.00 293.50 1879500
20030311 285.00 290.25 285.00 290.00 740000
20030312 286.00 290.00 275.00 280.00 369100
20030313 282.00 289.00 273.00 286.00 523800
20030314 295.00 295.00 282.00 286.75 616600
20030317 287.00 291.00 280.50 286.25 297200
20030318 285.25 298.00 285.25 298.00 918400
20030319 297.00 304.75 293.50 298.00 785800
20030320 295.00 307.25 295.00 296.25 434000
20030321 300.00 303.75 296.75 301.00 668300
20030324 299.00 299.75 293.50 296.75 501000
20030325 294.00 303.50 294.00 301.25 76500
20030326 305.75 305.75 284.75 288.00 736400
20030327 285.00 285.00 273.25 275.00 1133800
20030328 276.00 292.50 275.25 292.25 496000
20030331 287.00 287.00 270.00 280.00 639800
20030401 290.50 290.50 278.25 280.00 265300
20030402 282.00 291.00 280.00 287.50 530600
20030403 287.25 291.50 283.00 288.25 694200
20030404 291.00 293.00 286.00 292.50 217400
20030407 293.00 300.50 293.00 300.00 419800
20030408 295.25 303.25 291.50 303.25 311800
20030409 301.50 305.00 299.00 302.25 837000
20030410 304.75 309.00 302.00 304.75 837800
20030411 302.00 303.75 301.00 303.00 822100
20030414 292.00 303.00 292.00 302.75 278700
20030415 302.00 306.25 302.00 305.25 481000
20030416 306.00 313.25 303.00 311.00 906600
20030417 308.00 313.75 308.00 311.25 128500
20030418 311.25 311.25 311.25 311.25 0
20030421 311.25 311.25 311.25 311.25 0
20030422 311.00 315.00 310.50 315.00 190900
20030423 313.00 317.75 313.00 317.75 372600
20030424 312.00 316.50 312.00 314.75 383300
20030425 310.50 315.00 298.00 312.50 362400
20030428 314.00 315.00 310.25 313.25 757500
20030429 317.25 317.25 313.50 315.00 949100
20030430 320.00 325.00 313.00 325.00 900500
20030501 321.00 325.00 319.75 320.00 392300
20030502 324.00 326.00 320.00 324.25 143100
20030505 324.25 324.25 324.25 324.25 0
20030506 326.00 327.25 319.50 327.25 278800
20030507 322.00 333.00 322.00 330.75 852300
20030508 329.00 329.00 315.00 325.00 1170200
20030509 325.00 325.25 318.25 320.50 367400
20030512 322.50 324.50 319.00 321.00 163500
20030513 326.50 326.50 322.75 325.00 302800
20030514 320.00 325.00 320.00 321.75 607500
20030515 327.00 327.75 320.00 323.00 707300
20030516 324.00 337.75 323.00 336.25 626800
20030519 332.00 333.00 324.75 328.75 302600
20030520 329.25 331.25 322.75 325.50 246500
20030521 323.00 325.00 320.00 322.00 397400
20030522 322.00 322.00 320.00 322.00 279700
20030523 323.00 323.00 321.00 323.00 218900
20030526 323.00 323.00 323.00 323.00 0
20030527 324.00 329.75 322.00 329.25 413200
20030528 329.25 339.00 326.00 339.00 459900
20030529 335.00 340.00 332.75 340.00 572100
20030530 339.25 341.75 332.50 341.50 767700
20030602 343.00 347.50 341.50 347.50 382100
20030603 348.00 348.00 342.00 346.00 470000
20030604 345.50 350.00 340.50 341.75 681600
20030605 343.75 360.00 343.75 354.25 502000
20030606 350.00 368.00 348.00 361.00 687500
20030609 355.75 362.00 355.75 359.00 524700
20030610 358.00 358.25 355.00 357.00 560500
20030611 355.00 359.00 354.00 355.25 796200
20030612 355.00 368.00 355.00 358.00 1178000
20030613 358.75 358.75 345.25 355.50 452000
20030616 356.75 362.50 356.75 358.00 510000
20030617 369.00 369.00 358.00 365.00 834300
20030618 365.75 367.00 359.00 362.00 399700
20030619 362.00 363.00 355.50 357.75 653700
20030620 360.00 360.00 346.00 355.25 227200
20030623 354.50 357.50 348.00 353.75 587200
20030624 350.50 350.50 339.25 342.50 495400
20030625 345.50 347.00 336.75 338.50 497200
20030626 330.75 341.50 330.75 332.50 279100
20030627 341.00 343.50 327.75 328.25 215400
20030630 333.00 341.25 332.50 340.00 340400
20030701 340.00 341.00 332.00 337.00 588100
20030702 337.00 341.00 337.00 338.25 309400
20030703 348.00 348.00 338.00 347.00 213900
20030704 346.75 347.50 338.25 341.00 84900
20030707 329.00 349.75 329.00 345.00 249300
20030708 348.50 355.00 345.00 353.50 258800
20030709 350.25 353.00 346.50 348.00 90400
20030710 333.50 357.75 333.50 353.50 208200
20030711 357.25 357.25 348.75 355.00 250400
20030714 355.75 357.50 353.00 354.50 367000
20030715 354.50 355.50 350.50 351.50 355800
20030716 353.75 353.75 335.00 340.00 354700
20030717 342.75 345.00 339.50 339.50 476100
20030718 323.00 340.00 323.00 328.00 445400
20030721 323.25 335.00 323.25 329.25 232800
20030722 333.75 334.25 329.00 334.25 111200
20030723 334.00 356.75 330.25 338.00 419400
20030724 334.75 339.50 334.25 337.00 151600
20030725 335.75 337.00 327.50 327.50 692500
20030728 328.00 331.50 324.00 327.25 371200
20030729 325.00 330.00 320.00 323.00 205900
20030730 320.25 329.75 320.25 325.25 72500
20030731 340.50 340.50 321.00 329.00 259500
20030801 320.00 333.00 320.00 329.00 300800
20030804 322.00 327.75 321.00 326.00 181800
20030805 322.00 325.25 317.00 317.50 344200
20030806 317.00 325.50 313.00 316.50 417500
20030807 314.00 321.00 314.00 320.00 227500
20030808 317.00 329.75 317.00 322.25 261800
20030811 323.75 340.50 323.75 340.00 1188700
20030812 333.00 348.25 333.00 343.00 1037800
20030813 344.00 349.00 342.00 348.00 698500
20030814 347.75 351.25 345.25 350.00 705000
20030815 355.00 355.00 355.00 353.50 303300
20030818 353.00 357.25 352.00 352.00 148300
20030819 352.25 353.75 350.00 353.50 247900
20030820 350.25 352.75 350.00 350.25 136100
20030821 351.00 352.50 349.75 349.75 554800
20030822 350.25 351.75 348.75 348.75 519000
20030825 348.75 348.75 348.75 348.75 0
20030826 351.25 352.50 348.00 349.00 1013800
20030827 350.00 354.50 349.50 349.50 89200
20030828 350.75 354.25 349.75 351.75 661000
20030829 354.50 354.50 346.00 347.25 1445800
20030901 360.00 360.00 345.00 345.00 465300
20030902 349.25 354.50 349.25 350.25 398700
20030903 353.75 360.00 351.75 356.00 494300
20030904 352.00 358.75 350.00 350.00 592600
20030905 350.00 354.00 350.00 352.00 395900
20030908 356.00 355.46 352.26 353.00 208800
20030909 355.00 355.75 352.00 353.00 344000
20030910 346.00 358.25 346.00 356.00 680900
20030911 352.00 360.00 352.00 356.00 352000
20030912 357.75 360.50 355.00 357.50 145500
20030915 364.50 364.50 352.00 358.25 195300
20030916 358.25 364.50 355.00 361.00 276300
20030917 364.00 369.75 362.00 368.00 657700
20030918 367.00 372.00 367.00 370.00 604900
20030919 371.50 373.25 369.25 371.00 526400
20030922 367.25 368.75 362.00 366.50 422600
20030923 361.25 367.75 356.00 356.00 131400
20030924 358.00 358.25 350.00 350.00 482400
20030925 350.00 350.75 339.00 339.00 787500
20030926 339.00 339.00 325.00 332.75 2141500
20030929 332.00 347.25 332.00 345.25 521700
20030930 343.00 349.00 340.00 341.25 518800
20031001 343.25 348.25 338.00 348.00 425100
20031002 341.00 350.00 341.00 346.00 117200
20031003 343.00 352.50 343.00 349.50 374300
20031006 350.00 357.25 348.00 356.50 440200
20031007 352.00 357.50 350.00 354.50 376400
20031008 355.50 361.75 354.50 359.75 519300
20031009 359.75 363.00 350.50 360.00 393100
20031010 360.25 364.50 359.50 360.50 313500
20031013 361.25 361.75 356.00 356.25 209300
20031014 359.75 362.25 355.50 357.00 154700
20031015 355.25 361.75 355.25 360.25 215600
20031016 358.25 361.50 350.00 357.75 297500
20031017 355.00 358.00 355.00 358.00 189100
20031020 358.00 360.00 356.25 357.50 144200
20031021 363.00 369.75 359.00 366.00 674400
20031022 366.00 365.00 359.00 362.00 481600
20031023 360.00 365.00 360.00 363.75 419600
20031024 365.00 377.25 365.00 377.25 853700
20031027 375.00 378.25 373.00 375.00 552700
20031028 371.75 375.00 368.00 372.00 295900
20031029 372.00 376.00 371.75 376.00 199900
20031030 379.00 380.75 371.00 379.00 459800
20031031 372.50 382.50 372.25 382.50 342400
20031103 380.50 383.75 375.75 381.75 279400
20031104 378.00 382.75 373.00 374.25 282600
20031105 368.00 374.75 367.25 369.00 185800
20031106 360.00 360.00 333.00 337.75 2616800
20031107 336.25 363.00 336.25 363.00 1701500
20031110 361.75 358.25 350.25 357.50 521100
20031111 354.00 354.00 349.75 350.25 584900
20031112 355.00 355.00 350.00 350.00 239500
20031113 350.00 357.25 350.00 350.75 321000
20031114 352.50 354.25 350.25 352.75 43200
20031117 350.75 350.75 348.00 349.50 216100
20031118 340.50 352.50 340.50 352.25 621700
20031119 350.00 351.25 348.00 348.50 531200
20031120 350.75 351.00 348.00 349.00 430400
20031121 350.00 353.50 348.50 349.00 135300
20031124 352.00 354.50 348.25 354.25 257500
20031125 343.25 359.00 343.25 356.00 343200
20031126 359.00 359.00 354.00 356.00 310300
20031127 356.00 357.25 348.50 351.50 233900
20031128 349.50 352.25 347.00 352.25 409900
20031201 352.00 352.00 346.25 346.25 361200
20031202 342.75 347.75 342.00 345.25 633600
20031203 344.25 343.75 342.75 343.00 516500
20031204 345.00 350.00 345.00 346.75 273800
20031205 346.00 347.50 340.00 343.00 319400
20031208 340.25 342.25 339.25 341.00 305700
20031209 340.50 341.50 338.00 338.00 284900
20031210 336.00 338.75 336.00 336.75 767700
20031211 338.25 338.25 331.75 336.00 145500
20031212 336.00 336.00 330.25 331.50 248900
20031215 334.00 334.25 329.50 330.50 385800
20031216 331.25 333.75 329.75 329.75 254300
20031217 332.25 332.25 326.25 330.50 280800
20031218 332.00 332.75 331.50 332.50 629000
20031219 333.00 334.00 327.00 333.75 378100
20031222 342.00 342.00 334.50 338.00 520300
20031223 340.00 342.25 338.75 342.00 113800
20031224 342.75 342.75 341.00 342.00 24300
20031225 342.00 342.00 342.00 342.00 0
20031226 342.00 342.00 342.00 342.00 0
20031229 341.25 344.75 339.00 343.00 60600
20031230 339.00 340.00 334.75 338.25 112800
20031231 341.50 341.50 335.00 335.00 131000
20040101 335.00 335.00 335.00 335.00 0
20040102 337.75 340.00 333.00 340.00 52200
20040105 338.25 339.75 333.25 335.00 297900
20040106 335.00 336.00 330.00 333.50 356300
20040107 331.75 340.00 337.25 338.50 524500
20040108 339.00 344.00 339.00 342.25 493800
20040109 350.00 350.00 341.75 347.00 214100
20040112 340.00 355.00 340.00 347.50 200900
20040113 347.50 348.75 347.25 347.25 67000
20040114 347.00 347.75 346.00 347.75 128200
20040115 345.00 354.50 345.00 349.00 153000
20040116 350.50 354.50 347.50 353.50 126500
20040119 355.25 365.50 355.00 363.50 927000
20040120 362.25 366.25 349.75 364.75 915200
20040121 361.50 367.50 361.50 367.25 605400
20040122 366.25 370.00 366.00 369.00 787300
20040123 365.25 370.25 362.75 366.50 812400
20040126 364.50 366.00 363.50 364.75 258600
20040127 365.00 369.25 362.50 366.75 518700
20040128 370.00 370.00 365.00 368.00 285000
20040129 364.25 368.00 362.25 363.00 1217400
20040130 364.75 364.75 361.25 363.50 389900
20040202 363.00 369.75 363.00 365.00 534500
20040203 366.50 368.75 363.75 367.00 507000
20040204 364.00 365.00 364.00 364.00 254500
20040205 362.00 363.25 357.00 360.00 504400
20040206 360.00 365.75 358.00 365.50 209200
20040209 365.25 365.75 360.25 363.00 220100
20040210 361.75 365.00 360.25 360.25 124300
20040211 361.00 363.00 360.00 362.50 297000
20040212 364.50 368.00 361.25 364.50 554900
20040213 364.00 364.75 362.00 363.00 311800
20040216 363.75 366.00 362.25 365.00 77000
20040217 366.75 370.50 360.00 369.00 302400
20040218 367.00 376.50 362.25 373.50 378000
20040219 372.25 372.50 370.00 372.50 263200
20040220 370.50 373.00 368.75 371.00 127700
20040223 370.25 372.75 365.75 368.00 227400
20040224 367.00 367.00 353.00 354.50 935500
20040225 353.50 358.00 351.50 358.00 609400
20040226 357.75 357.75 354.00 354.50 360400
20040227 352.50 355.00 351.00 351.75 299000
20040301 353.00 355.00 350.00 353.00 175900
20040302 355.00 355.00 352.00 353.00 308300
20040303 365.50 365.50 353.00 356.25 485700
20040304 355.50 357.75 355.00 356.75 77800
20040305 353.75 369.75 353.75 360.75 312100
20040308 359.00 367.75 359.00 366.00 700000
20040309 364.50 368.50 362.50 366.25 365800
20040310 360.25 363.75 360.25 362.25 170000
20040311 356.50 362.00 355.50 361.00 444100
20040312 360.00 374.00 353.00 365.25 244800
20040315 362.75 365.00 361.25 365.00 293500
20040316 358.00 364.25 358.00 364.25 368100
20040317 363.50 375.00 363.50 372.00 372400
20040318 370.00 372.50 365.00 366.00 339000
20040319 367.25 370.00 365.25 365.25 345900
20040322 364.00 364.00 356.50 358.00 210700
20040323 360.00 360.00 352.00 352.00 209300
20040324 355.00 367.75 354.25 355.00 380500
20040325 360.00 360.50 351.00 355.00 777300
20040326 356.00 356.00 350.25 352.00 222400
20040329 353.00 361.75 350.00 355.50 269400
20040330 357.50 357.50 350.25 350.25 628500
20040331 352.50 355.00 349.00 350.50 1107900
20040401 353.00 355.25 351.25 355.25 156000
20040402 355.50 361.00 355.00 360.00 711700
20040405 360.75 362.00 358.50 361.00 330100
20040406 361.00 361.00 358.00 359.75 311200
20040407 360.00 365.00 360.00 365.00 685600
20040408 363.00 368.00 362.50 362.75 123700
20040409 362.75 362.75 362.75 362.75 0
20040412 362.75 362.75 362.75 362.75 0
20040413 364.25 367.00 362.00 362.50 151900
20040414 362.75 363.75 357.50 357.75 192100
20040415 360.00 360.50 355.00 355.00 325900
20040416 355.00 358.00 353.25 354.50 417600
20040419 355.00 356.00 352.50 355.75 499300
20040420 356.25 356.50 353.75 353.75 173900
20040421 353.00 353.75 351.25 351.50 270400
20040422 356.00 356.00 351.25 355.75 364400
20040423 354.00 361.75 352.00 357.50 240100
20040426 357.25 357.50 355.25 356.25 177400
20040427 352.25 354.75 350.50 352.00 239900
20040428 352.00 357.50 351.00 355.00 556300
20040429 354.50 355.75 350.00 351.25 362400
20040430 352.50 352.75 345.50 348.75 327900
20040503 348.75 348.75 348.75 348.75 0
20040504 348.00 356.50 348.00 348.50 181300
20040505 355.25 355.25 346.00 349.00 233600
20040506 354.25 356.75 349.00 350.50 663100
20040507 352.00 355.00 349.25 354.00 573900
20040510 352.50 353.75 345.25 350.50 907900
20040511 350.00 356.25 348.00 355.25 593900
20040512 369.00 372.00 361.75 367.50 1395500
20040513 375.00 375.00 363.75 366.25 495400
20040514 366.50 370.00 365.25 370.00 425400
20040517 370.25 370.25 363.00 366.00 883700
20040518 365.00 372.00 364.00 370.50 1346100
20040519 368.75 379.75 368.75 376.50 1091500
20040520 377.25 380.00 373.00 379.00 482200
20040521 380.00 390.00 378.50 383.50 1326600
20040524 381.75 391.00 381.75 391.00 981600
20040525 389.25 391.00 382.00 382.75 611200
20040526 386.50 388.00 376.00 380.00 1306000
20040527 380.00 383.00 370.25 375.75 1390600
20040528 377.50 380.00 370.50 376.50 7599200
20040531 376.50 376.50 376.50 376.50 0
20040601 375.00 380.00 374.25 374.25 1001300
20040602 376.25 379.00 375.00 375.00 1024500
20040603 378.00 378.00 369.50 371.00 687400
20040604 373.25 375.00 367.50 370.75 946800
20040607 365.00 372.00 365.00 372.00 827500
20040608 365.25 372.00 365.25 370.00 396300
20040609 370.00 372.25 368.25 371.75 661300
20040610 369.50 371.75 369.50 371.00 1727000
20040611 370.00 371.25 366.75 368.00 318600
20040614 368.50 368.50 365.00 366.50 129900
20040615 365.00 367.50 364.00 365.00 357800
20040616 367.75 369.75 366.50 367.75 379900
20040617 365.75 380.00 365.00 367.50 231500
20040618 366.50 369.25 365.00 366.75 194300
20040621 370.00 373.75 368.00 368.25 407200
20040622 367.00 373.50 367.00 371.75 287800
20040623 375.25 376.00 367.00 372.00 652200
20040624 370.25 373.00 364.50 367.00 398300
20040625 367.75 370.00 366.50 367.00 229300
20040628 365.25 370.00 365.00 365.00 106800
20040629 367.00 372.75 365.00 367.00 276100
20040630 366.50 370.25 366.00 366.00 297700
20040701 369.75 374.50 369.25 369.25 502400
20040702 368.75 369.25 366.00 366.25 124500
20040705 365.00 373.00 365.00 367.00 98900
20040706 374.75 374.75 365.25 368.00 329800
20040707 374.75 374.75 365.75 365.75 539700
20040708 365.50 373.25 365.50 370.00 470700
20040709 369.00 372.50 367.50 371.75 1366000
20040712 373.00 376.25 371.00 373.00 565000
20040713 373.00 390.25 373.00 382.25 553400
20040714 378.00 384.75 376.25 379.25 2558300
20040715 373.00 380.50 373.00 380.00 1271900
20040716 380.00 380.00 375.50 376.00 1846500
20040719 377.00 385.00 376.50 383.00 1060600
20040720 380.50 386.25 379.75 381.25 1366700
20040721 381.00 381.00 378.50 379.00 531000
20040722 375.25 376.75 369.00 370.75 914600
20040723 319.50 319.50 319.50 319.50 0
20040726 367.00 371.00 361.50 363.00 526500
20040727 363.25 363.50 358.00 358.00 721300
20040728 360.00 367.50 345.50 358.00 696900
20040729 358.00 360.00 350.25 360.00 318600
20040730 361.00 361.00 352.00 356.00 328400
20040802 343.50 362.00 343.50 359.25 530100
20040803 361.00 362.75 356.25 360.00 589600
20040804 355.50 365.00 355.50 355.75 793400
20040805 356.00 359.00 354.50 354.50 367200
20040806 352.25 360.75 348.25 351.25 1049700
20040809 351.00 351.50 342.00 348.00 619100
20040810 345.00 352.00 345.00 347.00 527500
20040811 345.00 345.50 340.50 340.50 871100
20040812 344.75 344.75 340.00 341.00 443300
20040813 370.00 370.00 335.00 337.25 665900
20040816 342.25 350.00 339.00 343.75 788500
20040817 343.25 345.00 340.00 343.00 290900
20040818 343.50 345.00 343.00 344.50 181800
20040819 346.25 353.00 346.25 352.00 980400
20040820 354.50 354.50 349.50 350.00 411400
20040823 353.00 356.50 349.25 356.50 214800
20040824 356.50 356.50 350.00 353.25 307200
20040825 355.00 369.25 352.75 357.00 533400
20040826 356.75 360.00 354.75 356.25 346300
20040827 360.50 362.50 357.00 358.00 236600
20040830 358.00 358.00 358.00 358.00 0
20040831 359.75 359.75 347.25 357.00 279700
20040901 357.25 363.00 355.00 357.50 258500
20040902 360.00 363.00 359.75 362.00 219000
20040903 361.00 366.00 361.00 365.00 400400
20040906 365.00 365.25 363.00 364.50 337000
20040907 363.25 363.25 360.00 361.00 314200
20040908 363.25 364.50 360.00 361.00 171000
20040909 343.00 365.00 343.00 362.25 201700
20040910 363.00 368.25 361.00 362.50 163300
20040913 367.25 367.25 360.00 362.00 242400
20040914 362.00 365.25 360.00 360.00 231400
20040915 358.00 362.50 358.00 358.50 166500
20040916 362.00 364.00 358.25 362.25 153400
20040917 360.00 363.25 359.00 360.00 182200
20040920 358.00 367.00 356.00 357.25 514000
20040921 356.00 360.00 355.00 357.25 358400
20040922 355.25 357.75 353.25 357.00 248500
20040923 368.00 368.00 343.00 345.00 1110500
20040924 344.00 349.00 340.25 346.00 697300
20040927 342.50 349.75 342.50 345.50 359500
20040928 350.00 350.00 345.00 348.25 236300
20040929 352.00 353.00 346.00 350.00 367400
20040930 353.00 353.00 340.00 345.00 1092400
20041001 345.00 350.25 345.00 348.75 309900
20041004 358.00 358.00 350.75 351.50 561500
20041005 350.00 352.00 348.50 351.50 296100
20041006 350.25 350.50 346.25 349.00 382200
20041007 350.00 357.00 348.00 348.75 183600
20041008 348.75 355.00 348.75 352.75 780000
20041011 353.00 354.50 353.00 354.50 468300
20041012 352.25 355.50 351.00 355.50 609100
20041013 369.00 369.00 351.25 353.00 152400
20041014 351.25 358.25 351.00 351.75 200000
20041015 350.00 351.25 345.25 349.75 431100
20041018 350.00 352.00 346.75 349.00 439100
20041019 350.00 350.00 347.00 347.00 505200
20041020 347.00 349.00 341.75 347.75 526300
20041021 345.75 349.25 345.00 346.50 267300
20041022 347.00 350.00 345.00 348.00 308400
20041025 345.00 345.75 344.00 345.00 360900
20041026 345.00 350.25 345.00 346.00 574200
20041027 349.50 354.00 349.50 352.00 842300
20041028 355.00 355.00 352.00 354.00 404900
20041029 360.00 372.00 354.00 365.00 1435700
20041101 368.25 369.25 360.25 368.75 588100
20041102 372.00 372.00 367.00 369.00 769600
20041103 369.75 371.50 365.25 371.00 586900
20041104 376.50 376.50 365.75 370.00 423700
20041105 371.75 377.25 371.75 375.00 397100
20041108 371.75 376.75 371.75 375.00 469400
20041109 375.00 381.00 374.00 378.50 565200
20041110 379.75 396.00 378.50 387.00 2872200
20041111 390.00 393.50 382.75 387.00 1688900
20041112 388.75 397.50 393.75 396.00 743900
20041115 392.25 398.00 392.25 396.00 922700
20041116 394.00 395.00 390.00 392.00 612900
20041117 393.75 394.25 382.75 386.00 1143000
20041118 382.50 389.25 380.00 380.00 1431900
20041119 378.00 386.25 378.00 382.25 542800
20041122 380.50 385.50 379.75 384.75 559700
20041123 387.00 388.50 378.00 385.00 484600
20041124 385.75 394.25 384.25 393.00 711100
20041125 395.00 410.50 390.25 405.00 1907100
20041126 406.75 413.50 404.50 413.50 1349100
20041129 412.50 414.75 407.00 409.00 1215400
20041130 406.25 413.75 406.25 408.75 1577300
20041201 410.00 410.00 404.75 405.00 755100
20041202 406.00 416.25 404.00 416.25 1690100
20041203 415.75 425.00 415.75 422.00 1147800
20041206 418.25 422.25 414.00 414.75 449400
20041207 414.00 416.50 405.25 414.25 858000
20041208 413.25 415.50 411.50 414.50 625300
20041209 414.00 417.25 410.00 411.00 1126800
20041210 414.75 433.00 413.00 430.00 2474400
20041213 513.00 540.00 508.50 540.00 17347000
20041214 542.00 546.00 535.00 544.00 7449800
20041215 546.00 554.75 550.75 551.00 3080300
20041216 551.00 565.00 550.00 555.25 3320900
20041217 558.00 559.75 555.00 556.00 1433300
20041220 560.00 600.00 557.50 579.75 3871900
20041221 579.00 579.00 565.50 575.00 4199000
20041222 575.00 580.00 573.50 575.00 3424300
20041223 577.50 582.00 575.50 577.50 1233100
20041224 578.00 578.00 577.50 578.00 159800
20041227 578.00 578.00 578.00 578.00 0
20041228 578.00 578.00 578.00 578.00 0
20041229 585.00 589.75 577.50 584.00 293200
20041230 583.00 583.00 578.00 582.00 654600
20041231 579.00 583.00 579.00 582.00 111500
20050103 582.00 582.00 582.00 582.00 0
20050104 587.00 589.00 582.75 588.00 1373800
20050105 588.00 588.00 583.75 585.00 830800
20050106 590.00 590.00 582.00 583.00 1417300
20050107 583.75 585.00 578.00 584.00 3562200
20050110 583.75 590.00 583.25 584.75 872600
20050111 588.00 590.00 587.75 590.00 299300
20050112 590.00 592.00 587.25 588.00 1490100
20050113 585.50 590.00 585.50 589.00 794100
20050114 590.00 592.00 585.00 585.00 1406200
20050117 575.00 580.00 570.25 580.00 4919700
20050118 576.25 578.75 574.00 574.00 2270800
20050119 575.00 580.00 572.25 574.00 1614000
20050120 575.00 580.00 573.00 574.75 2181700
20050121 584.00 584.00 575.25 580.00 1986900
20050124 585.00 585.00 574.00 575.50 1114300
20050125 574.75 581.75 574.75 581.00 1360400
20050126 581.00 581.00 572.50 574.50 1547200
20050127 575.00 582.25 574.00 579.00 1694300
20050128 580.00 580.00 576.00 577.00 1142400
20050131 575.00 578.00 568.00 572.50 2299200
20050201 572.50 574.50 569.00 572.50 1919000
20050202 572.00 575.00 569.00 569.50 1327400
20050203 573.75 573.75 568.00 570.25 939600
20050204 567.75 569.75 560.75 565.00 2017700
20050207 569.25 569.25 557.50 566.00 3472400
20050208 567.00 568.50 564.25 565.00 1703700
20050209 570.00 577.00 567.00 572.00 4087900
20050210 572.00 577.00 572.00 576.00 2945800
20050211 575.00 577.00 570.00 570.25 2796700
20050214 562.50 572.00 562.50 568.00 810600
20050215 570.00 575.00 567.00 573.00 1131000
20050216 573.00 575.25 571.50 571.50 1138800
20050217 578.00 578.00 568.50 569.25 1471600
20050218 572.00 575.00 571.75 571.75 771000
20050221 572.00 572.00 555.00 562.00 1375500
20050222 564.75 565.00 557.25 558.00 1064500
20050223 566.25 566.25 553.00 559.00 547800
20050224 564.50 564.50 555.00 555.00 1084200
20050225 555.00 555.00 534.50 535.00 13485100
20050228 535.00 545.75 530.00 539.00 2047300
20050301 536.25 542.75 529.00 533.00 2271400
20050302 533.00 535.00 530.00 530.00 3115400
20050303 533.75 544.00 531.00 541.00 2901700
20050304 545.00 545.00 536.25 539.00 1294700
20050307 490.00 503.00 480.00 497.00 16885000
20050308 498.00 500.00 475.00 484.50 8492000
20050309 480.00 490.00 480.00 486.50 3404900
20050310 493.75 493.75 482.25 484.50 1000900
20050311 488.00 495.00 486.75 493.00 1945300
20050314 488.25 488.25 476.25 477.00 2566100
20050315 480.25 480.75 472.25 478.00 2747100
20050316 479.00 479.00 471.00 474.75 2041600
20050317 480.00 480.00 466.25 470.00 870800
20050318 475.00 476.50 469.25 469.25 1215100
20050321 473.75 476.00 468.50 469.00 485800
20050322 470.00 470.00 454.50 468.00 1834800
20050323 462.25 466.50 458.25 459.25 1510000
20050324 459.25 477.25 457.50 474.00 2904100
20050325 474.00 474.00 474.00 474.00 0
20050328 474.00 474.00 474.00 474.00 0
20050329 461.00 467.75 446.75 452.25 9376500
20050330 445.00 454.25 445.00 452.75 1780700
20050331 452.75 454.00 452.50 453.75 847300
20050401 453.75 464.00 453.75 462.00 1166400
20050404 462.00 462.00 454.00 455.00 1099200
20050405 455.00 457.50 455.00 455.50 627000
20050406 455.75 462.75 455.50 461.00 595600
20050407 458.50 470.00 458.50 462.00 1183700
20050408 461.00 461.00 454.75 461.00 914400
20050411 461.00 461.50 458.50 460.00 325700
20050412 458.00 461.50 458.00 459.00 385200
20050413 459.00 467.50 459.00 467.00 690900
20050414 467.50 467.50 457.50 461.25 522600
20050415 466.75 466.75 451.50 458.00 1516800
20050418 453.50 453.50 445.00 450.25 1217500
20050419 453.25 456.00 446.25 449.25 844000
20050420 451.50 464.00 451.50 464.00 1044000
20050421 459.75 463.00 458.25 460.00 970500
20050422 460.00 467.25 459.75 465.00 893500
20050425 466.00 466.00 461.50 465.50 498200
20050426 465.75 465.75 460.75 462.50 709700
20050427 465.00 466.75 457.00 460.25 920300
20050428 466.25 466.25 450.50 461.75 778200
20050429 459.00 465.00 456.00 461.50 701900
20050502 461.50 461.50 461.50 461.50 0
20050503 464.00 464.75 456.25 463.00 850400
20050504 464.75 465.00 459.50 462.00 542900
20050505 464.25 464.25 456.25 461.75 345000
20050506 464.25 464.25 461.00 461.25 441100
20050509 462.25 463.00 455.00 461.75 838600
20050510 462.00 462.50 451.25 460.00 979800
20050511 460.00 464.00 455.00 462.00 1472200
20050512 462.50 468.00 460.25 460.50 409300
20050513 456.00 463.00 456.00 459.25 508500
20050516 460.75 462.50 456.00 458.25 169900
20050517 457.75 464.00 457.75 460.00 388000
20050518 464.50 464.50 458.25 462.50 482300
20050519 464.50 480.00 461.50 471.00 3008500
20050520 473.00 479.50 472.00 476.25 2518100
20050523 477.75 480.00 476.75 477.50 1072300
20050524 476.00 480.00 476.00 479.25 504800
20050525 474.50 484.75 474.50 480.50 939500
20050526 482.00 486.75 480.00 482.50 465800
20050527 482.75 482.75 476.00 477.00 850000
20050530 477.00 477.00 477.00 477.00 0
20050531 467.75 480.00 467.75 480.00 1267400
20050601 477.50 480.00 476.00 480.00 661100
20050602 480.00 482.75 478.00 480.00 457600
20050603 480.00 480.00 480.00 480.00 0
20050606 487.50 494.00 485.00 490.00 1195100
20050607 490.00 492.00 488.75 488.75 603500
20050608 485.00 491.50 485.00 489.00 385600
20050609 489.50 490.00 486.25 487.00 1386500
20050610 485.75 492.50 485.00 488.00 948200
20050613 492.00 493.00 488.25 492.00 780800
20050614 490.00 496.00 490.00 494.50 1174700
20050615 492.50 496.00 492.50 495.25 684400
20050616 495.00 497.25 494.00 494.50 624700
20050617 495.00 496.00 492.25 494.00 1470800
20050620 492.50 492.50 487.50 491.50 685800
20050621 490.25 492.50 490.25 491.00 325500
20050622 491.75 492.00 489.00 491.00 193700
20050623 491.50 491.50 489.25 490.00 764400
20050624 489.25 490.50 483.75 487.00 1140000
20050627 482.50 486.75 479.50 482.00 615900
20050628 480.50 484.25 473.75 481.00 868500
20050629 484.00 488.00 481.25 486.00 477900
20050630 483.00 491.50 483.00 491.50 530100
20050701 491.00 493.00 487.50 492.50 1757100
20050704 490.00 490.00 487.00 489.00 706400
20050705 490.00 490.00 482.00 483.50 515600
20050706 483.50 493.00 479.25 489.50 2305600
20050707 492.50 497.25 463.75 487.00 2794700
20050708 488.50 499.00 486.25 494.00 1963400
20050711 497.00 497.00 491.00 493.00 819500
20050712 490.50 497.00 490.50 496.50 1399800
20050713 496.00 503.50 481.75 500.25 1052200
20050714 505.25 505.25 496.75 501.00 1461100
20050715 500.50 505.75 495.75 497.50 1657400
20050718 500.50 503.00 499.75 500.00 2038700
20050719 498.25 504.00 498.25 501.25 939800
20050720 494.50 498.00 494.00 497.50 523800
20050721 502.00 503.50 498.00 501.00 1807400
20050722 503.25 506.00 498.50 504.75 927600
20050725 507.25 507.25 503.00 503.00 455000
20050726 503.00 505.25 502.25 505.00 481500
20050727 504.00 510.00 504.00 509.00 695900
20050728 512.00 519.50 510.00 515.00 1933400
20050729 514.25 541.00 510.00 540.25 10069700
20050801 540.25 542.00 538.75 539.50 1989400
20050802 536.75 537.75 525.00 536.75 2424700
20050803 533.25 540.00 533.25 540.00 2107100
20050804 537.00 567.50 537.00 550.75 4340600
20050805 551.50 559.00 545.50 547.00 770700
20050808 550.50 550.50 539.00 540.00 1032500
20050809 542.50 544.50 540.00 543.25 1110700
20050810 546.00 557.00 540.25 548.00 1419300
20050811 544.00 545.50 537.75 543.00 1888200
20050812 540.50 552.00 540.00 552.00 2207000
20050815 573.00 582.00 559.00 578.00 9901000
20050816 580.00 580.00 569.50 577.50 3473900
20050817 582.25 582.25 568.00 572.50 2412100
20050818 568.50 575.00 568.50 573.00 3133600
20050819 577.50 577.50 571.75 573.00 2360200
20050822 572.75 573.00 570.00 570.00 156600
20050823 570.25 570.75 568.25 568.25 484900
20050824 568.25 569.50 567.00 567.00 479300
20050825 566.00 573.25 566.00 570.00 770600
20050826 573.25 573.75 568.50 572.00 509400
20050829 572.00 572.00 572.00 572.00 0
20050830 573.00 574.00 570.00 570.00 421900
20050831 570.00 575.00 566.50 567.00 767600
20050901 568.75 580.00 568.75 576.50 1802100
20050902 578.50 580.25 570.00 573.00 769700
20050905 574.75 577.75 574.75 576.00 767300
20050906 577.50 582.00 577.50 581.00 2205800
20050907 584.75 584.75 572.50 580.00 432000
20050908 575.00 583.75 575.00 583.75 335600
20050909 586.75 586.75 581.25 584.50 260700
20050912 585.00 588.50 582.25 586.50 468200
20050913 583.50 586.50 581.25 584.00 1472900
20050914 586.25 587.00 580.25 586.00 554500
20050915 586.75 587.00 581.00 582.50 504700
20050916 580.00 583.25 576.00 579.00 1948700
20050919 575.00 580.00 569.50 578.50 1017300
20050920 579.50 581.00 571.00 577.00 1205300
20050921 570.00 580.50 570.00 579.50 1620500
20050922 580.00 581.50 574.00 580.00 1439600
20050923 587.00 590.00 578.00 579.50 2768900
20050926 580.00 580.00 568.50 574.00 2552300
20050927 570.00 577.50 570.00 572.00 632400
20050928 574.00 575.00 565.50 568.00 1879400
20050929 568.50 569.00 564.00 567.00 2856700
20050930 570.50 574.50 567.00 570.00 3828500
20051003 575.00 575.00 567.50 570.00 1414800
20051004 575.00 575.00 570.00 572.00 854800
20051005 569.00 572.00 567.50 570.00 980800
20051006 571.50 580.00 570.00 578.00 6867700
20051007 569.50 572.50 562.00 563.00 2393300
20051010 567.50 567.50 556.00 556.50 1523300
20051011 559.50 560.00 544.50 549.00 3363900
20051012 549.00 569.50 549.00 552.50 3220900
20051013 552.50 552.50 535.00 540.00 2960200
20051014 538.00 539.50 524.00 534.00 4320700
20051017 538.50 539.50 530.00 537.50 1830600
20051018 536.50 544.00 535.00 542.00 2786900
20051019 536.50 545.00 530.50 533.00 2144700
20051020 543.50 545.50 536.50 540.00 1066700
20051021 532.00 538.00 532.00 534.00 732600
20051024 539.50 565.50 539.50 562.00 3723700
20051025 565.00 567.50 559.00 562.00 1957300
20051026 561.50 562.00 550.00 561.50 2533600
20051027 558.50 568.50 558.50 565.00 1999000
20051028 566.50 570.00 551.50 555.50 2993700
20051031 560.50 571.00 559.00 566.50 2707200
20051101 570.00 572.00 565.00 570.00 2028300
20051102 572.00 572.00 558.00 566.00 2179900
20051103 578.00 578.00 565.50 570.50 2480800
20051104 571.00 575.00 565.00 570.00 5126000
20051107 570.00 586.00 570.00 577.00 2085200
20051108 580.00 581.00 575.00 580.00 912400
20051109 581.00 585.00 575.50 579.50 2605700
20051110 600.00 600.00 575.00 576.00 1895900
20051111 577.00 587.00 577.00 586.50 1775100
20051114 607.00 607.00 588.00 602.00 2943700
20051115 600.50 607.00 591.00 598.00 1723200
20051116 598.00 604.50 595.50 602.00 2437300
20051117 605.00 609.50 600.00 600.00 3008000
20051118 606.50 606.50 600.00 600.50 2391400
20051121 602.00 607.50 599.00 602.00 1716100
20051122 600.50 610.00 600.50 604.00 1328100
20051123 606.00 609.00 590.00 595.00 3745700
20051124 596.00 596.00 575.00 585.00 3207400
20051125 588.00 592.50 584.00 592.50 645700
20051128 592.50 600.00 585.00 586.00 525500
20051129 600.00 607.50 590.00 602.00 3223500
20051130 599.00 602.00 593.00 599.50 1739800
20051201 599.00 600.00 596.00 600.00 1168300
20051202 600.00 600.00 598.00 600.00 458300
20051205 600.00 605.00 598.50 605.00 1554000
20051206 605.00 613.50 604.00 608.00 2022200
20051207 610.00 620.00 601.50 617.50 2429100
20051208 610.00 613.50 606.50 612.00 851800
20051209 605.00 622.00 605.00 619.00 3388900
20051212 640.00 640.00 610.00 616.00 2954600
20051213 616.00 626.00 615.00 615.50 611500
20051214 625.00 625.00 610.50 622.00 2557800
20051215 613.50 621.00 613.50 620.00 1602500
20051216 620.00 620.00 616.50 617.50 1852500
20051219 625.00 625.00 618.00 621.00 975700
20051220 623.00 623.00 617.00 618.50 886300
20051221 618.00 619.00 606.00 616.00 700000
20051222 615.00 620.00 615.00 619.50 750200
20051223 612.00 623.00 612.00 620.00 279200
20051226 620.00 620.00 620.00 620.00 0
20051227 620.00 620.00 620.00 620.00 0
20051228 627.50 630.00 618.00 624.50 1067000
20051229 625.00 625.00 618.00 620.00 757000
20051230 614.50 620.00 614.50 620.00 317300
20060102 620.00 620.00 620.00 620.00 0
20060103 616.00 628.50 616.00 619.00 1087800
20060104 628.00 628.00 619.00 622.50 893400
20060105 628.00 628.00 613.50 614.50 1261600
20060106 623.00 623.00 617.50 621.00 1346000
20060109 625.00 627.00 621.00 624.00 993300
20060110 625.00 625.50 605.50 615.00 5841100
20060111 625.00 670.00 625.00 658.00 8516500
20060112 660.00 670.00 652.50 666.00 3413000
20060113 640.00 672.00 640.00 668.50 766200
20060116 668.50 679.50 663.50 678.00 3088700
20060117 680.00 680.00 661.50 667.50 1167000
20060118 669.00 669.50 648.50 650.00 2481400
20060119 655.00 677.00 655.00 676.50 4039600
20060120 678.00 707.50 678.00 690.00 6583800
20060123 692.50 711.00 686.00 711.00 2985500
20060124 720.00 720.00 710.00 715.00 1956600
20060125 720.00 720.00 695.00 698.00 1374100
20060126 695.00 700.00 675.50 696.50 2426600
20060127 700.00 711.00 699.00 707.00 1601700
20060130 719.00 745.00 710.00 731.50 3917000
20060131 740.00 749.00 700.50 727.50 2912400
20060201 748.50 760.00 735.00 753.00 3989300
20060202 755.00 777.00 748.50 763.00 4274800
20060203 763.00 780.00 755.50 768.00 6315200
20060206 796.00 796.00 772.50 778.00 2818400
20060207 779.50 779.50 756.50 770.00 1799900
20060208 763.00 769.00 753.00 759.50 1149800
20060209 760.00 774.00 758.50 774.00 3370900
20060210 775.00 775.00 766.00 770.00 811600
20060213 770.00 773.50 760.50 772.50 876900
20060214 773.50 774.00 756.50 770.00 1986500
20060215 770.00 770.00 743.50 761.00 876900
20060216 760.00 766.50 759.50 761.50 945200
20060217 790.00 828.00 786.00 824.00 7693900
20060220 830.00 848.50 825.00 829.50 3084000
20060221 825.00 829.00 815.50 819.00 5257300
20060222 819.00 819.50 804.00 809.00 3840600
20060223 805.00 843.50 801.00 835.00 3429500
20060224 815.00 847.50 813.00 833.00 1595500
20060227 833.00 870.00 818.50 855.00 2689700
20060228 856.00 871.50 826.00 855.00 2030300
20060301 855.00 860.50 848.00 855.00 3828600
20060302 856.00 862.00 835.50 856.00 2022200
20060303 850.00 880.00 849.50 859.50 2566600
20060306 863.00 871.00 843.00 863.50 835300
20060307 863.00 870.00 839.00 841.50 1224000
20060308 845.50 872.00 810.50 845.50 2582900
20060309 854.50 886.00 840.50 863.50 1704300
20060310 865.00 897.50 865.00 880.00 2515100
20060313 1095.00 1150.00 1056.00 1149.00 25686300
20060314 1168.50 1205.50 1120.00 1190.00 8191600
20060315 1199.00 1199.00 1156.50 1185.00 2509800
20060316 1190.00 1200.50 1172.50 1175.00 2422300
20060317 1180.00 1192.00 1166.00 1170.00 4341500
20060320 1219.50 1219.50 1173.00 1189.00 1946000
20060321 1195.00 1195.00 1150.50 1176.50 2939300
20060322 1180.00 1180.00 1132.50 1138.00 12910700
20060323 1145.00 1147.00 1126.00 1139.50 2630400
20060324 1139.00 1143.00 1120.50 1140.00 3394400
20060327 1122.00 1135.00 1122.00 1127.00 3321100
20060328 1116.50 1138.00 1111.00 1115.00 8684200
20060329 1115.50 1125.00 1104.50 1120.00 3619000
20060330 1000.00 1050.00 1000.00 1043.50 11971800
20060331 1030.00 1071.50 1026.50 1056.00 2965200
20060403 1040.00 1070.00 1037.50 1050.00 4826000
20060404 1085.00 1085.00 1051.00 1060.00 3898000
20060405 1060.00 1070.00 1042.50 1054.50 3276100
20060406 1045.00 1054.00 1036.00 1045.00 1272100
20060407 1050.00 1060.00 1032.50 1036.50 1236300
20060410 1036.50 1045.00 1024.00 1028.00 1357000
20060411 1028.00 1075.00 1010.00 1038.50 75580000
20060412 1180.00 1207.00 1176.00 1198.50 22896000
20060413 1202.00 1238.00 1201.00 1232.00 11269400
20060414 1232.00 1232.00 1232.00 1232.00 0
20060417 1232.00 1232.00 1232.00 1232.00 0
20060418 1240.00 1267.50 1236.50 1259.50 5993500
20060419 1280.00 1280.00 1240.50 1251.00 3333700
20060420 1250.00 1260.00 1244.00 1259.50 3726200
20060421 1273.00 1275.50 1246.50 1256.00 2738000
20060424 1255.00 1259.50 1191.50 1238.00 2631200
20060425 1240.00 1240.00 1221.50 1230.00 1742300
20060426 1215.00 1240.00 1215.00 1235.00 1135900
20060427 1230.00 1241.50 1230.00 1238.00 1564800
20060428 1236.00 1261.50 1230.00 1237.00 800600
20060501 1237.00 1237.00 1237.00 1237.00 0
20060502 1230.00 1237.00 1211.50 1217.50 4898300
20060503 1220.00 1275.00 1217.50 1244.00 17611300
20060504 1245.00 1250.00 1241.50 1248.00 2797400
20060505 1259.00 1262.50 1240.50 1260.50 4315500
20060508 1258.00 1258.00 1226.00 1238.50 4385400
20060509 1240.00 1250.00 1230.00 1244.50 1678000
20060510 1230.00 1260.00 1230.00 1256.50 28039900
20060511 1255.00 1281.00 1255.00 1275.00 3077000
20060512 1264.00 1285.00 1260.00 1275.50 2239900
20060515 1276.00 1264.52 1240.00 1263.00 2118100
20060516 1255.00 1267.25 1248.00 1259.00 2591700
20060517 1246.00 1251.37 1241.80 1242.00 2923700
20060518 1240.00 1248.00 1235.00 1236.00 4307800
20060519 1240.00 1249.59 1225.00 1245.00 8920700
20060522 1244.00 1244.00 1173.00 1190.00 5964300
20060523 1180.00 1226.48 1160.00 1174.00 4854200
20060524 1165.00 1196.00 1123.00 1189.00 8560000
20060525 1134.00 1106.00 1065.50 1079.00 10387000
20060526 1095.00 1152.00 1077.61 1140.00 5054300
20060529 1140.00 1140.00 1140.00 1140.00 0
20060530 1135.00 1135.00 1093.00 1118.00 3988200
20060531 1100.00 1125.41 1086.00 1106.00 5808200
20060601 1089.00 1124.00 1088.00 1122.00 2009100
20060602 1124.00 1148.75 1108.00 1142.00 1697300
20060605 1150.00 1164.75 1126.00 1143.00 799600
20060606 1130.00 1141.12 1107.11 1120.00 2363400
20060607 1130.00 1122.00 1100.87 1115.00 5504300
20060608 1094.00 1105.37 1073.37 1076.00 4649800
20060609 1080.00 1098.35 1072.85 1087.00 2933600
20060612 1075.00 1111.00 1075.00 1097.00 5380800
20060613 1066.00 1071.00 1024.37 1057.00 9699900
20060614 1040.00 1054.43 1025.50 1041.00 12930000
20060615 1039.00 1090.00 1040.00 1084.00 5737400
20060616 1100.00 1109.00 1075.00 1092.00 3296200
20060619 1080.00 1110.00 1080.00 1100.00 2095300
20060620 1093.00 1123.00 1090.00 1123.00 4137600
20060621 1081.00 1116.11 1092.10 1115.00 3755300
20060622 1134.00 1131.04 1109.59 1120.00 2287000
20060623 1110.00 1120.00 1109.00 1120.00 2619300
20060626 1115.00 1126.00 1110.10 1126.00 803900
20060627 1125.00 1128.00 1121.00 1125.00 1586100
20060628 1113.00 1138.00 1113.00 1130.00 3551500
20060629 1129.00 1143.00 1120.00 1135.00 1890900
20060630 1135.00 1149.00 1135.00 1138.00 2046000
20060703 1130.00 1159.00 1130.00 1148.00 1107700
20060704 1141.00 1148.00 1130.00 1145.00 696200
20060705 1135.00 1157.00 1132.00 1137.00 2342500
20060706 1130.00 1138.00 1129.00 1134.00 2570800
20060707 1130.00 1144.00 1126.00 1140.00 813200
20060710 1133.00 1160.00 1133.00 1143.00 392100
20060711 1145.00 1145.00 1127.00 1130.00 984900
20060712 1130.00 1140.00 1128.00 1135.00 1589300
20060713 1136.00 1136.00 1122.00 1127.00 1695400
20060714 1110.00 1130.00 1103.00 1119.00 2081400
20060717 1124.00 1135.00 1105.00 1126.00 2859800
20060718 1114.00 1141.00 1114.00 1120.00 1549700
20060719 1120.00 1138.00 1120.00 1131.00 1430400
20060720 1135.00 1140.00 1126.00 1130.00 1436000
20060721 1122.00 1140.00 1116.00 1119.00 2086200
20060724 1126.00 1130.00 1115.00 1128.00 1301400
20060725 1130.00 1130.00 1116.00 1123.00 1270000
20060726 1123.00 1130.00 1117.00 1126.00 824400
20060727 1130.00 1130.00 1119.00 1122.00 1658800
20060728 1120.00 1123.00 1104.00 1118.00 1096400
20060731 1120.00 1128.00 1102.00 1115.00 734600
20060801 1118.00 1130.00 1108.00 1123.00 1562700
20060802 1123.00 1128.00 1115.00 1123.00 1245100
20060804 1129.00 1129.00 1115.00 1116.00 533700
20060807 1110.00 1119.00 1100.00 1105.00 761300
20060808 1105.00 1134.00 1098.00 1098.00 1071800
20060809 1095.00 1119.00 1068.00 1099.00 955400
20060810 1083.00 1094.00 1066.00 1082.00 2364700
20060811 1082.00 1101.00 1079.00 1096.00 1035800
20060814 1110.00 1119.00 1104.00 1113.00 1119800
20060815 1100.00 1128.00 1100.00 1125.00 2142800
20060816 1121.00 1134.00 1116.00 1130.00 1735900
20060817 1130.00 1132.00 1124.00 1132.00 2339900
20060818 1132.00 1153.00 1125.00 1146.00 1674200
20060821 1145.00 1165.00 1144.00 1161.00 1229600
20060822 1161.00 1183.00 1160.00 1166.00 1622200
20060823 1166.00 1172.00 1151.00 1154.00 1150800
20060824 1152.00 1158.00 1150.00 1150.00 579300
20060825 1150.00 1160.00 1150.00 1154.00 388100
20060829 1154.00 1175.00 1154.00 1170.00 754400
20060830 1172.00 1195.00 1164.00 1170.00 895800
20060831 1177.00 1177.00 1149.00 1153.00 833500
20060901 1160.00 1166.00 1152.00 1153.00 619600
20060904 1160.00 1200.00 1160.00 1200.00 4303100
20060905 1197.00 1207.00 1176.00 1201.00 2599800
20060906 1200.00 1200.00 1169.00 1182.00 1605900
20060907 1179.00 1179.00 1173.00 1175.00 3026700
20060908 1183.00 1185.00 1170.00 1178.00 1783500
20060911 1170.00 1198.00 1169.00 1196.00 1675800
20060912 1192.00 1207.00 1188.00 1202.00 4176600
20060913 1200.00 1216.00 1200.00 1213.00 3032900
20060914 1220.00 1230.00 1214.00 1225.00 4671100
20060915 1225.00 1257.00 1214.00 1232.00 2124100
20060918 1230.00 1240.00 1217.00 1228.00 541100
20060919 1230.00 1230.00 1218.00 1224.00 771700
20060920 1225.00 1230.00 1217.00 1227.00 734000
20060921 1234.00 1251.00 1210.00 1240.00 1461400
20060922 1237.00 1255.00 1220.00 1243.00 2534900
20060925 1243.00 1254.00 1232.00 1240.00 1457400
20060926 1242.00 1243.00 1227.00 1240.00 890700
20060927 1243.00 1247.00 1232.00 1237.00 1141200
20060928 1242.00 1250.00 1227.00 1229.00 3210800
20060929 1234.00 1244.00 1217.00 1236.00 2914600
20061002 1236.00 1238.00 1213.00 1229.00 2025000
20061003 1225.00 1229.00 1206.00 1220.00 1521500
20061004 1220.00 1234.00 1216.00 1223.00 1451700
20061005 1204.00 1234.00 1179.00 1233.00 2077800
20061006 1227.00 1233.00 1219.00 1228.00 500700
20061009 1230.00 1231.00 1220.00 1230.00 744700
20061011 1244.00 1244.00 1237.00 1238.00 2390500
20061012 1240.00 1240.00 1227.00 1234.00 1636300
20061013 1240.00 1240.00 1225.00 1234.00 2754600
20061016 1230.00 1245.00 1230.00 1234.00 1200000
20061017 1237.00 1237.00 1227.00 1227.00 1252700
20061018 1230.00 1236.00 1225.00 1227.00 2519100
20061019 1228.00 1239.00 1222.00 1231.00 5480500
20061020 1231.00 1261.00 1231.00 1259.00 5290500
20061023 1255.00 1303.00 1246.00 1275.00 6119200
20061024 1270.00 1296.00 1270.00 1284.00 3433600
20061025 1284.00 1297.00 1280.00 1285.00 4804500
20061026 1292.00 1293.00 1278.00 1283.00 1460600
20061027 1283.00 1308.00 1238.00 1266.00 2627800
20061030 1263.00 1276.00 1250.00 1261.00 787600
20061031 1254.00 1273.00 1254.00 1262.00 264100
20061101 1265.00 1283.00 1260.00 1272.00 489600
20061102 1270.00 1280.00 1245.00 1250.00 2610300
20061103 1251.00 1260.00 1249.00 1253.00 2786300
20061106 1256.00 1288.00 1256.00 1268.00 1182900
20061107 1262.00 1277.00 1262.00 1272.00 933200
20061108 1275.00 1283.00 1261.00 1280.00 3465900
20061109 1285.00 1342.00 1285.00 1293.00 10303000
20061110 1300.00 1306.00 1288.00 1294.00 3336300
20061113 1290.00 1314.00 1290.00 1309.00 4234900
20061114 1318.00 1318.00 1297.00 1308.00 2448400
20061115 1287.00 1287.00 1183.00 1234.00 23902600
20061116 1240.00 1240.00 1193.00 1230.00 14828400
20061117 1220.00 1250.00 1209.00 1218.00 9287700
20061120 1265.00 1298.00 1256.00 1291.00 49581000
20061121 1290.00 1310.00 1288.00 1301.00 5525200
20061122 1305.00 1329.00 1303.00 1314.00 4339400
20061123 1325.00 1326.00 1315.00 1321.00 3075300
20061124 1321.00 1326.00 1316.00 1321.00 2127300
20061127 1321.00 1337.00 1310.00 1311.00 1562800
20061128 1311.00 1314.00 1293.00 1311.00 3274200
20061129 1317.00 1317.00 1302.00 1311.00 3638600
20061130 1320.00 1320.00 1302.00 1306.00 1370800
20061201 1302.00 1313.00 1302.00 1310.00 1806500
20061204 1310.00 1317.00 1294.00 1300.00 2587100
20061205 1308.00 1313.00 1298.00 1313.00 1613700
20061206 1307.00 1314.00 1302.00 1311.00 3276900
20061207 1301.00 1318.00 1300.00 1315.00 1170500
20061208 1319.00 1319.00 1314.00 1315.00 1575900
20061211 1318.00 1336.00 1313.00 1320.00 3577600
20061212 1320.00 1324.00 1312.00 1320.00 1353600
20061213 1320.00 1330.00 1313.00 1323.00 1672900
20061214 1320.00 1324.00 1311.00 1322.00 807400
20061215 1320.00 1322.00 1307.00 1320.00 5700900
20061218 1318.00 1318.00 1307.00 1317.00 1105200
20061219 1300.00 1316.00 1300.00 1310.00 1201600
20061220 1322.00 1322.00 1310.00 1312.00 615200
20061221 1309.00 1320.00 1309.00 1311.00 2757400
20061222 1305.00 1318.00 1305.00 1310.00 553600
20061227 1315.00 1317.00 1300.00 1317.00 350200
20061228 1307.00 1315.00 1306.00 1308.00 678500
20061229 1312.00 1317.00 1307.00 1310.00 494100
20070102 1312.00 1316.00 1295.00 1300.00 918400
20070103 1310.00 1310.00 1266.00 1295.00 1654000
20070104 1291.00 1297.00 1279.00 1287.00 4387600
20070105 1288.00 1289.00 1280.00 1283.00 7354500
20070108 1278.00 1287.00 1255.00 1282.00 2910600
20070109 1280.00 1284.00 1276.00 1280.00 5094400
20070110 1280.00 1285.00 1280.00 1284.00 1180100
20070111 1285.00 1314.00 1283.00 1307.00 3466500
20070112 1307.00 1316.00 1296.00 1312.00 2167400
20070115 1320.00 1324.00 1312.00 1322.00 4539900
20070116 1327.00 1327.00 1310.00 1315.00 3379000
20070117 1323.00 1323.00 1310.00 1311.00 528800
20070118 1312.00 1320.00 1312.00 1316.00 456000
20070119 1312.00 1350.00 1312.00 1345.00 8940800
20070122 1338.00 1338.00 1312.00 1316.00 4068000
20070123 1310.00 1316.00 1293.00 1306.00 3909400
20070124 1310.00 1311.00 1291.00 1309.00 8572700
20070125 1308.00 1308.00 1275.00 1283.00 4072100
20070126 1280.00 1300.00 1255.00 1295.00 18590700
20070129 1300.00 1303.00 1284.00 1301.00 811000
20070130 1301.00 1307.00 1286.00 1300.00 375700
20070131 1291.00 1302.00 1287.00 1299.00 1920600
20070201 1290.00 1304.00 1290.00 1300.00 1793700
20070202 1282.00 1318.00 1282.00 1310.00 1879000
20070205 1307.00 1320.00 1297.00 1315.00 1782100
20070206 1315.00 1316.00 1302.00 1310.00 1097900
20070207 1315.00 1315.00 1295.00 1300.00 502400
20070208 1280.00 1299.00 1280.00 1282.00 2190700
20070209 1285.00 1290.00 1262.00 1282.00 3586900
20070212 1270.00 1300.00 1262.00 1266.00 3081000
20070213 1261.00 1280.00 1260.00 1275.00 1347000
20070214 1275.00 1300.00 1270.00 1300.00 1243800
20070215 1293.00 1309.00 1293.00 1300.00 1064600
20070216 1294.00 1305.00 1294.00 1297.00 840000
20070220 1300.00 1305.00 1293.00 1298.00 3743600
20070221 1301.00 1307.00 1293.00 1296.00 2207500
20070222 1300.00 1305.00 1295.00 1296.00 1344100
20070223 1300.00 1302.00 1294.00 1300.00 634200
20070226 1298.00 1305.00 1296.00 1299.00 1957700
20070227 1292.00 1300.00 1260.00 1270.00 3352600
20070228 1245.00 1280.00 1245.00 1262.00 1344000
20070301 1252.00 1275.00 1233.00 1261.00 1412500
20070302 1260.00 1274.00 1249.00 1265.00 2129400
20070305 1250.00 1269.00 1218.00 1253.00 2936600
20070306 1253.00 1270.00 1238.00 1249.00 2540800
20070307 1260.00 1278.00 1239.00 1273.00 1660800
20070308 1271.00 1275.00 1269.00 1271.00 892300
20070309 1275.00 1275.00 1260.00 1271.00 635300
20070312 1270.00 1279.00 1250.00 1259.00 1023300
20070313 1261.00 1263.00 1232.00 1244.00 2076100
20070314 1225.00 1236.00 1210.00 1212.00 1901600
20070315 1215.00 1246.00 1209.00 1220.00 3415700
20070316 1212.00 1227.00 1175.00 1213.00 10205700
20070319 1220.00 1258.00 1217.00 1253.00 4150400
20070320 1256.00 1275.00 1255.00 1266.00 2666800
20070321 1263.00 1271.00 1255.00 1265.00 1267900
20070322 1271.00 1275.00 1264.00 1275.00 879000
20070323 1263.00 1275.00 1256.00 1275.00 843100
20070326 1266.00 1275.00 1255.00 1274.00 969900
20070327 1274.00 1286.00 1265.00 1268.00 1394300
20070328 1268.00 1272.00 1249.00 1261.00 470500
20070329 1260.00 1274.00 1246.00 1258.00 1274200
20070330 1250.00 1265.00 1246.00 1252.00 5803100
20070402 1249.00 1271.00 1249.00 1262.00 888500
20070403 1279.00 1288.00 1274.00 1281.00 1394700
20070404 1290.00 1290.00 1243.00 1260.00 2239700
20070405 1251.00 1256.00 1238.00 1252.00 1166800
20070410 1248.00 1280.00 1248.00 1255.00 894900
20070411 1252.00 1256.00 1234.00 1243.00 2745900
20070412 1240.00 1260.00 1236.00 1249.00 2443500
20070413 1255.00 1268.00 1236.00 1252.00 1675100
20070416 1260.00 1347.00 1255.00 1290.00 2987100
20070417 1290.00 1299.00 1277.00 1277.00 1624800
20070418 1265.00 1282.00 1257.00 1270.00 2595700
20070419 1260.00 1270.00 1260.00 1263.00 949400
20070420 1267.00 1278.00 1262.00 1262.00 791600
20070423 1262.00 1273.00 1260.00 1262.00 634400
20070424 1261.00 1268.00 1235.00 1238.00 1868600
20070426 1250.00 1262.00 1248.00 1251.00 1302000
20070427 1237.00 1268.00 1232.00 1247.00 1486000
20070430 1238.00 1266.00 1238.00 1258.00 744200
20070501 1258.00 1258.00 1243.00 1249.00 359000
20070502 1260.00 1273.00 1244.00 1263.00 704700
20070503 1275.00 1302.00 1267.00 1270.00 2791600
20070504 1270.00 1300.00 1263.00 1295.00 495800
20070508 1300.00 1300.00 1280.00 1290.00 1241500
20070509 1300.00 1300.00 1270.00 1280.00 933000
20070510 1278.00 1292.00 1270.00 1286.00 890500
20070511 1262.00 1294.00 1262.00 1288.00 1858600
20070514 1289.00 1298.00 1280.00 1286.00 1705700
20070515 1290.00 1298.00 1284.00 1292.00 1007700
20070516 1285.00 1312.00 1283.00 1311.00 3056300
20070517 1327.00 1343.00 1303.00 1328.00 1675900
20070518 1320.00 1339.00 1320.00 1336.00 1663100
20070521 1340.00 1356.00 1330.00 1346.00 1700300
20070522 1345.00 1359.00 1340.00 1357.00 955700
20070523 1350.00 1359.00 1341.00 1349.00 12325600
20070524 1350.00 1350.00 1310.00 1310.00 2361000
20070525 1310.00 1332.00 1298.00 1324.00 2105400
20070529 1325.00 1340.00 1321.00 1338.00 408800
20070530 1338.00 1411.00 1338.00 1393.00 5918300
20070531 1401.00 1442.00 1400.00 1429.00 4735900
20070604 1400.00 1408.00 1395.00 1397.00 998900
20070605 1402.00 1413.00 1394.00 1405.00 1063300
20070606 1403.00 1408.00 1365.00 1373.00 912000
20070607 1378.00 1389.00 1352.00 1357.00 757200
20070608 1350.00 1351.00 1313.00 1343.00 1789800
20070611 1366.00 1366.00 1340.00 1346.00 412900
20070612 1347.00 1357.00 1330.00 1340.00 565900
20070613 1340.00 1369.00 1335.00 1354.00 1693600
20070614 1365.00 1382.00 1356.00 1376.00 640600
20070615 1387.00 1407.00 1372.00 1399.00 2097800
20070618 1400.00 1410.00 1381.00 1392.00 1577000
20070619 1395.00 1400.00 1380.00 1387.00 1631400
20070620 1390.00 1407.00 1362.00 1366.00 1796600
20070621 1330.00 1378.00 1330.00 1353.00 2124600
20070622 1350.00 1382.00 1340.00 1355.00 2065300
20070625 1300.00 1368.00 1250.00 1341.00 2625100
20070626 1338.00 1346.00 1305.00 1322.00 1007400
20070627 1315.00 1328.00 1311.00 1325.00 1600100
20070628 1344.00 1349.00 1320.00 1325.00 741500
20070629 1336.00 1358.00 1301.00 1355.00 1581000
20070702 1342.00 1360.00 1342.00 1356.00 1094500
20070703 1369.00 1384.00 1355.00 1365.00 881100
20070704 1360.00 1380.00 1346.00 1363.00 2430600
20070705 1371.00 1371.00 1335.00 1342.00 2421500
20070706 1340.00 1383.00 1332.00 1383.00 2136200
20070709 1372.00 1394.00 1372.00 1380.00 489800
20070710 1388.00 1395.00 1355.00 1363.00 1108600
20070711 1355.00 1373.00 1345.00 1366.00 1107900
20070712 1380.00 1394.00 1361.00 1389.00 1550100
20070713 1405.00 1405.00 1380.00 1390.00 632700
20070716 1406.00 1416.00 1383.00 1411.00 1251400
20070717 1417.00 1417.00 1381.00 1384.00 1654900
20070718 1374.00 1431.00 1369.00 1408.00 2949400
20070719 1404.00 1413.00 1399.00 1410.00 794700
20070720 1402.00 1429.00 1402.00 1420.00 1302600
20070723 1420.00 1425.00 1403.00 1422.00 499200
20070724 1406.00 1425.00 1385.00 1395.00 791000
20070725 1380.00 1399.00 1369.00 1379.00 13374600
20070726 1390.00 1390.00 1322.00 1337.00 1339600
20070727 1320.00 1378.00 1300.00 1337.00 1733900
20070730 1335.00 1362.00 1309.00 1334.00 7929600
20070731 1347.00 1372.00 1334.00 1353.00 586600
20070801 1325.00 1351.00 1312.00 1330.00 697700
20070802 1317.00 1396.00 1317.00 1375.00 1486700
20070803 1398.00 1398.00 1358.00 1374.00 1133000
20070806 1360.00 1395.00 1350.00 1365.00 1134500
20070807 1378.00 1396.00 1375.00 1393.00 976900
20070808 1400.00 1459.00 1388.00 1440.00 3841200
20070809 1443.00 1469.00 1393.00 1421.00 4998800
20070810 1406.00 1528.00 1350.00 1380.00 3342700
20070813 1380.00 1425.00 1356.00 1382.00 1433700
20070815 1368.00 1379.00 1333.00 1336.00 2760000
20070816 1320.00 1343.00 1227.00 1249.00 3532300
20070817 1245.00 1334.00 1245.00 1270.00 3133000
20070820 1289.00 1311.00 1235.00 1301.00 4195800
20070821 1306.00 1315.00 1288.00 1309.00 1625300
20070822 1320.00 1354.00 1320.00 1334.00 1143100
20070823 1355.00 1355.00 1301.00 1311.00 2087300
20070824 1301.00 1335.00 1282.00 1313.00 2107000
20070828 1402.00 1451.00 1322.00 1344.00 5023700
20070829 1350.00 1364.00 1322.00 1355.00 2580600
20070830 1374.00 1374.00 1331.00 1340.00 1734500
20070831 1360.00 1385.00 1325.00 1366.00 3166200
20070903 1380.00 1394.00 1358.00 1375.00 2826400
20070904 1371.00 1417.00 1350.00 1409.00 1002100
20070905 1378.00 1407.00 1378.00 1380.00 1015500
20070906 1395.00 1400.00 1365.00 1390.00 824100
20070907 1390.00 1399.00 1339.00 1350.00 2013600
20070910 1348.00 1369.00 1338.00 1341.00 1816600
20070911 1364.00 1401.00 1353.00 1399.00 1530100
20070912 1395.00 1404.00 1382.00 1395.00 1637100
20070913 1387.00 1411.00 1371.00 1400.00 4224600
20070914 1399.00 1423.00 1377.00 1397.00 2152500
20070917 1400.00 1404.00 1384.00 1391.00 1761000
20070918 1390.00 1436.00 1390.00 1411.00 801400
20070919 1429.00 1460.00 1420.00 1453.00 1572100
20070920 1500.00 1691.00 1500.00 1687.00 124169000
20070921 1696.00 1810.00 1692.00 1800.00 8653800
20070924 1798.00 1822.00 1774.00 1778.00 9007500
20070925 1780.00 1780.00 1677.00 1722.00 5885500
20070926 1725.00 1759.00 1716.00 1748.00 2172600
20070927 1753.00 1753.00 1719.00 1725.00 3898500
20070928 1722.00 1722.00 1637.00 1643.00 2500100
20071001 1646.00 1727.00 1623.00 1665.00 3823400
20071002 1700.00 1715.00 1637.00 1650.00 1952000
20071003 1642.00 1683.00 1642.00 1678.00 1488800
20071004 1666.00 1724.00 1663.00 1712.00 2177200
20071005 1700.00 1705.00 1669.00 1674.00 1268500
20071008 1670.00 1725.00 1670.00 1711.00 3286700
20071009 1699.00 1714.00 1694.00 1711.00 1731200
20071010 1715.00 1716.00 1693.00 1712.00 2155700
20071011 1708.00 1718.00 1685.00 1718.00 2271600
20071012 1720.00 1720.00 1693.00 1702.00 1655800
20071015 1702.00 1710.00 1698.00 1700.00 1392600
20071016 1707.00 1707.00 1693.00 1700.00 1079000
20071017 1702.00 1738.00 1689.00 1736.00 9374800
20071018 1740.00 1740.00 1708.00 1717.00 1202000
20071019 1719.00 1720.00 1680.00 1703.00 3528600
20071022 1676.00 1676.00 1588.00 1614.00 4964200
20071023 1638.00 1653.00 1617.00 1629.00 1095300
20071024 1629.00 1655.00 1578.00 1591.00 1553500
20071025 1600.00 1644.00 1600.00 1636.00 1063600
20071026 1649.00 1654.00 1612.00 1649.00 387900
20071029 1650.00 1650.00 1622.00 1635.00 744900
20071030 1634.00 1651.00 1630.00 1640.00 1845700
20071031 1654.00 1698.00 1638.00 1680.00 1005900
20071101 1695.00 1711.00 1656.00 1679.00 1618500
20071102 1689.00 1693.00 1650.00 1669.00 633700
20071105 1665.00 1691.00 1637.00 1660.00 433300
20071106 1685.00 1720.00 1677.00 1710.00 1204400
20071107 1714.00 1720.00 1681.00 1707.00 712000
20071108 1715.00 1765.00 1662.00 1755.00 1112200
20071109 1760.00 1799.00 1739.00 1757.00 911700
20071112 1740.00 1772.00 1728.00 1763.00 797700
20071113 1755.00 1833.00 1740.00 1822.00 1574300
20071114 1833.00 1870.00 1830.00 1854.00 766600
20071115 1889.00 1889.00 1825.00 1882.00 1048900
20071116 1873.00 1895.00 1859.00 1872.00 1313800
20071119 1876.00 1890.00 1776.00 1810.00 1187800
20071120 1828.00 1900.00 1822.00 1886.00 1856900
20071121 1780.00 1780.00 1720.00 1739.00 2653900
20071122 1744.00 1770.00 1729.00 1739.00 864900
20071123 1739.00 1810.00 1739.00 1789.00 845400
20071126 1814.00 1840.00 1749.00 1767.00 632800
20071127 1756.00 1797.00 1737.00 1740.00 838000
20071128 1764.00 1795.00 1761.00 1790.00 1490400
20071129 1793.00 1810.00 1750.00 1770.00 1335800
20071130 1785.00 1805.00 1770.00 1780.00 3156200
20071203 1776.00 1800.00 1763.00 1800.00 6417500
20071204 1800.00 1805.00 1776.00 1791.00 2511700
20071205 1799.00 1803.00 1766.00 1803.00 1497700
20071206 1800.00 1898.00 1787.00 1870.00 1980500
20071207 1871.00 1880.00 1829.00 1843.00 947900
20071210 1845.00 1865.00 1822.00 1851.00 634200
20071211 1869.00 1900.00 1856.00 1863.00 1330900
20071212 1862.00 1899.00 1831.00 1898.00 1702700
20071213 1879.00 1885.00 1808.00 1808.00 1212200
20071214 1835.00 1858.00 1806.00 1836.00 487500
20071217 1804.00 1837.00 1794.00 1807.00 551200
20071218 1825.00 1865.00 1825.00 1855.00 687900
20071219 1857.00 1881.00 1857.00 1876.00 731700
20071220 1880.00 1923.00 1855.00 1911.00 1404000
20071221 1929.00 1949.00 1900.00 1931.00 1545300
20071224 1920.00 1998.00 1890.00 1950.00 81300
20071227 1989.00 2000.00 1931.00 1946.00 586200
20071228 1939.00 1980.00 1939.00 1956.00 394400
20071231 1951.00 1980.00 1951.00 1979.00 166900
20080102 2000.00 2000.00 1955.00 1977.00 358700
20080103 1978.00 1991.00 1940.00 1979.00 927300
20080104 1983.00 2002.00 1813.00 1854.00 1052500
20080107 1837.00 1863.00 1775.00 1812.00 1046300
20080108 1830.00 1860.00 1791.00 1847.00 1318400
20080109 1838.00 1880.00 1821.00 1850.00 1337600
20080110 1861.00 1887.00 1829.00 1841.00 1301000
20080111 1850.00 1902.00 1794.00 1818.00 1330300
20080114 1810.00 1827.00 1750.00 1756.00 1452500
20080115 1745.00 1745.00 1701.00 1711.00 1870800
20080116 1689.00 1708.00 1546.00 1614.00 4132700
20080117 1640.00 1654.00 1527.00 1587.00 2835700
20080118 1590.00 1720.00 1590.00 1650.00 3194000
20080121 1616.00 1641.00 1531.00 1579.00 3234400
20080122 1501.00 1675.00 1445.00 1652.00 2312100
20080123 1697.00 1700.00 1571.00 1578.00 2166800
20080124 1645.00 1821.00 1645.00 1751.00 3053700
20080125 1786.00 1800.00 1703.00 1731.00 1600400
20080128 1701.00 1789.00 1697.00 1768.00 1072000
20080129 1779.00 1786.00 1722.00 1749.00 823100
20080130 1745.00 1764.00 1683.00 1700.00 1221700
20080131 1709.00 1722.00 1633.00 1691.00 1769100
20080201 1720.00 1749.00 1691.00 1742.00 1551500
20080204 1750.00 1781.00 1701.00 1731.00 665900
20080205 1730.00 1785.00 1700.00 1730.00 1495200
20080206 1725.00 1770.00 1705.00 1748.00 1378300
20080207 1741.00 1759.00 1669.00 1682.00 1616700
20080208 1715.00 1782.00 1690.00 1727.00 1380300
20080211 1720.00 1749.00 1677.00 1701.00 932200
20080212 1731.00 1739.00 1692.00 1732.00 971700
20080213 1715.00 1743.00 1696.00 1713.00 760200
20080214 1724.00 1743.00 1683.00 1695.00 631300
20080215 1690.00 1712.00 1644.00 1647.00 678600
20080218 1661.00 1684.00 1630.00 1671.00 572900
20080219 1656.00 1666.00 1553.00 1564.00 2717500
20080220 1537.00 1559.00 1494.00 1557.00 2700700
20080221 1571.00 1596.00 1519.00 1535.00 1454200
20080222 1528.00 1531.00 1459.00 1494.00 1299700
20080225 1516.00 1534.00 1477.00 1520.00 719200
20080226 1526.00 1541.00 1496.00 1510.00 919800
20080227 1521.00 1535.00 1418.00 1465.00 1774900
20080228 1462.00 1462.00 1343.00 1384.00 2194400
20080229 1382.00 1413.00 1340.00 1359.00 1354800
20080303 1346.00 1390.00 1298.00 1317.00 1522200
20080304 1322.00 1381.00 1320.00 1343.00 1859400
20080305 1347.00 1374.00 1318.00 1348.00 1473900
20080306 1362.00 1369.00 1296.00 1302.00 553000
20080307 1291.00 1368.00 1272.00 1357.00 2045100
20080310 1346.00 1365.00 1306.00 1314.00 1084800
20080311 1313.00 1353.00 1271.00 1317.00 2001600
20080312 1336.00 1390.00 1317.00 1324.00 1917600
20080313 1293.00 1298.00 1243.00 1278.00 1581200
20080314 1283.00 1297.00 1223.00 1232.00 1475700
20080318 1141.00 1211.00 1090.00 1202.00 1718200
20080319 1220.00 1245.00 1143.00 1156.00 1701600
20080320 1139.00 1170.00 1081.00 1126.00 3791600
20080325 1163.00 1234.00 1163.00 1212.00 1361500
20080326 1221.00 1261.00 1197.00 1258.00 1594600
20080327 1252.00 1257.00 1223.00 1249.00 974700
20080328 1259.00 1285.00 1243.00 1259.00 731700
20080331 1250.00 1261.00 1190.00 1208.00 2604500
20080401 1200.00 1284.00 1200.00 1282.00 1668900
20080402 1299.00 1351.00 1291.00 1333.00 1666000
20080403 1336.00 1336.00 1268.00 1283.00 778300
20080404 1291.00 1351.00 1285.00 1330.00 1484800
20080407 1347.00 1398.00 1319.00 1383.00 1655200
20080408 1381.00 1408.00 1300.00 1321.00 1414500
20080409 1320.00 1335.00 1283.00 1292.00 967800
20080410 1295.00 1297.00 1243.00 1246.00 1355000
20080411 1270.00 1270.00 1217.00 1244.00 1561000
20080414 1230.00 1246.00 1189.00 1199.00 1288000
20080415 1202.00 1248.00 1173.00 1195.00 1009400
20080416 1204.00 1211.00 1187.00 1208.00 1072500
20080417 1217.00 1253.00 1198.00 1212.00 1263900
20080418 1223.00 1223.00 1152.00 1195.00 2420000
20080421 1206.00 1208.00 1160.00 1183.00 1066100
20080422 1176.00 1183.00 1133.00 1152.00 1888700
20080423 1151.00 1156.00 1068.00 1119.00 2734900
20080424 1121.00 1139.00 1092.00 1104.00 1469700
20080425 1119.00 1154.00 1111.00 1144.00 1998500
20080428 1149.00 1163.00 1096.00 1106.00 1025600
20080429 1103.00 1103.00 1062.00 1071.00 1407500
20080430 1079.00 1089.00 1026.00 1077.00 3090700
20080501 1070.00 1078.00 1051.00 1068.00 650300
20080502 1085.00 1114.00 1085.00 1100.00 1559600
20080506 1092.00 1098.00 1041.00 1058.00 1631200
20080507 1064.00 1084.00 1039.00 1067.00 2329600
20080508 1054.00 1098.00 1044.00 1087.00 2302800
20080509 1080.00 1100.00 1048.00 1063.00 1149400
20080512 1069.00 1080.00 1051.00 1065.00 653400
20080513 1076.00 1076.00 1030.00 1034.00 1433900
20080514 1048.00 1095.00 1040.00 1081.00 2025000
20080515 1076.00 1121.00 1059.00 1088.00 1718800
20080516 1099.00 1198.00 1084.00 1143.00 4670300
20080519 1155.00 1189.00 1139.00 1170.00 2087800
20080520 1170.00 1185.00 1090.00 1095.00 2032800
20080521 1105.00 1122.00 1084.00 1088.00 2090500
20080522 1075.00 1089.00 1004.00 1038.00 3298400
20080523 1041.00 1045.00 1005.00 1019.00 2624000
20080527 1021.00 1057.00 1019.00 1049.00 2256500
20080528 1055.00 1074.00 1025.00 1036.00 1482500
20080529 1036.00 1063.00 1008.00 1020.00 1843400
20080530 1022.00 1042.00 1010.00 1027.00 1264700
20080602 1007.00 1011.00 949.50 958.50 2972600
20080603 954.50 965.50 932.50 961.50 2419900
20080604 965.00 965.00 916.00 918.50 2223700
20080605 943.00 960.50 893.50 926.50 2113500
20080606 940.50 958.00 913.50 914.00 1587400
20080610 893.00 920.00 877.00 914.00 2119800
20080611 915.00 939.50 875.00 882.00 1922800
20080612 877.50 904.50 855.00 902.00 1440900
20080613 901.00 901.00 859.50 880.00 1523600
20080616 885.50 901.00 871.50 900.00 1622700
20080617 909.00 958.50 908.50 932.00 2872900
20080618 912.00 913.00 863.50 866.00 2265500
20080619 855.50 878.00 842.50 872.50 2287500
20080620 873.00 901.00 847.50 880.00 1868600
20080623 862.50 892.00 849.00 869.00 1182800
20080624 860.00 860.00 814.00 834.50 2222200
20080625 831.50 974.50 810.00 952.00 3871300
20080626 936.00 936.00 828.50 828.50 2949100
20080627 803.50 820.00 782.00 805.50 2600200
20080630 802.00 818.50 774.00 780.00 2490600
20080701 772.50 781.50 722.50 736.50 2394500
20080702 735.00 735.50 707.00 714.00 2219700
20080703 701.00 706.00 680.00 704.50 2312500
20080704 713.50 725.50 693.50 696.50 723900
20080707 707.50 726.50 698.50 722.00 903100
20080708 698.50 698.50 647.00 671.00 3904300
20080709 701.50 755.50 701.50 740.00 2706600
20080710 705.00 724.50 683.50 713.50 2764900
20080711 721.00 735.00 691.00 697.50 1774000
20080714 702.50 731.00 699.00 706.00 1327000
20080715 700.00 729.00 656.50 708.50 3165900
20080716 690.00 708.50 670.00 703.00 1874800
20080717 727.00 750.00 719.50 740.00 2607000
20080718 725.50 804.00 701.00 782.00 2358300
20080721 780.50 823.00 748.00 799.50 1987400
20080722 784.00 787.50 755.00 784.00 1589000
20080723 794.00 828.00 794.00 824.50 1599200
20080724 840.50 903.50 840.50 849.00 2505900
20080725 829.50 830.00 786.50 815.00 1865800
20080728 810.00 823.00 790.00 811.00 1408700
20080729 785.00 810.00 770.00 802.50 731800
20080730 810.00 843.00 810.00 828.00 1412800
20080731 820.50 843.00 807.00 831.00 946000
20080801 806.00 843.00 797.00 816.00 1243300
20080804 800.00 843.00 791.00 822.00 1238600
20080805 828.50 894.00 819.50 881.00 1731000
20080806 891.50 939.50 885.00 920.00 2686200
20080807 907.50 951.50 891.00 913.00 1474600
20080808 901.00 940.00 893.50 937.00 1006600
20080811 933.00 971.00 910.00 968.00 1140100
20080812 965.00 968.50 896.50 900.00 1521300
20080813 889.00 889.00 800.50 813.00 2598600
20080814 811.50 825.00 772.50 797.00 2349600
20080815 770.00 837.50 770.00 803.00 2053500
20080818 776.00 799.50 750.00 765.00 1755500
20080819 758.00 770.50 724.50 741.50 1341100
20080820 738.00 752.50 720.00 736.50 1135700
20080821 725.50 731.50 707.50 722.50 902000
20080822 723.50 757.50 712.00 753.50 1422600
20080826 738.00 739.00 710.00 733.50 1252400
20080827 725.00 770.00 708.00 760.00 1695700
20080828 754.50 773.50 733.00 762.00 1327400
20080829 760.00 805.00 751.50 793.00 1838000
20080901 773.00 790.00 757.50 772.50 976600
20080902 770.00 827.50 770.00 810.50 1556800
20080903 798.50 818.00 766.00 790.00 1539800
20080904 788.00 800.50 767.50 768.50 724100
20080905 755.00 772.50 744.00 758.50 1602200
20080908 793.00 837.50 770.50 800.00 1031200
20080909 799.50 818.00 782.50 804.50 2115600
20080910 800.00 800.00 761.00 792.50 1331900
20080911 786.00 788.00 758.00 783.00 1845800
20080912 788.50 790.00 749.50 778.00 1339700
20080915 745.50 749.00 707.00 736.00 3027400
20080916 700.00 775.00 694.00 760.00 3072300
20080917 748.50 763.50 694.00 732.50 2202300
20080918 700.00 848.00 700.00 790.00 4905300
20080919 1400.00 1423.00 840.00 907.50 4450400
20080922 867.00 915.00 828.50 863.00 1880200
20080923 820.50 842.00 788.00 824.00 2199500
20080924 803.00 899.50 803.00 882.50 1647100
20080925 870.00 922.00 826.50 834.00 1753000
20080926 793.00 840.00 793.00 829.00 1025600
20080929 786.50 824.50 786.50 791.00 569600
20080930 703.00 863.00 703.00 863.00 2159700
20081001 863.50 902.00 832.00 886.50 1125100
20081002 864.50 937.00 854.00 858.00 1360900
20081003 821.00 853.50 812.00 833.50 820400
20081006 800.00 822.50 773.00 778.00 690800
20081007 763.00 835.50 743.50 814.50 372500
20081008 826.50 827.50 712.50 712.50 930100
20081009 698.00 721.00 643.50 668.00 2732800
20081010 572.00 705.00 511.00 586.50 1968200
20081013 601.50 663.50 582.00 653.00 1703600
20081014 710.00 710.00 643.00 661.50 978000
20081015 652.50 652.50 591.00 598.00 1351700
20081016 560.00 596.00 526.00 552.00 1010900
20081017 567.50 570.50 515.00 557.50 1443100
20081020 574.00 596.50 544.00 584.00 1381400
20081021 561.00 608.00 561.00 585.50 1034800
20081022 550.00 574.50 512.50 526.50 1956500
20081023 524.00 544.00 504.00 524.50 818900
20081024 500.00 500.00 437.50 477.50 1528500
20081027 433.00 498.25 416.50 487.00 978000
20081028 482.00 485.00 450.50 461.50 1561300
20081029 484.50 515.00 467.75 515.00 1699500
20081030 510.00 542.00 497.00 533.00 824400
20081031 526.50 572.00 521.00 558.50 1235100
20081103 582.50 605.00 545.50 561.00 796400
20081104 567.50 664.00 550.50 656.00 1046700
20081105 644.00 693.50 624.50 654.50 1683900
20081106 624.50 653.50 603.50 612.50 1991900
20081107 612.00 623.00 590.00 602.50 1066800
20081110 598.00 691.00 596.00 664.00 1428000
20081111 620.00 642.50 607.00 612.00 508400
20081112 610.00 642.50 570.50 579.50 1107000
20081113 526.00 549.00 505.00 519.50 2074400
20081114 532.50 565.00 515.00 522.50 1378200
20081117 497.00 524.50 476.00 515.50 1033100
20081118 514.00 528.50 497.00 526.50 1377000
20081119 520.50 530.00 492.75 499.00 880600
20081120 470.25 499.00 463.75 497.50 1035500
20081121 490.00 526.50 480.25 503.00 1637300
20081124 500.00 558.00 478.00 550.50 1675100
20081125 536.00 644.50 530.00 600.00 2516100
20081126 583.50 610.00 565.00 610.00 2148500
20081127 592.00 612.00 571.50 611.50 705500
20081128 612.50 613.50 592.50 609.00 845800
20081201 611.50 611.50 573.50 590.00 1131800
20081202 568.00 595.00 518.00 583.50 1687000
20081203 577.50 577.50 526.50 557.00 1315400
20081204 537.00 579.00 530.00 545.00 988000
20081205 530.00 556.50 520.50 531.50 871500
20081208 544.50 600.00 540.50 573.50 992000
20081209 555.00 613.00 547.50 605.00 2200100
20081210 590.00 612.00 560.00 599.00 871900
20081211 570.00 624.00 567.50 619.00 960700
20081212 580.50 623.00 580.00 614.00 781600
20081215 592.00 624.50 592.00 598.50 514100
20081216 595.00 600.00 555.50 572.50 1119400
20081217 575.00 589.00 565.00 578.50 837500
20081218 573.00 574.50 560.00 569.50 613700
20081219 565.00 572.00 547.00 567.00 918000
20081222 546.00 549.50 503.50 518.00 888000
20081223 518.00 525.50 501.50 517.50 695500
20081224 516.00 524.50 501.50 504.50 121700
20081229 514.00 524.00 500.00 517.50 417100
20081230 503.50 535.00 501.50 530.00 472800
20081231 510.00 531.50 505.00 510.00 358200
20090102 510.00 538.00 503.00 535.00 194000
20090105 524.50 568.50 524.00 565.00 788100
20090106 560.50 616.50 560.50 606.00 1135300
20090107 592.50 615.50 569.50 570.00 858800
20090108 569.00 595.50 558.00 593.50 625300
20090109 592.50 619.00 562.50 568.00 926600
20090112 574.00 580.00 559.00 564.00 864400
20090113 560.00 563.50 547.00 560.00 599200
20090114 562.50 562.50 512.50 524.50 766300
20090115 522.00 540.00 499.00 538.50 1436200
20090116 542.00 569.00 523.50 527.50 1211800
20090119 522.00 545.00 500.50 514.00 909300
20090120 514.50 541.50 451.50 463.50 1388800
20090121 458.50 500.00 420.50 493.25 1974000
20090122 502.50 513.00 487.75 492.50 1595000
20090123 487.25 511.00 464.75 506.00 876500
20090126 501.00 514.50 466.50 480.00 1582500
20090127 482.50 507.00 462.00 491.25 1407700
20090128 492.00 525.00 470.25 510.00 1533700
20090129 500.00 500.00 471.75 487.75 1739800
20090130 486.50 495.00 471.25 481.25 999300
20090202 478.75 483.50 455.50 455.50 1027500
20090203 457.00 457.00 407.25 422.50 2055000
20090204 425.00 470.00 421.75 450.75 1785200
20090205 442.25 451.50 422.25 443.00 933500
20090206 449.00 459.25 438.75 456.75 1995800
20090209 451.25 479.75 448.00 474.00 1164500
20090210 479.75 480.75 457.75 465.50 1533800
20090211 456.25 477.25 446.00 474.50 806300
20090212 462.00 470.75 448.75 470.00 2057800
20090213 483.00 500.00 479.75 488.00 1532800
