20030101 315.00 315.00 315.00 315.00 0
20030102 311.50 321.50 311.50 321.00 3815100
20030103 321.50 323.75 312.50 316.00 4756000
20030106 319.00 325.00 315.00 321.50 4957800
20030107 325.50 327.75 317.75 323.00 4022900
20030108 323.00 324.25 307.50 310.50 8974000
20030109 307.50 326.00 306.00 324.50 6764500
20030110 321.00 337.00 321.00 331.75 10546000
20030113 336.50 339.00 330.75 335.00 5178000
20030114 337.25 336.25 321.00 323.00 10008400
20030115 314.25 322.00 303.25 304.00 16066000
20030116 307.00 317.00 307.00 314.50 11407600
20030117 315.75 318.50 312.00 317.00 5274400
20030120 317.00 320.50 310.00 310.25 5135400
20030121 314.00 314.00 302.00 303.50 5117000
20030122 303.50 303.50 295.25 296.75 7362000
20030123 303.50 311.50 296.25 300.00 6673400
20030124 301.00 304.00 295.25 299.25 5351600
20030127 299.50 299.50 285.25 288.00 6300600
20030128 295.00 295.00 283.50 287.50 5871800
20030129 290.75 294.75 280.25 291.00 7053100
20030130 290.75 298.00 288.25 297.75 4277500
20030131 293.50 299.75 289.25 297.50 5237900
20030203 302.50 307.00 300.00 306.50 4155300
20030204 304.50 309.75 296.00 299.25 5427000
20030205 298.50 313.00 296.50 310.00 3592600
20030206 306.00 317.50 306.00 312.00 9578700
20030207 309.25 317.75 303.75 311.25 5611500
20030210 314.00 314.00 306.00 309.00 3486200
20030211 315.50 315.50 306.75 310.25 4942700
20030212 308.00 308.50 295.00 297.00 8244600
20030213 295.75 295.75 287.50 289.00 10383200
20030214 292.25 297.00 289.50 289.50 7172100
20030217 295.00 299.25 293.50 297.25 5705400
20030218 302.00 308.00 295.25 305.00 6549500
20030219 308.00 308.75 301.50 301.50 4391700
20030220 306.00 310.75 300.00 305.00 4515500
20030221 300.00 310.75 300.00 310.50 5884700
20030224 312.00 312.00 308.00 309.50 5302500
20030225 306.00 308.00 301.25 303.00 7875700
20030226 306.00 307.50 300.00 304.50 4926200
20030227 304.50 309.50 299.25 300.50 4785900
20030228 300.00 307.50 299.00 305.50 5095200
20030303 305.00 307.75 300.00 306.00 3498700
20030304 304.25 307.75 302.25 303.00 3835100
20030305 306.75 306.75 286.00 286.00 10897500
20030306 286.00 293.00 285.75 287.00 5726900
20030307 289.00 289.00 276.50 280.00 7368400
20030310 279.50 279.50 268.00 268.00 9959100
20030311 262.75 276.50 262.75 276.50 8514200
20030312 266.00 277.75 258.50 262.50 8308500
20030313 265.00 277.00 265.00 276.00 8241900
20030314 281.00 291.75 279.00 286.00 7665100
20030317 282.25 302.75 279.75 295.50 6296900
20030318 294.75 306.50 291.00 303.00 11933200
20030319 302.50 304.75 295.25 301.50 6594100
20030320 304.00 305.00 296.25 301.00 4363600
20030321 303.75 308.50 301.50 308.00 5729100
20030324 305.75 306.25 297.00 301.25 4604000
20030325 295.25 296.50 287.00 289.75 7119300
20030326 294.00 298.00 289.50 293.50 6404900
20030327 283.25 289.75 283.25 286.25 4741700
20030328 287.25 293.75 286.25 289.25 5265100
20030331 278.00 288.75 274.00 282.00 4152300
20030401 283.75 288.50 269.75 284.00 4394400
20030402 281.00 294.75 281.00 289.75 6409400
20030403 290.00 294.50 283.00 287.00 7173900
20030404 285.25 294.00 281.50 294.00 5324900
20030407 297.00 302.50 292.00 295.25 7643500
20030408 281.00 287.00 278.25 280.75 10411900
20030409 278.75 282.75 271.00 275.50 8791800
20030410 273.00 277.25 273.00 273.50 5986800
20030411 276.00 280.50 275.75 275.75 7590700
20030414 277.00 277.50 275.00 275.25 2929100
20030415 278.00 289.00 278.00 282.50 5445400
20030416 282.00 288.00 279.25 280.50 4739600
20030417 279.75 288.25 279.00 285.00 3921700
20030418 285.00 285.00 285.00 285.00 0
20030421 285.00 285.00 285.00 285.00 0
20030422 291.50 291.50 280.75 289.25 6360400
20030423 292.00 303.00 291.00 299.50 11561600
20030424 297.00 301.75 290.50 294.50 4902200
20030425 292.50 296.00 288.50 290.50 3812100
20030428 289.00 291.75 283.50 289.25 4272300
20030429 291.75 296.00 287.75 288.25 3862800
20030430 289.75 295.00 287.50 291.50 4772900
20030501 293.00 293.00 281.00 281.50 2321100
20030502 283.75 294.00 282.25 293.25 4102400
20030505 293.25 293.25 293.25 293.25 0
20030506 295.50 302.00 289.25 302.00 5698800
20030507 302.00 302.75 294.25 299.75 5168700
20030508 298.50 298.75 291.00 291.00 4429700
20030509 293.00 298.50 290.25 295.75 4011800
20030512 298.00 301.25 295.75 301.25 4365700
20030513 300.75 315.75 300.75 315.00 10553400
20030514 313.00 320.00 312.75 315.75 7268300
20030515 315.00 315.00 311.50 315.00 5083900
20030516 312.50 320.00 312.00 318.50 7369900
20030519 317.00 317.25 304.25 306.00 5883000
20030520 309.00 313.00 298.50 300.00 14955000
20030521 301.00 301.50 296.00 300.00 7071600
20030522 298.25 302.75 298.00 299.50 5641500
20030523 299.00 301.75 290.00 294.00 6353500
20030526 294.00 294.00 294.00 294.00 0
20030527 296.00 296.00 289.00 292.75 7421900
20030528 291.00 295.00 289.00 295.00 6992800
20030529 295.50 295.50 286.50 292.25 5782500
20030530 289.00 291.00 284.50 286.00 8169300
20030602 285.50 289.75 285.25 288.50 6333000
20030603 285.00 289.75 285.00 288.50 5181000
20030604 285.00 287.50 282.00 282.50 6486400
20030605 282.50 284.00 273.00 278.00 19012800
20030606 280.00 289.50 279.00 284.50 11462700
20030609 283.75 288.75 283.50 286.00 6369500
20030610 285.75 289.50 283.25 283.25 4635000
20030611 285.00 297.00 285.00 294.75 14777800
20030612 295.00 301.50 293.25 297.25 11436700
20030613 299.75 302.50 294.00 297.00 6806400
20030616 300.50 304.75 295.50 302.50 5997600
20030617 306.50 313.00 304.25 310.25 14605400
20030618 309.50 312.00 309.00 310.00 10858900
20030619 312.00 312.00 302.50 304.00 5929900
20030620 304.75 308.75 304.00 306.75 3059700
20030623 304.00 307.25 303.50 304.50 4187600
20030624 307.00 307.00 300.00 302.75 4647000
20030625 306.75 310.50 303.25 306.25 5910300
20030626 302.00 311.00 302.00 310.25 6346800
20030627 314.00 316.25 310.75 314.50 7155800
20030630 314.25 319.25 311.50 315.75 5956900
20030701 315.75 316.50 308.50 309.25 9637700
20030702 311.00 315.50 310.25 315.00 6051500
20030703 313.50 322.00 313.50 322.00 7757000
20030704 320.00 321.75 315.25 318.00 4569000
20030707 316.00 321.75 316.00 319.50 3385000
20030708 320.25 327.75 319.00 325.00 5207400
20030709 325.50 332.00 323.25 325.00 7034700
20030710 324.50 325.00 320.00 320.00 4044700
20030711 317.25 327.75 317.00 326.50 6391200
20030714 330.00 339.00 328.00 339.00 8257500
20030715 335.00 338.75 332.75 335.00 9421300
20030716 328.00 328.00 310.00 311.25 27792100
20030717 310.00 312.00 307.00 308.00 9396000
20030718 310.00 321.00 310.00 317.50 6256200
20030721 317.00 319.00 312.25 312.25 4095900
20030722 312.50 316.75 312.50 316.75 4680700
20030723 317.75 321.50 315.75 319.75 5279000
20030724 320.00 320.00 314.25 318.25 6674000
20030725 315.50 319.25 314.75 316.00 4860400
20030728 314.75 320.00 313.50 316.75 2670400
20030729 316.00 317.50 311.25 313.50 4939700
20030730 314.25 315.00 312.00 312.75 3103700
20030731 315.50 315.50 309.00 312.00 5134900
20030801 311.25 313.25 305.00 305.00 3668800
20030804 303.50 309.75 303.50 304.50 5699300
20030805 304.25 306.25 302.00 302.25 4582300
20030806 304.00 306.50 298.00 304.00 4737500
20030807 305.75 306.25 301.25 305.00 5621800
20030808 307.00 307.00 303.50 305.50 2812200
20030811 306.00 308.75 305.00 307.25 2197200
20030812 308.00 311.00 308.00 310.25 3199500
20030813 311.00 316.75 311.00 313.00 5104900
20030814 314.00 316.50 311.25 312.00 3202600
20030815 313.50 314.75 305.75 311.50 3986800
20030818 308.00 314.50 308.00 311.50 2472600
20030819 312.00 312.00 307.25 309.00 3557000
20030820 310.50 315.00 307.00 313.50 4403300
20030821 314.00 317.00 312.50 316.25 5257100
20030822 316.50 319.00 311.75 313.50 2460900
20030825 313.50 313.50 313.50 313.50 0
20030826 311.00 318.00 307.25 309.50 5205500
20030827 310.25 312.25 306.50 310.50 3438600
20030828 308.25 310.00 303.25 304.25 6629400
20030829 305.50 307.75 303.00 304.50 4576900
20030901 303.25 307.75 303.25 306.25 4223300
20030902 308.00 308.00 301.50 302.50 8228500
20030903 306.50 310.00 304.75 307.50 7494800
20030904 308.00 309.00 304.25 308.00 5545600
20030905 306.75 311.00 306.75 310.50 6019500
20030908 306.75 314.00 306.75 312.75 6621700
20030909 313.00 314.00 309.56 310.25 4509500
20030910 312.00 312.10 308.00 310.00 6790200
20030911 307.75 311.50 307.75 309.75 5447500
20030912 312.00 312.00 308.25 309.25 6737200
20030915 310.25 316.75 310.25 315.25 7237400
20030916 315.00 322.25 315.00 320.00 8115400
20030917 322.25 326.25 319.25 324.50 12639500
20030918 321.50 324.00 315.50 322.25 12856800
20030919 322.25 322.50 312.75 315.00 8898900
20030922 313.50 317.50 308.50 311.25 5827100
20030923 311.00 321.25 317.75 317.75 8209000
20030924 320.00 321.25 316.50 319.00 5020400
20030925 318.00 318.00 312.25 314.75 4705200
20030926 315.00 315.75 311.00 314.00 3870300
20030929 317.75 317.75 310.00 310.75 4349400
20030930 310.75 307.75 303.00 306.00 6169700
20031001 306.75 312.00 303.50 310.75 6681800
20031002 313.75 314.00 305.25 309.50 7079600
20031003 309.75 314.00 308.00 312.50 5976100
20031006 310.25 317.75 309.50 315.75 5131300
20031007 310.00 311.75 305.50 306.25 13208400
20031008 306.50 306.75 303.25 303.50 13160600
20031009 304.00 304.00 295.75 297.00 17304700
20031010 301.00 302.50 296.00 299.25 11611400
20031013 300.00 304.00 300.00 303.75 5717500
20031014 303.00 301.25 300.00 301.00 5549500
20031015 301.75 311.75 311.25 311.50 12999300
20031016 307.00 311.25 303.00 304.25 8090300
20031017 306.75 307.75 298.25 299.50 8410300
20031020 299.75 300.50 296.75 298.75 4934100
20031021 299.50 299.75 293.75 293.75 5289300
20031022 296.00 297.00 287.50 290.75 12771300
20031023 289.00 289.75 285.50 286.00 5977200
20031024 285.75 290.00 282.50 287.25 8717400
20031027 288.50 293.00 288.50 289.75 6124500
20031028 291.00 295.25 289.50 292.75 6728300
20031029 294.50 296.00 292.25 293.50 4400300
20031030 292.00 294.00 283.50 287.50 12763300
20031031 289.75 289.75 285.00 287.75 5769700
20031103 285.00 289.00 284.50 287.25 8000100
20031104 294.50 298.50 282.25 285.00 20894300
20031105 286.25 286.50 282.25 284.00 12776900
20031106 285.50 289.00 284.75 287.00 9641900
20031107 289.00 289.00 280.25 284.00 12696400
20031110 282.00 286.50 282.00 283.75 8089000
20031111 284.25 285.50 282.25 283.25 8755300
20031112 281.50 287.75 280.00 283.00 13881100
20031113 286.50 287.50 283.25 286.50 8557200
20031114 287.25 287.50 285.50 286.00 4844200
20031117 284.00 286.25 279.00 279.25 5854400
20031118 280.50 281.00 269.25 273.75 14118200
20031119 273.00 277.50 272.00 277.00 11052000
20031120 278.00 278.00 268.00 275.25 11840200
20031121 275.50 275.50 269.50 270.00 9297200
20031124 272.75 275.75 270.25 275.75 6563500
20031125 274.25 276.00 270.25 272.50 7836100
20031126 272.50 276.50 272.00 274.50 6743700
20031127 274.25 274.25 269.25 270.75 5105400
20031128 270.00 271.00 266.00 268.50 6938500
20031201 269.00 273.25 269.00 272.50 4879900
20031202 270.25 275.00 268.50 270.25 5853800
20031203 271.50 274.00 269.25 272.00 9598500
20031204 272.00 279.00 272.00 278.25 14753700
20031205 278.50 279.00 275.00 276.00 7528000
20031208 275.25 281.50 275.25 280.00 9420400
20031209 282.00 287.25 280.25 285.00 16762900
20031210 283.50 287.75 275.00 278.25 13671700
20031211 274.00 278.75 276.50 277.25 16970500
20031212 278.50 279.00 274.00 277.50 6969600
20031215 280.00 280.00 274.25 276.00 7279600
20031216 275.50 275.75 272.00 273.50 5565900
20031217 273.00 276.00 269.25 273.00 8982400
20031218 273.00 278.75 277.25 278.00 6191600
20031219 279.75 284.75 278.50 282.50 13222600
20031222 274.00 282.00 273.75 276.00 8882800
20031223 282.00 284.50 276.25 284.25 7818900
20031224 283.00 286.00 282.25 286.00 1639400
20031225 286.00 286.00 286.00 286.00 0
20031226 286.00 286.00 286.00 286.00 0
20031229 288.50 289.75 283.25 289.75 4157500
20031230 289.00 290.00 285.75 288.75 4835200
20031231 289.75 290.00 288.25 289.00 1466800
20040101 289.00 289.00 289.00 289.00 0
20040102 286.00 290.00 282.75 289.25 3961800
20040105 290.00 290.00 283.75 284.75 5939500
20040106 287.00 289.75 279.00 279.00 13757600
20040107 280.50 283.00 278.00 279.75 6717900
20040108 282.50 285.00 280.00 283.25 6927700
20040109 282.00 282.00 274.25 277.25 13352500
20040112 277.50 280.00 273.00 277.50 8083400
20040113 278.00 278.00 274.00 274.25 7706800
20040114 277.00 283.50 273.50 276.25 14478200
20040115 276.50 276.50 267.00 270.50 15909500
20040116 270.75 272.00 266.00 270.75 12760900
20040119 270.50 273.25 270.50 271.75 6717100
20040120 271.75 277.75 271.75 273.25 9808400
20040121 273.75 282.00 273.75 277.75 14070200
20040122 278.25 280.25 274.75 275.75 6782100
20040123 276.51 278.50 274.00 275.00 8109400
20040126 278.50 278.50 271.50 272.50 6301200
20040127 276.50 277.50 272.00 275.25 11199800
20040128 275.25 281.25 274.75 275.50 8399200
20040129 274.00 276.50 273.00 273.25 5056400
20040130 273.75 275.25 269.00 270.50 9512600
20040202 272.75 272.75 268.25 269.75 7788400
20040203 270.00 270.75 267.25 269.75 6318800
20040204 269.00 271.50 269.00 271.00 3297200
20040205 272.25 272.50 268.50 269.75 5732100
20040206 271.50 281.00 270.25 278.75 21122900
20040209 278.50 279.50 275.50 278.00 6501700
20040210 278.00 278.25 275.50 276.50 3778300
20040211 277.50 278.00 274.50 277.00 3172800
20040212 276.50 280.00 275.75 276.75 7114100
20040213 275.50 281.00 275.00 275.25 6265100
20040216 274.50 277.00 273.00 276.00 4097200
20040217 278.00 287.75 275.00 286.50 13826300
20040218 286.50 291.00 284.50 285.50 7687000
20040219 287.25 299.00 287.25 298.50 14494700
20040220 299.75 299.75 294.25 298.00 13237700
20040223 296.00 300.25 296.00 299.00 4207500
20040224 298.00 299.00 293.75 294.25 7107700
20040225 295.00 296.50 293.00 294.00 6434500
20040226 296.25 297.25 293.00 294.00 3272500
20040227 293.25 299.25 292.50 293.00 8522200
20040301 295.75 300.75 298.25 299.00 6751700
20040302 302.00 304.25 297.50 298.25 7951500
20040303 298.25 303.25 298.00 302.25 6779100
20040304 300.00 302.00 292.25 292.25 13160400
20040305 292.25 293.50 286.75 292.00 13862200
20040308 292.50 293.50 290.25 292.25 5377700
20040309 289.00 292.25 287.50 288.50 4882500
20040310 285.75 286.00 283.00 284.75 8846100
20040311 283.00 284.75 277.50 282.50 16002600
20040312 278.50 285.75 278.00 283.00 6159200
20040315 281.25 284.75 279.50 279.50 5756200
20040316 279.00 281.00 277.75 279.25 4988500
20040317 281.25 288.25 279.00 285.00 7570700
20040318 286.50 288.25 280.50 282.25 9447100
20040319 284.25 292.00 284.00 290.50 7867800
20040322 289.50 289.50 281.50 283.00 5008400
20040323 283.50 285.00 279.00 281.25 4866800
20040324 281.00 283.00 277.25 278.75 3949400
20040325 280.00 285.50 279.00 284.00 8436300
20040326 286.50 286.50 276.50 279.50 7180000
20040329 279.25 279.25 275.00 278.25 6157900
20040330 278.00 280.00 274.00 279.75 7000900
20040331 279.00 283.50 276.75 278.50 6348500
20040401 281.00 285.00 279.50 283.25 7129800
20040402 284.25 284.75 281.50 284.00 8273300
20040405 283.75 283.75 280.50 283.00 5220200
20040406 283.00 283.00 278.00 281.25 4232100
20040407 282.00 284.00 280.25 283.25 5870900
20040408 284.50 284.50 272.50 275.25 12798300
20040409 275.25 275.25 275.25 275.25 0
20040412 275.25 275.25 275.25 275.25 0
20040413 275.25 278.25 271.25 276.50 9705200
20040414 264.00 267.00 261.50 264.00 26330400
20040415 262.75 267.75 260.50 266.00 12540600
20040416 266.25 266.25 261.50 264.50 8883500
20040419 270.00 280.00 269.00 277.50 24373300
20040420 276.00 278.75 275.00 277.50 7473000
20040421 275.00 278.00 272.25 277.00 10373700
20040422 277.75 279.00 274.00 279.00 5626600
20040423 279.00 283.00 278.50 282.50 10867900
20040426 282.25 283.25 280.75 282.25 6465800
20040427 280.75 283.00 275.50 278.00 6470900
20040428 280.00 280.00 276.00 276.75 5735000
20040429 276.25 278.25 273.50 275.75 9135200
20040430 275.75 277.25 275.50 276.25 5752700
20040503 276.25 276.25 276.25 276.25 0
20040504 276.00 280.00 275.00 279.75 10514100
20040505 278.00 282.50 277.00 281.75 8625700
20040506 281.25 282.00 277.25 278.50 9497100
20040507 279.00 280.50 276.00 277.00 7784600
20040510 274.00 276.75 269.25 270.00 9590400
20040511 273.00 275.75 271.50 274.00 6846100
20040512 272.75 273.25 269.25 271.00 7172300
20040513 271.00 276.50 270.75 275.25 10129600
20040514 275.75 282.75 275.75 282.00 15526800
20040517 278.50 279.25 274.25 279.25 10790200
20040518 280.00 283.50 279.75 282.25 7579700
20040519 280.75 287.75 280.75 286.00 10565700
20040520 282.50 285.25 280.75 281.75 5185000
20040521 281.00 283.75 279.50 279.75 6252100
20040524 278.00 281.00 276.00 279.50 9059200
20040525 280.50 284.00 274.75 280.25 9583600
20040526 277.50 291.00 277.50 290.50 19479500
20040527 291.25 360.00 290.00 345.00 54200300
20040528 355.00 366.50 350.00 359.50 93722600
20040531 359.50 359.50 359.50 359.50 0
20040601 359.25 370.00 358.00 365.50 50133800
20040602 360.00 366.00 358.50 366.00 40729000
20040603 354.00 357.00 347.00 356.00 62719200
20040604 355.00 362.00 355.00 357.50 28624800
20040607 365.00 365.00 360.50 361.50 17497900
20040608 360.00 364.25 355.25 362.00 18001100
20040609 363.00 363.00 359.00 361.50 14728500
20040610 361.50 361.50 355.25 359.00 16512600
20040611 359.00 368.50 359.00 366.00 19798500
20040614 365.00 366.00 358.00 359.75 25829900
20040615 360.00 360.75 355.25 357.00 18045400
20040616 358.00 370.50 357.25 363.50 27250100
20040617 360.00 360.00 352.00 356.75 58417900
20040618 355.00 358.75 355.00 356.00 17794300
20040621 357.50 360.75 356.50 360.50 18615200
20040622 358.00 362.25 358.00 362.25 8652300
20040623 360.50 362.00 355.75 358.00 10893200
20040624 358.00 362.00 357.00 361.25 10155600
20040625 360.00 362.25 360.00 362.00 5314100
20040628 361.00 363.50 358.00 362.25 11478300
20040629 363.75 363.75 359.75 362.50 6222100
20040630 361.00 363.25 361.00 362.75 12746800
20040701 362.75 363.00 359.50 359.75 16257200
20040702 359.50 360.75 356.00 357.25 13987200
20040705 360.00 361.50 357.25 359.50 8946000
20040706 360.50 361.00 356.25 360.00 9373700
20040707 382.00 382.75 367.25 368.25 109286000
20040708 368.00 371.00 351.50 363.75 71340800
20040709 367.25 374.00 366.50 368.00 29141300
20040712 365.00 371.75 363.00 364.00 25907600
20040713 365.50 365.50 355.50 359.50 31408200
20040714 358.00 367.25 358.00 364.00 49459200
20040715 342.50 347.50 340.00 345.00 108804304
20040716 344.25 348.75 344.00 348.50 17707700
20040719 348.25 349.75 347.00 347.50 8051400
20040720 347.00 348.75 343.00 344.00 9798900
20040721 345.00 347.00 345.25 345.50 12169100
20040722 343.00 345.50 341.50 343.00 11730700
20040723 342.75 344.00 342.00 343.00 8801200
20040726 341.75 344.50 341.75 343.00 6634800
20040727 343.00 346.00 343.00 344.25 5966800
20040728 346.00 346.25 344.25 344.75 4532800
20040729 346.00 350.00 345.75 347.75 5337100
20040730 346.00 349.00 346.00 347.00 3011300
20040802 346.50 348.50 343.25 346.25 5979800
20040803 347.50 347.75 344.50 345.25 4936800
20040804 344.50 347.50 344.00 346.50 6029300
20040805 348.75 355.50 348.00 352.50 14733000
20040806 350.50 350.50 346.00 349.50 9905600
20040809 348.00 350.25 345.50 348.25 9744500
20040810 348.00 351.25 348.00 350.50 6285000
20040811 354.75 354.75 348.75 352.00 4006800
20040812 352.00 353.00 349.00 349.50 5935300
20040813 349.00 350.50 346.50 348.75 5216000
20040816 347.00 350.50 347.00 349.75 3715200
20040817 350.00 351.00 349.00 349.25 15257200
20040818 347.50 351.00 347.50 350.00 5501500
20040819 350.25 350.50 346.00 348.25 4824500
20040820 347.50 351.00 345.00 345.75 4049500
20040823 346.50 347.50 344.00 345.75 4879200
20040824 345.75 347.25 345.00 346.00 3491800
20040825 347.50 354.75 347.25 349.50 12593100
20040826 350.75 351.00 349.00 350.00 4008300
20040827 349.50 350.25 348.50 350.00 3945700
20040830 350.00 350.00 350.00 350.00 0
20040831 346.00 353.50 346.00 352.00 11428400
20040901 352.00 354.00 351.00 353.00 4011400
20040902 354.00 355.50 352.00 354.75 5754600
20040903 355.00 356.00 353.25 356.00 2582100
20040906 355.00 356.00 353.25 354.25 2468900
20040907 355.50 356.75 353.00 356.00 5423400
20040908 354.50 358.00 353.00 354.75 5865200
20040909 354.00 355.50 345.50 352.00 24182400
20040910 351.50 354.00 350.25 352.00 5257700
20040913 352.00 354.50 349.00 350.00 6156900
20040914 348.50 352.25 348.50 351.50 6650200
20040915 351.25 352.75 349.25 350.00 8662300
20040916 349.50 351.25 348.75 349.75 8260600
20040917 349.75 350.50 347.25 350.25 17159700
20040920 348.00 348.00 344.50 345.50 11047100
20040921 340.00 342.75 339.50 341.50 20074500
20040922 339.00 342.00 337.50 340.75 11494800
20040923 339.25 341.00 338.50 340.00 7275600
20040924 340.00 341.00 339.50 340.75 7097400
20040927 340.00 343.00 340.00 340.75 7648600
20040928 340.75 342.00 340.50 342.00 5399300
20040929 342.50 346.75 342.25 345.25 8204200
20040930 346.00 346.00 343.00 343.00 7890300
20041001 343.25 344.00 341.00 343.00 9665200
20041004 343.50 346.75 342.50 345.00 8137100
20041005 347.25 347.25 344.75 346.50 4864200
20041006 344.25 347.00 344.25 346.50 3901000
20041007 349.00 349.00 345.50 346.50 3890100
20041008 345.00 347.00 344.75 344.75 8225800
20041011 344.00 346.00 341.00 343.00 8831300
20041012 344.00 347.50 344.00 347.50 7495400
20041013 352.75 352.75 346.00 347.50 12013700
20041014 347.25 349.25 346.75 349.00 10464600
20041015 346.00 350.00 346.00 350.00 7285800
20041018 348.75 351.25 348.75 350.00 6235100
20041019 347.25 351.75 347.25 349.00 12928400
20041020 349.00 351.00 344.25 347.00 12836000
20041021 348.00 356.00 347.50 351.50 19637100
20041022 346.25 357.50 346.25 357.00 16163900
20041025 356.50 359.50 355.00 358.50 27521800
20041026 358.50 359.50 357.25 359.00 12555300
20041027 360.00 364.50 358.00 358.00 20812100
20041028 360.50 360.50 357.75 358.00 7645100
20041029 358.25 359.50 355.50 359.00 29611300
20041101 357.50 364.00 357.25 364.00 15361300
20041102 363.00 363.50 356.75 359.25 16103400
20041103 360.00 362.00 354.00 356.50 9937600
20041104 357.25 357.25 349.75 353.00 7331800
20041105 354.00 354.00 349.00 349.75 7771600
20041108 348.75 352.75 344.00 352.75 12332500
20041109 352.25 351.75 347.50 350.00 11515600
20041110 349.00 353.00 349.00 351.00 5819600
20041111 351.00 352.50 349.25 351.75 3932700
20041112 353.75 356.00 352.75 355.00 4728600
20041115 353.50 357.00 353.50 354.25 4591100
20041116 355.00 355.00 350.50 352.00 6254800
20041117 349.25 349.25 341.50 343.50 9690100
20041118 343.50 347.75 342.50 347.00 7665700
20041119 345.50 349.25 343.00 344.00 3438500
20041122 344.00 344.50 342.00 343.75 3948900
20041123 344.00 345.25 338.25 339.50 8225600
20041124 339.50 340.00 334.00 336.50 8460000
20041125 338.25 338.25 334.25 335.50 4376600
20041126 336.50 336.50 334.50 335.25 3942000
20041129 337.00 337.00 332.50 333.00 6159500
20041130 332.00 334.00 328.25 328.25 13583100
20041201 329.50 335.25 328.00 332.50 8478600
20041202 334.50 339.00 333.00 335.00 5209200
20041203 334.50 342.25 334.00 338.75 6908000
20041206 337.75 337.75 331.75 333.75 2844400
20041207 332.50 335.50 332.00 333.75 2881900
20041208 332.50 336.50 332.50 334.00 2213800
20041209 333.50 336.50 333.50 336.25 3872200
20041210 337.00 338.00 335.25 337.00 3632100
20041213 336.50 340.50 334.00 337.75 3410800
20041214 337.00 338.25 335.00 335.50 3987800
20041215 333.50 340.00 333.50 339.25 4044800
20041216 339.25 347.00 339.25 343.50 7214400
20041217 343.50 348.00 343.50 346.50 11698900
20041220 349.00 349.00 344.00 344.00 4666500
20041221 346.25 346.25 343.00 343.50 1075400
20041222 343.00 345.50 342.00 344.50 2615600
20041223 346.25 346.50 342.00 343.00 1442300
20041224 341.25 343.00 341.00 341.75 1089900
20041227 341.75 341.75 341.75 341.75 0
20041228 341.75 341.75 341.75 341.75 0
20041229 342.50 342.75 340.00 341.75 2121200
20041230 340.25 343.00 338.00 342.00 1034800
20041231 341.25 343.50 341.25 343.00 306400
20050103 343.00 343.00 343.00 343.00 0
20050104 340.00 347.75 340.00 344.00 4923700
20050105 337.25 341.50 337.00 338.00 10251900
20050106 338.75 339.00 337.00 338.75 7072800
20050107 330.00 348.00 329.00 348.00 30010200
20050110 347.25 347.25 344.00 344.75 7937800
20050111 346.00 346.50 344.50 346.25 3516900
20050112 345.50 348.00 345.00 345.50 4405400
20050113 345.75 346.75 343.25 344.75 3618900
20050114 343.00 346.00 343.00 344.00 5444600
20050117 345.50 348.25 341.75 347.50 3732000
20050118 347.75 348.25 345.75 347.25 4092400
20050119 348.25 350.00 345.75 349.00 2309200
20050120 349.75 358.25 347.75 355.75 13071000
20050121 353.50 357.00 351.50 353.00 6205600
20050124 350.00 358.75 349.50 358.00 9346200
20050125 355.75 359.00 355.75 357.50 7467900
20050126 357.00 357.75 354.50 355.25 6221400
20050127 356.50 359.75 357.00 359.25 4319400
20050128 360.00 363.50 356.75 361.00 7251500
20050131 361.25 366.75 360.00 361.00 8507300
20050201 362.00 363.00 358.00 359.00 6485500
20050202 361.50 361.50 356.50 359.75 4621600
20050203 360.75 361.00 358.50 360.00 4095100
20050204 360.00 360.00 358.25 358.75 2390000
20050207 360.50 360.50 357.50 359.00 5294200
20050208 359.50 360.00 357.00 359.00 4936000
20050209 359.75 361.00 358.75 360.00 3115500
20050210 360.00 364.25 360.00 362.25 2672500
20050211 368.00 371.50 365.75 369.75 6386800
20050214 371.00 371.00 366.25 369.50 4403000
20050215 370.00 374.50 367.25 372.50 5086200
20050216 372.50 373.50 368.00 370.50 4891900
20050217 370.25 373.75 366.50 367.75 4923300
20050218 368.75 374.25 366.00 371.25 5607300
20050221 370.25 374.50 366.25 367.50 3860300
20050222 368.00 388.25 362.25 374.00 30157800
20050223 372.75 372.75 365.25 367.00 9123400
20050224 366.25 367.75 358.00 360.50 13342600
20050225 361.25 362.00 355.25 357.75 5634100
20050228 357.75 358.00 350.00 350.50 7479400
20050301 350.00 351.75 347.00 351.50 6456700
20050302 351.25 349.75 348.00 348.25 4394500
20050303 350.00 356.00 345.50 348.00 4229100
20050304 348.00 351.75 343.75 349.50 3916600
20050307 350.00 350.00 347.00 347.75 1965500
20050308 348.25 348.25 342.00 345.50 4995700
20050309 344.25 346.75 343.50 345.75 3779100
20050310 346.00 350.00 342.75 346.75 5950600
20050311 348.75 349.50 345.25 348.25 2674100
20050314 348.50 348.50 343.75 344.75 2814700
20050315 343.00 345.75 340.25 341.50 5702600
20050316 341.25 343.00 339.00 339.75 5285300
20050317 340.50 337.00 331.50 336.50 12320000
20050318 335.50 339.50 335.25 337.00 5106000
20050321 337.50 342.00 337.00 338.50 3527000
20050322 338.50 344.75 338.50 343.50 6223100
20050323 342.50 347.25 340.00 345.25 7340700
20050324 345.25 350.25 344.00 345.00 8166900
20050325 345.00 345.00 345.00 345.00 0
20050328 345.00 345.00 345.00 345.00 0
20050329 345.00 345.00 340.50 342.75 1920700
20050330 340.25 345.00 340.25 344.50 3506600
20050331 347.75 348.75 343.00 346.00 4749300
20050401 347.75 348.75 344.00 344.75 4816700
20050404 345.25 345.25 337.75 339.00 3429700
20050405 342.50 349.00 340.25 346.00 5196100
20050406 347.75 348.00 340.75 342.00 3800900
20050407 340.50 346.25 340.50 343.25 2001500
20050408 345.00 345.50 339.75 343.25 2111200
20050411 343.75 344.00 339.75 341.00 4914700
20050412 346.00 356.50 346.00 354.75 20072700
20050413 356.25 359.00 355.25 355.75 5827700
20050414 353.50 356.00 353.00 355.25 3686600
20050415 354.50 358.50 353.50 357.00 5975800
20050418 350.25 354.75 350.00 353.50 7018900
20050419 355.25 357.50 352.75 355.75 4317700
20050420 356.25 357.75 354.25 354.75 4215800
20050421 353.50 355.75 351.50 352.00 4539200
20050422 353.50 357.00 352.00 356.00 3797500
20050425 354.50 358.00 354.00 355.00 1949600
20050426 355.50 356.50 351.75 352.75 2554600
20050427 352.00 352.00 325.00 341.75 12465500
20050428 343.50 343.50 334.50 337.75 8023500
20050429 336.00 341.50 336.00 336.50 3980400
20050502 336.50 336.50 336.50 336.50 0
20050503 340.00 345.50 337.00 343.50 4897100
20050504 343.25 343.25 335.00 338.25 5352600
20050505 337.75 341.75 335.25 336.25 5047000
20050506 336.50 336.75 329.25 334.25 9593600
20050509 333.50 333.50 327.50 330.50 9095900
20050510 332.00 332.00 319.50 321.75 11826400
20050511 321.50 324.25 318.00 319.25 7738000
20050512 319.50 325.00 319.25 320.50 5725900
20050513 319.50 324.00 319.50 322.75 5287400
20050516 323.00 327.50 321.00 326.00 6380500
20050517 326.25 327.50 323.50 325.00 3436000
20050518 326.50 332.00 325.00 328.25 10518900
20050519 328.25 336.25 328.25 335.25 7859000
20050520 335.00 338.25 334.50 337.00 5348000
20050523 337.00 338.00 334.25 337.00 3190000
20050524 337.00 345.00 336.50 342.25 9549800
20050525 342.00 345.00 334.75 337.75 7576900
20050526 338.50 342.00 336.00 339.50 4064300
20050527 340.50 343.00 337.25 338.75 4261600
20050530 338.75 338.75 338.75 338.75 0
20050531 340.50 341.75 337.25 337.50 4951600
20050601 330.75 334.50 329.25 334.00 3150300
20050602 333.25 335.25 330.50 332.00 3038000
20050603 332.00 332.00 332.00 332.00 0
20050606 335.50 335.50 332.00 333.00 3685600
20050607 333.50 342.25 333.25 341.50 9155500
20050608 341.25 344.00 337.50 342.25 5913200
20050609 342.00 344.50 340.50 342.50 6678000
20050610 342.50 346.25 340.00 343.50 8488500
20050613 342.25 343.50 340.25 341.50 4264100
20050614 342.00 347.25 338.25 346.75 5351600
20050615 349.00 357.00 347.00 351.75 13340700
20050616 354.50 354.50 348.50 350.25 5018900
20050617 350.00 360.00 349.50 350.75 4390800
20050620 351.00 352.00 348.50 350.50 4097900
20050621 352.00 352.00 349.00 349.50 3074500
20050622 349.50 359.50 348.00 356.75 10230500
20050623 358.50 358.50 351.25 352.00 7506200
20050624 351.00 353.75 349.50 352.00 4077500
20050627 349.50 353.50 345.00 352.50 6330700
20050628 352.00 357.75 351.50 356.75 4858700
20050629 358.00 360.50 355.00 359.00 5117000
20050630 357.25 362.50 357.25 360.50 6714700
20050701 360.25 363.00 357.00 361.75 3131100
20050704 360.00 360.00 354.50 355.75 5805900
20050705 354.75 356.50 353.25 354.75 4223200
20050706 356.00 358.25 352.75 356.25 5923500
20050707 356.50 356.50 337.25 348.00 7772600
20050708 350.25 355.00 349.00 354.00 7823700
20050711 357.50 357.50 352.50 356.50 2707400
20050712 355.50 361.25 354.00 358.00 4117200
20050713 359.00 368.50 357.00 365.75 12849700
20050714 368.00 368.00 360.75 363.25 29715300
20050715 363.25 367.00 362.00 365.75 20230700
20050718 361.00 362.75 358.75 362.25 48026300
20050719 361.25 361.75 356.00 359.00 24457600
20050720 360.00 363.25 357.00 360.25 11981700
20050721 362.25 363.25 355.50 358.50 6457200
20050722 355.25 360.00 352.50 359.00 8028800
20050725 359.00 359.25 355.25 357.00 6224200
20050726 355.00 358.25 355.00 357.50 3208800
20050727 356.75 359.50 355.50 359.50 5701300
20050728 360.00 360.00 357.75 358.50 7799100
20050729 361.25 361.25 356.75 358.00 7905600
20050801 358.75 360.50 356.75 360.25 4402900
20050802 360.00 365.00 359.25 362.50 8808600
20050803 363.50 363.50 357.50 359.25 16175400
20050804 357.75 363.00 356.75 358.75 27227200
20050805 358.75 360.75 356.00 356.00 5283500
20050808 357.25 360.75 356.25 357.50 4528300
20050809 355.75 357.00 352.75 354.50 5612100
20050810 353.00 359.50 352.00 357.00 5370600
20050811 354.75 359.00 353.00 355.00 3987700
20050812 357.00 357.00 352.75 355.50 6272700
20050815 356.00 358.00 353.00 355.50 2762300
20050816 356.00 357.50 355.50 356.00 4143500
20050817 353.75 356.25 353.50 354.00 5617600
20050818 355.50 358.25 355.00 356.50 6064000
20050819 357.25 359.00 355.00 358.75 5308200
20050822 360.00 360.00 357.50 358.50 3410400
20050823 358.25 363.50 357.50 362.75 7229600
20050824 363.00 364.50 360.50 361.00 8685100
20050825 359.50 361.25 357.00 359.50 4576500
20050826 359.50 363.50 357.25 357.25 3477100
20050829 357.25 357.25 357.25 357.25 0
20050830 360.50 361.50 355.75 355.75 5356700
20050831 357.25 359.50 354.75 356.75 6766900
20050901 357.75 360.00 352.00 354.00 9736900
20050902 352.50 355.00 352.50 354.00 3328600
20050905 355.75 357.00 352.50 353.00 2879800
20050906 352.25 354.75 352.25 354.00 2342300
20050907 356.00 357.25 352.00 355.00 8675200
20050908 353.75 356.00 353.50 354.00 12634300
20050909 355.00 355.00 350.50 353.00 6136600
20050912 355.50 355.50 352.00 353.50 4630700
20050913 353.00 355.00 345.25 348.00 47093600
20050914 348.75 348.75 344.50 345.00 11729600
20050915 343.50 345.25 340.00 343.00 10077900
20050916 343.50 347.75 341.25 344.25 10887500
20050919 344.00 349.50 342.50 347.50 7225500
20050920 346.50 348.50 340.75 345.25 11571700
20050921 342.25 356.50 342.25 354.00 26633400
20050922 354.25 361.00 352.50 359.00 24472800
20050923 361.50 362.50 355.50 362.00 12638300
20050926 363.00 371.75 363.00 368.50 21607600
20050927 366.50 371.75 364.50 367.25 14400800
20050928 368.00 372.25 364.50 370.00 13616800
20050929 369.00 381.00 368.25 377.00 25811600
20050930 379.75 383.50 372.50 374.75 30142700
20051003 375.25 381.75 374.00 380.00 15859200
20051004 381.00 384.50 379.50 382.00 16739200
20051005 380.50 384.50 376.00 378.50 20460400
20051006 376.50 382.00 375.00 377.25 14485300
20051007 375.00 378.50 371.75 375.25 9904000
20051010 375.00 388.00 374.50 384.00 20531900
20051011 390.00 401.00 390.00 397.25 48658100
20051012 396.25 401.50 393.75 395.25 22136400
20051013 395.00 405.00 393.75 397.00 18910900
20051014 397.50 400.50 394.75 399.25 13200700
20051017 399.25 399.75 396.00 397.00 15595800
20051018 398.00 399.50 393.00 395.00 15674500
20051019 395.00 400.00 389.25 397.50 24019800
20051020 401.25 405.00 395.25 402.00 39265600
20051021 398.00 401.25 396.00 398.25 17772700
20051024 400.75 401.75 397.50 401.25 11070000
20051025 403.00 417.75 402.00 415.75 26692000
20051026 418.00 418.75 408.00 413.75 36682100
20051027 411.00 416.75 408.75 414.00 24846400
20051028 413.00 417.50 412.50 414.75 15318800
20051031 417.50 418.75 414.00 417.50 25440000
20051101 415.00 417.50 412.50 413.25 16055600
20051102 412.50 418.00 412.50 417.50 11897800
20051103 419.00 428.00 418.00 428.00 16789500
20051104 428.00 433.75 423.50 433.00 18179400
20051107 429.00 439.25 428.00 435.25 20154500
20051108 432.25 438.00 428.00 435.50 28012500
20051109 439.00 450.00 435.50 443.50 28925100
20051110 445.00 446.00 439.50 440.75 14991800
20051111 441.25 443.50 437.50 442.25 10491800
20051114 441.00 447.50 438.75 443.75 10540700
20051115 444.75 448.50 444.25 445.00 16484200
20051116 441.50 442.00 435.00 438.00 9376000
20051117 437.75 442.25 434.25 440.25 10180000
20051118 442.00 445.00 439.50 441.00 16107200
20051121 444.25 447.00 440.00 445.75 11206600
20051122 447.75 453.00 445.00 452.25 22519400
20051123 454.00 458.00 449.75 455.00 11298200
20051124 453.75 457.00 450.75 452.50 6336900
20051125 452.50 460.00 451.75 458.00 6373300
20051128 461.50 463.00 457.25 457.75 5714500
20051129 455.50 459.75 452.50 454.75 8595500
20051130 452.50 457.75 450.00 457.00 13196300
20051201 458.75 460.75 455.00 456.00 7193600
20051202 459.00 461.00 453.00 459.00 12378400
20051205 458.00 460.75 457.00 459.50 9657400
20051206 459.50 463.50 457.00 460.75 15509700
20051207 461.25 461.50 454.25 455.50 11061100
20051208 455.00 473.50 453.75 472.25 30293800
20051209 469.75 481.75 467.25 479.00 23150400
20051212 483.00 489.50 483.00 485.50 15913500
20051213 495.00 495.00 477.50 478.00 19889700
20051214 479.25 489.00 479.25 486.75 18792200
20051215 485.25 489.75 481.50 487.25 11964500
20051216 487.25 495.00 483.00 489.50 17312900
20051219 488.25 494.50 487.00 489.00 8525000
20051220 488.50 490.00 484.00 489.25 13423900
20051221 490.00 491.00 484.25 489.00 6810900
20051222 488.00 494.75 488.00 493.25 7526400
20051223 493.75 498.50 493.75 498.50 4740600
20051226 498.50 498.50 498.50 498.50 0
20051227 498.50 498.50 498.50 498.50 0
20051228 498.50 507.75 497.75 504.25 6715900
20051229 503.00 512.00 500.50 510.00 13089200
20051230 510.00 510.00 502.75 505.00 4438000
20060102 505.00 505.00 505.00 505.00 0
20060103 506.00 506.00 485.50 497.00 22583500
20060104 500.00 505.00 496.25 499.50 74567200
20060105 499.00 500.50 490.50 499.75 36260500
20060106 499.00 505.00 498.00 500.75 21051900
20060109 499.50 504.00 497.25 502.00 19640700
20060110 496.00 499.00 492.00 492.50 26664300
20060111 494.25 497.00 490.50 495.50 15696800
20060112 497.50 497.50 486.00 489.50 21954400
20060113 489.50 491.00 482.00 484.00 22340300
20060116 484.00 486.50 481.00 485.25 7610300
20060117 484.75 487.25 482.50 486.00 9511400
20060118 482.75 489.25 480.00 487.00 9584900
20060119 489.00 493.50 483.25 492.25 12308800
20060120 490.50 496.25 487.50 489.00 8794800
20060123 484.25 487.00 482.50 484.00 6654600
20060124 484.00 484.00 477.25 480.75 11708000
20060125 481.00 486.75 477.25 486.75 5569800
20060126 486.75 490.25 486.25 487.50 10820100
20060127 489.00 491.00 486.75 490.00 13020500
20060130 489.00 491.75 484.75 486.25 8570800
20060131 488.00 489.25 482.00 486.00 11199500
20060201 487.25 495.50 483.75 493.50 7633300
20060202 493.50 493.50 484.75 486.25 13868600
20060203 486.25 502.50 486.25 499.00 24899900
20060206 499.00 504.00 494.75 501.50 16155700
20060207 503.00 503.00 493.25 495.25 15932700
20060208 496.00 512.75 491.00 510.00 30044900
20060209 512.00 516.00 507.00 513.75 14872800
20060210 513.75 517.00 509.25 514.00 9491200
20060213 514.25 524.75 511.75 519.25 15765900
20060214 521.75 521.75 515.00 518.75 12497000
20060215 522.25 523.00 510.00 519.00 5127300
20060216 518.50 520.50 513.00 514.00 4800900
20060217 514.00 516.50 506.50 507.50 13439500
20060220 507.00 512.00 504.50 507.00 7434800
20060221 509.50 510.25 501.25 502.75 8779000
20060222 500.75 504.25 497.00 503.00 11379100
20060223 501.75 512.00 501.75 511.00 8938400
20060224 510.00 517.00 507.75 515.00 13241500
20060227 519.00 519.00 512.25 516.00 9240400
20060228 513.50 522.00 510.00 518.50 16580100
20060301 515.25 522.25 513.00 520.75 8830200
20060302 518.50 523.75 518.50 520.50 15855200
20060303 519.75 532.00 518.75 531.75 11935000
20060306 530.50 534.00 525.50 527.75 5681000
20060307 525.00 531.75 524.00 529.25 11227300
20060308 529.00 530.75 518.50 523.00 16580000
20060309 524.00 533.00 524.00 531.75 14342900
20060310 528.50 546.00 526.75 541.50 22895900
20060313 542.00 562.50 541.00 554.00 27391600
20060314 552.00 570.00 551.00 570.00 20448500
20060315 573.50 577.75 567.50 575.75 10756600
20060316 574.50 576.00 566.75 570.50 8763500
20060317 568.75 578.00 562.50 574.00 14649300
20060320 574.00 580.00 570.00 570.00 13391000
20060321 568.50 573.00 558.50 560.00 12489400
20060322 560.50 569.50 557.50 564.00 9100000
20060323 563.50 563.50 550.50 551.00 14581100
20060324 552.00 572.00 552.00 571.50 14565500
20060327 569.00 572.00 561.50 562.50 11751800
20060328 559.50 565.00 550.00 550.00 18885400
20060329 548.00 559.50 547.50 558.50 17996000
20060330 558.00 562.00 553.00 553.00 17685300
20060331 552.00 565.50 552.00 556.50 17011900
20060403 556.50 564.00 554.00 556.00 9041000
20060404 555.50 564.50 553.00 564.50 14175300
20060405 563.00 564.50 559.00 561.50 7410800
20060406 562.00 570.50 560.50 563.50 12093700
20060407 563.00 571.50 561.00 564.50 13418100
20060410 569.00 569.00 562.50 564.00 5679500
20060411 581.50 594.00 580.00 586.00 39562700
20060412 586.00 592.50 580.50 589.00 11094100
20060413 587.00 591.00 583.50 589.00 8191300
20060414 589.00 589.00 589.00 589.00 0
20060417 589.00 589.00 589.00 589.00 0
20060418 586.00 591.00 585.00 586.00 9398300
20060419 590.00 593.00 584.50 591.50 20761200
20060420 590.50 595.50 589.00 592.00 11359400
20060421 593.00 595.50 591.00 592.50 8326200
20060424 589.50 597.00 586.50 594.50 7573900
20060425 594.00 598.00 590.50 591.50 6075900
20060426 592.00 600.50 591.00 594.50 5217300
20060427 595.00 595.00 589.00 590.00 9563100
20060428 590.00 590.00 583.50 585.50 8023400
20060501 585.50 585.50 585.50 585.50 0
20060502 583.50 592.50 583.00 592.00 5680800
20060503 591.00 600.00 589.00 595.50 24068200
20060504 595.00 602.50 587.00 600.00 12997500
20060505 599.00 620.00 599.00 620.00 15952100
20060508 623.00 628.50 616.00 620.00 12194000
20060509 623.00 631.00 616.00 627.00 8907300
20060510 628.50 634.50 623.00 632.00 10344600
20060511 630.50 631.50 611.00 611.00 105621200
20060512 610.00 613.00 598.00 606.00 13610800
20060515 605.00 605.00 590.82 596.00 19109100
20060516 595.00 603.29 593.05 596.00 10802100
20060517 597.00 620.76 586.50 587.00 15044900
20060518 587.50 593.00 572.72 577.50 18132200
20060519 575.50 596.00 572.45 575.00 15106200
20060522 575.00 587.00 566.00 567.00 14810400
20060523 559.00 559.00 517.50 549.00 86386200
20060524 546.00 565.87 538.85 540.00 24968700
20060525 541.50 551.50 539.50 547.50 11819800
20060526 552.50 558.48 542.05 555.50 13489200
20060529 555.50 555.50 555.50 555.50 0
20060530 555.50 555.50 543.00 546.00 9071400
20060531 537.00 554.00 528.00 543.00 13184800
20060601 536.50 555.70 533.05 552.00 17255200
20060602 558.00 574.00 552.00 560.00 9506500
20060605 560.00 562.00 548.50 549.50 8953300
20060606 546.00 548.55 540.90 543.50 7191300
20060607 545.50 550.00 539.87 546.50 8051800
20060608 538.00 546.85 535.75 538.50 9076300
20060609 541.00 552.12 538.50 550.00 7298900
20060612 548.00 557.20 544.80 546.00 3055200
20060613 533.00 544.50 533.00 544.50 11481700
20060614 542.50 552.20 540.00 548.00 6509200
20060615 549.00 556.16 547.05 554.50 9101000
20060616 559.50 582.60 559.57 573.00 25919900
20060619 576.00 581.00 569.50 575.00 11711100
20060620 572.50 575.00 565.05 570.00 3717300
20060621 568.00 572.48 558.80 566.50 11710700
20060622 575.00 575.00 560.00 566.00 5570000
20060623 564.00 569.15 563.35 566.00 7429400
20060626 567.50 581.35 564.88 578.00 12084800
20060627 583.50 585.50 572.00 575.00 13611400
20060628 568.00 579.98 568.55 577.50 6123600
20060629 581.50 587.50 575.50 587.50 14442600
20060630 590.00 594.00 584.00 587.00 13378900
20060703 589.50 590.00 580.50 587.00 15434800
20060704 585.00 599.00 585.00 598.00 11191500
20060705 592.50 598.00 585.50 590.00 7465900
20060706 590.00 594.00 587.00 589.00 6847100
20060707 587.00 589.00 579.50 580.50 35628100
20060710 577.50 586.00 577.50 583.00 10752000
20060711 575.00 589.50 573.00 585.00 31966800
20060712 587.50 588.50 578.00 583.00 8849100
20060713 580.50 580.50 569.00 573.50 5609600
20060714 573.00 576.00 567.00 568.00 13911800
20060717 567.00 571.00 559.00 567.00 6808400
20060718 567.00 575.00 567.00 571.00 6922100
20060719 574.00 579.50 571.00 579.00 11256600
20060720 585.00 586.00 577.00 583.00 8399700
20060721 580.00 583.50 573.00 576.00 7772600
20060724 576.00 587.00 573.50 585.50 5557500
20060725 585.50 591.00 583.50 589.00 14013800
20060726 588.00 596.00 588.00 590.00 15182600
20060727 590.00 598.50 589.50 597.50 11136700
20060728 597.00 599.50 590.00 598.00 7677900
20060731 595.50 600.00 589.00 596.50 7991800
20060801 594.00 598.00 589.00 591.00 5187900
20060802 592.50 600.00 591.00 597.50 7221900
20060803 597.50 597.50 597.50 597.50 0
20060804 582.00 582.50 573.00 579.50 7805800
20060807 576.00 581.00 571.50 577.50 5312100
20060808 580.50 582.00 571.50 575.00 7951200
20060809 574.00 579.50 571.50 575.50 7111600
20060810 572.00 573.50 565.00 569.50 12432200
20060811 571.50 574.00 569.00 572.00 7214900
20060814 574.00 578.50 568.00 572.50 7713900
20060815 570.00 575.00 566.50 572.50 8981200
20060816 571.00 585.00 569.50 581.50 18492900
20060817 584.50 590.00 580.00 588.50 8592200
20060818 590.50 597.50 588.50 590.00 10824800
20060821 589.00 595.00 586.00 590.00 7198800
20060822 589.50 594.00 583.50 589.50 3652100
20060823 592.00 592.50 587.00 588.50 3979000
20060824 588.50 591.50 583.50 591.50 7206200
20060825 590.00 594.00 587.50 590.00 2291100
20060828 590.00 590.00 590.00 590.00 0
20060829 592.50 594.00 587.00 588.00 3193400
20060830 587.50 595.50 585.50 595.00 3751500
20060831 595.00 596.50 590.50 592.50 4403800
20060901 591.50 606.00 591.50 605.00 9829300
20060904 604.00 608.00 600.50 605.50 6184200
20060905 608.00 608.00 600.00 603.00 6564800
20060906 602.00 605.50 594.50 595.00 7001100
20060907 595.00 598.50 590.50 593.50 4438500
20060908 597.50 598.00 591.00 597.00 16855800
20060911 598.00 600.00 588.50 592.00 5312300
20060912 595.00 596.00 590.50 595.50 8025700
20060913 599.00 617.00 596.00 611.00 19066000
20060914 609.50 620.00 608.00 613.00 13389200
20060915 615.00 624.00 613.00 624.00 10018500
20060918 628.50 637.00 623.00 626.00 11191100
20060919 624.50 624.50 617.50 618.50 10755800
20060920 620.50 628.50 617.50 627.50 7267000
20060921 625.50 637.00 624.50 633.50 7632800
20060922 627.50 631.00 622.00 629.50 9308300
20060925 632.50 634.00 625.50 627.50 23859000
20060926 629.00 635.50 625.50 634.00 9911300
20060927 634.50 646.00 634.50 644.50 12712400
20060928 642.50 643.50 634.50 642.50 11451100
20060929 643.00 646.50 640.00 642.50 15344100
20061002 641.50 642.50 633.50 636.00 8783300
20061003 633.50 637.00 628.50 636.00 8903700
20061004 637.00 653.00 634.00 652.50 11665000
20061005 655.50 659.00 642.50 650.00 14906000
20061006 652.50 657.00 646.00 654.00 8856000
20061009 651.50 665.00 650.00 662.50 10141600
20061010 662.50 665.50 655.00 664.50 6826700
20061011 663.00 665.50 655.00 659.00 24477000
20061012 660.50 668.50 658.00 668.00 15484100
20061013 666.00 668.50 656.50 660.00 13777200
20061016 662.00 662.00 651.00 651.50 7603000
20061017 653.00 653.00 643.50 646.50 7660600
20061018 647.00 655.00 644.50 650.50 4508400
20061019 649.00 650.00 642.00 645.00 6153600
20061020 642.50 647.50 640.00 646.00 6112500
20061023 650.50 651.50 642.50 647.50 7749100
20061024 649.00 661.50 646.50 656.00 10044800
20061025 654.50 665.50 654.50 664.00 8626200
20061026 666.50 667.00 661.00 665.50 6458100
20061027 667.00 669.50 659.50 665.00 8482700
20061030 660.50 662.50 651.00 655.00 8578800
20061031 655.50 656.50 647.50 656.50 11133200
20061101 651.50 661.00 651.00 654.00 8651200
20061102 653.00 657.50 647.50 657.50 9196600
20061103 658.00 660.50 652.00 656.50 14398500
20061106 658.00 659.00 649.00 656.50 14105000
20061107 670.00 705.50 664.00 698.00 48247600
20061108 695.00 716.50 694.00 707.50 47263900
20061109 705.00 710.50 695.00 702.00 15373200
20061110 703.00 709.00 698.00 702.00 19533400
20061113 706.00 707.00 698.00 701.50 4202700
20061114 700.50 707.00 697.00 699.50 7214400
20061115 698.50 700.50 694.00 696.00 6278000
20061116 697.50 699.00 693.00 698.50 5264200
20061117 701.00 701.50 692.00 695.00 6913900
20061120 691.00 696.50 687.50 694.50 5252700
20061121 696.00 696.00 690.00 692.50 4734300
20061122 690.50 694.50 683.50 687.00 13068000
20061123 691.00 691.50 680.00 687.00 8152900
20061124 687.00 689.50 675.50 685.50 9108400
20061127 680.50 696.50 680.50 685.00 22015300
20061128 686.00 690.00 680.50 681.50 12656500
20061129 681.00 688.00 681.00 686.00 8542700
20061130 687.50 695.00 680.00 683.00 11033100
20061201 685.00 689.50 669.50 676.00 11908500
20061204 676.00 682.00 671.00 676.50 6537200
20061205 675.00 681.00 667.50 675.50 22603900
20061206 675.50 683.50 669.00 672.00 7588200
20061207 669.00 679.00 669.00 676.00 6201400
20061208 672.00 679.50 671.50 679.00 8207400
20061211 681.00 686.50 678.00 684.50 7613000
20061212 687.00 703.00 682.00 697.00 17041800
20061213 694.00 706.00 694.00 705.50 9341500
20061214 703.50 707.00 700.50 707.00 4405900
20061215 705.50 712.00 701.50 709.50 9507800
20061218 706.50 714.50 706.00 714.00 5846100
20061219 713.50 723.00 708.00 711.50 9792100
20061220 714.00 716.00 701.50 702.00 5448400
20061221 700.00 716.00 700.00 714.00 9982500
20061222 715.50 723.00 715.00 721.00 2591900
20061225 721.00 721.00 721.00 721.00 0
20061226 721.00 721.00 721.00 721.00 0
20061227 720.00 722.50 716.00 719.00 2313400
20061228 721.50 725.00 718.00 720.50 2141400
20061229 721.00 722.00 713.00 717.00 2194700
20070101 717.00 717.00 717.00 717.00 0
20070102 718.00 734.50 717.00 730.50 7884300
20070103 730.00 737.00 728.00 736.00 14037000
20070104 734.00 750.00 732.50 736.50 26427500
20070105 732.00 739.00 730.50 734.00 8861200
20070108 734.00 739.50 723.00 725.00 15066900
20070109 705.00 721.50 692.50 696.00 85905200
20070110 688.50 697.00 683.00 688.00 67427904
20070111 687.00 689.50 670.00 683.50 21751600
20070112 681.50 692.50 681.50 690.00 13880400
20070115 689.50 696.50 689.00 692.00 6853000
20070116 690.00 691.50 678.00 680.00 13341500
20070117 678.00 679.00 668.00 671.00 11263800
20070118 674.00 684.00 673.00 678.00 23768200
20070119 676.00 679.00 671.00 673.00 8197700
20070122 677.00 678.00 667.00 670.00 10397800
20070123 674.00 682.50 674.00 681.50 13050300
20070124 686.00 695.00 683.50 692.50 16824700
20070125 693.00 697.50 685.50 685.50 9058200
20070126 683.50 689.00 681.50 682.50 6432600
20070129 685.00 688.00 677.50 678.00 10578500
20070130 678.00 683.50 675.00 678.00 6092600
20070131 676.00 680.50 672.50 676.00 10057900
20070201 680.50 691.00 679.50 689.00 12684900
20070202 686.00 720.00 686.00 717.50 35247900
20070205 713.00 715.00 705.50 706.50 6707900
20070206 706.50 711.50 704.00 705.50 8323000
20070207 709.50 719.00 703.00 713.50 8085900
20070208 705.00 708.00 698.00 702.00 10000800
20070209 708.50 709.50 700.00 705.50 5742200
20070212 700.00 703.50 696.50 699.50 3572800
20070213 701.50 701.50 686.50 688.00 10871500
20070214 691.00 698.00 687.50 697.50 5531700
20070215 698.00 698.50 688.50 693.50 13783200
20070216 695.00 698.50 691.00 692.50 8331400
20070219 692.50 696.00 689.00 694.00 3596800
20070220 694.00 695.50 685.00 687.00 5801300
20070221 686.50 692.00 685.00 685.50 8119900
20070222 694.00 699.00 688.50 690.00 12955700
20070223 693.50 693.50 684.50 688.00 11101600
20070226 691.00 705.00 686.00 689.00 12240200
20070227 685.00 688.00 673.50 675.50 16326900
20070228 668.50 682.50 663.50 675.00 14832100
20070301 677.00 686.50 657.50 667.00 15507800
20070302 666.50 681.50 662.00 677.00 17226400
20070305 667.00 671.00 654.00 659.50 9935800
20070306 660.00 667.50 654.50 664.00 12612200
20070307 662.50 683.50 662.50 681.00 19032500
20070308 681.00 692.00 675.50 678.00 19475900
20070309 678.00 699.00 670.00 691.50 28018400
20070312 695.00 695.00 678.00 679.50 19767200
20070313 683.50 683.50 669.50 674.00 11783800
20070314 665.00 685.00 651.00 673.50 24887300
20070315 680.00 693.00 676.50 685.00 9405400
20070316 682.00 702.00 675.50 690.00 16115100
20070319 697.00 697.00 679.50 682.00 10206900
20070320 683.00 683.00 670.00 672.50 8903600
20070321 670.50 678.00 663.00 671.50 20059500
20070322 680.00 683.00 673.00 681.50 10583800
20070323 683.50 683.50 670.50 674.50 8344900
20070326 676.50 685.50 672.00 675.50 11219200
20070327 675.50 692.00 670.00 673.00 12175000
20070328 673.50 692.00 666.00 672.00 18119000
20070329 672.50 686.50 672.50 680.50 14404500
20070330 676.50 683.00 672.50 676.50 10882700
20070402 676.00 694.00 676.00 694.00 17707100
20070403 695.00 706.50 692.00 700.00 12663000
20070404 699.00 702.50 688.50 695.00 19079900
20070405 696.00 696.00 687.00 690.50 7870300
20070406 690.50 690.50 690.50 690.50 0
20070409 690.50 690.50 690.50 690.50 0
20070410 690.00 696.00 681.50 695.00 18573400
20070411 700.00 719.50 695.00 715.00 47406400
20070412 713.00 717.50 704.00 715.50 16969400
20070413 715.00 723.50 710.50 721.00 15532100
20070416 722.50 732.50 715.50 730.00 20694500
20070417 728.00 734.00 717.00 721.00 16125500
20070418 717.50 724.00 712.00 712.50 11663400
20070419 707.00 715.00 705.00 714.00 10517300
20070420 714.50 724.00 712.50 720.00 17832000
20070423 720.00 721.00 709.00 709.00 11039400
20070424 714.00 719.00 710.00 713.00 15616500
20070425 718.00 733.00 716.50 728.50 59922300
20070426 730.00 750.00 730.00 741.00 30962600
20070427 740.00 759.00 732.50 736.50 15531500
20070430 740.00 745.50 734.50 742.00 12696900
20070501 747.00 748.50 735.00 746.00 7969200
20070502 751.50 751.50 736.00 738.50 12371700
20070503 737.00 737.50 728.50 731.00 22190600
20070504 731.00 744.50 728.50 739.50 8526400
20070507 739.50 739.50 739.50 739.50 0
20070508 738.00 738.00 726.50 730.00 6331200
20070509 738.00 738.00 722.50 731.00 8529600
20070510 730.00 738.00 720.00 730.50 13161200
20070511 729.50 734.00 718.00 731.50 11973000
20070514 734.50 734.50 722.00 726.50 7123300
20070515 723.00 739.00 723.00 735.00 17647300
20070516 730.00 750.50 730.00 749.00 34367900
20070517 748.50 756.50 739.00 741.00 13407000
20070518 736.00 746.00 732.00 743.50 18680800
20070521 742.50 745.00 735.00 738.50 17059300
20070522 719.50 724.00 700.00 703.50 60505800
20070523 707.50 718.00 703.00 714.00 28138900
20070524 707.00 717.50 706.50 709.50 21163200
20070525 707.00 714.50 707.00 710.50 7938200
20070528 710.50 710.50 710.50 710.50 0
20070529 714.00 723.00 707.00 721.00 8113900
20070530 708.50 713.00 702.50 711.00 6700200
20070531 712.50 720.00 696.00 699.00 19348000
20070601 699.00 699.00 699.00 699.00 0
20070604 699.00 706.50 698.00 701.00 9654800
20070605 698.00 703.50 689.50 693.00 9701000
20070606 690.00 690.50 662.00 674.00 26646200
20070607 677.50 680.00 659.50 663.00 17748700
20070608 660.50 670.50 654.50 664.50 16441200
20070611 665.50 673.00 664.00 668.50 8915900
20070612 675.00 678.00 665.00 667.50 19769400
20070613 667.50 683.00 663.00 679.50 21547300
20070614 689.00 693.00 684.00 691.50 11988200
20070615 698.00 700.50 694.00 699.50 15180500
20070618 704.50 704.50 660.00 687.50 15787500
20070619 686.00 691.00 660.50 670.00 20283800
20070620 675.00 675.50 656.50 658.00 24695800
20070621 653.00 656.50 639.50 650.00 34346200
20070622 651.00 655.50 641.50 642.50 15371900
20070625 641.00 650.50 637.50 649.00 11718100
20070626 649.00 651.00 641.00 643.50 18176300
20070627 638.50 642.00 622.50 628.00 26749300
20070628 634.50 634.50 626.50 629.00 26235500
20070629 632.00 632.00 621.50 628.00 17939300
20070702 625.00 628.00 622.50 624.00 16498900
20070703 625.50 634.50 625.50 631.00 14373800
20070704 632.00 641.00 631.00 637.00 19653900
20070705 637.00 641.00 624.50 626.00 17276700
20070706 623.50 629.00 615.00 628.00 21883600
20070709 630.00 636.00 622.00 632.50 16635400
20070710 645.00 657.00 635.00 641.50 39846800
20070711 638.50 646.00 630.00 640.00 18030900
20070712 640.00 648.00 636.00 647.00 10300400
20070713 649.00 659.00 649.00 657.00 17111900
20070716 654.50 670.00 650.50 652.50 15708400
20070717 649.00 656.00 649.00 651.50 11252200
20070718 649.00 649.50 640.50 641.00 17438900
20070719 649.00 649.00 642.00 645.00 17397200
20070720 647.00 650.00 644.50 645.50 12799800
20070723 645.00 653.50 645.00 653.00 8557900
20070724 648.50 653.00 642.00 644.00 27775700
20070725 643.50 646.00 638.00 641.50 19836900
20070726 640.00 640.50 609.00 615.50 28646500
20070727 608.00 626.00 608.00 612.50 22414500
20070730 611.50 619.00 607.50 614.50 12427700
20070731 615.50 633.00 615.50 632.00 18469500
20070801 620.00 623.00 613.00 614.50 16421300
20070802 618.00 639.50 614.50 635.50 24662600
20070803 635.50 646.50 623.50 623.50 19594300
20070806 614.00 635.00 614.00 629.00 15295400
20070807 641.00 643.00 631.00 637.00 19648300
20070808 639.00 641.50 630.00 632.50 26690200
20070809 627.50 630.50 615.00 617.00 31027500
20070810 612.50 615.50 590.00 608.00 22610200
20070813 612.00 619.50 610.00 618.00 15534600
20070814 615.50 634.00 610.00 615.50 17341000
20070815 612.50 616.00 607.00 610.50 11952100
20070816 598.00 603.00 586.00 587.50 20542000
20070817 585.00 616.00 582.50 602.50 20002600
20070820 602.00 609.00 598.50 599.00 11361200
20070821 600.00 606.00 580.50 585.50 10552800
20070822 585.50 605.00 585.50 603.00 12640000
20070823 607.00 610.00 598.50 604.50 11803500
20070824 601.00 615.50 598.00 614.50 14515800
20070827 614.50 614.50 614.50 614.50 0
20070828 612.00 618.00 606.00 606.50 15248900
20070829 600.50 618.50 600.50 615.50 15408400
20070830 623.50 625.00 613.50 623.00 13859500
20070831 627.00 632.50 617.50 625.00 12571800
20070903 625.50 628.50 622.50 623.50 6658900
20070904 618.50 623.50 612.50 622.50 7629100
20070905 617.50 622.50 609.50 614.00 11164800
20070906 619.00 625.00 612.50 623.00 15132800
20070907 621.00 625.00 612.50 614.00 10516700
20070910 613.50 616.50 597.00 602.00 12113600
20070911 606.00 614.00 601.00 614.00 7098200
20070912 612.50 615.50 608.00 610.00 4447000
20070913 610.50 617.00 604.50 613.50 8986600
20070914 607.00 608.00 586.00 597.00 30942600
20070917 594.00 595.50 567.00 574.50 20776300
20070918 574.00 584.00 564.00 570.50 30704600
20070919 585.00 593.50 583.00 587.50 17593700
20070920 586.00 588.50 561.00 564.00 22119800
20070921 564.50 579.00 563.50 567.00 30355300
20070924 566.50 601.50 566.50 592.00 23292800
20070925 592.50 597.00 579.00 583.00 14183800
20070926 585.00 595.50 583.50 588.50 12106100
20070927 590.50 627.50 589.50 612.50 26149300
20070928 611.00 622.50 608.00 615.50 22062500
20071001 614.00 630.50 611.50 625.50 12090000
20071002 629.00 638.50 621.50 627.50 17836100
20071003 632.00 639.50 629.50 633.00 15737700
20071004 631.00 648.50 629.00 640.00 15660900
20071005 644.50 645.00 633.50 640.00 11769000
20071008 639.00 643.50 635.50 636.00 5508600
20071009 637.00 647.50 634.00 643.50 14943600
20071010 648.00 653.00 640.00 645.00 18364900
20071011 645.50 649.50 635.00 639.00 12349400
20071012 635.00 637.50 623.00 629.00 12465900
20071015 627.00 633.50 619.50 620.00 5643200
20071016 622.00 627.50 615.00 620.00 9134000
20071017 624.50 638.00 621.50 636.00 14169700
20071018 636.00 641.50 620.00 625.50 11050400
20071019 627.50 627.50 607.50 610.50 16100900
20071022 597.50 615.50 594.50 612.00 13123400
20071023 618.00 629.00 614.00 615.50 19055700
20071024 615.50 629.50 613.00 617.50 14861200
20071025 621.00 630.00 619.00 630.00 19179100
20071026 629.00 633.00 623.00 628.00 16852500
20071029 631.50 642.00 626.50 642.00 8236600
20071030 638.50 651.00 636.50 646.50 21818100
20071031 647.00 655.00 646.50 652.00 16097700
20071101 649.50 654.50 634.50 640.00 9921600
20071102 633.50 644.50 630.50 644.00 9905000
20071105 634.50 637.50 629.00 632.00 12141800
20071106 640.00 664.50 625.00 653.00 25044300
20071107 656.50 669.00 638.50 648.00 16837200
20071108 644.00 654.50 632.00 636.50 15493700
20071109 637.50 642.00 621.50 633.50 9439400
20071112 631.00 645.50 629.00 644.00 11567600
20071113 640.00 652.50 637.00 646.00 12654800
20071114 645.00 653.00 639.50 648.00 14694300
20071115 645.50 659.50 630.00 631.50 11610300
20071116 629.00 634.50 614.00 619.00 15283600
20071119 619.50 626.50 596.00 598.00 14065300
20071120 600.00 611.00 592.00 608.00 15500000
20071121 598.50 605.50 576.00 585.00 15453900
20071122 590.50 592.00 572.00 588.00 13055100
20071123 587.00 611.00 585.50 611.00 9571100
20071126 619.00 628.00 609.00 614.00 11216900
20071127 614.00 614.00 584.50 597.00 18371200
20071128 602.00 612.50 586.50 609.00 17393300
20071129 615.00 617.00 584.00 594.50 26503000
20071130 596.50 596.50 577.00 583.50 24994500
20071203 582.50 595.50 580.50 589.00 10708500
20071204 589.50 595.00 573.50 583.00 11391700
20071205 586.00 602.50 586.00 600.50 13263600
20071206 597.00 620.00 578.00 589.00 17764500
20071207 594.50 603.50 593.00 596.00 7411100
20071210 595.00 603.00 591.00 598.00 5775000
20071211 602.00 608.00 588.50 590.50 6056600
20071212 583.00 596.50 579.50 593.00 9395800
20071213 587.50 588.00 568.00 570.00 15450800
20071214 581.00 582.00 562.50 569.50 9758600
20071217 562.00 568.50 541.50 548.50 11836700
20071218 547.00 562.50 542.50 545.50 13340600
20071219 546.00 550.00 540.00 543.50 8591900
20071220 547.00 555.00 542.00 550.00 8367100
20071221 553.00 562.50 542.50 544.00 16399300
20071224 540.00 553.50 540.00 550.00 1820500
20071225 550.00 550.00 550.00 550.00 0
20071226 550.00 550.00 550.00 550.00 0
20071227 554.00 558.00 547.50 550.00 5965900
20071228 547.50 557.50 546.00 555.50 4163900
20071231 550.50 560.00 547.50 560.00 1964400
20080101 560.00 560.00 560.00 560.00 0
20080102 556.00 572.50 552.00 560.50 12774200
20080103 553.00 560.50 535.50 542.50 15151700
20080104 537.00 540.00 516.50 518.00 16734100
20080107 513.00 513.00 492.50 498.50 25915500
20080108 500.00 508.50 492.00 503.50 24145700
20080109 430.00 436.25 398.00 409.25 93815000
20080110 418.00 420.50 391.50 395.00 55378200
20080111 395.00 404.25 382.00 399.00 55322600
20080114 396.00 407.50 395.25 402.50 29066200
20080115 399.00 401.50 386.75 387.75 27758300
20080116 385.00 396.50 372.75 387.00 24734600
20080117 393.00 407.00 390.00 399.25 30583800
20080118 400.00 428.00 396.50 414.50 54049500
20080121 404.50 414.75 399.25 408.50 31519200
20080122 394.00 435.50 394.00 432.00 36639900
20080123 440.50 440.50 415.50 418.50 30286300
20080124 429.25 445.50 427.00 445.00 26917900
20080125 442.00 446.50 429.75 434.00 20877600
20080128 425.75 436.25 424.00 435.00 16367100
20080129 439.75 441.50 430.75 435.00 14567400
20080130 430.25 438.50 428.75 432.50 7979100
20080131 429.25 445.00 425.00 444.00 16447500
20080201 446.00 454.00 431.00 434.50 24130500
20080204 438.50 438.50 427.25 432.00 27539500
20080205 427.50 431.75 418.75 422.25 21818700
20080206 416.25 431.00 416.25 429.25 17916500
20080207 428.75 428.75 413.50 418.00 20644600
20080208 422.50 423.00 416.50 419.00 16600700
20080211 417.75 417.75 410.00 415.00 12617800
20080212 419.00 420.25 411.00 420.00 21615800
20080213 414.75 417.50 406.50 411.00 28227200
20080214 414.50 418.00 398.75 404.00 32970500
20080215 405.00 411.25 396.25 397.25 25756100
20080218 401.00 405.00 394.25 404.00 18709600
20080219 401.00 416.25 398.25 413.00 18184900
20080220 406.25 415.25 404.00 414.00 21185600
20080221 415.75 425.00 415.00 417.50 22781900
20080222 414.00 414.00 395.25 398.50 22168700
20080225 400.50 411.75 395.75 409.50 13844000
20080226 410.00 412.75 401.75 407.25 17438600
20080227 410.00 417.50 402.25 414.50 20641400
20080228 412.00 417.75 401.25 402.00 11419400
20080229 402.00 404.50 395.50 402.75 18501300
20080303 399.50 402.25 395.00 397.50 13817000
20080304 400.00 404.00 388.25 393.00 23690200
20080305 396.00 402.25 392.75 401.25 15237400
20080306 401.50 402.00 388.75 389.75 10310400
20080307 386.00 390.50 376.00 378.00 22633600
20080310 376.00 381.75 365.75 375.00 16598600
20080311 376.75 391.50 371.00 385.25 19461600
20080312 391.75 399.50 381.00 384.00 16672500
20080313 375.25 378.00 365.50 374.75 24393800
20080314 374.00 378.50 360.75 367.00 17095700
20080317 355.00 361.00 352.00 356.00 23087700
20080318 361.25 380.50 359.00 379.50 20716700
20080319 376.00 384.00 361.50 378.50 21549300
20080320 373.50 393.50 373.00 387.00 22399700
20080321 387.00 387.00 387.00 387.00 0
20080324 387.00 387.00 387.00 387.00 0
20080325 396.00 398.75 387.50 394.50 26172600
20080326 396.75 401.25 391.50 399.50 14988600
20080327 397.75 415.50 395.00 408.75 15313400
20080328 409.25 409.25 393.00 396.25 17830300
20080331 393.00 394.75 383.00 387.25 14692700
20080401 387.00 408.00 385.00 406.00 16799200
20080402 408.50 420.00 393.50 398.50 13606500
20080403 400.50 400.75 385.50 392.50 9581200
20080404 395.00 396.00 383.25 385.75 12476900
20080407 391.00 395.25 387.75 391.75 8454300
20080408 387.25 390.00 377.75 379.50 11230200
20080409 378.50 381.00 372.50 373.50 8713100
20080410 372.00 374.50 361.50 367.25 17084800
20080411 371.75 373.75 358.50 362.00 10939400
20080414 359.00 361.00 350.50 352.25 11661700
20080415 353.25 361.50 350.50 355.25 15580600
20080416 358.25 371.25 351.00 371.25 14443500
20080417 371.00 374.25 354.75 360.25 11848800
20080418 360.50 374.25 360.50 372.25 15602700
20080421 372.00 376.50 364.00 369.50 11434500
20080422 366.00 369.50 355.00 357.25 9637600
20080423 359.75 364.00 355.00 363.75 10164400
20080424 363.75 363.75 352.00 362.00 8735400
20080425 363.75 368.00 357.25 360.50 11917900
20080428 361.00 378.25 358.75 375.25 12988100
20080429 375.50 378.75 363.25 368.50 10522000
20080430 369.50 383.75 368.25 380.50 13834800
20080501 379.75 381.75 373.75 381.00 3220900
20080502 385.00 407.50 384.75 399.00 24218800
20080506 394.25 395.75 382.75 385.75 12251400
20080507 385.25 398.75 384.25 395.50 9369900
20080508 395.50 412.75 395.00 411.00 16855900
20080509 409.00 414.25 397.25 398.75 9840700
20080512 400.00 415.25 400.00 405.50 10423900
20080513 409.25 412.50 394.50 398.50 13867200
20080514 399.25 400.00 389.25 394.00 10689500
20080515 391.25 404.50 385.25 401.75 12425100
20080516 406.25 418.75 402.25 415.00 14727100
20080519 415.50 423.50 409.00 417.00 13856100
20080520 420.25 432.25 394.00 396.00 31065000
20080521 396.50 400.75 390.50 393.50 11370200
20080522 391.00 399.75 387.00 396.50 8115400
20080523 397.25 397.75 390.25 393.50 11183700
20080527 394.00 398.00 386.75 395.75 16690600
20080528 384.75 385.25 379.75 381.00 11445200
20080529 381.00 381.00 372.25 375.25 11088200
20080530 376.75 383.75 372.00 380.00 13264700
20080602 377.00 378.50 371.00 376.50 10219700
20080603 376.25 382.50 372.25 379.75 8706800
20080604 380.00 383.50 370.50 380.50 8120000
20080605 382.25 394.50 381.25 392.00 11044000
20080606 392.25 395.25 376.50 379.25 13226200
20080610 366.50 368.25 357.50 360.25 17492200
20080611 360.00 360.75 338.25 348.25 27706800
20080612 346.50 358.00 337.75 354.00 16495600
20080613 352.00 362.25 345.50 358.75 7673100
20080616 358.25 364.00 355.25 360.25 7389900
20080617 360.25 367.25 359.25 360.00 8367500
20080618 358.00 361.25 337.00 341.25 27460200
20080619 337.25 350.00 335.00 342.00 16317300
20080620 343.25 347.50 332.25 339.25 17529900
20080623 336.75 343.50 333.75 339.50 10226100
20080624 341.25 347.00 325.75 332.75 17262000
20080625 332.25 352.25 330.75 350.25 19162000
20080626 345.75 346.75 338.50 338.50 25308700
20080627 337.50 340.25 332.50 335.25 13868900
20080630 333.75 337.00 323.50 328.50 12876300
20080701 325.25 330.50 310.50 318.00 17499600
20080702 268.75 270.00 238.00 240.00 116613504
20080703 235.50 240.75 229.50 236.00 35246900
20080704 225.50 235.00 221.00 227.00 50469700
20080707 228.25 230.00 212.00 217.00 38392200
20080708 212.00 233.00 210.25 231.50 38835500
20080709 228.00 237.75 228.00 234.00 20483300
20080710 230.75 244.50 225.00 240.25 34692700
20080711 240.25 246.00 225.25 227.25 29369800
20080714 231.75 240.25 227.00 232.25 16544000
20080715 231.00 236.00 225.50 232.50 19299000
20080716 232.50 243.75 228.25 239.75 17665700
20080717 245.25 264.25 245.25 255.75 33863000
20080718 253.00 269.00 251.50 267.50 19514400
20080721 266.00 267.25 258.25 264.50 11158100
20080722 262.00 262.00 249.50 258.75 11617300
20080723 263.75 272.25 262.25 269.75 17665000
20080724 272.00 273.50 256.00 259.50 19294100
20080725 253.75 262.00 232.75 259.75 18134300
20080728 259.75 259.75 249.25 250.00 9795400
20080729 248.75 266.00 235.75 262.75 11960800
20080730 265.50 267.50 255.25 259.75 12339900
20080731 257.25 261.25 252.50 258.50 12535500
20080801 256.75 269.00 255.00 263.25 8475700
20080804 261.50 267.75 259.50 262.50 8340400
20080805 265.00 280.00 263.00 280.00 16483700
20080806 284.50 294.50 276.00 284.00 29583300
20080807 282.50 287.50 275.75 283.00 18995500
20080808 282.00 288.00 279.50 287.00 8664400
20080811 288.75 307.00 282.50 304.00 17628800
20080812 305.25 305.25 291.75 296.00 12046900
20080813 294.00 294.00 265.00 266.25 23770000
20080814 267.50 273.50 260.75 265.75 14440800
20080815 268.50 276.75 267.00 276.00 14752400
20080818 276.00 276.25 269.00 272.25 7576100
20080819 269.50 274.00 255.25 255.75 14286000
20080820 255.50 258.75 247.00 252.00 10220300
20080821 248.25 251.25 242.25 246.00 9638300
20080822 246.25 256.25 242.50 255.75 14214300
20080826 251.25 253.25 242.75 250.50 10829100
20080827 250.50 250.50 241.25 245.75 9216200
20080828 246.00 258.50 242.75 255.25 16945200
20080829 257.00 263.00 250.50 262.25 14453100
20080901 258.50 262.00 252.50 260.50 6437500
20080902 261.00 272.00 256.00 265.00 15067300
20080903 261.25 264.25 254.00 261.00 11624600
20080904 260.00 264.75 247.00 247.00 8138800
20080905 245.00 249.25 240.75 244.00 16471400
20080908 255.00 261.00 255.00 260.75 8594000
20080909 259.50 270.25 255.50 258.00 25555700
20080910 256.00 256.00 244.25 247.75 20278400
20080911 247.50 249.00 237.00 240.00 22300200
20080912 243.75 248.50 237.25 248.00 15881200
20080915 244.00 245.00 235.50 243.25 19136300
20080916 237.00 250.50 229.00 235.50 26436600
20080917 235.00 242.75 225.25 226.75 35642400
20080918 230.00 243.25 222.25 232.00 28736700
20080919 252.00 256.75 239.50 244.75 22151700
20080922 244.00 247.75 236.00 237.50 15218200
20080923 233.50 237.25 226.00 233.00 23934900
20080924 239.00 239.00 227.25 231.25 15299000
20080925 225.25 232.00 220.75 228.00 32007900
20080926 224.75 225.75 219.00 221.00 18886400
20080929 215.00 221.00 206.00 208.25 14433700
20080930 200.00 216.75 191.90 201.50 35318700
20081001 204.25 218.00 202.50 210.25 22402500
20081002 226.00 238.00 219.25 227.25 38150700
20081003 232.50 240.25 226.00 239.50 29959200
20081006 222.50 242.50 222.50 228.00 11933700
20081007 235.00 240.00 216.75 229.50 18514100
20081008 217.50 257.00 216.00 220.50 32135400
20081009 226.50 236.75 221.75 226.75 14639100
20081010 203.00 228.00 201.50 218.00 23037700
20081013 228.00 234.75 220.50 231.50 14688700
20081014 240.00 244.00 219.00 226.75 12843800
20081015 226.00 229.75 214.00 222.00 19594800
20081016 212.00 219.75 206.25 210.00 15831100
20081017 218.25 224.50 206.50 221.75 24388100
20081020 228.25 231.25 211.25 221.00 13815200
20081021 228.25 235.00 220.50 227.00 9224100
20081022 220.00 224.00 214.50 220.50 17002700
20081023 223.50 232.25 213.50 221.75 12688200
20081024 211.00 216.25 197.00 214.75 20692000
20081027 205.00 228.25 204.50 224.25 14392200
20081028 225.25 228.50 214.00 219.75 14213100
20081029 230.00 235.00 216.75 223.50 18061800
20081030 229.25 234.75 220.25 230.50 13391600
20081031 224.75 230.00 217.75 219.00 15879900
20081103 220.75 226.00 214.25 221.50 19663600
20081104 237.50 246.50 225.00 238.50 41491100
20081105 240.75 248.75 231.50 244.75 18364900
20081106 238.75 263.50 231.75 252.75 39010400
20081107 257.00 263.00 252.25 260.25 28546100
20081110 265.00 269.50 253.75 255.75 15941000
20081111 252.00 258.50 248.00 255.25 16093300
20081112 251.50 251.50 234.75 235.75 16877700
20081113 231.00 244.00 224.75 228.75 16224200
20081114 239.00 239.00 216.75 220.00 20382900
20081117 217.25 224.25 211.50 215.50 12258800
20081118 215.25 217.75 205.75 211.25 13988800
20081119 211.75 214.25 198.50 200.00 23345400
20081120 194.70 209.00 194.30 206.50 24722700
20081121 205.50 210.25 200.50 204.25 12363700
20081124 207.50 220.75 202.25 218.25 16587200
20081125 217.25 227.00 207.50 219.25 16273900
20081126 218.50 228.00 210.75 214.50 13215600
20081127 217.00 222.75 212.25 221.25 6529000
20081128 223.00 225.75 218.25 225.75 10106400
20081201 225.00 227.25 213.50 220.75 13465100
20081202 218.50 227.00 215.25 224.75 9393800
20081203 227.00 227.00 213.25 222.25 11325800
20081204 222.25 229.75 218.25 220.50 15215600
20081205 219.00 224.50 211.75 213.75 8853400
20081208 225.00 235.00 222.25 231.75 14006300
20081209 228.75 247.00 226.00 243.50 11857100
20081210 245.75 245.75 226.50 231.25 13885200
20081211 227.75 234.50 219.25 232.00 11250800
20081212 224.00 228.00 218.75 223.75 7576800
20081215 225.25 230.50 222.25 228.25 6244100
20081216 230.75 231.50 223.25 227.50 7633700
20081217 229.75 230.75 222.25 227.50 11102300
20081218 224.75 225.25 217.50 224.25 9233400
20081219 220.50 229.00 220.00 225.75 10960600
20081222 226.00 226.00 210.50 220.75 11760000
20081223 221.75 223.00 213.00 213.25 9583600
20081224 217.25 217.75 210.00 213.25 1227300
20081229 212.00 217.00 207.50 210.00 4642700
20081230 210.75 217.25 209.50 214.00 5593200
20081231 219.00 219.00 210.75 214.75 1211700
20090102 219.00 221.75 209.50 221.00 2662100
20090105 226.50 233.00 225.00 230.00 7198400
20090106 233.00 244.00 228.75 238.75 14438600
20090107 240.75 258.75 237.00 244.00 28582800
20090108 248.00 248.00 228.75 234.50 22561500
20090109 237.00 247.50 233.00 244.75 20007700
20090112 245.50 245.50 236.75 239.25 10397600
20090113 239.75 240.50 232.50 238.00 8159900
20090114 241.50 241.50 225.00 227.75 14520800
20090115 227.25 230.75 220.50 223.50 9404700
20090116 226.25 234.00 225.75 226.25 7758500
20090119 229.25 231.50 222.25 225.75 5911900
20090120 228.50 232.75 216.75 218.50 10823900
20090121 216.25 228.00 214.75 222.25 12245400
20090122 224.75 228.50 220.25 221.75 7566300
20090123 221.50 225.25 217.75 223.50 6790800
20090126 224.00 227.50 219.25 225.75 6096300
20090127 227.25 227.75 221.75 226.25 6650500
20090128 228.50 242.00 228.50 237.50 14913600
20090129 236.25 237.50 227.75 232.00 9165100
20090130 232.00 235.25 228.25 231.00 8408800
20090202 230.00 233.25 223.25 226.50 7224400
20090203 227.75 236.50 223.00 234.00 11925400
20090204 234.50 249.50 234.50 247.00 18078000
20090205 244.25 256.00 241.75 255.25 17072600
20090206 257.00 273.00 255.00 269.50 23090000
20090209 269.75 272.75 258.75 267.50 16755600
20090210 265.00 266.50 258.00 260.25 19758000
20090211 257.75 265.00 253.00 263.50 9830400
20090212 260.00 262.00 254.00 258.00 10254400
20090213 262.75 270.00 262.50 266.25 14988300
