20050801 519.00 529.00 512.50 520.00 12134900
20050802 517.50 533.50 514.00 533.50 19709800
20050803 535.00 535.00 525.00 529.50 10554600
20050804 531.00 531.00 525.00 525.50 11368500
20050805 523.00 541.00 523.00 527.00 9372400
20050808 525.00 528.50 524.50 525.00 5623100
20050809 523.00 525.50 515.00 522.50 11810700
20050810 524.00 525.00 521.50 523.50 14980700
20050811 522.00 522.50 515.00 515.00 7407300
20050812 518.00 518.00 510.00 511.00 8931100
20050815 513.00 522.50 510.00 517.50 16803600
20050816 518.00 522.00 513.00 517.50 9340300
20050817 514.00 515.00 510.00 512.00 10640200
20050818 514.00 516.00 510.00 513.00 19004700
20050819 516.00 516.50 511.00 516.50 12120200
20050822 518.00 518.00 512.00 512.00 8437700
20050823 512.50 515.50 510.50 514.50 9637100
20050824 515.00 524.50 512.00 520.50 17423900
20050825 518.00 527.50 517.00 525.50 14047100
20050826 525.50 529.00 523.50 525.00 10736500
20050829 525.00 525.00 525.00 525.00 0
20050830 526.50 530.50 517.00 518.50 8870400
20050831 521.50 525.50 519.50 524.00 8980400
20050901 524.50 529.00 521.00 527.00 13645700
20050902 529.00 539.00 526.00 537.50 19109800
20050905 537.00 549.50 537.00 549.00 23262700
20050906 556.00 566.00 551.00 561.00 25299800
20050907 555.50 562.50 546.50 550.00 17574500
20050908 553.50 555.00 540.50 544.00 13129400
20050909 543.50 546.00 539.00 544.00 5563400
20050912 549.00 559.50 539.50 547.00 20236200
20050913 548.50 548.50 542.50 545.50 15561800
20050914 544.00 550.00 544.00 549.00 17926500
20050915 547.00 551.00 545.50 548.00 14942100
20050916 545.50 550.00 544.00 547.50 16315400
20050919 543.50 550.50 541.50 548.50 7816100
20050920 551.00 552.00 543.00 546.50 6715500
20050921 540.50 547.00 540.50 544.50 20925200
20050922 545.50 545.50 541.00 543.00 13792300
20050923 549.00 550.00 537.00 549.00 7494900
20050926 548.00 553.00 544.00 547.50 5279200
20050927 547.50 547.50 539.50 543.50 18304200
20050928 547.00 549.00 542.50 544.00 8898300
20050929 540.50 544.50 533.00 536.50 10574500
20050930 542.00 542.00 528.50 531.50 16998700
20051003 535.00 539.50 531.00 535.00 12138700
20051004 537.50 542.00 531.00 537.50 13987100
20051005 537.00 541.00 531.50 533.50 7706400
20051006 530.00 532.50 523.50 526.50 9680100
20051007 527.00 532.50 527.00 531.50 9253900
20051010 532.50 534.00 529.00 530.50 7415500
20051011 529.00 533.00 527.00 529.50 12500000
20051012 525.50 531.50 520.00 523.50 20503500
20051013 522.00 522.50 511.00 514.00 18686800
20051014 517.00 517.00 505.00 512.50 16325000
20051017 514.50 521.50 510.00 518.00 14657100
20051018 519.00 519.00 510.50 515.50 9935800
20051019 515.50 515.50 501.50 503.50 12061100
20051020 513.50 514.50 501.00 504.50 11091800
20051021 500.50 520.50 500.00 506.50 13225800
20051024 510.00 515.50 506.00 514.00 10025100
20051025 517.00 522.50 512.00 512.50 11606700
20051026 512.50 512.50 501.50 503.50 14042800
20051027 502.00 504.50 497.50 504.50 11496600
20051028 505.50 517.00 502.00 514.50 15613400
20051031 517.00 520.00 514.50 516.50 15410300
20051101 515.50 521.50 512.50 516.50 11951900
20051102 514.00 518.50 507.00 518.50 8912500
20051103 522.00 525.50 511.00 515.00 9941800
20051104 511.00 522.00 511.00 520.50 5513000
20051107 527.00 532.00 521.50 526.00 8355500
20051108 529.00 529.00 514.00 517.50 19426400
20051109 523.00 527.00 520.00 524.50 21168600
20051110 529.00 531.50 524.00 527.50 16481400
20051111 532.00 535.00 527.50 528.50 14728600
20051114 533.50 538.00 528.00 536.50 18172100
20051115 537.50 538.00 530.50 532.00 15633500
20051116 534.00 535.50 527.50 534.00 6372400
20051117 536.50 542.00 536.00 538.00 12719600
20051118 539.00 552.00 539.00 545.00 19930200
20051121 549.50 553.50 545.00 546.50 5254000
20051122 545.50 547.50 542.00 547.50 10135500
20051123 547.50 556.50 545.00 552.50 6116500
20051124 555.00 555.00 547.00 548.50 7429400
20051125 550.50 555.50 550.50 554.50 4090700
20051128 555.00 558.50 548.50 550.00 16047900
20051129 550.00 555.00 545.50 550.00 25997000
20051130 545.50 545.50 536.00 536.00 10224400
20051201 538.50 548.00 535.50 546.00 10323500
20051202 546.00 549.50 541.50 544.50 7067000
20051205 543.00 548.50 541.50 542.50 4362300
20051206 541.50 546.50 538.00 543.50 6864600
20051207 543.00 543.50 538.00 541.50 13608500
20051208 539.00 548.50 535.00 548.00 11106200
20051209 547.00 549.50 542.00 544.50 7165000
20051212 547.00 556.50 545.00 552.00 8929000
20051213 552.50 561.00 552.00 557.50 10357500
20051214 560.00 560.00 552.00 554.00 9709700
20051215 555.50 559.50 545.50 548.00 16075400
20051216 546.50 560.00 546.50 556.00 13920800
20051219 556.00 560.00 554.50 558.00 11715400
20051220 558.00 565.50 556.50 562.00 15586600
20051221 564.00 574.00 564.00 572.50 14643500
20051222 571.50 573.50 566.50 573.50 7615800
20051223 572.00 573.50 562.50 563.50 3559400
20051226 563.50 563.50 563.50 563.50 0
20051227 563.50 563.50 563.50 563.50 0
20051228 577.00 577.00 567.00 570.00 4617100
20051229 568.00 570.50 567.50 569.00 1965000
20051230 573.50 574.50 563.00 568.50 1446100
20060102 568.50 568.50 568.50 568.50 0
20060103 575.50 578.00 568.50 569.00 17852300
20060104 572.00 572.00 567.00 569.00 9832400
20060105 571.50 571.50 563.50 565.50 17284900
20060106 568.50 569.00 560.50 563.00 11024300
20060109 565.00 565.00 554.00 554.50 22532000
20060110 555.50 562.00 548.00 554.00 32243500
20060111 559.00 560.50 553.50 557.50 11592500
20060112 559.50 561.50 555.50 558.50 10436700
20060113 558.50 560.00 548.50 551.00 10934700
20060116 551.00 559.00 550.50 557.50 10684400
20060117 558.00 565.00 556.00 564.00 14775600
20060118 560.50 572.00 560.00 569.50 13050200
20060119 572.00 574.50 567.50 571.00 10302200
20060120 570.00 573.00 563.50 566.00 6570500
20060123 560.00 567.50 555.50 562.00 7202300
20060124 567.00 567.00 562.00 562.00 5913000
20060125 566.00 569.00 560.00 568.00 6338100
20060126 571.00 574.00 563.50 564.50 12192100
20060127 566.00 566.50 560.00 564.00 6280100
20060130 568.00 579.50 565.00 577.50 11336900
20060131 577.50 578.00 572.00 575.50 8166400
20060201 577.00 581.00 571.00 578.00 8854600
20060202 582.00 590.00 578.00 581.50 8948400
20060203 585.50 592.00 583.50 589.00 15058000
20060206 588.50 597.00 580.50 582.00 13846500
20060207 582.00 584.50 577.00 582.00 9452600
20060208 584.00 602.00 574.50 591.00 30007000
20060209 590.00 595.00 584.00 593.00 17082000
20060210 593.00 593.00 581.00 585.00 18477500
20060213 588.00 588.50 581.00 587.50 13904000
20060214 590.00 590.00 579.50 582.50 19084500
20060215 585.00 590.00 583.50 587.00 22095600
20060216 589.50 590.00 579.50 588.00 12529200
20060217 591.00 591.50 576.00 578.50 16273500
20060220 577.00 581.00 575.00 579.00 8963800
20060221 575.50 592.00 575.50 586.00 37962700
20060222 587.00 607.50 583.00 598.50 27415800
20060223 600.50 600.50 595.00 597.50 7505200
20060224 597.50 619.00 597.00 613.50 38899400
20060227 617.00 627.50 609.00 610.00 12836600
20060228 608.50 610.50 599.50 600.00 21621500
20060301 601.00 602.00 595.00 599.00 9145700
20060302 596.50 606.50 596.50 599.50 15084000
20060303 597.50 599.50 591.50 592.00 7421400
20060306 595.00 599.00 593.50 596.50 7701300
20060307 593.50 595.50 587.00 594.00 13947700
20060308 594.00 599.50 587.50 590.00 12768700
20060309 591.00 597.00 589.50 592.00 8819500
20060310 589.00 597.50 586.00 597.50 6248700
20060313 600.00 605.00 595.50 603.00 8271300
20060314 600.50 602.50 594.00 598.00 5914300
20060315 597.00 616.00 596.50 603.50 17693200
20060316 605.00 605.00 597.00 600.00 7092500
20060317 600.00 606.00 597.50 598.50 13858900
20060320 600.00 600.50 593.50 597.00 9624600
20060321 599.00 599.00 590.50 596.00 10286300
20060322 595.00 596.00 588.50 590.00 8357300
20060323 593.00 593.00 581.50 584.50 12405300
20060324 587.50 588.00 579.50 585.50 9098600
20060327 587.50 587.50 580.50 582.50 7461000
20060328 582.50 586.00 567.50 570.00 24545400
20060329 570.00 577.50 564.50 572.00 27528300
20060330 580.00 583.00 574.50 577.00 19519500
20060331 573.50 580.50 568.00 572.50 12568200
20060403 585.50 585.50 572.50 575.50 10860500
20060404 575.50 579.50 573.50 575.50 9793200
20060405 577.50 577.50 565.00 572.00 13499800
20060406 572.00 582.00 570.00 578.50 11341700
20060407 577.00 581.50 565.50 567.50 13380500
20060410 569.50 569.50 563.00 568.00 9029400
20060411 570.50 570.50 560.50 561.50 12310900
20060412 563.50 563.50 554.00 557.50 7435700
20060413 557.50 560.50 553.00 556.50 8877100
20060414 556.50 556.50 556.50 556.50 0
20060417 556.50 556.50 556.50 556.50 0
20060418 562.50 565.00 554.50 559.00 8862200
20060419 566.00 576.00 566.00 570.50 18434200
20060420 569.50 576.50 567.00 571.00 12675000
20060421 573.00 586.50 570.00 577.00 18286600
20060424 572.50 578.50 571.00 576.50 6890000
20060425 579.00 581.00 573.50 577.50 6631400
20060426 580.50 582.50 573.50 575.00 6264200
20060427 577.00 578.50 565.00 575.00 10865800
20060428 575.00 580.00 572.00 575.50 10862100
20060501 575.50 575.50 575.50 575.50 0
20060502 573.00 578.50 570.00 577.00 7658700
20060503 579.00 579.50 571.00 571.50 8282500
20060504 570.00 578.00 569.50 575.50 5509900
20060505 574.00 575.00 562.50 567.00 11790600
20060508 571.00 573.50 565.50 570.00 15361100
20060509 572.00 572.00 562.50 569.00 18880000
20060510 570.00 579.00 569.00 571.00 17780700
20060511 569.50 572.00 553.50 557.00 11448500
20060512 557.00 557.00 547.00 552.00 19464800
20060515 550.50 564.31 539.58 560.50 12623300
20060516 560.50 571.00 558.00 568.00 11606800
20060517 566.50 570.50 558.50 559.00 19602800
20060518 561.50 570.27 552.65 569.00 19184000
20060519 565.00 575.60 565.00 569.50 11501600
20060522 568.00 576.50 559.73 569.50 7237900
20060523 569.50 584.61 565.15 584.00 15784500
20060524 581.50 587.00 574.50 580.50 12100100
20060525 579.00 596.63 581.92 591.50 15204200
20060526 596.00 604.00 590.50 604.00 14169400
20060529 604.00 604.00 604.00 604.00 0
20060530 604.00 604.00 594.00 594.50 19223300
20060531 590.50 611.08 589.10 606.50 14470800
20060601 604.50 609.61 595.73 608.00 13543400
20060602 610.50 614.50 603.00 606.50 20565900
20060605 606.50 615.23 601.38 611.00 7749500
20060606 608.50 616.87 602.92 615.00 21233100
20060607 605.00 615.00 595.63 599.50 18293600
20060608 588.00 603.10 586.00 594.50 16521100
20060609 594.50 613.39 587.63 594.50 16658200
20060612 594.50 597.50 589.00 590.50 8287500
20060613 585.50 586.78 577.10 584.00 15484900
20060614 584.50 590.00 578.50 588.00 11474100
20060615 588.00 599.50 587.69 598.00 39295900
20060616 603.00 606.00 598.50 600.00 32244000
20060619 607.50 611.00 598.23 600.00 12198100
20060620 598.00 605.00 595.50 604.00 11412100
20060621 606.50 610.77 598.32 608.50 8457200
20060622 612.00 613.46 600.80 602.50 19004500
20060623 601.00 616.00 597.46 600.00 12510800
20060626 597.00 596.98 578.93 596.50 25639400
20060627 599.00 599.34 588.00 588.00 16786000
20060628 587.00 595.80 585.69 586.00 15338800
20060629 588.00 590.50 586.00 587.00 14295800
20060630 583.00 588.50 576.50 585.00 24996500
20060703 585.50 590.50 585.00 589.00 11740900
20060704 590.00 591.50 584.00 588.50 7740600
20060705 588.00 590.50 583.00 587.00 12560800
20060706 587.00 595.00 587.00 594.00 21361900
20060707 594.00 600.00 591.50 597.50 12072900
20060710 600.00 600.00 595.00 598.50 5747900
20060711 597.50 601.00 590.50 592.50 11639400
20060712 594.00 597.50 585.50 588.00 8086400
20060713 586.50 594.00 583.00 590.00 15940400
20060714 586.00 593.50 585.00 588.00 7991500
20060717 588.00 590.50 582.00 588.00 7032200
20060718 585.00 595.00 585.00 594.00 11177300
20060719 598.50 599.50 586.50 595.50 11894300
20060720 595.50 598.50 587.00 591.00 6908100
20060721 590.00 597.00 587.00 593.50 8982800
20060724 596.00 605.50 595.00 602.00 9869300
20060725 603.50 606.50 599.50 602.00 14612300
20060726 601.50 602.50 597.50 599.00 9712400
20060727 602.00 606.50 598.00 603.00 11994400
20060728 598.50 614.50 598.50 612.50 11611100
20060731 615.00 615.00 607.50 609.50 8842500
20060801 612.00 613.00 602.00 603.00 8079500
20060802 605.50 610.00 601.50 606.00 14269000
20060803 606.00 606.00 606.00 606.00 0
20060804 604.50 611.00 600.00 610.00 9522500
20060807 606.00 614.00 604.00 610.50 6959200
20060808 612.00 615.50 609.00 614.00 12658100
20060809 616.00 621.50 614.50 620.00 12524800
20060810 612.00 627.00 611.50 623.50 15431800
20060811 622.50 628.50 619.00 628.00 8455500
20060814 630.00 639.50 627.50 637.50 17456300
20060815 633.00 641.00 629.50 639.00 13189400
20060816 640.00 640.00 627.00 631.50 12324200
20060817 634.50 635.50 626.00 629.50 7488500
20060818 628.00 635.00 624.50 631.00 8898300
20060821 632.00 638.00 629.50 635.00 8317000
20060822 638.50 641.50 628.50 631.50 10308700
20060823 635.00 638.00 629.50 631.50 8157800
20060824 635.00 640.00 630.50 638.50 9005300
20060825 637.50 642.00 633.50 636.00 7858800
20060828 636.00 636.00 636.00 636.00 0
20060829 639.00 646.50 637.50 643.50 9883300
20060830 645.50 645.50 640.00 641.50 10684600
20060831 640.00 644.00 636.50 638.00 9234600
20060901 641.50 648.50 638.00 643.00 7657100
20060904 645.50 646.00 641.00 644.50 4884400
20060905 646.50 646.50 640.00 645.50 12176700
20060906 643.50 644.00 639.50 641.00 7856200
20060907 640.50 640.50 632.50 634.50 18160900
20060908 636.50 641.00 634.00 639.00 7838600
20060911 639.50 642.00 633.50 637.50 6327100
20060912 636.50 646.00 635.50 645.00 11868500
20060913 643.00 646.50 638.50 644.00 8580300
20060914 646.50 650.00 643.50 645.00 16066100
20060915 647.00 651.00 644.50 649.50 10451500
20060918 648.50 651.00 644.00 648.00 7242700
20060919 646.00 650.00 643.00 647.00 7576600
20060920 649.00 653.00 645.00 651.00 13574100
20060921 653.00 654.50 648.50 652.50 8165300
20060922 649.50 651.00 647.00 648.50 9355400
20060925 648.00 652.00 646.00 650.00 16361900
20060926 652.00 662.00 648.00 660.50 17661300
20060927 662.00 670.00 660.50 668.00 12844100
20060928 666.00 673.50 663.00 672.00 12603700
20060929 671.00 675.00 667.50 667.50 10925600
20061002 668.00 680.00 668.00 678.00 14209400
20061003 677.50 679.00 670.00 677.00 14196900
20061004 679.50 679.50 673.50 676.00 9918100
20061005 677.00 678.50 670.50 675.00 15364600
20061006 677.00 692.50 673.50 685.50 22093400
20061009 686.00 688.50 676.50 680.00 11097300
20061011 682.00 683.50 678.00 680.50 11892800
20061012 683.00 686.50 679.50 684.00 7307800
20061013 685.50 689.00 682.00 685.00 8196900
20061016 685.00 690.00 683.00 686.00 7329500
20061017 687.00 694.00 685.00 685.50 14512600
20061018 687.00 689.50 672.50 674.50 64960100
20061019 674.00 676.00 671.50 674.00 5127400
20061020 673.00 677.50 646.50 676.50 8096900
20061023 676.00 677.50 670.00 670.50 6082800
20061024 668.50 674.50 666.50 673.00 6187000
20061025 671.50 676.50 671.50 673.00 4993500
20061026 675.50 676.50 668.00 669.00 4203700
20061027 671.50 675.50 666.00 673.50 6153400
20061030 701.00 713.00 667.00 672.00 8679900
20061031 670.00 673.50 663.50 670.00 15070500
20061101 672.50 672.50 665.00 669.00 17163800
20061102 669.00 672.50 663.00 670.00 31572400
20061103 672.00 673.00 664.50 664.50 11409100
20061106 669.50 671.50 664.50 670.00 7926900
20061107 668.00 673.00 665.00 672.00 15435800
20061108 672.00 694.50 672.00 686.50 20739300
20061109 689.00 690.50 683.50 688.00 61082200
20061110 689.00 690.50 684.50 686.00 15737700
20061113 687.50 697.50 686.50 690.50 9245700
20061114 690.00 696.00 687.50 695.00 11874500
20061115 698.50 701.50 694.50 699.00 12808000
20061116 716.00 747.50 716.00 746.50 29904400
20061117 746.00 746.00 719.00 723.00 16233200
20061120 716.00 727.00 716.00 724.00 15485700
20061121 721.00 734.00 721.00 723.00 18706300
20061122 722.00 727.00 714.50 717.50 25452300
20061123 721.50 723.00 705.00 714.00 10394200
20061124 715.50 725.50 707.50 721.50 5774300
20061127 714.50 726.00 711.50 711.50 12855400
20061128 714.00 714.00 703.50 705.00 15392100
20061129 699.00 710.00 693.00 702.00 17903500
20061130 699.50 702.00 686.00 687.50 24190600
20061201 694.00 705.00 692.00 701.50 27863300
20061204 705.50 712.00 702.50 708.50 14404400
20061205 708.00 718.50 707.50 715.50 11631400
20061206 720.50 724.00 713.00 717.00 9657100
20061207 715.00 727.00 714.00 724.50 7715000
20061208 723.50 726.00 715.00 719.00 9435900
20061211 724.00 729.00 715.00 721.50 6854800
20061212 719.50 724.00 714.50 715.50 9172300
20061213 715.50 744.50 715.50 741.00 26625800
20061214 741.00 747.50 741.00 747.50 11563500
20061215 745.00 749.00 739.50 745.50 14074900
20061218 742.00 751.00 742.00 748.00 9861900
20061219 748.50 756.00 745.00 749.50 7547300
20061220 750.00 752.50 737.50 739.00 7202000
20061221 740.50 742.00 732.00 735.00 4656900
20061222 737.00 741.50 731.50 741.00 3174900
20061227 752.50 753.00 736.50 741.50 3521000
20061228 746.00 749.00 738.50 745.50 2782200
20061229 745.50 746.00 733.50 737.00 3650500
20070102 735.50 749.50 735.50 748.00 11126400
20070103 753.50 754.00 743.00 744.50 21133800
20070104 742.00 742.00 733.00 737.00 15480100
20070105 735.00 735.00 717.00 720.00 14030100
20070108 721.50 730.00 713.00 720.50 14811200
20070109 720.50 728.50 717.50 720.00 18773700
20070110 715.50 721.50 709.00 717.00 9465100
20070111 719.00 733.00 710.50 731.00 12368800
20070112 732.00 734.00 725.50 731.50 15724500
20070115 731.50 739.50 729.00 736.00 8348800
20070116 737.50 744.50 732.00 736.50 13059900
20070117 742.00 753.50 736.00 740.50 15620800
20070118 739.50 747.50 739.00 740.50 11278700
20070119 740.50 744.50 730.50 737.00 13635800
20070122 737.50 742.50 737.50 738.50 9258500
20070123 739.00 744.00 736.50 741.00 7377300
20070124 741.00 759.00 738.00 753.50 15174000
20070125 750.50 756.50 746.50 748.00 9210100
20070126 750.00 753.50 742.50 751.00 13709300
20070129 753.00 761.00 750.50 758.50 9187400
20070130 760.00 770.50 759.00 770.50 20764700
20070131 768.50 782.00 764.50 768.00 21565700
20070201 775.00 780.50 768.50 778.50 14547700
20070202 776.00 781.00 773.50 777.00 12027400
20070205 774.00 778.00 769.00 776.00 7072000
20070206 776.50 781.50 775.00 778.50 18009900
20070207 776.00 785.00 774.50 784.00 14631000
20070208 785.00 789.50 781.50 786.00 15255500
20070209 786.50 795.50 783.50 795.50 15188800
20070212 792.00 799.00 792.00 797.00 14672800
20070213 801.50 801.50 789.50 792.00 10402100
20070214 791.00 794.50 787.00 794.50 12726600
20070215 797.00 798.00 789.50 795.00 6859200
20070216 795.00 797.00 789.00 791.00 9070100
20070220 788.50 788.50 779.50 782.50 10401400
20070221 786.00 790.00 773.00 775.00 10743600
20070222 780.00 793.50 771.00 785.50 40813300
20070223 793.00 793.00 777.00 782.50 7050400
20070226 785.50 798.00 785.50 791.50 6439700
20070227 790.00 791.50 776.50 780.00 12071800
20070228 775.00 782.50 760.00 763.00 17647800
20070301 765.00 777.00 741.50 750.50 13661500
20070302 750.00 759.00 746.00 757.00 9955100
20070305 745.00 754.50 743.50 753.00 11957300
20070306 753.50 756.50 744.00 752.00 22008700
20070307 763.00 764.50 744.00 761.00 7520300
20070308 761.00 772.00 759.00 771.00 9928000
20070309 771.50 776.00 766.00 772.50 6918000
20070312 776.50 780.00 765.50 766.50 6381000
20070313 769.00 769.50 761.50 764.50 13638400
20070314 759.00 762.50 748.50 748.50 11207600
20070315 754.00 762.00 747.00 757.00 27361000
20070316 754.00 766.00 754.00 763.00 25278000
20070319 766.50 773.00 758.50 772.00 21854800
20070320 770.00 778.50 765.00 777.00 8649600
20070321 773.50 786.50 773.50 785.00 7802400
20070322 794.50 794.50 780.50 785.00 6745600
20070323 782.50 789.50 779.50 783.50 7380400
20070326 784.00 784.00 771.00 774.00 6866100
20070327 779.50 788.00 775.00 780.00 11409700
20070328 781.00 789.50 778.00 788.50 10123900
20070329 789.00 790.50 780.00 787.50 13840500
20070330 790.50 801.00 785.50 797.50 13347500
20070402 799.50 802.50 793.00 799.00 9944600
20070403 800.00 820.00 800.00 816.00 17155600
20070404 819.50 820.00 805.50 806.00 9056500
20070405 806.00 814.50 804.50 811.00 7382900
20070410 809.50 817.00 808.00 813.50 7628500
20070411 817.50 817.50 808.50 816.50 9161300
20070412 816.50 819.00 800.50 806.50 9968400
20070413 806.50 812.00 800.50 802.50 11161300
20070416 802.50 806.50 796.00 799.50 18116600
20070417 795.00 800.00 785.50 786.00 18139400
20070418 782.50 792.00 780.50 787.00 9832700
20070419 779.50 788.00 775.00 785.50 6967300
20070420 791.00 793.50 783.50 787.00 11351100
20070423 787.50 791.50 781.00 788.50 7389900
20070424 793.50 793.50 781.00 785.50 6142400
20070426 792.00 793.50 783.00 785.00 10881300
20070427 786.50 790.00 779.00 780.00 11491600
20070430 776.50 788.00 775.00 786.50 9959600
20070501 783.00 786.50 776.50 777.50 6744800
20070502 782.00 786.00 769.50 775.00 76986896
20070503 773.50 787.50 773.00 786.00 26615600
20070504 784.50 793.50 781.00 783.00 6745100
20070508 780.50 785.00 772.50 776.00 10885800
20070509 775.00 782.00 773.50 775.00 12952100
20070510 781.00 781.00 765.00 767.00 26429400
20070511 765.50 771.00 760.50 768.00 29552900
20070514 768.00 776.00 768.00 773.00 16113800
20070515 770.00 775.50 765.00 770.00 17590400
20070516 768.50 772.50 763.00 770.50 24690600
20070517 771.00 774.00 755.50 759.00 36728900
20070518 756.00 766.50 755.00 764.50 32843900
20070521 767.00 774.50 763.00 769.50 20931900
20070522 771.00 775.00 765.50 770.00 27743200
20070523 766.50 788.00 765.50 775.50 23546300
20070524 779.50 785.50 775.50 779.50 51529700
20070525 776.00 781.00 772.50 772.50 13195400
20070529 775.00 780.00 770.00 775.00 38941100
20070530 767.50 780.50 767.00 780.50 25857300
20070531 781.00 787.50 778.50 783.00 11913600
20070604 790.00 791.00 778.50 781.50 10951300
20070605 780.00 785.00 775.50 778.00 12658400
20070606 765.50 766.50 741.50 741.50 23989100
20070607 741.50 745.00 730.50 736.00 27320900
20070608 735.50 735.50 717.00 720.00 26975500
20070611 723.00 728.00 720.00 727.00 33413900
20070612 729.00 735.00 725.00 729.00 94498304
20070613 726.00 731.50 722.00 725.00 10302700
20070614 730.50 731.50 723.00 730.00 26428600
20070615 730.00 744.00 730.00 741.50 24603100
20070618 747.00 748.00 733.50 734.50 9029500
20070619 737.50 746.50 734.00 741.50 15675100
20070620 741.00 745.50 736.00 740.50 61667400
20070621 737.50 745.00 727.50 732.50 51575100
20070622 724.00 726.50 715.50 719.50 21925900
20070625 717.50 727.00 714.00 723.00 33056700
20070626 720.00 726.50 717.50 720.50 20951700
20070627 718.00 733.50 717.50 727.00 20716900
20070628 730.00 743.00 728.00 741.00 19552500
20070629 744.00 746.00 733.00 738.00 28234400
20070702 738.50 739.50 733.50 735.00 11757400
20070703 738.50 746.50 738.50 742.00 13843000
20070704 739.00 742.50 735.50 737.00 13372500
20070705 737.00 737.00 721.00 722.00 20954400
20070706 720.00 727.00 715.00 722.50 14266200
20070709 720.50 731.00 719.50 725.50 10383800
20070710 725.50 728.00 715.50 715.50 18000600
20070711 711.00 716.50 707.00 707.00 19973100
20070712 705.50 707.00 699.50 704.00 26153800
20070713 707.00 711.00 700.50 704.00 21990600
20070716 707.50 712.50 702.50 711.00 13691500
20070717 706.00 710.50 699.00 701.00 30939500
20070718 693.00 710.00 693.00 701.00 19387800
20070719 702.50 721.00 702.00 719.50 29212900
20070720 715.00 727.00 715.00 718.00 23223800
20070723 716.00 722.50 712.00 715.00 19674900
20070724 710.50 714.00 697.00 698.00 19248200
20070725 695.00 703.50 685.00 686.50 16402500
20070726 685.00 703.50 685.00 687.00 21074400
20070727 681.00 710.00 680.00 701.00 33084000
20070730 698.50 698.50 685.00 686.00 18697200
20070731 688.50 703.50 685.00 702.50 24589700
20070801 693.50 713.00 690.00 699.50 24967200
20070802 703.00 722.00 700.50 717.00 16147500
20070803 713.50 719.50 708.00 712.00 12525300
20070806 708.50 721.50 706.00 714.50 13204800
20070807 720.00 731.00 715.00 730.00 11936600
20070808 732.00 734.50 715.50 716.50 23765500
20070809 717.00 738.00 713.50 731.50 27131100
20070810 719.00 744.50 716.50 717.50 24822900
20070813 716.50 731.00 710.50 727.50 15999700
20070815 718.00 728.50 714.50 718.50 8714800
20070816 700.50 714.50 696.50 697.50 24302200
20070817 699.00 715.50 688.50 711.00 28782300
20070820 709.50 721.00 709.50 715.00 11350800
20070821 719.50 723.00 704.00 708.50 10331900
20070822 710.50 722.00 710.50 719.00 14185700
20070823 722.50 725.50 715.00 717.00 13483300
20070824 716.50 732.50 714.50 730.00 7745100
20070828 728.00 731.00 722.00 726.00 10295900
20070829 726.00 729.50 719.00 723.50 10966900
20070830 727.00 733.00 723.00 732.00 6395000
20070831 735.50 744.00 730.50 742.50 10686500
20070903 748.50 748.50 735.00 739.00 5832800
20070904 737.00 747.00 732.00 746.00 6023600
20070905 744.00 746.00 726.50 728.00 10345000
20070906 732.00 736.00 719.50 729.50 9693700
20070907 726.50 733.50 717.50 721.50 7407700
20070910 724.50 730.00 718.50 718.50 7816700
20070911 727.00 736.00 723.50 734.00 9145900
20070912 736.50 739.00 731.00 736.00 3717500
20070913 743.50 752.50 733.00 749.00 11478600
20070914 743.50 753.50 740.50 744.50 9785900
20070917 745.00 751.50 741.00 743.00 10424400
20070918 744.00 764.50 741.00 762.50 12550900
20070919 774.50 785.50 767.00 778.00 19208400
20070920 777.50 781.00 770.50 777.50 10283800
20070921 777.00 782.00 755.00 759.00 23285300
20070924 757.00 763.50 754.50 761.00 6311500
20070925 762.50 781.50 762.50 780.00 21751500
20070926 784.00 795.00 780.50 790.50 17985600
20070927 791.00 794.50 782.00 784.50 10729300
20070928 787.00 788.00 775.00 784.00 8921600
20071001 777.50 789.00 776.00 787.00 5942600
20071002 788.00 790.00 772.50 775.00 9990700
20071003 774.50 779.50 767.50 774.00 6727500
20071004 770.00 781.00 770.00 773.50 9984200
20071005 774.50 779.00 767.00 772.00 12978000
20071008 770.50 773.50 761.50 761.50 8180600
20071009 759.00 773.00 758.50 771.50 8913200
20071010 776.50 777.00 760.50 766.50 9135500
20071011 766.00 776.50 763.50 775.00 6359200
20071012 774.00 781.50 773.50 780.50 11180100
20071015 782.00 783.00 775.00 775.00 5909600
20071016 773.50 784.50 772.50 780.00 7435100
20071017 783.50 787.50 777.50 787.50 5750000
20071018 787.50 793.00 782.50 785.50 10788200
20071019 787.50 791.50 779.50 783.00 7771500
20071022 769.50 784.00 769.00 779.00 7096500
20071023 785.00 795.00 775.50 790.00 11324700
20071024 792.50 794.00 781.00 787.00 6989800
20071025 793.50 799.50 788.00 798.50 8544000
20071026 796.00 804.50 793.00 800.50 7720000
20071029 802.50 805.50 791.00 795.00 9961300
20071030 789.00 803.00 788.50 801.00 7600100
20071031 800.50 807.50 793.50 801.50 7898400
20071101 793.50 801.00 789.50 794.00 5617900
20071102 790.50 800.50 787.50 795.00 7507600
20071105 793.00 800.50 787.00 794.50 4904100
20071106 799.50 799.50 785.00 788.50 6826900
20071107 789.50 799.00 784.00 790.50 5968300
20071108 796.50 796.50 783.00 787.00 10458300
20071109 788.50 798.00 785.00 790.00 9550700
20071112 785.00 790.00 778.50 786.00 8248800
20071113 779.50 786.50 774.50 781.00 9849600
20071114 780.50 784.00 773.00 780.00 11427500
20071115 776.00 785.00 774.00 781.00 7780600
20071116 780.00 800.50 778.50 794.50 10279100
20071119 793.50 803.50 788.00 788.50 10197300
20071120 789.50 794.50 781.00 784.00 8834400
20071121 777.50 785.00 767.00 772.00 6281700
20071122 778.00 804.00 775.50 798.00 7028800
20071123 798.50 807.50 792.00 802.00 6485200
20071126 811.00 820.00 805.00 815.00 10920000
20071127 811.00 818.50 803.00 811.00 5788900
20071128 807.00 815.00 795.00 811.00 11135500
20071129 817.50 824.50 807.50 823.50 6492500
20071130 824.00 829.50 817.00 821.50 10671600
20071203 820.00 827.00 812.50 815.50 8490500
20071204 818.00 824.50 807.00 811.00 11411600
20071205 815.00 826.50 808.00 822.50 7115000
20071206 822.50 830.50 816.00 828.00 5822800
20071207 833.00 837.00 827.00 834.50 6903600
20071210 831.50 849.00 829.50 840.00 8086700
20071211 846.50 846.50 834.00 840.00 6656600
20071212 831.00 849.50 831.00 840.00 10634500
20071213 832.00 839.00 820.00 820.50 8894400
20071214 822.00 844.50 821.50 842.00 6290400
20071217 835.00 847.50 831.00 839.00 7951600
20071218 835.50 841.50 825.00 827.00 9406200
20071219 831.50 832.00 816.50 825.50 5926900
20071220 829.00 832.00 822.50 826.00 5376600
20071221 837.00 847.50 830.00 834.50 13681300
20071224 826.50 839.00 817.00 822.00 1848500
20071227 819.50 846.50 819.50 845.50 4083100
20071228 841.50 847.50 838.00 840.00 3059800
20071231 845.00 845.00 828.00 834.00 1408900
20080102 830.50 844.00 826.00 828.50 3941900
20080103 824.50 845.50 824.50 838.00 9478500
20080104 843.00 848.00 833.50 837.00 5054300
20080107 838.00 858.00 838.00 856.50 6375200
20080108 859.50 866.50 841.00 843.50 7231000
20080109 842.50 863.00 842.50 856.00 8921800
20080110 858.50 866.00 850.50 863.00 7557900
20080111 862.50 863.00 829.50 836.00 12255000
20080114 834.50 854.00 830.50 847.00 9676600
20080115 841.00 854.00 813.00 820.00 12368600
20080116 822.00 830.50 805.50 808.50 13175300
20080117 816.00 828.50 806.50 826.00 11043600
20080118 823.00 844.00 820.50 837.00 10740300
20080121 828.50 838.00 789.00 794.00 11619800
20080122 780.00 824.00 759.00 781.00 22528600
20080123 794.50 794.50 747.50 748.00 20226200
20080124 770.00 773.00 751.00 769.50 14184900
20080125 774.00 786.50 762.00 778.00 12666100
20080128 772.50 780.00 765.50 775.00 8213200
20080129 778.50 791.50 767.50 791.50 9290500
20080130 789.00 795.50 782.50 789.00 8426400
20080131 782.00 795.00 761.50 774.00 19369000
20080201 779.00 785.00 770.50 785.00 11148900
20080204 787.50 790.50 782.50 788.00 5413600
20080205 788.00 790.00 767.00 770.50 6840400
20080206 765.00 788.00 762.50 783.00 8052700
20080207 778.00 787.50 767.00 767.00 9486000
20080208 775.00 777.00 767.00 777.00 6231400
20080211 772.00 782.50 767.00 769.00 4939100
20080212 772.50 785.50 766.50 782.50 9460900
20080213 778.00 791.50 773.00 787.50 6814500
20080214 789.50 794.00 781.00 790.50 8078700
20080215 790.50 794.50 769.00 775.50 7169900
20080218 776.00 792.00 776.00 790.50 6235100
20080219 785.00 791.00 776.50 784.00 6134000
20080220 774.50 780.00 763.50 776.00 9851600
20080221 778.00 783.00 760.00 761.50 7255800
20080222 756.00 772.50 747.50 762.50 8319600
20080225 765.50 772.00 760.50 767.50 5992400
20080226 770.50 771.00 751.00 759.00 10848000
20080227 762.50 769.50 752.50 767.00 7372000
20080228 762.50 764.00 738.00 738.00 14940400
20080229 735.50 741.00 729.00 733.50 12701100
20080303 725.00 730.00 711.50 713.50 8392300
20080304 714.50 725.00 710.50 724.00 11601600
20080305 734.00 737.00 722.00 724.00 6859500
20080306 728.50 737.00 724.00 727.00 6089600
20080307 723.50 728.00 713.00 717.00 8268500
20080310 718.00 725.50 710.50 716.50 6900800
20080311 716.50 727.50 714.00 716.50 9724100
20080312 720.00 721.00 708.00 710.50 8090500
20080313 701.00 722.00 698.50 721.50 10601500
20080314 723.50 726.50 711.50 721.00 8453900
20080318 721.50 733.00 713.00 732.50 7699200
20080319 738.50 740.00 722.00 734.50 9187200
20080320 728.50 739.50 719.00 719.00 12185700
20080325 732.00 739.00 717.50 724.50 10773500
20080326 716.00 729.00 714.50 714.50 7366200
20080327 713.00 723.50 702.00 706.50 12017100
20080328 708.00 711.00 693.00 694.50 11483400
20080331 688.00 703.00 684.00 691.50 11207000
20080401 692.50 718.00 692.50 715.50 9069900
20080402 716.00 724.50 710.50 719.50 7927000
20080403 724.50 730.00 720.00 728.00 6944100
20080404 730.00 732.50 719.50 728.00 5262600
20080407 734.50 734.50 725.50 727.00 4173800
20080408 720.50 734.00 720.50 730.00 3721900
20080409 731.00 731.00 716.50 716.50 5831300
20080410 718.50 731.00 712.50 727.50 6108300
20080411 729.50 735.50 721.50 723.00 5482200
20080414 721.50 729.50 719.50 724.00 4678100
20080415 724.00 728.00 718.50 725.00 5863000
20080416 730.00 731.00 721.50 724.50 6831000
20080417 730.00 730.00 714.00 717.00 7094200
20080418 719.50 725.00 709.50 712.00 7827100
20080421 711.50 714.00 697.50 701.50 6775900
20080422 697.00 706.00 694.00 702.50 5218300
20080423 701.00 706.50 688.00 700.00 11792900
20080424 702.00 719.50 698.50 717.50 8091600
20080425 726.50 726.50 705.00 710.50 9593100
20080428 713.00 715.50 702.50 706.50 3472500
20080429 704.50 709.50 693.00 695.50 6297500
20080430 695.50 704.00 691.50 700.50 6348000
20080501 699.00 711.50 691.50 710.00 2547800
20080502 719.50 719.50 707.50 713.00 6417400
20080506 709.50 715.50 702.00 707.00 4646200
20080507 705.00 709.00 700.50 704.00 5891200
20080508 700.00 711.00 699.50 709.50 4944700
20080509 707.50 708.00 699.50 704.00 3624000
20080512 703.50 718.00 703.50 713.00 4418100
20080513 715.50 719.00 702.50 710.50 6150400
20080514 714.00 724.50 709.00 724.50 9062500
20080515 720.00 725.00 713.00 716.00 11600200
20080516 719.00 740.00 719.00 727.50 11894800
20080519 726.00 740.50 721.50 738.50 12651700
20080520 739.00 739.50 724.50 724.50 7389000
20080521 725.50 733.50 721.00 726.00 29550000
20080522 724.00 739.00 720.00 734.00 11950700
20080523 735.00 742.00 727.50 731.00 7139800
20080527 732.00 736.00 726.50 732.00 6727900
20080528 737.00 753.50 731.50 749.50 10483200
20080529 752.50 754.00 738.00 746.50 8511500
20080530 751.50 751.50 733.50 746.00 8518700
20080602 743.00 746.00 732.00 732.50 5656600
20080603 734.50 751.00 731.50 748.50 6560900
20080604 735.50 736.00 715.50 720.00 7366400
20080605 722.00 726.00 711.50 715.00 5218500
20080606 714.50 728.00 701.50 703.50 5647300
20080610 703.50 709.00 697.50 703.50 8880300
20080611 690.00 705.00 690.00 700.50 10990300
20080612 701.00 702.50 692.50 696.00 9934300
20080613 689.00 702.00 681.00 700.00 11167900
20080616 696.50 702.50 685.00 690.50 8266300
20080617 689.50 705.00 689.00 695.50 8065300
20080618 694.50 701.50 687.50 693.50 5638500
20080619 686.50 701.50 686.50 692.50 28167500
20080620 692.50 698.00 672.50 672.50 9529400
20080623 675.00 693.00 673.00 690.00 13164000
20080624 688.00 692.50 666.50 669.00 29689800
20080625 672.50 676.00 658.50 665.50 9688000
20080626 664.00 666.50 651.00 651.00 12235300
20080627 651.00 658.00 638.50 642.50 16569500
20080630 645.00 661.50 641.50 660.50 6075500
20080701 654.00 660.00 640.00 641.00 9118800
20080702 643.50 655.50 641.00 648.50 10913800
20080703 646.00 663.50 643.50 661.50 9861600
20080704 661.00 663.50 653.00 653.00 6223700
20080707 663.00 670.50 652.50 670.50 6151100
20080708 657.50 685.00 656.00 682.50 8885300
20080709 686.00 691.00 673.50 679.00 7450400
20080710 668.50 675.00 661.50 662.50 6772800
20080711 662.50 670.00 644.00 644.50 7050800
20080714 654.00 664.00 648.00 658.00 6521600
20080715 656.00 659.00 643.50 649.00 5788900
20080716 654.00 661.50 650.50 654.00 7997400
20080717 658.50 662.50 646.00 654.00 11152000
20080718 658.50 668.00 654.00 668.00 10684000
20080721 663.00 673.00 655.50 666.00 8748700
20080722 675.50 690.50 668.00 687.00 8470500
20080723 689.50 696.00 684.50 690.00 7619200
20080724 696.50 699.00 677.50 683.00 6415300
20080725 681.50 694.00 669.00 674.50 7035900
20080728 675.00 676.50 664.50 664.50 4895100
20080729 660.00 681.00 658.00 674.00 3216000
20080730 675.00 681.50 671.50 674.50 5785400
20080731 674.50 677.00 664.50 668.00 6010300
20080801 665.50 670.00 649.00 653.50 10096100
20080804 662.00 663.50 652.00 659.50 4901300
20080805 660.00 673.50 656.00 673.00 7530300
20080806 673.00 675.50 662.00 673.00 8450000
20080807 671.50 680.00 667.50 678.00 5511700
20080808 670.00 691.00 670.00 688.00 8066100
20080811 678.00 695.00 678.00 694.00 6052200
20080812 690.00 701.00 688.00 699.50 4949800
20080813 696.50 710.00 694.50 702.00 6960300
20080814 709.00 711.00 696.50 698.00 5910200
20080815 703.50 710.00 700.00 710.00 5857500
20080818 706.50 712.00 699.50 708.00 4265400
20080819 705.00 714.50 700.00 710.00 4915400
20080820 709.50 723.00 702.50 714.00 6014800
20080821 710.50 713.50 699.00 708.00 5301200
20080822 706.50 727.00 703.50 725.50 5699400
20080826 719.50 733.50 710.00 729.00 5446300
20080827 725.50 734.50 720.00 731.50 5823400
20080828 727.50 733.00 717.00 729.00 4871200
20080829 729.00 733.50 709.50 714.50 8809500
20080901 710.50 725.50 709.50 720.00 3392700
20080902 719.00 731.00 718.50 729.00 5824700
20080903 724.50 728.50 701.50 701.50 6299400
20080904 700.00 717.50 697.50 697.50 4276900
20080905 692.50 699.50 679.50 682.50 8423500
20080908 692.00 699.50 667.50 691.00 3976600
20080909 694.50 707.50 691.50 702.50 8471100
20080910 699.00 711.00 694.50 704.50 5858300
20080911 704.50 712.00 699.00 704.50 5555700
20080912 714.50 720.00 704.00 717.00 6036600
20080915 720.00 729.00 697.00 718.00 9066600
20080916 713.00 737.00 713.00 722.50 12726700
20080917 711.00 734.00 705.00 721.50 10643600
20080918 728.50 731.50 711.00 714.50 11829000
20080919 679.00 725.00 657.00 719.50 9308900
20080922 729.50 730.00 704.00 704.00 8046400
20080923 706.50 712.00 693.00 707.50 6439600
20080924 725.00 725.50 706.50 717.50 9703500
20080925 722.50 723.00 701.00 720.50 6706500
20080926 719.00 720.00 707.00 711.50 4314500
20080929 703.50 721.50 698.50 705.00 3277400
20080930 699.00 721.50 682.50 714.00 12409100
20081001 720.00 720.50 702.00 720.50 10292000
20081002 716.50 724.50 711.50 721.00 6848800
20081003 721.50 730.50 706.00 725.00 5826700
20081006 715.50 721.50 697.00 697.00 4384800
20081007 700.00 713.00 697.00 708.50 5299900
20081008 698.00 709.00 660.50 665.00 7980900
20081009 674.00 674.00 595.50 610.00 11525300
20081010 550.00 614.00 531.50 555.50 18059600
20081013 585.00 651.00 585.00 647.50 15138100
20081014 663.00 687.00 653.00 678.00 7751200
20081015 669.00 678.00 628.50 633.00 15049200
20081016 639.50 653.50 605.50 636.50 9511800
20081017 664.00 665.00 627.00 660.50 15539100
20081020 680.50 708.50 666.00 708.50 10925200
20081021 715.00 722.00 679.00 686.00 8522900
20081022 676.50 692.00 643.50 645.50 11441200
20081023 645.50 666.50 636.00 658.50 10420900
20081024 646.50 647.00 609.00 635.50 15598400
20081027 631.50 661.00 609.00 636.00 9839300
20081028 660.00 660.00 612.00 630.50 10883900
20081029 654.00 691.00 654.00 682.00 13960600
20081030 698.50 699.00 674.00 689.00 10785900
20081031 689.00 709.50 682.50 703.50 10031300
20081103 714.00 714.00 686.00 704.50 7045100
20081104 707.00 735.00 693.50 735.00 9606100
20081105 739.00 740.00 720.50 729.00 6799700
20081106 721.00 737.00 694.50 698.00 10430300
20081107 704.50 727.50 699.50 720.00 7471200
20081110 738.50 744.00 707.00 713.00 6970000
20081111 703.00 708.50 681.00 687.50 7909700
20081112 691.00 712.50 681.50 704.00 12680400
20081113 690.00 730.50 690.00 724.50 11817700
20081114 740.00 748.50 712.50 728.50 12068700
20081117 718.00 739.00 718.00 725.00 10819100
20081118 729.00 734.00 718.00 731.50 12496500
20081119 731.50 738.00 688.00 690.00 17967700
20081120 671.00 698.00 662.50 680.00 23805300
20081121 665.00 669.50 623.00 631.00 21173800
20081124 649.00 689.00 632.00 686.50 19643300
20081125 685.00 700.00 664.50 674.00 13031200
20081126 661.00 669.50 638.50 645.00 9016400
20081127 656.50 666.00 649.50 660.50 6237100
20081128 660.50 678.50 657.50 676.50 6818700
20081201 667.00 681.00 614.00 615.50 10670200
20081202 606.00 628.50 602.00 612.50 15225900
20081203 600.00 618.00 593.50 612.50 10665300
20081204 620.00 622.00 594.50 604.00 9762100
20081205 598.00 614.50 590.50 611.50 12230300
20081208 638.00 653.50 620.00 637.50 10499000
20081209 636.50 655.00 624.50 642.00 8105100
20081210 643.00 655.00 640.50 648.00 13363600
20081211 656.50 670.50 653.00 665.00 9055500
20081212 650.00 660.00 642.00 650.50 6318300
20081215 649.50 660.00 631.50 637.50 6549400
20081216 641.50 662.00 641.00 651.00 7105500
20081217 667.00 667.00 643.00 655.00 8189800
20081218 652.50 677.50 652.50 677.00 7829400
20081219 670.00 693.50 655.00 672.00 9687800
20081222 664.50 678.50 655.50 672.00 5511300
20081223 677.00 686.00 670.50 673.50 4511300
20081224 665.00 676.00 660.50 670.00 729500
20081229 675.00 683.00 661.00 665.50 3334200
20081230 670.00 687.00 663.00 683.00 3874400
20081231 687.50 695.00 681.00 684.00 2281900
20090102 689.50 691.00 680.50 690.50 1751600
20090105 700.00 707.50 694.50 705.00 4641400
20090106 700.00 717.00 700.00 711.00 6401900
20090107 712.00 714.50 662.00 666.50 11631400
20090108 670.50 688.50 664.00 685.50 6110500
20090109 689.00 689.00 668.50 675.50 7423600
20090112 677.50 685.00 668.50 674.00 3612800
20090113 672.00 682.50 650.00 656.00 7786100
20090114 664.00 664.00 622.00 631.00 9875400
20090115 632.00 646.50 625.00 639.00 9371700
20090116 652.00 652.50 628.50 629.50 6661900
20090119 640.00 657.00 631.00 641.00 7031600
20090120 633.00 651.00 628.00 645.00 9073300
20090121 638.00 645.00 628.00 634.00 11107000
20090122 639.00 644.50 621.50 625.00 5570200
20090123 626.00 641.50 615.00 640.50 9146900
20090126 635.50 652.00 626.50 648.00 5998600
20090127 645.00 658.00 640.00 658.00 6328200
20090128 665.50 665.50 647.00 657.50 5908400
20090129 656.50 659.50 637.50 645.00 7689400
20090130 644.00 663.50 641.50 648.00 9059300
20090202 648.00 652.00 630.50 636.50 4293300
20090203 636.00 655.00 628.00 651.00 4529600
20090204 650.50 650.50 631.50 642.50 7364800
20090205 644.50 658.00 639.50 651.50 8007200
20090206 655.00 666.00 649.50 660.50 7802500
20090209 655.50 666.50 653.00 663.00 5697700
20090210 658.00 668.00 652.00 656.00 3459600
20090211 655.50 660.50 644.50 653.00 5712100
20090212 649.50 652.00 637.00 645.50 5145800
20090213 648.00 651.00 642.00 645.50 4855100
