20030101 736.50 736.50 736.50 736.50 0
20030102 727.50 750.00 715.50 747.75 625800
20030103 745.50 745.50 714.00 733.00 2225200
20030106 733.00 742.50 719.50 732.50 1240500
20030107 736.00 762.00 727.00 746.00 2145000
20030108 760.00 788.00 760.00 770.00 5236400
20030109 767.00 788.50 767.00 775.00 2178800
20030110 775.00 806.00 775.00 796.00 2222100
20030113 793.22 795.00 787.50 792.00 876400
20030114 792.00 798.00 780.50 790.00 1599300
20030115 790.01 795.00 771.00 775.00 2895200
20030116 771.00 793.00 769.00 782.00 1290700
20030117 782.00 790.00 772.00 775.00 748300
20030120 778.50 794.50 778.50 787.00 893800
20030121 794.50 794.50 771.00 777.00 1116600
20030122 776.00 782.50 771.50 774.50 1372300
20030123 760.00 786.00 753.00 770.00 2164600
20030124 768.00 779.00 762.50 775.00 2185100
20030127 763.00 770.00 743.00 752.50 1782900
20030128 760.00 774.50 748.50 764.50 1685900
20030129 760.50 768.50 753.50 763.50 2200300
20030130 765.50 772.00 742.50 760.00 2935900
20030131 750.00 769.00 750.00 760.00 2037400
20030203 770.50 810.50 768.00 808.50 3700800
20030204 790.00 808.00 783.00 785.00 2488300
20030205 778.50 800.00 771.00 800.00 1995200
20030206 793.00 814.00 778.00 791.50 3829400
20030207 791.50 805.50 786.00 799.00 1517000
20030210 794.00 811.00 794.00 807.00 1091300
20030211 820.00 836.00 807.00 830.00 2010000
20030212 829.00 829.00 803.00 807.00 2446400
20030213 792.00 803.00 788.50 795.00 1955300
20030214 796.00 805.00 786.00 790.00 999000
20030217 799.50 815.00 789.50 811.50 1066100
20030218 810.00 829.50 805.00 820.50 1575200
20030219 820.50 846.50 815.00 835.00 1703300
20030220 840.00 840.00 809.00 817.00 1337000
20030221 810.50 819.50 793.50 813.00 3184500
20030224 804.50 826.50 804.50 820.00 1515200
20030225 812.00 815.00 800.00 804.50 761800
20030226 814.50 814.50 790.50 799.00 809400
20030227 782.00 811.50 782.00 785.50 1216600
20030228 792.00 809.00 778.00 800.00 1355700
20030303 811.50 821.00 805.50 817.00 1555600
20030304 809.50 816.00 797.00 798.50 1372700
20030305 793.00 799.00 771.50 775.50 1213700
20030306 775.50 795.50 771.00 778.00 1837100
20030307 780.50 782.50 747.50 747.50 1965100
20030310 740.00 773.00 740.00 744.50 1452400
20030311 750.00 750.00 730.50 740.00 1780900
20030312 735.00 749.00 700.00 700.00 2830900
20030313 713.50 752.00 713.50 748.50 2854700
20030314 761.50 780.00 755.50 777.00 2145200
20030317 755.00 824.50 744.50 803.00 1301700
20030318 808.00 831.50 800.00 810.50 2652600
20030319 809.00 825.00 803.50 803.50 1642500
20030320 811.50 819.00 802.00 808.00 1311300
20030321 808.00 835.00 806.50 832.50 1772400
20030324 831.00 831.00 816.50 822.00 2344600
20030325 822.50 822.50 789.50 789.50 3218100
20030326 788.00 817.00 775.00 809.00 2649300
20030327 807.00 838.00 799.50 835.00 2779000
20030328 835.00 865.00 834.00 855.50 2398700
20030331 851.50 855.00 836.00 849.00 2615500
20030401 860.00 860.00 843.00 852.00 2041900
20030402 855.00 877.00 851.00 874.50 1751800
20030403 867.50 892.00 867.50 885.50 2311300
20030404 885.00 895.50 869.00 886.50 2394800
20030407 892.50 905.50 880.00 889.00 1607900
20030408 873.50 882.00 865.00 877.50 2473400
20030409 869.50 877.50 851.00 865.50 2506700
20030410 861.00 870.00 855.00 863.00 844000
20030411 866.00 881.00 860.00 870.50 1148200
20030414 873.00 881.00 867.00 876.50 686000
20030415 885.00 899.50 879.00 897.50 896400
20030416 904.00 908.50 888.50 903.00 1733200
20030417 900.00 922.00 898.00 915.00 1522900
20030418 915.00 915.00 915.00 915.00 0
20030421 915.00 915.00 915.00 915.00 0
20030422 935.00 935.00 906.00 926.50 711800
20030423 930.00 949.00 926.50 947.00 1524600
20030424 946.50 949.00 933.50 938.00 716400
20030425 938.00 949.00 930.00 942.50 890300
20030428 942.50 947.00 929.00 945.50 1006100
20030429 950.00 958.50 932.00 939.00 1229300
20030430 931.50 947.50 922.00 943.50 2256500
20030501 949.00 949.00 933.50 938.00 886000
20030502 930.50 963.00 930.50 959.00 1188500
20030505 959.00 959.00 959.00 959.00 0
20030506 960.00 991.00 951.50 989.00 1508200
20030507 987.00 995.00 975.00 978.50 1470200
20030508 974.00 981.50 962.00 965.50 1256500
20030509 960.00 970.00 955.00 963.50 1391800
20030512 970.00 994.00 951.00 989.00 1515000
20030513 986.00 1006.00 980.00 995.00 2459900
20030514 999.50 1006.00 980.00 999.00 1849500
20030515 999.00 1008.50 989.50 1005.50 1078900
20030516 1009.00 1029.00 1000.00 1028.00 1552400
20030519 1022.00 1022.00 990.50 991.50 1264600
20030520 986.50 1000.00 982.50 994.00 1424800
20030521 990.00 993.00 975.00 981.00 1388500
20030522 981.50 995.00 981.00 988.50 1167000
20030523 991.00 999.00 987.00 992.50 832100
20030526 992.50 992.50 992.50 992.50 0
20030527 992.00 1008.00 983.00 999.50 1188500
20030528 993.50 1025.00 973.00 997.00 1218100
20030529 985.00 1000.50 965.00 987.00 2261200
20030530 980.00 985.00 965.00 965.00 1823600
20030602 974.50 991.00 970.50 990.50 1298900
20030603 982.50 989.00 975.00 982.00 727200
20030604 975.00 978.50 960.00 969.50 2194800
20030605 975.00 979.50 961.00 975.00 793700
20030606 975.00 983.00 963.00 971.50 1360800
20030609 965.00 978.50 962.00 970.00 843200
20030610 967.00 970.00 956.00 964.50 1071500
20030611 975.00 975.00 961.00 973.00 1116700
20030612 965.00 977.00 960.00 963.00 1307700
20030613 961.00 970.00 960.00 967.50 1291900
20030616 968.00 1000.00 962.50 994.00 2516800
20030617 998.50 1006.00 994.00 1003.00 1793000
20030618 1000.00 1002.00 988.00 998.00 885600
20030619 1002.00 1010.50 987.50 987.50 1702300
20030620 978.00 1021.00 978.00 1018.00 2640000
20030623 1018.00 1019.00 1001.50 1005.00 988900
20030624 1012.00 1012.00 1001.00 1010.00 1419300
20030625 1005.50 1017.50 1005.50 1017.50 664500
20030626 1005.50 1029.50 1005.50 1029.00 1522500
20030627 1034.00 1034.00 1010.50 1027.00 1119700
20030630 1023.00 1043.50 1021.50 1026.50 1073500
20030701 1020.00 1035.00 1007.00 1007.00 1049100
20030702 1012.00 1025.00 1004.00 1010.00 1229800
20030703 1015.00 1031.50 1015.00 1028.00 2514300
20030704 1028.50 1030.00 1014.50 1021.00 1193100
20030707 1025.00 1038.50 1018.00 1035.50 1521000
20030708 1038.00 1063.00 1033.00 1063.00 1400400
20030709 1063.00 1086.00 1048.50 1075.00 1853800
20030710 1072.00 1073.50 1058.00 1065.00 1151100
20030711 1057.50 1077.00 1057.50 1063.00 861400
20030714 1063.50 1109.00 1063.50 1108.50 2375600
20030715 1097.00 1104.50 1085.00 1092.00 1802800
20030716 1102.50 1105.00 1069.00 1084.00 1928400
20030717 1072.50 1087.00 1057.50 1077.00 1373900
20030718 1072.50 1087.00 1068.00 1086.00 629400
20030721 1082.00 1093.00 1082.00 1087.00 806500
20030722 1088.00 1126.50 1088.00 1120.00 2342700
20030723 1126.00 1157.00 1123.00 1154.00 3055100
20030724 1159.00 1166.50 1138.00 1146.00 1673900
20030725 1145.50 1157.00 1138.00 1155.50 800400
20030728 1155.50 1160.00 1138.50 1140.00 882300
20030729 1147.00 1147.00 1131.50 1147.00 1514300
20030730 1140.00 1147.50 1129.00 1137.50 1216700
20030731 1132.00 1139.00 1128.00 1135.50 1458600
20030801 1127.50 1137.50 1125.50 1130.50 1023200
20030804 1126.00 1139.00 1123.00 1129.50 927500
20030805 1130.00 1130.00 1105.50 1110.50 1708000
20030806 1105.50 1111.50 1092.00 1103.00 1231100
20030807 1108.00 1110.00 1075.00 1085.00 1621700
20030808 1085.50 1111.00 1085.50 1100.00 916400
20030811 1098.50 1110.00 1091.00 1105.50 770300
20030812 1097.00 1108.50 1097.00 1104.00 542200
20030813 1102.50 1120.00 1100.00 1104.00 1153900
20030814 1106.50 1111.00 1085.50 1093.50 1413900
20030815 1099.50 1099.50 1081.00 1084.50 809500
20030818 1138.00 1138.00 1081.50 1085.00 761700
20030819 1080.50 1094.00 1080.00 1083.00 1627700
20030820 1075.00 1085.00 1075.00 1078.00 1312100
20030821 1078.00 1102.50 1076.50 1092.50 731800
20030822 1088.50 1110.50 1088.00 1094.50 1189300
20030825 1094.50 1094.50 1094.50 1094.50 0
20030826 1082.50 1104.50 1081.50 1084.50 1004200
20030827 1089.50 1099.00 1075.00 1083.00 852400
20030828 1084.00 1087.00 1072.00 1075.50 958700
20030829 1087.00 1087.00 1075.00 1076.00 695400
20030901 1075.50 1088.50 1075.50 1085.50 911700
20030902 1091.50 1091.50 1081.50 1085.50 689400
20030903 1091.00 1123.00 1090.00 1123.00 1893100
20030904 1124.50 1170.50 1116.00 1136.00 3869600
20030905 1147.00 1155.00 1126.50 1142.00 1637100
20030908 1142.00 1154.00 1132.50 1140.00 755600
20030909 1138.00 1143.00 1125.50 1130.00 1395300
20030910 1111.00 1129.00 1111.00 1125.50 1562000
20030911 1124.00 1127.50 1107.00 1118.50 757000
20030912 1129.50 1148.50 1123.00 1141.00 1401200
20030915 1142.00 1158.00 1133.50 1140.00 1305100
20030916 1130.00 1145.00 1130.00 1140.00 917400
20030917 1146.00 1150.00 1130.00 1132.50 1469400
20030918 1130.00 1139.50 1092.00 1139.50 4698600
20030919 1135.00 1135.00 1112.00 1115.00 2063600
20030922 1122.00 1122.00 1104.00 1116.00 1467100
20030923 1120.00 1150.00 1115.00 1144.00 2117700
20030924 1142.00 1156.00 1140.00 1149.00 1469600
20030925 1142.00 1153.00 1132.00 1142.00 1308000
20030926 1142.00 1145.00 1133.00 1140.00 1025000
20030929 1142.00 1142.00 1116.00 1119.00 1581600
20030930 1121.00 1133.00 1115.00 1124.00 1319000
20031001 1129.00 1129.00 1111.00 1121.00 1529700
20031002 1126.00 1139.00 1121.00 1139.00 1424300
20031003 1135.00 1154.00 1133.00 1149.00 1156400
20031006 1145.00 1177.00 1144.00 1176.00 1700400
20031007 1172.00 1186.00 1162.00 1176.00 1800600
20031008 1178.00 1185.00 1163.00 1166.00 1099300
20031009 1165.00 1170.00 1147.00 1156.00 1596700
20031010 1155.00 1175.00 1147.00 1169.00 804300
20031013 1169.00 1206.00 1164.00 1203.00 1784400
20031014 1199.00 1209.00 1196.00 1202.00 1450300
20031015 1206.00 1219.00 1198.00 1215.00 1810500
20031016 1210.00 1222.00 1210.00 1212.00 1191100
20031017 1215.00 1216.00 1188.00 1196.00 881900
20031020 1188.00 1195.00 1181.00 1188.00 506400
20031021 1167.00 1190.00 1167.00 1172.00 2417600
20031022 1184.00 1200.00 1162.00 1180.00 2608800
20031023 1170.00 1172.00 1161.00 1163.00 1165400
20031024 1151.00 1173.00 1145.00 1171.00 1632100
20031027 1184.00 1184.00 1163.00 1175.00 853300
20031028 1177.00 1190.00 1172.00 1184.00 1135100
20031029 1190.00 1198.00 1180.00 1186.00 831200
20031030 1190.00 1191.00 1177.00 1183.00 1401300
20031031 1185.00 1185.00 1171.00 1180.00 1102400
20031103 1180.00 1185.00 1174.00 1180.00 918400
20031104 1174.00 1178.00 1163.00 1167.00 1448300
20031105 1165.00 1165.00 1136.00 1148.00 1915000
20031106 1145.00 1156.00 1139.00 1149.00 1601100
20031107 1149.00 1161.00 1135.00 1155.00 2135700
20031110 1147.00 1161.00 1147.00 1152.00 860300
20031111 1152.00 1155.00 1126.00 1149.00 1278100
20031112 1148.00 1164.00 1144.00 1149.00 1515700
20031113 1149.00 1162.00 1145.00 1149.00 1932600
20031114 1150.00 1158.00 1147.00 1152.00 2000300
20031117 1147.00 1156.00 1141.00 1148.00 1196600
20031118 1146.00 1155.00 1133.00 1139.00 1116300
20031119 1140.00 1150.00 1120.00 1120.00 1835100
20031120 1121.57 1134.00 1109.00 1117.00 1400400
20031121 1115.00 1145.00 1115.00 1140.00 1992900
20031124 1147.00 1150.00 1130.00 1136.00 1500600
20031125 1136.00 1138.00 1118.00 1128.00 1907000
20031126 1111.00 1123.00 1101.00 1109.00 1972900
20031127 1109.00 1109.00 1094.00 1098.90 923700
20031128 1104.00 1124.00 1102.00 1115.00 1971200
20031201 1122.00 1131.00 1112.00 1128.00 1481900
20031202 1117.00 1131.00 1117.00 1128.00 1876700
20031203 1125.00 1140.00 1124.00 1135.00 1615500
20031204 1137.00 1152.00 1130.00 1147.00 1369400
20031205 1135.00 1145.00 1124.00 1130.00 829000
20031208 1122.00 1149.00 1122.00 1129.00 933600
20031209 1129.00 1133.00 1116.00 1118.00 2020500
20031210 1112.00 1118.00 1106.00 1110.00 988200
20031211 1100.00 1112.00 1092.00 1101.00 2248800
20031212 1102.00 1105.00 1080.00 1087.00 2680700
20031215 1110.00 1110.00 1084.00 1089.00 830900
20031216 1080.00 1089.00 1080.00 1082.00 717700
20031217 1079.00 1100.00 1072.00 1079.00 1384900
20031218 1088.00 1102.00 1083.00 1099.00 1101300
20031219 1106.00 1112.00 1092.00 1100.00 1350500
20031222 1099.00 1099.00 1082.00 1088.00 626700
20031223 1097.00 1101.00 1084.00 1099.00 726600
20031224 1097.00 1103.00 1095.00 1097.00 89700
20031225 1097.00 1097.00 1097.00 1097.00 0
20031226 1097.00 1097.00 1097.00 1097.00 0
20031229 1097.00 1120.00 1097.00 1115.00 564600
20031230 1119.00 1132.00 1119.00 1129.00 798700
20031231 1134.00 1136.00 1123.00 1123.00 309200
20040101 1123.00 1123.00 1123.00 1123.00 0
20040102 1125.00 1148.00 1125.00 1146.00 1033500
20040105 1140.00 1149.00 1133.00 1140.00 1528700
20040106 1220.00 1266.00 1203.00 1260.00 8090600
20040107 1261.00 1280.00 1235.00 1238.00 2404600
20040108 1245.00 1258.00 1241.00 1246.00 1022100
20040109 1250.00 1264.00 1244.00 1260.00 1771500
20040112 1266.00 1274.00 1246.00 1266.00 1525300
20040113 1265.00 1280.00 1261.00 1276.00 1749200
20040114 1274.00 1286.00 1274.00 1281.00 1946400
20040115 1275.50 1289.00 1273.00 1278.00 1586900
20040116 1275.00 1281.00 1256.00 1266.00 2736100
20040119 1271.00 1284.00 1263.00 1283.00 1100600
20040120 1286.00 1292.00 1282.00 1284.00 879500
20040121 1289.00 1298.00 1284.00 1295.00 601700
20040122 1298.00 1310.00 1293.00 1295.00 1055300
20040123 1298.00 1300.00 1284.00 1290.00 989600
20040126 1305.00 1305.00 1282.00 1294.00 842500
20040127 1303.00 1309.00 1297.00 1300.00 1355300
20040128 1295.00 1320.00 1295.00 1304.00 913700
20040129 1301.50 1306.00 1290.00 1295.00 928300
20040130 1302.00 1302.00 1282.00 1286.00 1173100
20040202 1300.00 1300.00 1260.00 1272.00 1980400
20040203 1275.00 1282.00 1262.00 1280.00 947500
20040204 1283.00 1289.00 1275.00 1287.00 919300
20040205 1283.00 1309.00 1282.00 1300.00 1606900
20040206 1305.00 1327.00 1296.00 1317.00 1371400
20040209 1302.00 1324.00 1302.00 1321.00 671600
20040210 1316.00 1324.00 1303.00 1315.00 1458700
20040211 1319.00 1330.00 1310.00 1323.00 650500
20040212 1321.00 1343.00 1320.00 1338.00 1155600
20040213 1336.93 1342.00 1325.00 1338.00 941300
20040216 1332.00 1348.00 1332.00 1346.00 371400
20040217 1341.00 1390.00 1341.00 1377.00 1850500
20040218 1375.00 1400.00 1374.00 1385.00 896100
20040219 1388.00 1405.00 1378.00 1402.00 949000
20040220 1402.00 1402.00 1382.00 1386.00 848900
20040223 1388.00 1394.00 1380.00 1387.00 517800
20040224 1390.00 1408.00 1382.00 1394.00 1390800
20040225 1397.00 1400.00 1384.00 1388.00 816600
20040226 1383.00 1428.00 1383.00 1417.00 1664100
20040227 1413.00 1424.00 1391.00 1391.00 1079800
20040301 1394.00 1424.00 1394.00 1415.00 615200
20040302 1445.00 1429.00 1400.00 1412.00 532600
20040303 1416.00 1420.00 1388.00 1388.00 824600
20040304 1388.00 1415.00 1388.00 1403.00 484900
20040305 1401.00 1412.00 1397.00 1411.00 481200
20040308 1424.00 1424.00 1411.00 1416.00 289500
20040309 1408.00 1416.00 1400.00 1408.00 647700
20040310 1412.00 1412.00 1392.00 1401.00 738700
20040311 1381.00 1392.00 1349.00 1369.00 877200
20040312 1357.00 1390.00 1386.00 1386.00 666900
20040315 1396.00 1396.00 1370.00 1370.00 359700
20040316 1365.00 1384.00 1365.00 1379.00 301500
20040317 1376.00 1385.00 1353.00 1378.00 1171700
20040318 1380.00 1380.00 1347.00 1355.00 1326300
20040319 1364.00 1390.00 1364.00 1390.00 545000
20040322 1360.00 1384.00 1322.00 1330.00 1178600
20040323 1335.00 1359.00 1330.00 1335.00 896700
20040324 1341.00 1362.00 1354.00 1360.00 1023700
20040325 1400.00 1422.00 1367.00 1400.00 2289400
20040326 1400.00 1401.00 1384.00 1393.00 1265800
20040329 1396.00 1407.00 1381.00 1403.00 982900
20040330 1407.00 1423.00 1400.00 1422.00 1189700
20040331 1425.00 1435.00 1410.00 1430.00 1567800
20040401 1434.00 1434.00 1402.00 1408.00 1545300
20040402 1411.00 1411.00 1396.00 1399.00 1210600
20040405 1405.00 1407.00 1390.00 1405.00 738900
20040406 1418.00 1418.00 1392.00 1397.00 791400
20040407 1403.00 1419.00 1362.00 1362.00 1160100
20040408 1390.00 1408.00 1388.00 1407.00 1036000
20040409 1407.00 1407.00 1407.00 1407.00 0
20040412 1407.00 1407.00 1407.00 1407.00 0
20040413 1406.00 1417.00 1402.00 1412.00 633300
20040414 1410.00 1410.00 1388.00 1396.00 957900
20040415 1403.00 1403.00 1373.00 1381.00 967200
20040416 1378.00 1393.00 1372.00 1376.00 1044100
20040419 1375.00 1411.00 1368.00 1411.00 1643800
20040420 1415.00 1415.00 1392.00 1393.00 914800
20040421 1386.00 1414.00 1379.00 1397.00 1046500
20040422 1401.00 1418.00 1399.00 1414.00 911300
20040423 1410.00 1416.00 1405.00 1415.00 539300
20040426 1415.00 1447.00 1414.00 1440.00 1377800
20040427 1435.00 1439.00 1411.00 1412.00 937800
20040428 1418.00 1420.00 1405.00 1405.00 753300
20040429 1402.00 1410.00 1402.00 1406.00 678400
20040430 1402.00 1405.00 1390.00 1395.00 1064500
20040503 1395.00 1395.00 1395.00 1395.00 0
20040504 1406.00 1406.00 1383.00 1389.00 1342500
20040505 1403.00 1404.00 1385.00 1397.00 1254500
20040506 1405.00 1405.00 1371.00 1376.00 997500
20040507 1382.00 1382.00 1349.00 1356.00 838500
20040510 1341.00 1342.00 1316.00 1316.00 1184100
20040511 1329.00 1346.00 1313.00 1323.00 2023100
20040512 1331.00 1349.00 1323.00 1329.00 1668100
20040513 1334.00 1409.00 1327.00 1402.00 3057800
20040514 1405.00 1412.00 1392.00 1407.00 1714000
20040517 1403.00 1410.00 1382.00 1410.00 1850200
20040518 1415.00 1414.00 1400.00 1407.00 1536500
20040519 1410.00 1429.00 1409.00 1425.00 759400
20040520 1420.00 1420.00 1405.00 1410.00 577000
20040521 1416.00 1441.00 1409.00 1412.00 749100
20040524 1403.00 1410.00 1396.00 1401.00 2607100
20040525 1412.00 1414.00 1396.00 1410.00 1106900
20040526 1395.00 1408.00 1389.00 1405.00 780300
20040527 1411.00 1427.00 1397.00 1410.00 1830800
20040528 1410.00 1412.00 1377.00 1386.00 3186900
20040531 1386.00 1386.00 1386.00 1386.00 0
20040601 1380.00 1403.00 1380.00 1397.00 958100
20040602 1396.00 1412.00 1390.00 1396.00 869200
20040603 1399.00 1416.00 1399.00 1414.00 1439600
20040604 1417.00 1430.00 1410.00 1425.00 854900
20040607 1426.00 1462.00 1426.00 1445.00 1432800
20040608 1447.00 1459.00 1438.00 1439.00 1082600
20040609 1450.00 1450.00 1424.00 1427.00 624000
20040610 1428.00 1432.00 1422.00 1430.00 475800
20040611 1410.00 1422.00 1405.00 1415.00 867800
20040614 1423.00 1424.00 1396.00 1400.00 852900
20040615 1410.00 1410.00 1392.00 1398.00 646800
20040616 1396.00 1427.00 1396.00 1407.00 1111400
20040617 1410.00 1422.00 1405.00 1422.00 506300
20040618 1415.00 1437.00 1414.00 1430.00 681300
20040621 1440.00 1463.00 1430.00 1451.00 1465500
20040622 1455.00 1455.00 1439.00 1446.00 1140600
20040623 1451.00 1459.00 1436.00 1451.00 1002600
20040624 1459.00 1459.00 1438.00 1442.00 1137300
20040625 1447.00 1447.00 1433.00 1439.00 474100
20040628 1437.00 1450.00 1427.00 1450.00 966700
20040629 1454.00 1455.00 1437.00 1445.00 728600
20040630 1448.00 1448.00 1420.00 1423.00 1139600
20040701 1424.00 1447.00 1417.00 1431.00 1303300
20040702 1434.00 1434.00 1411.00 1416.00 879700
20040705 1417.00 1426.00 1406.00 1406.00 362800
20040706 1414.00 1424.00 1402.00 1419.00 1030100
20040707 1417.00 1434.00 1413.00 1426.00 1293200
20040708 1423.00 1435.00 1417.00 1423.00 1809800
20040709 1418.00 1457.00 1416.00 1455.00 2245600
20040712 1459.00 1459.00 1444.00 1450.00 854000
20040713 1464.00 1464.00 1446.00 1453.00 1077800
20040714 1453.00 1470.00 1452.00 1470.00 1473400
20040715 1467.00 1470.00 1451.00 1460.00 876400
20040716 1466.00 1466.00 1447.00 1453.00 887900
20040719 1442.00 1458.00 1442.00 1445.00 706800
20040720 1446.00 1466.00 1440.00 1462.00 754200
20040721 1473.00 1496.00 1467.00 1490.00 1321900
20040722 1482.00 1494.00 1478.00 1482.00 1810700
20040723 1483.00 1492.00 1469.00 1472.00 1107200
20040726 1472.00 1482.00 1459.00 1462.00 821800
20040727 1465.00 1497.00 1462.00 1488.00 1315500
20040728 1497.00 1497.00 1484.00 1492.00 965200
20040729 1489.00 1508.00 1489.00 1506.00 820300
20040730 1506.00 1510.00 1486.00 1497.00 1592000
20040802 1505.00 1516.00 1495.00 1504.00 944800
20040803 1502.00 1526.00 1502.00 1520.00 1357300
20040804 1508.00 1531.00 1508.00 1523.00 962800
20040805 1530.00 1540.00 1523.00 1533.00 732100
20040806 1526.00 1529.00 1503.00 1513.00 990300
20040809 1513.00 1518.00 1495.00 1502.00 666000
20040810 1500.00 1509.00 1494.00 1508.00 741200
20040811 1515.00 1517.00 1495.00 1501.00 559000
20040812 1501.00 1512.00 1492.00 1493.00 831900
20040813 1499.00 1499.00 1480.00 1485.00 595800
20040816 1477.00 1495.00 1477.00 1486.00 631800
20040817 1495.00 1511.00 1489.00 1505.00 942300
20040818 1508.00 1514.00 1496.00 1500.00 606800
20040819 1501.00 1503.00 1476.00 1481.00 1667200
20040820 1481.00 1485.00 1468.00 1480.00 1044900
20040823 1500.00 1503.00 1487.00 1497.00 469900
20040824 1497.00 1501.00 1490.00 1493.00 469900
20040825 1499.00 1500.00 1480.00 1494.00 770200
20040826 1494.00 1504.00 1486.00 1504.00 700500
20040827 1496.00 1509.00 1492.00 1498.00 694900
20040830 1498.00 1498.00 1498.00 1498.00 0
20040831 1476.00 1501.00 1476.00 1488.00 846300
20040901 1489.00 1499.00 1486.00 1497.00 459400
20040902 1498.00 1498.00 1483.00 1492.00 659000
20040903 1498.00 1511.00 1490.00 1504.00 851600
20040906 1504.00 1504.00 1486.00 1493.00 806400
20040907 1493.00 1495.00 1485.00 1493.00 918000
20040908 1482.00 1502.00 1482.00 1495.00 1929500
20040909 1489.00 1495.00 1482.00 1487.00 983900
20040910 1484.00 1502.00 1484.00 1502.00 1100200
20040913 1495.00 1520.00 1495.00 1517.00 1132400
20040914 1556.00 1564.00 1550.00 1558.00 4861200
20040915 1568.00 1572.00 1553.00 1554.00 1317500
20040916 1552.00 1574.00 1551.00 1571.00 736800
20040917 1576.00 1604.00 1568.00 1604.00 1777100
20040920 1600.00 1621.00 1595.00 1612.00 1493500
20040921 1608.00 1628.00 1608.00 1627.00 1727400
20040922 1624.00 1636.00 1619.00 1634.00 1202200
20040923 1634.00 1634.00 1608.00 1621.00 731300
20040924 1625.00 1627.00 1614.00 1625.00 923300
20040927 1610.00 1624.00 1602.00 1608.00 980300
20040928 1597.00 1612.00 1590.00 1598.00 1035100
20040929 1607.00 1624.00 1604.00 1623.00 774000
20040930 1634.00 1640.00 1625.00 1633.00 1428100
20041001 1637.00 1654.00 1632.00 1654.00 1112300
20041004 1656.00 1690.00 1685.00 1688.00 1712900
20041005 1695.00 1700.00 1678.00 1686.00 1184400
20041006 1695.00 1697.00 1666.00 1673.00 1018500
20041007 1675.00 1682.00 1665.00 1674.00 871700
20041008 1671.00 1678.00 1663.00 1673.00 887500
20041011 1671.00 1694.00 1666.00 1689.00 627300
20041012 1680.00 1703.00 1680.00 1700.00 716000
20041013 1717.00 1725.00 1703.00 1705.00 1006300
20041014 1709.00 1709.00 1670.00 1672.00 1008300
20041015 1676.00 1686.00 1657.00 1665.00 988600
20041018 1680.00 1680.00 1659.00 1670.00 325500
20041019 1681.00 1688.00 1662.00 1672.00 715700
20041020 1666.00 1674.00 1651.00 1672.00 775900
20041021 1675.00 1693.00 1672.00 1680.00 650300
20041022 1687.00 1694.00 1680.00 1687.00 642200
20041025 1670.00 1679.00 1665.00 1665.00 687000
20041026 1682.00 1682.00 1666.00 1670.00 495900
20041027 1680.00 1689.00 1666.00 1682.00 664000
20041028 1686.00 1689.00 1672.00 1677.00 459600
20041029 1673.00 1688.00 1666.00 1670.00 478200
20041101 1657.00 1688.00 1657.00 1686.00 601400
20041102 1686.00 1700.00 1683.00 1698.00 615900
20041103 1698.00 1703.00 1685.00 1700.00 897000
20041104 1699.00 1701.00 1690.00 1698.00 860600
20041105 1712.00 1712.00 1680.00 1686.00 1052700
20041108 1686.00 1691.00 1681.00 1685.00 531700
20041109 1685.00 1692.00 1681.00 1684.00 1320300
20041110 1690.00 1694.00 1679.00 1689.00 2098000
20041111 1695.00 1697.00 1679.00 1695.00 1039200
20041112 1690.00 1700.00 1689.00 1691.00 938700
20041115 1687.00 1691.00 1657.00 1680.00 1742000
20041116 1663.00 1664.00 1645.00 1661.00 2195100
20041117 1661.00 1673.00 1639.00 1651.00 1952500
20041118 1647.00 1653.00 1632.00 1643.00 2065600
20041119 1634.00 1642.00 1624.00 1625.00 840100
20041122 1614.00 1636.00 1614.00 1627.00 945200
20041123 1626.00 1646.00 1626.00 1639.00 1136000
20041124 1632.00 1634.00 1608.00 1620.00 1853000
20041125 1620.00 1638.00 1609.00 1633.00 1044500
20041126 1629.00 1629.00 1611.00 1622.00 666500
20041129 1615.00 1627.00 1614.00 1619.00 833200
20041130 1615.00 1621.00 1598.00 1604.00 1255900
20041201 1596.00 1641.00 1596.00 1636.00 1308400
20041202 1647.00 1652.00 1638.00 1649.00 930200
20041203 1647.00 1658.00 1639.00 1655.00 639900
20041206 1652.00 1652.00 1636.00 1645.00 887600
20041207 1632.00 1644.00 1632.00 1637.00 779300
20041208 1635.00 1639.00 1622.00 1636.00 737600
20041209 1643.00 1652.00 1628.00 1630.00 688400
20041210 1632.00 1643.00 1593.00 1597.00 2616100
20041213 1601.00 1613.00 1587.00 1609.00 1517600
20041214 1609.00 1620.00 1603.00 1607.00 860800
20041215 1607.00 1615.00 1603.00 1605.00 708800
20041216 1607.00 1650.00 1607.00 1645.00 1849800
20041217 1645.00 1654.00 1620.00 1639.00 1076600
20041220 1639.00 1645.00 1628.00 1640.00 381600
20041221 1648.00 1648.00 1635.00 1644.00 700100
20041222 1646.00 1663.00 1646.00 1660.00 826600
20041223 1653.00 1664.00 1653.00 1659.00 594500
20041224 1649.00 1655.00 1645.00 1650.00 162100
20041227 1650.00 1650.00 1650.00 1650.00 0
20041228 1650.00 1650.00 1650.00 1650.00 0
20041229 1636.00 1650.00 1610.00 1647.00 586000
20041230 1650.00 1650.00 1642.00 1646.00 410500
20041231 1651.00 1658.00 1645.00 1650.00 322800
20050103 1650.00 1650.00 1650.00 1650.00 0
20050104 1647.00 1697.00 1647.00 1681.00 2552700
20050105 1633.00 1642.00 1623.00 1627.00 5009700
20050106 1630.00 1641.00 1620.00 1632.00 2001200
20050107 1630.00 1635.00 1620.00 1626.00 2358400
20050110 1619.00 1623.00 1598.00 1603.00 1263300
20050111 1608.00 1608.00 1576.00 1600.00 2259400
20050112 1606.00 1616.00 1599.00 1605.00 1071900
20050113 1617.00 1622.00 1601.00 1622.00 633600
20050114 1618.00 1631.00 1604.00 1627.00 740400
20050117 1638.00 1638.00 1621.00 1628.00 571800
20050118 1618.00 1628.00 1602.00 1611.00 844800
20050119 1621.00 1632.00 1603.00 1626.00 689100
20050120 1627.00 1627.00 1603.00 1614.00 1055000
20050121 1617.00 1624.00 1608.00 1620.00 584400
20050124 1620.00 1626.00 1606.00 1622.00 722300
20050125 1615.00 1632.00 1615.00 1625.00 498300
20050126 1625.00 1637.00 1612.00 1617.00 1179500
20050127 1605.00 1608.00 1590.00 1601.00 1702000
20050128 1597.00 1606.00 1592.00 1592.00 1339800
20050131 1593.00 1600.00 1569.00 1571.00 2543400
20050201 1575.00 1598.00 1574.00 1592.00 2705100
20050202 1592.00 1595.00 1573.00 1590.00 1325100
20050203 1587.00 1609.00 1598.00 1604.00 934800
20050204 1608.00 1608.00 1591.00 1603.00 1643400
20050207 1611.00 1613.00 1600.00 1604.00 820100
20050208 1604.00 1604.00 1580.00 1585.00 1868300
20050209 1588.00 1590.00 1573.00 1574.00 956100
20050210 1574.00 1589.00 1565.00 1572.00 1330200
20050211 1575.00 1595.00 1570.00 1582.00 680800
20050214 1588.00 1588.00 1571.00 1576.00 400000
20050215 1574.00 1583.00 1564.00 1573.00 646300
20050216 1573.00 1580.00 1571.00 1574.00 888700
20050217 1574.00 1575.00 1565.00 1571.00 869500
20050218 1571.00 1575.00 1565.00 1574.00 772800
20050221 1570.00 1575.00 1564.00 1570.00 1211700
20050222 1569.00 1580.00 1558.00 1570.00 1236500
20050223 1563.00 1580.00 1556.00 1577.00 1900400
20050224 1588.00 1569.00 1556.00 1563.00 1426800
20050225 1561.00 1571.00 1539.00 1557.00 1632200
20050228 1552.00 1553.00 1536.00 1541.00 1293500
20050301 1523.00 1539.00 1520.00 1531.00 1688000
20050302 1526.00 1539.00 1524.00 1533.00 926400
20050303 1539.00 1539.00 1516.00 1531.00 944400
20050304 1529.00 1548.00 1522.00 1544.00 1103300
20050307 1540.00 1557.00 1540.00 1555.00 1457700
20050308 1550.00 1550.00 1533.00 1541.00 1693900
20050309 1536.00 1544.00 1527.00 1532.00 1010500
20050310 1535.00 1540.00 1518.00 1537.00 1066000
20050311 1542.00 1567.00 1542.00 1553.00 2074400
20050314 1547.00 1554.00 1545.00 1549.00 666300
20050315 1550.00 1565.00 1550.00 1557.00 736100
20050316 1547.00 1562.00 1546.00 1554.00 844200
20050317 1562.00 1562.00 1534.00 1542.00 1638200
20050318 1548.00 1575.00 1558.00 1563.00 1858400
20050321 1557.00 1570.00 1551.00 1564.00 742800
20050322 1564.00 1580.00 1561.00 1580.00 1982600
20050323 1555.00 1602.00 1544.00 1599.00 3315300
20050324 1597.00 1651.00 1596.00 1632.00 2905400
20050325 1632.00 1632.00 1632.00 1632.00 0
20050328 1632.00 1632.00 1632.00 1632.00 0
20050329 1641.00 1641.00 1589.00 1595.00 2001300
20050330 1588.00 1615.00 1579.00 1604.00 2162600
20050331 1610.00 1610.00 1592.00 1592.00 1570400
20050401 1584.00 1608.00 1584.00 1595.00 1393700
20050404 1590.00 1590.00 1573.00 1588.00 1027900
20050405 1588.00 1599.00 1586.00 1589.00 1074100
20050406 1587.00 1600.00 1579.00 1584.00 968500
20050407 1589.00 1597.00 1576.00 1593.00 1027500
20050408 1603.00 1609.00 1585.00 1605.00 1083400
20050411 1600.00 1612.00 1600.00 1606.00 529500
20050412 1605.00 1616.00 1599.00 1602.00 1278300
20050413 1607.00 1620.00 1595.00 1597.00 842700
20050414 1594.00 1594.00 1567.00 1578.00 1584800
20050415 1568.00 1591.00 1568.00 1582.00 1502500
20050418 1566.00 1569.00 1551.00 1563.00 1304900
20050419 1563.00 1572.00 1542.00 1544.00 1486500
20050420 1550.00 1554.00 1524.00 1524.00 1971300
20050421 1520.00 1534.00 1511.00 1517.00 2115100
20050422 1540.00 1548.00 1525.00 1537.00 1345300
20050425 1540.00 1541.00 1517.00 1526.00 848500
20050426 1529.00 1529.00 1504.00 1512.00 1395700
20050427 1512.00 1512.00 1463.00 1485.00 2763500
20050428 1488.00 1492.00 1432.00 1463.00 1306400
20050429 1454.00 1489.00 1450.00 1478.00 1085500
20050502 1478.00 1478.00 1478.00 1478.00 0
20050503 1485.00 1512.00 1485.00 1503.00 1696300
20050504 1505.00 1505.00 1465.00 1475.00 1222400
20050505 1474.00 1484.00 1443.00 1446.00 1566300
20050506 1439.00 1453.00 1433.00 1448.00 1190600
20050509 1454.00 1454.00 1421.00 1443.00 1806300
20050510 1443.00 1454.00 1424.00 1446.00 1239400
20050511 1453.00 1485.00 1441.00 1448.00 1565000
20050512 1460.00 1485.00 1448.00 1482.00 2098800
20050513 1475.00 1484.00 1460.00 1476.00 800600
20050516 1480.00 1508.00 1468.00 1498.00 1673100
20050517 1507.00 1513.00 1488.00 1505.00 1141200
20050518 1517.00 1528.00 1463.00 1466.00 6934100
20050519 1473.00 1496.00 1460.00 1495.00 2677700
20050520 1495.00 1507.00 1476.00 1503.00 1775800
20050523 1499.00 1504.00 1475.00 1501.00 929400
20050524 1495.00 1520.00 1495.00 1500.00 1919400
20050525 1478.00 1484.00 1442.00 1450.00 2013200
20050526 1450.00 1477.00 1444.00 1451.00 1797900
20050527 1444.00 1460.00 1439.00 1450.00 1053800
20050530 1450.00 1450.00 1450.00 1450.00 0
20050531 1457.00 1457.00 1436.00 1440.00 796300
20050601 1447.00 1460.00 1436.00 1459.00 1293400
20050602 1464.00 1464.00 1442.00 1455.00 1323300
20050603 1455.00 1455.00 1455.00 1455.00 0
20050606 1478.00 1478.00 1455.00 1467.00 952800
20050607 1467.00 1482.00 1454.00 1472.00 1186500
20050608 1471.00 1476.00 1465.00 1472.00 498400
20050609 1463.00 1479.00 1454.00 1475.00 1078700
20050610 1480.00 1480.00 1467.00 1477.00 524700
20050613 1477.00 1487.00 1464.00 1471.00 1221500
20050614 1460.00 1466.00 1448.00 1460.00 1590400
20050615 1467.00 1472.00 1452.00 1469.00 756000
20050616 1478.00 1480.00 1455.00 1457.00 770200
20050617 1455.00 1500.00 1455.00 1463.00 1443900
20050620 1460.00 1489.00 1459.00 1466.00 1981600
20050621 1466.00 1474.00 1460.00 1463.00 1212900
20050622 1464.00 1520.00 1460.00 1512.00 3657000
20050623 1505.00 1514.00 1498.00 1503.00 1941500
20050624 1495.00 1495.00 1476.00 1480.00 959900
20050627 1468.00 1470.00 1456.00 1464.00 1064400
20050628 1461.00 1498.00 1456.00 1491.00 1140400
20050629 1493.00 1507.00 1474.00 1482.00 1614600
20050630 1489.00 1516.00 1487.00 1509.00 2308200
20050701 1502.00 1529.00 1494.00 1526.00 1453600
20050704 1529.00 1529.00 1510.00 1518.00 659700
20050705 1511.00 1521.00 1499.00 1504.00 597900
20050706 1499.00 1514.00 1499.00 1505.00 918900
20050707 1507.00 1518.00 1432.00 1467.00 3525300
20050708 1482.00 1495.00 1474.00 1493.00 1362700
20050711 1506.00 1514.00 1501.00 1511.00 1467700
20050712 1516.00 1525.00 1506.00 1515.00 1290800
20050713 1525.00 1541.00 1505.00 1538.00 1489500
20050714 1553.00 1564.00 1541.00 1546.00 5609800
20050715 1543.00 1568.00 1536.00 1548.00 3884000
20050718 1550.00 1554.00 1538.00 1541.00 1940500
20050719 1549.00 1549.00 1528.00 1532.00 1890700
20050720 1532.00 1572.00 1532.00 1570.00 3135700
20050721 1585.00 1598.00 1565.00 1574.00 7288700
20050722 1581.00 1583.00 1560.00 1575.00 3489600
20050725 1565.00 1575.00 1554.00 1575.00 2346800
20050726 1572.00 1585.00 1569.00 1578.00 1291300
20050727 1582.00 1587.00 1571.00 1581.00 1948400
20050728 1582.00 1595.00 1570.00 1571.00 3155300
20050729 1580.00 1586.00 1572.00 1574.00 1316200
20050801 1588.00 1588.00 1572.00 1578.00 1036200
20050802 1571.00 1577.00 1568.00 1574.00 1409600
20050803 1578.00 1578.00 1548.00 1563.00 2353200
20050804 1567.00 1585.00 1555.00 1571.00 2496000
20050805 1565.00 1569.00 1537.00 1540.00 3571000
20050808 1549.00 1553.00 1536.00 1543.00 1314600
20050809 1542.00 1548.00 1530.00 1533.00 1645500
20050810 1530.00 1541.00 1527.00 1534.00 2159700
20050811 1528.00 1539.00 1491.00 1503.00 3659800
20050812 1511.00 1519.00 1500.00 1518.00 2555600
20050815 1524.00 1529.00 1517.00 1517.00 1662800
20050816 1525.00 1533.00 1515.00 1524.00 1619400
20050817 1520.00 1550.00 1515.00 1542.00 3132600
20050818 1548.00 1553.00 1530.00 1535.00 2364000
20050819 1542.00 1588.00 1529.00 1533.00 1638000
20050822 1539.00 1539.00 1531.00 1536.00 560600
20050823 1537.00 1549.00 1533.00 1538.00 1308000
20050824 1530.00 1544.00 1517.00 1528.00 2121700
20050825 1515.00 1524.00 1505.00 1509.00 2043800
20050826 1502.00 1524.00 1502.00 1509.00 1645100
20050829 1509.00 1509.00 1509.00 1509.00 0
20050830 1512.00 1525.00 1501.00 1503.00 1932000
20050831 1505.00 1515.00 1501.00 1508.00 1674500
20050901 1509.00 1520.00 1495.00 1500.00 1761700
20050902 1504.00 1509.00 1480.00 1499.00 1383300
20050905 1508.00 1508.00 1485.00 1488.00 948600
20050906 1488.00 1501.00 1487.00 1496.00 2151600
20050907 1500.00 1503.00 1480.00 1485.00 1677100
20050908 1491.00 1491.00 1450.00 1462.00 6226100
20050909 1462.00 1474.00 1451.00 1460.00 2932400
20050912 1462.00 1473.00 1461.00 1464.00 2848400
20050913 1464.00 1470.00 1446.00 1452.00 3037900
20050914 1458.00 1492.00 1447.00 1490.00 4538100
20050915 1477.00 1486.00 1435.00 1442.00 6912800
20050916 1447.00 1465.00 1422.00 1437.00 7292800
20050919 1432.00 1436.00 1417.00 1426.00 3553100
20050920 1424.00 1429.00 1401.00 1413.00 2459400
20050921 1401.00 1428.00 1401.00 1420.00 2725200
20050922 1422.00 1435.00 1416.00 1421.00 4415100
20050923 1430.00 1434.00 1421.00 1432.00 2061300
20050926 1443.00 1446.00 1434.00 1444.00 2391600
20050927 1437.00 1449.00 1420.00 1440.00 3727700
20050928 1449.00 1449.00 1432.00 1436.00 2920100
20050929 1432.00 1436.00 1404.00 1411.00 2606100
20050930 1425.00 1425.00 1385.00 1392.00 3601300
20051003 1391.00 1413.00 1386.00 1389.00 1811000
20051004 1397.00 1397.00 1365.00 1383.00 2957200
20051005 1380.00 1388.00 1358.00 1360.00 3417500
20051006 1345.00 1359.00 1333.00 1342.00 5527000
20051007 1349.00 1370.00 1349.00 1353.00 3902900
20051010 1357.00 1366.00 1351.00 1361.00 2353600
20051011 1358.00 1384.00 1350.00 1353.00 5035900
20051012 1340.00 1343.00 1296.00 1297.00 8476800
20051013 1298.00 1305.00 1245.00 1268.00 9219800
20051014 1277.00 1311.00 1276.00 1287.00 10693100
20051017 1287.00 1307.00 1282.00 1302.00 6579100
20051018 1307.00 1316.00 1303.00 1306.00 6972600
20051019 1302.00 1310.00 1286.00 1290.00 3488600
20051020 1301.00 1317.00 1289.00 1295.00 5322900
20051021 1299.00 1322.00 1296.00 1320.00 6179900
20051024 1315.00 1337.00 1314.00 1322.00 2897300
20051025 1327.00 1343.00 1300.00 1333.00 3671900
20051026 1357.00 1357.00 1315.00 1338.00 3345200
20051027 1332.00 1379.00 1295.00 1314.00 2936200
20051028 1314.00 1317.00 1290.00 1306.00 2533500
20051031 1314.00 1337.00 1308.00 1334.00 1911800
20051101 1328.00 1348.00 1322.00 1340.00 5465700
20051102 1333.00 1355.00 1333.00 1354.00 2395900
20051103 1369.00 1369.00 1356.00 1364.00 2877000
20051104 1354.00 1369.00 1349.00 1356.00 2422500
20051107 1356.00 1357.00 1341.00 1347.00 2696800
20051108 1356.00 1361.00 1343.00 1350.00 2576200
20051109 1359.00 1369.00 1345.00 1350.00 2339800
20051110 1377.00 1377.00 1338.00 1350.00 4224000
20051111 1360.00 1370.00 1327.00 1330.00 9464700
20051114 1344.00 1356.00 1322.00 1347.00 2053400
20051115 1350.00 1353.00 1336.00 1345.00 2386700
20051116 1350.00 1363.00 1332.00 1334.00 1983200
20051117 1333.00 1348.00 1320.00 1335.00 4079000
20051118 1345.00 1362.00 1333.00 1356.00 3254100
20051121 1369.00 1399.00 1365.00 1392.00 4859300
20051122 1400.00 1423.00 1388.00 1416.00 4505500
20051123 1416.00 1416.00 1391.00 1398.00 3720300
20051124 1406.00 1409.00 1377.00 1380.00 1493000
20051125 1388.00 1391.00 1378.00 1382.00 2738100
20051128 1396.00 1403.00 1381.00 1390.00 4508100
20051129 1394.00 1400.00 1380.00 1389.00 1985000
20051130 1392.00 1406.00 1381.00 1385.00 3274600
20051201 1382.00 1429.00 1382.00 1423.00 7844500
20051202 1435.00 1435.00 1418.00 1434.00 3444000
20051205 1434.00 1465.00 1432.00 1455.00 4364600
20051206 1453.00 1532.00 1453.00 1493.00 13432500
20051207 1493.00 1508.00 1474.00 1484.00 4119900
20051208 1485.00 1502.00 1472.00 1500.00 2647400
20051209 1498.00 1534.00 1488.00 1530.00 3258800
20051212 1530.00 1530.00 1494.00 1510.00 2990800
20051213 1506.00 1515.00 1501.00 1505.00 1395900
20051214 1507.00 1528.00 1506.00 1523.00 2757500
20051215 1523.00 1536.00 1521.00 1532.00 2619600
20051216 1532.00 1571.00 1525.00 1555.00 3620200
20051219 1562.00 1562.00 1523.00 1528.00 2371600
20051220 1528.00 1536.00 1506.00 1514.00 4806600
20051221 1515.00 1540.00 1515.00 1520.00 1459100
20051222 1522.00 1549.00 1516.00 1534.00 4274800
20051223 1536.00 1549.00 1528.00 1544.00 557000
20051226 1544.00 1544.00 1544.00 1544.00 0
20051227 1544.00 1544.00 1544.00 1544.00 0
20051228 1560.00 1571.00 1535.00 1545.00 993100
20051229 1548.00 1565.00 1540.00 1545.00 933200
20051230 1560.00 1560.00 1527.00 1535.00 530200
20060102 1535.00 1535.00 1535.00 1535.00 0
20060103 1532.00 1550.00 1507.00 1523.00 5154200
20060104 1612.00 1692.00 1612.00 1680.00 12156900
20060105 1690.00 1747.00 1670.00 1690.00 8771600
20060106 1699.00 1699.00 1672.00 1681.00 4285300
20060109 1676.00 1690.00 1668.00 1673.00 2938700
20060110 1680.00 1707.00 1672.00 1704.00 3385800
20060111 1713.00 1733.00 1696.00 1724.00 1739000
20060112 1730.00 1741.00 1720.00 1734.00 3789800
20060113 1741.00 1741.00 1689.00 1695.00 6707300
20060116 1695.00 1704.00 1670.00 1684.00 2418900
20060117 1678.00 1678.00 1640.00 1649.00 4987200
20060118 1622.00 1680.00 1620.00 1670.00 3848200
20060119 1684.00 1698.00 1667.00 1690.00 3211100
20060120 1686.00 1701.00 1675.00 1677.00 1445200
20060123 1670.00 1690.00 1644.00 1671.00 1659300
20060124 1658.00 1690.00 1658.00 1674.00 3796600
20060125 1689.00 1697.00 1677.00 1697.00 1287300
20060126 1710.00 1730.00 1691.00 1709.00 4372400
20060127 1726.00 1726.00 1691.00 1698.00 2787600
20060130 1698.00 1727.00 1691.00 1723.00 2534600
20060131 1719.00 1756.00 1719.00 1733.00 3434400
20060201 1728.00 1734.00 1711.00 1718.00 2728500
20060202 1718.00 1733.00 1709.00 1712.00 3269600
20060203 1721.00 1721.00 1697.00 1700.00 3527000
20060206 1700.00 1715.00 1696.00 1708.00 2040900
20060207 1700.00 1700.00 1665.00 1690.00 5604700
20060208 1671.00 1692.00 1664.00 1688.00 2979600
20060209 1687.00 1720.00 1687.00 1710.00 2269900
20060210 1707.00 1715.00 1697.00 1699.00 3850700
20060213 1705.00 1729.00 1687.00 1714.00 1398200
20060214 1720.00 1725.00 1706.00 1720.00 2250700
20060215 1725.00 1729.00 1711.00 1726.00 2723700
20060216 1730.00 1730.00 1696.00 1704.00 2159300
20060217 1704.00 1705.00 1679.00 1697.00 1589200
20060220 1700.00 1702.00 1680.00 1683.00 1373200
20060221 1698.00 1698.00 1669.00 1675.00 1899000
20060222 1679.00 1681.00 1664.00 1670.00 2224100
20060223 1675.00 1681.00 1655.00 1666.00 5541000
20060224 1658.00 1660.00 1622.00 1640.00 7678100
20060227 1649.00 1658.00 1631.00 1651.00 2631200
20060228 1651.00 1665.00 1640.00 1650.00 6616100
20060301 1642.00 1652.00 1631.00 1632.00 2240500
20060302 1636.00 1653.00 1629.00 1639.00 3290800
20060303 1635.00 1646.00 1630.00 1643.00 1773100
20060306 1652.00 1669.00 1638.00 1657.00 1888300
20060307 1642.00 1657.00 1639.00 1649.00 3796500
20060308 1653.00 1663.00 1633.00 1654.00 2907100
20060309 1669.00 1669.00 1640.00 1658.00 1367200
20060310 1654.00 1693.00 1654.00 1693.00 2493600
20060313 1693.00 1745.00 1679.00 1741.00 7525400
20060314 1744.00 1775.00 1718.00 1749.00 6308500
20060315 1759.00 1772.00 1735.00 1772.00 3184900
20060316 1773.00 1779.00 1739.00 1764.00 5673200
20060317 1755.00 1760.00 1730.00 1740.00 5479100
20060320 1739.00 1761.00 1731.00 1743.00 2828600
20060321 1750.00 1756.00 1710.00 1746.00 2077500
20060322 1739.00 1750.00 1717.00 1726.00 2755800
20060323 1690.00 1698.00 1655.00 1662.00 12871800
20060324 1662.00 1691.00 1661.00 1682.00 3341600
20060327 1690.00 1690.00 1656.00 1660.00 3797900
20060328 1667.00 1680.00 1637.00 1640.00 4257200
20060329 1633.00 1675.00 1632.00 1660.00 2744100
20060330 1659.00 1677.00 1653.00 1667.00 1750100
20060331 1668.00 1679.00 1645.00 1650.00 4798500
20060403 1650.00 1685.00 1630.00 1638.00 3600800
20060404 1630.00 1657.00 1618.00 1654.00 6280900
20060405 1649.00 1665.00 1642.00 1662.00 3586800
20060406 1657.00 1666.00 1635.00 1643.00 5759900
20060407 1651.00 1666.00 1642.00 1645.00 4231200
20060410 1637.00 1653.00 1636.00 1650.00 3240300
20060411 1644.00 1657.00 1639.00 1646.00 6229000
20060412 1648.00 1652.00 1605.00 1620.00 4993400
20060413 1615.00 1630.00 1608.00 1622.00 3605500
20060414 1622.00 1622.00 1622.00 1622.00 0
20060417 1622.00 1622.00 1622.00 1622.00 0
20060418 1605.00 1640.00 1605.00 1620.00 2055700
20060419 1636.00 1645.00 1627.00 1644.00 3524000
20060420 1646.00 1666.00 1646.00 1657.00 1769600
20060421 1654.00 1669.00 1653.00 1667.00 2198300
20060424 1667.00 1672.00 1634.00 1638.00 2243700
20060425 1622.00 1645.00 1620.00 1640.00 1779000
20060426 1652.00 1662.00 1643.00 1657.00 1198900
20060427 1658.00 1659.00 1634.00 1645.00 2612500
20060428 1646.00 1646.00 1612.00 1612.00 3137000
20060501 1612.00 1612.00 1612.00 1612.00 0
20060502 1608.00 1655.00 1602.00 1646.00 3557300
20060503 1654.00 1681.00 1646.00 1670.00 6155900
20060504 1666.00 1715.00 1666.00 1683.00 5985200
20060505 1679.00 1712.00 1679.00 1709.00 4232000
20060508 1717.00 1721.00 1690.00 1706.00 8205900
20060509 1709.00 1731.00 1699.00 1726.00 3046100
20060510 1729.00 1774.00 1722.00 1766.00 6372000
20060511 1761.00 1773.00 1751.00 1751.00 3062100
20060512 1752.00 1777.00 1735.00 1750.00 5157000
20060515 1746.00 1762.95 1735.69 1745.00 5694300
20060516 1745.00 1762.52 1745.00 1760.00 3344100
20060517 1760.00 1758.62 1664.00 1664.00 8215600
20060518 1670.00 1715.23 1639.54 1682.00 6502200
20060519 1671.00 1720.57 1674.50 1685.00 3892500
20060522 1689.00 1705.71 1664.00 1670.00 4546200
20060523 1670.00 1705.00 1661.00 1701.00 2973900
20060524 1676.00 1684.23 1640.00 1640.00 3038100
20060525 1653.00 1657.72 1621.76 1641.00 5509800
20060526 1657.00 1673.17 1644.02 1672.00 3380100
20060529 1672.00 1672.00 1672.00 1672.00 0
20060530 1657.00 1673.00 1624.00 1624.00 4274400
20060531 1606.00 1654.30 1606.00 1625.00 4296000
20060601 1617.00 1642.00 1610.00 1639.00 2588600
20060602 1644.00 1673.00 1642.00 1665.00 2555400
20060605 1665.00 1665.00 1651.69 1659.00 1535000
20060606 1650.00 1658.23 1626.72 1631.00 2353100
20060607 1637.00 1650.00 1624.24 1639.00 2352600
20060608 1603.00 1639.00 1601.60 1609.00 2740300
20060609 1621.00 1660.90 1609.00 1658.00 2057700
20060612 1645.00 1664.03 1623.20 1632.00 7403700
20060613 1602.00 1617.23 1597.03 1608.00 4830900
20060614 1615.00 1625.00 1594.00 1609.00 4263700
20060615 1612.00 1655.23 1612.00 1640.00 3237600
20060616 1664.00 1669.00 1629.06 1630.00 2658500
20060619 1636.00 1637.00 1624.65 1627.00 1855100
20060620 1620.00 1625.89 1598.00 1612.00 4434400
20060621 1620.00 1620.00 1592.00 1600.00 2264300
20060622 1610.00 1612.00 1588.00 1610.00 4566800
20060623 1606.00 1626.97 1609.69 1621.00 1449100
20060626 1621.00 1633.97 1617.40 1623.00 1397600
20060627 1629.00 1630.38 1607.36 1608.00 2021300
20060628 1595.00 1624.00 1595.00 1620.00 1182900
20060629 1624.00 1643.00 1618.00 1635.00 3354600
20060630 1655.00 1665.00 1630.00 1632.00 1940000
20060703 1638.00 1659.00 1626.00 1649.00 2704700
20060704 1642.00 1678.00 1638.00 1671.00 2261200
20060705 1672.00 1684.00 1630.00 1642.00 2594300
20060706 1649.00 1665.00 1641.00 1662.00 2715600
20060707 1662.00 1685.00 1645.00 1649.00 2066400
20060710 1640.00 1674.00 1640.00 1669.00 1506100
20060711 1668.00 1678.00 1649.00 1653.00 791000
20060712 1667.00 1682.00 1666.00 1670.00 1842400
20060713 1667.00 1673.00 1637.00 1645.00 3238800
20060714 1636.00 1648.00 1617.00 1620.00 1274400
20060717 1618.00 1630.00 1607.00 1620.00 1569800
20060718 1609.00 1631.00 1609.00 1619.00 1837500
20060719 1630.00 1678.00 1623.00 1671.00 2536700
20060720 1687.00 1699.00 1667.00 1676.00 2918200
20060721 1670.00 1693.00 1655.00 1660.00 3028600
20060724 1661.00 1701.00 1653.00 1692.00 1731200
20060725 1687.00 1710.00 1677.00 1704.00 1635200
20060726 1713.00 1713.00 1692.00 1701.00 1197000
20060727 1703.00 1719.00 1695.00 1709.00 1552800
20060728 1711.00 1728.00 1711.00 1725.00 1561800
20060731 1725.00 1729.00 1705.00 1708.00 1506700
20060801 1710.00 1718.00 1690.00 1695.00 3163400
20060802 1700.00 1710.00 1686.00 1700.00 2363100
20060803 1700.00 1700.00 1700.00 1700.00 0
20060804 1664.00 1682.00 1664.00 1672.00 2196000
20060807 1650.00 1667.00 1645.00 1659.00 1333600
20060808 1674.00 1674.00 1650.00 1655.00 1107300
20060809 1652.00 1673.00 1631.00 1650.00 2221100
20060810 1641.00 1651.00 1609.00 1642.00 2941500
20060811 1651.00 1651.00 1622.00 1638.00 1485000
20060814 1650.00 1650.00 1630.00 1641.00 1046700
20060815 1630.00 1658.00 1626.00 1645.00 1798900
20060816 1636.00 1651.00 1623.00 1644.00 1063600
20060817 1643.00 1666.00 1643.00 1665.00 2621000
20060818 1674.00 1681.00 1652.00 1654.00 1473700
20060821 1660.00 1660.00 1627.00 1633.00 1945100
20060822 1649.00 1649.00 1623.00 1634.00 2553300
20060823 1638.00 1638.00 1623.00 1628.00 1126500
20060824 1637.00 1637.00 1619.00 1624.00 2488100
20060825 1624.00 1632.00 1620.00 1623.00 2521000
20060828 1623.00 1623.00 1623.00 1623.00 0
20060829 1626.00 1632.00 1614.00 1623.00 1753300
20060830 1630.00 1665.00 1622.00 1658.00 2386900
20060831 1653.00 1674.00 1644.00 1667.00 3263500
20060901 1678.00 1678.00 1651.00 1657.00 3299400
20060904 1655.00 1662.00 1641.00 1656.00 3771600
20060905 1662.00 1673.00 1656.00 1667.00 1646400
20060906 1674.00 1687.00 1672.00 1680.00 5059700
20060907 1671.00 1684.00 1658.00 1665.00 1945700
20060908 1672.00 1754.00 1662.00 1728.00 8776500
20060911 1725.00 1725.00 1688.00 1709.00 2884600
20060912 1715.00 1728.00 1705.00 1705.00 5391300
20060913 1749.00 1847.00 1747.00 1834.00 16333000
20060914 1830.00 1877.00 1830.00 1861.00 7229500
20060915 1850.00 1877.00 1842.00 1863.00 5373700
20060918 1865.00 1882.00 1845.00 1849.00 3640000
20060919 1843.00 1851.00 1825.00 1836.00 3685300
20060920 1833.00 1889.00 1833.00 1886.00 6683900
20060921 1895.00 1895.00 1872.00 1895.00 2458900
20060922 1890.00 1892.00 1853.00 1856.00 2262500
20060925 1856.00 1901.00 1855.00 1892.00 4026500
20060926 1893.00 1927.00 1889.00 1922.00 4618300
20060927 1924.00 1975.00 1902.00 1936.00 5759700
20060928 1943.00 1943.00 1912.00 1927.00 4095400
20060929 1930.00 1930.00 1895.00 1896.00 3924300
20061002 1896.00 1902.00 1879.00 1879.00 2924600
20061003 1870.00 1887.00 1853.00 1867.00 4439600
20061004 1877.00 1906.00 1869.00 1902.00 4589800
20061005 1929.00 1930.00 1912.00 1918.00 2964200
20061006 1928.00 1937.00 1898.00 1903.00 2129900
20061009 1900.00 1912.00 1884.00 1899.00 2311400
20061010 1908.00 1934.00 1899.00 1919.00 2675700
20061011 1922.00 1940.00 1905.00 1937.00 3698800
20061012 1950.00 1971.00 1945.00 1961.00 2220700
20061013 1965.00 1965.00 1922.00 1928.00 3990700
20061016 1928.00 1932.00 1908.00 1925.00 1464900
20061017 1927.00 1930.00 1852.00 1870.00 4616400
20061018 1870.00 1885.00 1820.00 1851.00 8574200
20061019 1851.00 1865.00 1830.00 1857.00 3791100
20061020 1853.00 1865.00 1825.00 1842.00 4855800
20061023 1858.00 1858.00 1822.00 1843.00 2035700
20061024 1852.00 1871.00 1838.00 1862.00 2853500
20061025 1871.00 1879.00 1857.00 1868.00 2310400
20061026 1864.00 1892.00 1864.00 1880.00 1741600
20061027 1894.00 1907.00 1871.00 1883.00 1966000
20061030 1874.00 1897.00 1866.00 1893.00 1792400
20061031 1881.00 1892.00 1871.00 1880.00 1715800
20061101 1880.00 1900.00 1875.00 1885.00 2239500
20061102 1886.00 1896.00 1876.00 1892.00 1706100
20061103 1893.00 1903.00 1866.00 1870.00 1315600
20061106 1875.00 1886.00 1868.00 1875.00 1433100
20061107 1868.00 1894.00 1868.00 1885.00 5055000
20061108 1883.00 1885.00 1853.00 1878.00 3612900
20061109 1872.00 1894.00 1869.00 1883.00 1448500
20061110 1877.00 1888.00 1862.00 1869.00 1549700
20061113 1859.00 1879.00 1855.00 1869.00 1439300
20061114 1862.00 1880.00 1862.00 1871.00 1556200
20061115 1890.00 1894.00 1872.00 1878.00 1861200
20061116 1881.00 1939.00 1871.00 1924.00 5685700
20061117 1925.00 1931.00 1880.00 1896.00 2494800
20061120 1881.00 1962.00 1881.00 1936.00 3311500
20061121 1928.00 1946.00 1913.00 1923.00 2766500
20061122 1914.00 1918.00 1870.00 1884.00 3906800
20061123 1892.00 1893.00 1850.00 1864.00 2827800
20061124 1850.00 1861.00 1812.00 1830.00 2995700
20061127 1838.00 1838.00 1780.00 1794.00 3220300
20061128 1805.00 1811.00 1767.00 1795.00 2859100
20061129 1805.00 1815.00 1756.00 1773.00 3413400
20061130 1785.00 1795.00 1769.00 1780.00 3044900
20061201 1778.00 1805.00 1761.00 1786.00 3165200
20061204 1782.00 1797.00 1767.00 1784.00 2439400
20061205 1778.00 1788.00 1758.00 1784.00 2657500
20061206 1775.00 1795.00 1750.00 1781.00 4279900
20061207 1771.00 1785.00 1743.00 1750.00 4573900
20061208 1750.00 1750.00 1708.00 1730.00 5148400
20061211 1729.00 1766.00 1729.00 1760.00 5272100
20061212 1756.00 1776.00 1749.00 1765.00 6513200
20061213 1775.00 1804.00 1771.00 1793.00 5787800
20061214 1790.00 1814.00 1786.00 1792.00 2159000
20061215 1787.00 1806.00 1774.00 1790.00 2709600
20061218 1793.00 1830.00 1793.00 1814.00 2711500
20061219 1813.00 1830.00 1800.00 1815.00 3128400
20061220 1815.00 1823.00 1786.00 1789.00 1148300
20061221 1785.00 1799.00 1773.00 1776.00 1376800
20061222 1776.00 1805.00 1774.00 1800.00 426900
20061225 1800.00 1800.00 1800.00 1800.00 0
20061226 1800.00 1800.00 1800.00 1800.00 0
20061227 1821.00 1821.00 1792.00 1799.00 709600
20061228 1814.00 1814.00 1794.00 1801.00 607500
20061229 1811.00 1817.00 1789.00 1800.00 334600
20070101 1800.00 1800.00 1800.00 1800.00 0
20070102 1810.00 1842.00 1803.00 1842.00 2735700
20070103 1836.00 1873.00 1836.00 1847.00 4700100
20070104 1860.00 1899.00 1842.00 1856.00 7728100
20070105 1856.00 1952.00 1845.00 1940.00 10390600
20070108 1953.00 1984.00 1945.00 1961.00 6449100
20070109 1960.00 1968.00 1937.00 1940.00 5221600
20070110 1931.00 1960.00 1926.00 1948.00 3321000
20070111 1947.00 1961.00 1913.00 1937.00 3935000
20070112 1944.00 1963.00 1929.00 1942.00 2832100
20070115 1954.00 1970.00 1942.00 1951.00 2024800
20070116 1939.00 1949.00 1912.00 1918.00 3651300
20070117 1915.00 1919.00 1897.00 1913.00 3962800
20070118 1922.00 1950.00 1912.00 1941.00 2557100
20070119 1931.00 1944.00 1904.00 1917.00 3381900
20070122 1911.00 1931.00 1910.00 1914.00 3374300
20070123 1923.00 1927.00 1906.00 1913.00 1932700
20070124 1910.00 1947.00 1910.00 1941.00 2190700
20070125 1936.00 1961.00 1936.00 1943.00 1943000
20070126 1933.00 1979.00 1927.00 1946.00 3532800
20070129 1950.00 1964.00 1943.00 1958.00 2810100
20070130 1958.00 1967.00 1941.00 1951.00 1483300
20070131 1942.00 1959.00 1937.00 1953.00 4395300
20070201 1953.00 1991.00 1953.00 1985.00 4041600
20070202 1991.00 2049.00 1988.00 2034.00 4972700
20070205 2042.00 2048.00 2023.00 2026.00 2090900
20070206 2030.00 2063.00 2029.00 2052.00 4697500
20070207 2054.00 2054.00 2021.00 2030.00 4864300
20070208 2042.00 2042.00 2017.00 2021.00 1890300
20070209 2032.00 2034.00 2020.00 2026.00 1460700
20070212 2006.00 2030.00 2006.00 2029.00 1649300
20070213 2041.00 2050.00 2019.00 2024.00 2091000
20070214 2045.00 2050.00 2013.00 2043.00 4213200
20070215 2049.00 2065.00 2032.00 2056.00 2794900
20070216 2068.00 2104.00 2055.00 2093.00 4599800
20070219 2102.00 2121.00 2093.00 2100.00 2775700
20070220 2109.00 2109.00 2075.00 2086.00 2471300
20070221 2101.00 2104.00 2064.00 2066.00 2611600
20070222 2085.00 2099.00 2071.00 2083.00 1966500
20070223 2098.00 2098.00 2075.00 2097.00 1497000
20070226 2111.00 2121.00 2094.00 2107.00 1364000
20070227 2090.00 2103.00 2022.00 2028.00 2584100
20070228 2005.00 2066.00 1982.00 2042.00 4462600
20070301 2026.00 2076.00 2005.00 2052.00 4951200
20070302 2054.00 2079.00 2040.00 2069.00 5003100
20070305 2012.00 2038.00 1980.00 2006.00 2830000
20070306 2037.00 2037.00 1992.00 2018.00 2540100
20070307 2008.00 2035.00 1966.00 1989.00 4826200
20070308 1987.00 2005.00 1984.00 2000.00 4269100
20070309 1993.00 2087.00 1990.00 2073.00 8200800
20070312 2098.00 2098.00 2036.00 2048.00 2331600
20070313 2048.00 2061.00 2022.00 2024.00 2231300
20070314 1996.00 2096.00 1996.00 2015.00 11731600
20070315 2040.00 2050.00 2028.00 2048.00 3790000
20070316 2052.00 2070.00 2043.00 2065.00 3837700
20070319 2085.00 2095.00 2072.00 2088.00 3365500
20070320 2094.00 2097.00 2063.00 2092.00 3154400
20070321 2072.00 2109.00 2072.00 2096.00 2795700
20070322 2130.00 2241.00 2130.00 2235.00 9363800
20070323 2220.00 2245.00 2216.00 2226.00 2182800
20070326 2226.00 2273.00 2218.00 2228.00 2794400
20070327 2232.00 2320.00 2232.00 2302.00 4936600
20070328 2281.00 2504.00 2281.00 2353.00 7497900
20070329 2353.00 2365.00 2228.00 2241.00 7238700
20070330 2257.00 2266.00 2215.00 2249.00 2456600
20070402 2237.00 2292.00 2237.00 2280.00 4476100
20070403 2300.00 2303.00 2276.00 2284.00 4101600
20070404 2299.00 2299.00 2261.00 2286.00 5383400
20070405 2290.00 2314.00 2279.00 2312.00 3412200
20070406 2312.00 2312.00 2312.00 2312.00 0
20070409 2312.00 2312.00 2312.00 2312.00 0
20070410 2312.00 2338.00 2305.00 2317.00 2938100
20070411 2317.00 2327.00 2285.00 2291.00 1789700
20070412 2279.00 2314.00 2258.00 2305.00 3409500
20070413 2305.00 2305.00 2272.00 2287.00 4022400
20070416 2276.00 2288.00 2259.00 2274.00 3886000
20070417 2263.00 2263.00 2232.00 2253.00 3693100
20070418 2259.00 2260.00 2210.00 2216.00 3220500
20070419 2187.00 2207.00 2167.00 2189.00 3865200
20070420 2207.00 2248.00 2205.00 2243.00 2466300
20070423 2255.00 2277.00 2244.00 2252.00 3393100
20070424 2250.00 2262.00 2225.00 2245.00 3344000
20070425 2245.00 2288.00 2245.00 2274.00 2595900
20070426 2296.00 2315.00 2280.00 2288.00 3731800
20070427 2281.00 2324.00 2281.00 2303.00 2943200
20070430 2330.00 2370.00 2329.00 2349.00 2685600
20070501 2335.00 2341.00 2317.00 2340.00 1591400
20070502 2351.00 2411.00 2351.00 2411.00 5348000
20070503 2414.00 2431.00 2380.00 2428.00 3930800
20070504 2452.00 2500.00 2411.00 2424.00 2768900
20070507 2424.00 2424.00 2424.00 2424.00 0
20070508 2428.00 2428.00 2389.00 2417.00 2549500
20070509 2445.00 2445.00 2410.00 2437.00 1779600
20070510 2445.00 2468.00 2421.00 2427.00 3212600
20070511 2413.00 2413.00 2372.00 2398.00 4485200
20070514 2398.00 2409.00 2363.00 2393.00 3263100
20070515 2392.00 2431.00 2387.00 2401.00 4269200
20070516 2406.00 2428.00 2238.00 2247.00 12991100
20070517 2254.00 2278.00 2242.00 2255.00 7259400
20070518 2260.00 2290.00 2233.00 2284.00 5160200
20070521 2310.00 2328.00 2281.00 2327.00 3072300
20070522 2324.00 2341.00 2276.00 2300.00 3187700
20070523 2276.00 2276.00 2245.00 2257.00 2112900
20070524 2257.00 2257.00 2216.00 2225.00 2430300
20070525 2211.00 2232.00 2205.00 2207.00 1918700
20070528 2207.00 2207.00 2207.00 2207.00 0
20070529 2207.00 2219.00 2179.00 2200.00 1663700
20070530 2180.00 2222.00 2180.00 2222.00 2897500
20070531 2243.00 2243.00 2195.00 2209.00 2937400
20070601 2209.00 2209.00 2209.00 2209.00 0
20070604 2230.00 2248.00 2217.00 2246.00 2365400
20070605 2232.00 2233.00 2179.00 2194.00 3893800
20070606 2188.00 2204.00 2103.00 2123.00 4558400
20070607 2136.00 2150.00 2082.00 2098.00 3849100
20070608 2095.00 2108.00 2061.00 2104.00 2431600
20070611 2106.00 2131.00 2093.00 2113.00 907300
20070612 2109.00 2134.00 2085.00 2099.00 2021900
20070613 2099.00 2145.00 2065.00 2142.00 4036700
20070614 2169.00 2188.00 2143.00 2164.00 2998300
20070615 2162.00 2193.00 2162.00 2182.00 2126800
20070618 2182.00 2205.00 2152.00 2156.00 1006600
20070619 2153.00 2160.00 2115.00 2130.00 2733000
20070620 2140.00 2148.00 2098.00 2100.00 2212600
20070621 2079.00 2096.00 2030.00 2061.00 3146300
20070622 2077.00 2077.00 2021.00 2056.00 3326500
20070625 2049.00 2058.00 2020.00 2034.00 3623400
20070626 2026.00 2060.00 2007.00 2036.00 3361900
20070627 2032.00 2032.00 1979.00 1990.00 5234100
20070628 2010.00 2028.00 1999.00 2010.00 3564100
20070629 2012.00 2012.00 1980.00 2009.00 4046200
20070702 1990.00 2003.00 1951.00 1970.00 3273400
20070703 1985.00 2020.00 1937.00 2010.00 5408000
20070704 2005.00 2020.00 1993.00 1999.00 2009300
20070705 2014.00 2023.00 1995.00 2007.00 4066300
20070706 1993.00 2025.00 1988.00 2017.00 3597900
20070709 2018.00 2027.00 1987.00 2010.00 3588500
20070710 2033.00 2053.00 1994.00 2004.00 6933100
20070711 1995.00 1995.00 1957.00 1976.00 2185900
20070712 1976.00 1996.00 1960.00 1996.00 3390300
20070713 2001.00 2011.00 1969.00 1990.00 1772200
20070716 1985.00 1987.00 1941.00 1968.00 2607100
20070717 1969.00 1970.00 1933.00 1951.00 2770000
20070718 1922.00 1944.00 1886.00 1888.00 6781800
20070719 1895.00 1934.00 1870.00 1918.00 4323300
20070720 1920.00 1946.00 1899.00 1912.00 2681400
20070723 1905.00 1928.00 1901.00 1918.00 2567400
20070724 1903.00 1926.00 1867.00 1867.00 3424700
20070725 1855.00 1874.00 1829.00 1842.00 4100900
20070726 1841.00 1842.00 1715.00 1796.00 8301600
20070727 1775.00 1832.00 1774.00 1796.00 7183900
20070730 1790.00 1861.00 1785.00 1842.00 6519400
20070731 1848.00 1908.00 1845.00 1899.00 6720800
20070801 1870.00 1879.00 1832.00 1841.00 4760900
20070802 1865.00 1885.00 1836.00 1868.00 2565900
20070803 1882.00 1911.00 1867.00 1887.00 3841400
20070806 1858.00 1909.00 1848.00 1882.00 4122500
20070807 1910.00 1919.00 1887.00 1912.00 2836200
20070808 1927.00 1947.00 1911.00 1927.00 4051500
20070809 1931.00 1942.00 1864.00 1876.00 5150300
20070810 1847.00 1877.00 1814.00 1816.00 3960000
20070813 1900.00 1921.00 1852.00 1910.00 4252000
20070814 1889.00 1950.00 1885.00 1910.00 2811800
20070815 1883.00 1904.00 1867.00 1890.00 2664500
20070816 1834.00 1849.00 1749.00 1749.00 5410100
20070817 1745.00 1848.00 1735.00 1807.00 4405300
20070820 1807.00 1858.00 1807.00 1835.00 1971400
20070821 1840.00 1853.00 1784.00 1795.00 1719900
20070822 1797.00 1870.00 1797.00 1869.00 2118800
20070823 1896.00 1906.00 1871.00 1886.00 1930100
20070824 1890.00 1903.00 1868.00 1903.00 1443900
20070827 1903.00 1903.00 1903.00 1903.00 0
20070828 1904.00 1916.00 1861.00 1869.00 2516700
20070829 1869.00 1916.00 1851.00 1904.00 2978500
20070830 1910.00 1936.00 1878.00 1906.00 3507400
20070831 1928.00 1965.00 1895.00 1931.00 2577100
20070903 1933.00 1976.00 1933.00 1960.00 1663000
20070904 1965.00 1983.00 1939.00 1973.00 1295600
20070905 1957.00 1971.00 1920.00 1925.00 1540000
20070906 1926.00 1949.00 1880.00 1903.00 2704700
20070907 1894.00 1929.00 1868.00 1879.00 3898100
20070910 1891.00 1904.00 1851.00 1861.00 3328900
20070911 1882.00 1950.00 1882.00 1940.00 7919600
20070912 1940.00 2009.00 1937.00 1967.00 3461100
20070913 1990.00 2008.00 1969.00 2000.00 3411900
20070914 1975.00 1993.00 1882.00 1920.00 9266700
20070917 1921.00 1921.00 1863.00 1880.00 3995900
20070918 1879.00 1913.00 1860.00 1913.00 5205500
20070919 1973.00 1994.00 1951.00 1982.00 4014700
20070920 1977.00 1992.00 1928.00 1935.00 3058900
20070921 1936.00 1985.00 1921.00 1936.00 4411900
20070924 1940.00 1984.00 1932.00 1969.00 2423000
20070925 1969.00 1980.00 1910.00 1928.00 2939800
20070926 1949.00 1967.00 1906.00 1920.00 3987400
20070927 1927.00 1983.00 1927.00 1981.00 6183700
20070928 1987.00 2010.00 1945.00 1964.00 3045400
20071001 1968.00 1999.00 1945.00 1983.00 2235800
20071002 1999.00 2096.00 1990.00 2051.00 5863900
20071003 2046.00 2094.00 2027.00 2084.00 3513700
20071004 2106.00 2144.00 2095.00 2137.00 5244500
20071005 2137.00 2156.00 2107.00 2139.00 1911800
20071008 2135.00 2162.00 2123.00 2137.00 3506300
20071009 2140.00 2184.00 2133.00 2164.00 5080700
20071010 2164.00 2200.00 2140.00 2197.00 3641800
20071011 2195.00 2214.00 2169.00 2180.00 3345700
20071012 2173.00 2173.00 2105.00 2136.00 3905000
20071015 2140.00 2172.00 2076.00 2085.00 1969900
20071016 2080.00 2080.00 2011.00 2016.00 7677300
20071017 2023.00 2066.00 2008.00 2054.00 3478500
20071018 2064.00 2075.00 2005.00 2010.00 3404600
20071019 2002.00 2025.00 1982.00 1991.00 2921800
20071022 1943.00 2007.00 1930.00 1999.00 5029400
20071023 2015.00 2082.00 2010.00 2055.00 5049300
20071024 2066.00 2097.00 2042.00 2069.00 2452200
20071025 2092.00 2143.00 2070.00 2132.00 3580300
20071026 2148.00 2148.00 2095.00 2128.00 2920500
20071029 2155.00 2160.00 2126.00 2145.00 2599200
20071030 2132.00 2144.00 2108.00 2127.00 3594300
20071031 2127.00 2210.00 2123.00 2208.00 2562000
20071101 2207.00 2207.00 2119.00 2142.00 2713900
20071102 2104.00 2131.00 2085.00 2101.00 2838500
20071105 2078.00 2097.00 2046.00 2084.00 2152500
20071106 2110.00 2115.00 2045.00 2052.00 2177100
20071107 2060.00 2068.00 1898.00 1914.00 5912900
20071108 1901.00 1967.00 1865.00 1905.00 5171200
20071109 1908.00 1926.00 1847.00 1877.00 3645900
20071112 1859.00 1904.00 1854.00 1893.00 2258000
20071113 1874.00 1959.00 1871.00 1958.00 2900700
20071114 1974.00 2011.00 1953.00 1994.00 3003100
20071115 2010.00 2011.00 1904.00 1929.00 2857100
20071116 1908.00 1920.00 1859.00 1864.00 1765900
20071119 1875.00 1893.00 1776.00 1781.00 2584700
20071120 1790.00 1856.00 1774.00 1851.00 2639200
20071121 1825.00 1827.00 1733.00 1748.00 3497500
20071122 1764.00 1764.00 1685.00 1742.00 2842900
20071123 1739.00 1823.00 1739.00 1812.00 1964500
20071126 1836.00 1857.00 1758.00 1777.00 2428200
20071127 1766.00 1783.00 1680.00 1709.00 3809200
20071128 1710.00 1744.00 1676.00 1735.00 4098500
20071129 1756.00 1794.00 1692.00 1727.00 3072500
20071130 1728.00 1797.00 1721.00 1740.00 4292400
20071203 1737.00 1799.00 1730.00 1752.00 2525100
20071204 1748.00 1756.00 1680.00 1707.00 2736500
20071205 1716.00 1792.00 1714.00 1782.00 3665800
20071206 1780.00 1823.00 1709.00 1734.00 4320900
20071207 1753.00 1784.00 1738.00 1774.00 1919100
20071210 1769.00 1797.00 1754.00 1776.00 1494300
20071211 1800.00 1826.00 1774.00 1786.00 2178000
20071212 1762.00 1787.00 1724.00 1758.00 2612400
20071213 1740.00 1754.00 1664.00 1674.00 3590000
20071214 1692.00 1698.00 1652.00 1677.00 1895700
20071217 1648.00 1657.00 1577.00 1602.00 2880200
20071218 1597.00 1648.00 1582.00 1617.00 3371300
20071219 1618.00 1642.00 1605.00 1614.00 1831700
20071220 1617.00 1635.00 1600.00 1620.00 1608200
20071221 1644.00 1653.00 1601.00 1601.00 3795800
20071224 1617.00 1630.00 1595.00 1623.00 265000
20071225 1623.00 1623.00 1623.00 1623.00 0
20071226 1623.00 1623.00 1623.00 1623.00 0
20071227 1611.00 1633.00 1602.00 1607.00 1601700
20071228 1600.00 1618.00 1591.00 1605.00 814100
20071231 1625.00 1625.00 1601.00 1624.00 453200
20080101 1624.00 1624.00 1624.00 1624.00 0
20080102 1627.00 1682.00 1611.00 1666.00 2805100
20080103 1620.00 1629.00 1522.00 1552.00 6464300
20080104 1541.00 1552.00 1457.00 1464.00 4031400
20080107 1460.00 1470.00 1379.00 1396.00 4088600
20080108 1417.00 1431.00 1370.00 1407.00 4227300
20080109 1339.00 1359.00 1288.00 1331.00 8568100
20080110 1349.00 1378.00 1284.00 1294.00 3774900
20080111 1284.00 1382.00 1256.00 1368.00 5163000
20080114 1358.00 1428.00 1338.00 1383.00 3332900
20080115 1380.00 1380.00 1326.00 1326.00 3792200
20080116 1321.00 1369.00 1286.00 1328.00 4007400
20080117 1343.00 1380.00 1332.00 1350.00 2483400
20080118 1351.00 1412.00 1324.00 1380.00 3910200
20080121 1346.00 1380.00 1285.00 1300.00 4893500
20080122 1280.00 1346.00 1239.00 1335.00 4149100
20080123 1367.00 1415.00 1335.00 1366.00 5466100
20080124 1420.00 1455.00 1365.00 1431.00 5006900
20080125 1446.00 1460.00 1365.00 1375.00 3941100
20080128 1362.00 1397.00 1343.00 1355.00 2122000
20080129 1374.00 1397.00 1341.00 1374.00 3366100
20080130 1387.00 1406.00 1345.00 1356.00 2911900
20080131 1367.00 1404.00 1332.00 1403.00 3314200
20080201 1423.00 1476.00 1406.00 1475.00 5041900
20080204 1480.00 1527.00 1478.00 1522.00 4539000
20080205 1510.00 1517.00 1401.00 1413.00 3539800
20080206 1398.00 1450.00 1391.00 1443.00 4185200
20080207 1429.00 1445.00 1384.00 1403.00 3900500
20080208 1414.00 1430.00 1385.00 1397.00 2316800
20080211 1390.00 1414.00 1369.00 1382.00 1696400
20080212 1395.00 1425.00 1371.00 1424.00 2486400
20080213 1416.00 1427.00 1383.00 1417.00 2709400
20080214 1427.00 1448.00 1379.00 1387.00 3225600
20080215 1394.00 1401.00 1330.00 1337.00 2913500
20080218 1350.00 1383.00 1343.00 1380.00 1282600
20080219 1352.00 1395.00 1337.00 1378.00 3274600
20080220 1351.00 1371.00 1335.00 1346.00 1868300
20080221 1365.00 1391.00 1344.00 1357.00 2237600
20080222 1343.00 1344.00 1283.00 1291.00 3590700
20080225 1313.00 1353.00 1293.00 1353.00 3082700
20080226 1358.00 1369.00 1317.00 1339.00 1827300
20080227 1340.00 1361.00 1297.00 1332.00 2970600
20080228 1329.00 1337.00 1304.00 1305.00 3129100
20080229 1320.00 1336.00 1279.00 1289.00 3547500
20080303 1278.00 1285.00 1248.00 1251.00 2255600
20080304 1255.00 1292.00 1254.00 1269.00 2499400
20080305 1284.00 1306.00 1274.00 1302.00 1453900
20080306 1300.00 1302.00 1263.00 1276.00 2992400
20080307 1251.00 1256.00 1210.00 1224.00 3244300
20080310 1214.00 1227.00 1200.00 1203.00 2420400
20080311 1203.00 1240.00 1193.00 1215.00 2708400
20080312 1240.00 1241.00 1218.00 1223.00 1947700
20080313 1195.00 1207.00 1150.00 1174.00 5536200
20080314 1173.00 1194.00 1146.00 1154.00 3119900
20080317 1121.00 1146.00 1112.00 1116.00 3341500
20080318 1137.00 1211.00 1125.00 1179.00 4883800
20080319 1155.00 1203.00 1098.00 1108.00 5826500
20080320 1094.00 1171.00 1071.00 1149.00 4801900
20080321 1149.00 1149.00 1149.00 1149.00 0
20080324 1149.00 1149.00 1149.00 1149.00 0
20080325 1167.00 1189.00 1151.00 1180.00 3166000
20080326 1172.00 1191.00 1155.00 1185.00 2629300
20080327 1191.00 1222.00 1161.00 1198.00 2458200
20080328 1199.00 1199.00 1154.00 1161.00 3344500
20080331 1150.00 1150.00 1123.00 1139.00 2089400
20080401 1132.00 1219.00 1132.00 1216.00 3822200
20080402 1225.00 1229.00 1202.00 1224.00 2357700
20080403 1229.00 1252.00 1204.00 1216.00 3610900
20080404 1212.00 1234.00 1208.00 1216.00 2649900
20080407 1217.00 1246.00 1213.00 1232.00 1651200
20080408 1220.00 1238.00 1189.00 1195.00 2065000
20080409 1192.00 1200.00 1156.00 1164.00 2786300
20080410 1159.00 1178.00 1121.00 1138.00 2907500
20080411 1143.00 1154.00 1107.00 1118.00 2830300
20080414 1104.00 1114.00 1095.00 1100.00 3911400
20080415 1104.00 1115.00 1072.00 1081.00 4072200
20080416 1088.00 1148.00 1077.00 1148.00 2464200
20080417 1150.00 1150.00 1063.00 1103.00 4134600
20080418 1113.00 1160.00 1103.00 1145.00 2409400
20080421 1144.00 1161.00 1114.00 1125.00 1942800
20080422 1122.00 1124.00 1086.00 1099.00 2238100
20080423 1100.00 1121.00 1085.00 1116.00 1786100
20080424 1106.00 1106.00 1054.00 1073.00 3150800
20080425 1077.00 1108.00 1073.00 1097.00 1575700
20080428 1097.00 1143.00 1095.00 1125.00 1788400
20080429 1122.00 1132.00 1110.00 1122.00 2971600
20080430 1116.00 1155.00 1109.00 1146.00 2935800
20080501 1155.00 1157.00 1130.00 1147.00 1229600
20080502 1154.00 1262.00 1154.00 1225.00 5835700
20080506 1228.00 1228.00 1173.00 1178.00 3234500
20080507 1179.00 1244.00 1179.00 1228.00 3768000
20080508 1268.00 1331.00 1251.00 1302.00 5887800
20080509 1298.00 1322.00 1271.00 1290.00 2701600
20080512 1296.00 1340.00 1285.00 1309.00 3360800
20080513 1321.00 1332.00 1257.00 1266.00 3292600
20080514 1269.00 1278.00 1234.00 1243.00 1998900
20080515 1242.00 1250.00 1206.00 1239.00 3761000
20080516 1250.00 1316.00 1242.00 1285.00 3666300
20080519 1292.00 1295.00 1263.00 1284.00 2706700
20080520 1270.00 1295.00 1220.00 1220.00 2114100
20080521 1230.00 1236.00 1199.00 1203.00 1528900
20080522 1190.00 1235.00 1190.00 1222.00 1858600
20080523 1218.00 1225.00 1203.00 1203.00 1316000
20080527 1205.00 1223.00 1182.00 1185.00 2084200
20080528 1160.00 1180.00 1155.00 1168.00 1793000
20080529 1171.00 1176.00 1141.00 1146.00 1869300
20080530 1130.00 1182.00 1130.00 1157.00 2761000
20080602 1152.00 1157.00 1128.00 1133.00 1671200
20080603 1133.00 1163.00 1121.00 1157.00 1943100
20080604 1160.00 1166.00 1134.00 1157.00 1846500
20080605 1163.00 1192.00 1152.00 1185.00 2586900
20080606 1195.00 1203.00 1155.00 1155.00 3093400
20080610 1127.00 1133.00 1097.00 1097.00 2511100
20080611 1086.00 1095.00 982.50 1016.00 7449400
20080612 1011.00 1058.00 985.50 1055.00 4612300
20080613 1048.00 1077.00 1019.00 1069.00 3464900
20080616 1070.00 1087.00 1053.00 1067.00 1959900
20080617 1068.00 1094.00 1059.00 1059.00 1632300
20080618 1055.00 1055.00 992.50 997.50 3172400
20080619 985.50 1025.00 955.00 1012.00 6983500
20080620 1019.00 1046.00 993.00 1002.00 3723900
20080623 995.50 1008.00 970.00 995.00 2113600
20080624 1025.00 1025.00 944.00 959.50 4140600
20080625 967.50 1036.00 961.00 1027.00 2805600
20080626 1012.00 1015.00 978.50 978.50 3650000
20080627 967.50 982.50 949.00 973.50 3294000
20080630 969.00 984.00 962.50 969.50 2787200
20080701 960.50 985.00 903.00 909.50 4207700
20080702 870.00 870.00 803.00 837.50 7046800
20080703 824.00 857.00 802.50 853.50 4509700
20080704 860.00 889.00 854.50 873.00 4281200
20080707 885.50 887.50 848.00 856.00 2901900
20080708 833.50 887.00 819.00 873.00 4524200
20080709 883.50 925.50 876.50 900.50 3193600
20080710 874.00 901.50 852.50 895.50 5226300
20080711 895.00 904.00 852.00 852.00 3525300
20080714 866.00 902.50 861.50 882.00 3462700
20080715 867.00 880.50 841.00 868.00 3219100
20080716 874.50 938.00 859.50 921.50 4257700
20080717 940.00 1005.00 940.00 968.00 5279600
20080718 954.00 1033.00 940.50 1032.00 4162400
20080721 1030.00 1031.00 1000.00 1015.00 2891700
20080722 999.50 1021.00 960.00 1012.00 2783300
20080723 1028.00 1078.00 1020.00 1064.00 3236700
20080724 1076.00 1095.00 1014.00 1016.00 4256700
20080725 998.50 1044.00 968.50 1034.00 3640100
20080728 1017.00 1031.00 991.50 994.00 2122800
20080729 976.50 1011.00 960.50 1005.00 1118400
20080730 1060.00 1060.00 971.00 995.50 4650100
20080731 965.00 991.50 935.00 954.50 4274900
20080801 942.50 986.50 942.50 970.50 2628100
20080804 965.00 997.00 948.50 985.00 2681800
20080805 996.50 1062.00 992.50 1057.00 4695000
20080806 1066.00 1078.00 1040.00 1053.00 3769800
20080807 1051.00 1065.00 1019.00 1029.00 2722100
20080808 1016.00 1084.00 1016.00 1080.00 3100700
20080811 1085.00 1146.00 1080.00 1132.00 4267900
20080812 1121.00 1121.00 1071.00 1080.00 3948300
20080813 1073.00 1074.00 989.50 990.50 4516500
20080814 1000.00 1028.00 981.00 1009.00 3307100
20080815 1015.00 1048.00 1015.00 1037.00 2475900
20080818 1038.00 1043.00 1003.00 1013.00 1849100
20080819 1013.00 1033.00 987.00 993.50 3160200
20080820 994.50 1003.00 968.00 987.00 1638300
20080821 972.00 1001.00 953.00 980.00 2214500
20080822 987.00 1026.00 977.50 1022.00 1620700
20080826 1013.00 1052.00 993.00 1043.00 2560400
20080827 1039.00 1041.00 1003.00 1015.00 1800900
20080828 1020.00 1072.00 1001.00 1057.00 2665400
20080829 1057.00 1075.00 1040.00 1061.00 1795100
20080901 1055.00 1084.00 1030.00 1073.00 1602100
20080902 1077.00 1176.00 1062.00 1133.00 4955900
20080903 1118.00 1120.00 1070.00 1092.00 4195500
20080904 1096.00 1112.00 1070.00 1082.00 3384600
20080905 1068.00 1107.00 1051.00 1083.00 4231300
20080908 1126.00 1151.00 1109.00 1134.00 1108500
20080909 1128.00 1177.00 1103.00 1143.00 5141700
20080910 1129.00 1149.00 1084.00 1120.00 4198900
20080911 1115.00 1120.00 1053.00 1086.00 6138300
20080912 1090.00 1150.00 1061.00 1149.00 5049500
20080915 1110.00 1160.00 1072.00 1142.00 4265000
20080916 1140.00 1187.00 1100.00 1133.00 5524600
20080917 1137.00 1168.00 1072.00 1072.00 5818200
20080918 1100.00 1150.00 1050.00 1112.00 6454000
20080919 1195.00 1293.00 1167.00 1247.00 6113000
20080922 1250.00 1250.00 1184.00 1199.00 3544600
20080923 1192.00 1192.00 1129.00 1146.00 3476900
20080924 1158.00 1166.00 1113.00 1143.00 2554200
20080925 1134.00 1156.00 1082.00 1122.00 3439900
20080926 1115.00 1115.00 1061.00 1085.00 2429400
20080929 1076.00 1110.00 1022.00 1029.00 1864800
20080930 990.00 1066.00 974.00 1019.00 5316400
20081001 1028.00 1065.00 1010.00 1059.00 3571100
20081002 1071.00 1153.00 1043.00 1099.00 4037300
20081003 1095.00 1150.00 1033.00 1135.00 3421200
20081006 1099.00 1121.00 1027.00 1033.00 1626100
20081007 1050.00 1087.00 999.00 1059.00 3331000
20081008 1005.00 1162.00 967.00 991.50 4427600
20081009 998.00 1046.00 942.00 985.00 3759000
20081010 886.00 987.50 866.00 947.50 4437100
20081013 951.50 1047.00 951.50 1047.00 4177900
20081014 1105.00 1105.00 965.50 1003.00 2518700
20081015 991.00 992.50 926.50 956.50 5022600
20081016 925.00 952.50 843.50 862.00 3297200
20081017 900.00 900.00 780.50 858.00 8636700
20081020 888.00 904.50 855.00 900.00 4915500
20081021 921.00 960.50 900.00 927.00 3872400
20081022 899.50 926.00 874.00 921.00 2939700
20081023 914.00 939.00 874.50 896.00 4413600
20081024 886.00 886.50 830.00 873.00 3642300
20081027 845.50 903.50 829.00 885.00 2749400
20081028 911.00 930.50 875.50 900.00 2739200
20081029 942.00 1019.00 927.50 1011.00 3253700
20081030 1020.00 1110.00 1010.00 1094.00 3908700
20081031 1094.00 1100.00 1017.00 1054.00 3202000
20081103 1075.00 1096.00 1046.00 1095.00 2372500
20081104 1096.00 1160.00 1070.00 1125.00 4175500
20081105 1124.00 1197.00 1082.00 1189.00 8171100
20081106 1161.00 1225.00 1109.00 1132.00 6273300
20081107 1133.00 1203.00 1132.00 1166.00 3764700
20081110 1200.00 1200.00 1109.00 1120.00 1994200
20081111 1100.00 1135.00 1097.00 1111.00 2087300
20081112 1124.00 1138.00 1043.00 1052.00 2162700
20081113 1034.00 1080.00 994.00 1000.00 3680900
20081114 1048.00 1057.00 969.50 981.00 3634900
20081117 972.50 1000.00 938.00 945.00 3188200
20081118 941.50 961.00 879.00 940.00 2624700
20081119 945.00 972.00 921.00 930.00 2901300
20081120 903.50 979.50 903.50 970.00 6643300
20081121 983.50 1009.00 953.00 970.50 4148200
20081124 998.00 1069.00 975.50 1067.00 3588900
20081125 1063.00 1069.00 1031.00 1036.00 2894600
20081126 1007.00 1056.00 991.00 1034.00 2270200
20081127 1054.00 1083.00 1027.00 1073.00 1918300
20081128 1066.00 1112.00 1056.00 1108.00 2028400
20081201 1108.00 1108.00 998.00 1003.00 1975100
20081202 973.00 1046.00 952.50 1034.00 2634000
20081203 1043.00 1055.00 982.50 1013.00 2530200
20081204 1002.00 1078.00 990.00 1058.00 2663000
20081205 1045.00 1061.00 981.50 991.50 2450700
20081208 1069.00 1094.00 1028.00 1087.00 2368600
20081209 1072.00 1139.00 1050.00 1124.00 2594300
20081210 1135.00 1135.00 1040.00 1080.00 2900500
20081211 1085.00 1103.00 1055.00 1085.00 1554700
20081212 1047.00 1068.00 1024.00 1035.00 2360400
20081215 1040.00 1053.00 1018.00 1023.00 1521600
20081216 1031.00 1072.00 1009.00 1068.00 1844200
20081217 1080.00 1112.00 1059.00 1112.00 2529300
20081218 1111.00 1118.00 1087.00 1112.00 1614800
20081219 1101.00 1125.00 1080.00 1110.00 1639400
20081222 1104.00 1107.00 1071.00 1098.00 1398000
20081223 1087.00 1098.00 1073.00 1080.00 1242400
20081224 1105.00 1111.00 1055.00 1084.00 183600
20081229 1091.00 1102.00 1074.00 1099.00 708900
20081230 1115.00 1115.00 1079.00 1093.00 670200
20081231 1075.00 1099.00 1065.00 1081.00 264200
20090102 1079.00 1109.00 1079.00 1109.00 812200
20090105 1114.00 1137.00 1085.00 1091.00 1742700
20090106 1125.00 1261.00 1115.00 1227.00 7179200
20090107 1235.00 1239.00 1193.00 1203.00 2989600
20090108 1198.00 1225.00 1148.00 1189.00 3614500
20090109 1197.00 1229.00 1175.00 1198.00 2731800
20090112 1194.00 1194.00 1158.00 1167.00 1635900
20090113 1159.00 1194.00 1145.00 1189.00 3161900
20090114 1201.00 1201.00 1154.00 1186.00 2848500
20090115 1178.00 1189.00 1107.00 1144.00 6186500
20090116 1169.00 1204.00 1154.00 1173.00 2091200
20090119 1200.00 1208.00 1179.00 1200.00 2463100
20090120 1205.00 1225.00 1111.00 1130.00 4168100
20090121 1111.00 1143.00 1070.00 1102.00 5063600
20090122 1128.00 1137.00 1067.00 1098.00 2352400
20090123 1094.00 1119.00 1065.00 1097.00 4242700
20090126 1098.00 1122.00 1070.00 1104.00 1885800
20090127 1107.00 1138.00 1077.00 1132.00 1833900
20090128 1153.00 1200.00 1149.00 1198.00 2645200
20090129 1189.00 1203.00 1151.00 1164.00 3130400
20090130 1157.00 1197.00 1136.00 1177.00 1977600
20090202 1165.00 1165.00 1109.00 1122.00 2550900
20090203 1127.00 1144.00 1107.00 1134.00 1542700
20090204 1147.00 1181.00 1138.00 1164.00 2068000
20090205 1148.00 1181.00 1140.00 1168.00 1745500
20090206 1184.00 1229.00 1174.00 1218.00 3064000
20090209 1214.00 1235.00 1185.00 1224.00 1919800
20090210 1208.00 1220.00 1172.00 1173.00 2011500
20090211 1159.00 1200.00 1155.00 1195.00 1231300
20090212 1186.00 1192.00 1168.00 1186.00 1451400
20090213 1193.00 1240.00 1192.00 1223.00 2394400
