1176.38
1197.43
1191.69
1170.01
1161.09
1141.32
1159.81
1154.07
1174.48
1180.85
1175.75
1171.29
1182.12
1173.20
1176.38
1152.15
1131.76
1115.82
1086.49
1103.70
1091.59
1094.13
1059.06
1120.28
1110.72
1138.77
1141.32
1147.69
1153.43
1170.01
1147.69
1129.84
1119.00
1146.42
1147.69
1129.84
1137.49
1147.69
1151.53
1113.26
1137.49
1141.32
1170.65
1185.96
1183.40
1173.84
1157.26
1141.95
1154.07
1141.32
1075.65
1166.82
1198.07
1237.60
1247.16
1243.34
1240.78
1282.87
1202.53
1219.75
1219.11
1205.08
1169.37
1146.42
1181.48
1225.49
1240.15
1198.70
1252.90
1198.70
1178.30
1160.45
1185.32
1188.50
1187.22
1186.59
1190.42
1190.42
1190.42
1171.92
1168.10
1107.52
1096.69
1096.69
1117.08
1142.59
1126.02
1164.91
1164.91
1168.10
1152.79
1123.46
1147.69
1159.81
1170.65
1155.35
1170.65
1182.12
1135.58
1137.49
1133.67
1151.53
1173.20
1173.20
1173.20
1205.08
1200.62
1205.08
1238.24
1226.76
1229.31
1249.08
1277.13
1270.75
1254.82
1249.08
1239.51
1221.65
1224.85
1238.87
1234.41
1217.83
1229.31
1210.18
1196.79
1185.32
1178.30
1182.76
1179.58
1164.27
1180.85
1187.86
1177.66
1204.44
1226.76
1231.22
1233.77
1242.70
1294.98
1297.53
1279.68
1266.29
1272.67
1252.90
1249.72
1262.46
1303.91
1363.84
1396.36
1364.48
1354.28
1378.50
1377.88
1382.34
1398.91
1392.54
1389.98
1402.74
1434.62
1454.38
1468.41
1461.40
1468.41
1506.03
1501.57
1474.15
1504.76
1531.53
1531.53
1497.10
1485.63
1500.93
1507.94
1540.46
1520.70
1553.21
1530.26
1534.73
1537.27
1513.68
1500.93
1490.09
1505.40
1509.22
1522.61
1525.16
1521.34
1504.12
1500.93
1469.05
1463.95
1437.17
1402.74
1405.29
1378.50
1400.19
1434.62
1486.91
1502.20
1479.25
1495.83
1523.88
1506.03
1554.49
1530.26
1544.29
1513.68
1522.61
1521.34
1517.50
1481.81
1460.12
1467.77
1467.77
1481.81
1483.07
1536.63
1537.91
1551.94
1591.47
1581.26
1606.77
1616.97
1591.47
1569.79
1595.30
1616.97
1631.00
1587.64
1572.34
1564.69
1545.57
1559.59
1562.14
1545.57
1562.14
1572.34
1562.14
1623.35
1602.95
1558.31
1564.69
1574.90
1553.21
1569.79
1517.50
1475.43
1490.73
1489.45
1479.25
1480.53
1493.28
1513.68
1534.09
1528.98
1532.81
1532.81
1532.81
1560.87
1550.67
1539.19
1539.19
1550.67
1583.82
1571.06
1521.34
1526.44
1517.50
1523.88
1520.06
1534.09
1500.93
1551.94
1576.16
1558.31
1545.57
1535.36
1567.24
1590.20
1618.25
1622.07
1582.54
1592.75
1568.52
1559.59
1573.62
1549.39
1559.59
1576.16
1558.31
1546.83
1594.02
1620.80
1629.73
1652.68
1671.81
1692.21
1660.33
1678.19
1670.53
1682.01
1713.90
1712.62
1744.49
1810.81
1763.62
1747.05
1780.20
1773.82
1763.62
1690.94
1664.16
1692.21
1642.48
1653.96
1676.91
1680.73
1680.73
1643.76
1622.07
1568.52
1609.33
1627.18
1653.96
1667.99
1653.96
1675.63
1722.82
1738.12
1703.69
1692.21
1710.06
1710.06
1710.06
1706.24
1667.99
1666.71
1659.06
1637.38
1647.58
1567.24
1571.06
1565.97
1573.62
1567.24
1495.83
1483.07
1447.38
1447.38
1498.38
1498.38
1453.74
1434.62
1389.98
1423.14
1405.29
1414.21
1374.68
1367.03
1367.03
1449.92
1416.77
1443.54
1425.69
1433.34
1462.67
1474.15
1458.85
1458.85
1476.71
1443.54
1439.72
1448.64
1483.07
1475.43
1448.64
1446.10
1432.07
1402.74
1420.59
1419.31
1426.97
1438.44
1438.44
1414.21
1411.67
1451.20
1466.50
1475.43
1451.20
1438.44
1421.87
1406.57
1416.77
1389.98
1398.91
1407.84
1428.24
1428.24
1448.64
1441.00
1451.20
1449.92
1430.79
1429.52
1446.10
1398.91
1402.74
1395.09
1409.11
1438.44
1460.12
1489.45
1480.53
1503.48
1512.40
1516.24
1483.07
1469.05
1474.15
1472.87
1531.53
1526.44
1586.37
1601.67
1590.20
1605.49
1604.23
1637.38
1595.30
1572.34
1600.40
1609.33
1609.33
1600.40
1614.43
1611.87
1610.59
1624.63
1592.75
1601.67
1600.40
1608.05
1604.23
1596.57
1580.00
1610.59
1652.68
1643.76
1666.71
1657.78
1636.10
1628.45
1624.63
1671.81
1690.94
1689.66
1710.06
1676.91
1680.73
1701.14
1730.47
1716.44
1692.21
1661.61
1595.30
1619.53
1609.33
1605.49
1571.06
1544.29
1550.67
1534.09
1525.16
1571.06
1580.00
1534.09
1522.61
1553.21
1554.49
1550.67
1571.06
1565.97
1546.83
1568.52
1610.59
1619.53
1627.18
1632.28
1606.77
1646.30
1653.96
1642.48
1613.15
1609.33
1602.95
1629.73
1623.35
1655.23
1619.53
1619.53
1599.12
1574.90
1522.61
1536.63
1511.14
1497.10
1493.28
1513.68
1497.10
1484.35
1498.38
1480.53
1514.96
1540.46
1555.77
1563.42
1558.31
1558.31
1558.31
1573.62
1567.24
1571.06
1571.06
1545.57
1546.83
1573.62
1560.87
1557.04
1559.59
1559.59
1553.21
1580.00
1605.49
1596.57
1576.16
1569.79
1583.82
1596.57
1587.64
1578.72
1583.82
1565.97
1571.06
1631.00
1660.33
1633.55
1637.38
1666.71
1675.63
1650.13
1661.61
1689.66
1676.91
1685.83
1690.94
1708.80
1718.99
1710.06
1704.96
1664.16
1638.66
1652.68
1653.96
1662.88
1651.40
1671.81
1674.35
1684.56
1673.09
1641.20
1601.67
1594.02
1585.10
1599.12
1616.97
1639.92
1645.02
1632.28
1629.73
1618.25
1600.40
1600.40
1600.40
1591.47
1588.92
1600.40
1616.97
1609.33
1613.15
1622.07
1622.07
1624.63
1619.53
1615.70
1583.82
1567.24
1555.77
1516.24
1523.88
1509.86
1508.58
1514.96
1518.78
1500.93
1474.15
1441.00
1480.53
1480.53
1508.58
1509.86
1527.71
1560.87
1549.39
1539.19
1532.81
1536.63
1516.24
1530.26
1548.11
1592.75
1601.67
1627.18
1642.48
1657.78
1642.48
1683.29
1688.39
1688.39
1673.09
1701.14
1699.86
1699.86
1687.11
1679.47
1678.19
1675.63
1680.73
1694.76
1689.66
1671.81
1715.16
1716.44
1713.90
1688.39
1679.47
1676.91
1639.92
1638.66
1646.30
1655.23
1669.26
1683.29
1703.69
1678.19
1688.39
1661.61
1673.09
1688.39
1692.21
1704.96
1713.90
1698.59
1689.66
1675.63
1706.24
1750.87
1778.92
1784.03
1778.92
1803.15
1818.46
1836.32
1812.09
1831.21
1865.64
1874.57
1888.59
1912.82
1901.34
1889.87
1879.67
1880.95
1874.57
1851.62
1799.33
1777.66
1790.40
1808.25
1800.61
1752.15
1755.97
1750.87
1750.87
1755.97
1787.86
1800.61
1822.29
1822.29
1837.58
1845.24
1831.21
1842.68
1836.32
1827.39
1845.24
1886.05
1981.68
1994.44
2041.62
2046.72
2058.20
2084.98
2133.43
2093.90
2172.97
2144.91
2155.12
2124.51
2115.58
2028.87
2104.10
2074.77
2072.23
2120.68
2114.31
2019.94
2003.37
2048.00
2035.24
1952.36
1947.25
1919.20
2008.47
1993.16
2114.31
2113.04
2082.43
2129.61
2141.09
2139.81
2179.34
2142.37
2170.42
2217.60
2201.03
2204.85
2264.79
2266.06
2310.70
2278.81
2309.42
2341.29
2347.67
2336.19
2360.42
2392.31
2396.13
2342.57
2384.66
2315.79
2338.75
2383.38
2328.55
2352.78
2369.36
2375.73
2426.74
2422.91
2419.09
2397.41
2383.38
2402.51
2413.99
2426.74
2471.37
2468.82
2477.75
2477.75
2477.75
2504.52
2518.55
2523.65
2523.65
2601.45
2612.92
2545.33
2593.79
2567.02
2485.40
2516.00
2550.43
2538.95
2544.06
2567.02
2527.48
2559.36
2570.84
2559.36
2532.59
2643.52
2704.74
2788.90
2760.84
2754.47
2806.75
2763.40
2749.37
2739.17
2661.37
2565.74
2658.83
2589.97
2614.19
2623.12
2600.17
2578.49
2735.34
2716.21
2731.51
2804.20
2796.55
2753.19
2759.56
2712.39
2757.02
2748.09
2720.04
2803.65
2698.34
2619.37
2595.68
2603.57
2614.11
2631.22
2694.40
2719.41
2678.60
2715.46
2698.34
2653.59
2735.20
2832.60
2826.02
2819.44
2828.66
2956.33
2919.48
3012.93
3062.96
3124.81
3149.82
3077.43
3165.62
3191.94
3149.82
3114.29
3114.29
3114.29
3188.00
3228.80
3140.62
3238.01
3239.33
3190.63
3181.42
3072.16
3073.48
3073.48
3166.93
3118.23
3159.04
3259.08
3261.70
3326.21
3355.16
3352.53
3191.94
3003.71
2915.53
2748.36
2737.83
2682.55
2507.48
2737.83
2653.59
2729.93
2849.71
2849.71
2785.22
2835.24
2760.21
2757.58
2758.89
2622.00
2606.21
2428.52
2548.30
2557.51
2464.05
2444.31
2618.05
2606.21
2625.96
2747.04
2772.05
2769.43
2774.69
2814.18
2757.58
2749.68
2847.09
2919.48
2965.55
2955.02
2873.41
2910.26
2974.76
2931.33
2941.86
2987.92
2877.36
2811.55
2773.37
2749.68
2878.67
2860.24
2768.11
2790.48
2814.18
2829.97
2923.43
2974.76
2941.86
2912.90
2986.60
2986.60
3066.90
3018.20
3003.71
3049.79
3031.36
3047.15
3086.65
3072.16
3123.49
3185.36
3118.23
3231.43
3251.18
3132.71
3082.69
3103.76
3103.76
3001.09
3069.53
2990.56
3068.22
3162.99
3152.46
3062.96
2952.38
2931.33
2810.23
2832.60
2829.97
2849.71
2777.32
2862.88
2814.18
2816.81
2889.21
2808.91
2711.51
2819.44
2922.11
2985.30
2939.22
3018.20
2940.54
2876.04
2941.86
2926.05
3002.41
3051.11
3036.63
3118.23
3174.83
3193.26
3105.08
3135.34
3199.85
3174.83
3178.78
3131.40
3184.04
3110.34
3156.41
3114.29
3111.65
3178.78
3182.74
3177.46
3295.93
3298.56
3230.12
3245.91
3285.40
3193.26
3211.69
3269.60
3265.66
3156.41
3218.27
3202.47
3174.83
3180.10
3199.85
3143.24
3102.44
3116.92
3109.02
3095.86
3130.08
3231.43
3257.76
3211.69
3185.36
3206.43
3215.64
3244.59
3313.04
3294.62
3265.66
3274.87
3239.33
3205.11
3201.15
3201.15
3201.15
3260.40
3273.55
3278.82
3278.82
3360.43
3235.38
3159.04
3066.90
3116.92
3124.81
3149.82
3248.55
3206.43
3206.43
3139.30
3072.16
3080.07
3077.43
3098.49
3144.56
3201.15
3190.63
3116.92
3112.97
3143.24
3111.65
3172.20
3149.82
3149.82
3165.62
3252.49
3216.96
3247.23
3223.54
3284.09
3380.18
3382.80
3340.68
3451.25
3424.92
3338.05
3372.27
3432.82
3461.78
3299.88
3180.10
3143.24
3190.63
3135.34
3184.04
3178.78
3224.86
3247.23
3302.52
3266.98
3098.49
3274.87
3265.66
3340.68
3382.80
3434.14
3476.26
3470.99
3444.67
3472.31
3424.92
3518.38
3523.65
3527.59
3599.99
3588.14
3610.52
3610.52
3610.52
3659.22
3639.47
3607.89
3606.57
3627.63
3635.53
3560.49
3528.91
3590.77
3598.67
3517.07
3568.40
3530.23
3524.96
3513.11
3488.11
3578.92
3647.37
3790.85
3790.85
3711.87
3855.34
3753.99
3863.24
3782.94
3809.27
3779.00
3705.29
3784.26
3913.26
3886.93
3913.26
3825.07
3869.82
3869.82
3872.45
3836.91
4000.13
4000.13
4054.10
4034.35
3869.82
3859.30
3859.30
3922.47
3884.30
4000.13
4021.20
4163.35
4129.13
4052.78
4080.43
4026.46
3997.51
3942.22
3889.57
3826.38
3825.07
3527.53
3210.05
3210.05
3177.00
3191.00
3267.00
3324.00
3204.00
3230.00
3319.00
3295.00
3277.00
3224.00
3100.00
3202.00
3176.00
3257.00
3133.00
3040.00
2853.00
2739.00
2760.00
2904.00
2798.00
2769.00
2759.00
2685.00
2798.00
2845.00
2759.00
2600.00
2816.00
2779.00
2725.00
2470.00
2539.00
2616.00
2604.00
2752.00
2728.00
2763.00
2763.00
2720.00
2712.00
2771.00
2844.00
2841.00
2871.00
2841.00
2918.00
2776.00
2719.00
2827.00
2795.00
2908.00
2892.00
2845.00
2890.00
3129.00
3182.00
3147.00
3277.00
3179.00
3221.00
3251.00
3289.00
3360.00
3280.00
3297.00
3248.00
3343.00
3256.00
3313.00
3375.00
3480.00
3435.00
3406.00
3320.00
3310.00
3249.00
3200.00
3046.00
3116.00
3054.00
3163.00
3245.00
3352.00
3258.00
3314.00
3170.00
3116.00
3052.00
3152.00
3171.00
3645.00
3486.00
3329.00
3239.00
3290.00
3218.00
3086.00
2862.00
2964.00
2830.00
2809.00
2980.00
2900.00
2809.00
2955.00
3154.00
3286.00
3191.00
3118.00
3273.00
3236.00
3400.00
3392.00
3330.00
3313.00
3180.00
3072.00
2954.00
2984.00
2919.00
2884.00
3013.00
3079.00
3079.00
3079.00
3089.00
3097.00
3080.00
3080.00
3033.00
3127.00
3044.00
2901.00
2948.00
2865.00
2815.00
2884.00
2979.00
2860.00
2713.00
2603.00
2591.00
2353.00
2484.00
2549.00
2729.00
2590.00
2465.00
2608.00
2665.00
2750.00
2910.00
2945.00
2830.00
2865.00
2880.00
2980.00
2923.00
3061.00
3025.00
3094.00
3020.00
3104.00
3147.00
3161.00
3257.00
3182.00
3182.00
3280.00
3330.00
3302.00
3234.00
3275.00
3354.00
3465.00
3441.00
3300.00
3154.00
3105.00
3173.00
3130.00
3115.00
2929.00
3010.00
2909.00
2673.00
2673.00
2673.00
2842.00
2945.00
2991.00
3020.00
3028.00
2984.00
3018.00
3087.00
3162.00
3287.00
3294.00
3370.00
3360.00
3323.00
3221.00
3264.00
3412.00
3432.00
3372.00
3428.00
3449.00
3508.00
3408.00
3381.00
3341.00
3249.00
3269.00
3334.00
3412.00
3477.00
3445.00
3471.00
3382.00
3367.00
3355.00
3389.00
3483.00
3540.00
3680.00
3453.00
3515.00
3543.00
3372.00
3386.00
3470.00
3446.00
3419.00
3414.00
3461.00
3401.00
3304.00
3255.00
3295.00
3163.00
3186.00
3189.00
3337.00
3472.00
3399.00
3518.00
3435.00
3450.00
3426.00
3285.00
3303.00
3396.00
3526.00
3401.00
3252.00
3270.00
3148.00
3158.00
3004.00
3064.00
2945.00
2892.00
2973.00
2813.00
2736.00
2830.00
2799.00
2856.00
2826.00
2747.00
2684.00
2673.00
2750.00
2800.00
2910.00
2921.00
2775.00
2622.00
2694.00
2779.00
2770.00
2692.00
2677.00
2679.00
2791.00
2923.00
2735.00
2791.00
2708.00
2758.00
2870.00
2875.00
2799.00
2879.00
2919.00
2932.00
2780.00
2646.00
2559.00
2430.00
2304.00
2397.00
2254.00
2195.00
2308.00
2502.00
2409.00
2258.00
2049.00
2116.00
2381.00
2327.00
2136.00
2008.00
2058.00
1981.00
1816.00
1855.00
1848.00
1704.00
1781.00
1511.00
1556.00
1420.00
1534.00
1421.00
1629.00
1660.00
1326.00
1153.00
1295.00
1360.00
1387.00
1275.00
1240.00
1247.00
1206.00
1141.00
1379.00
1438.00
1532.00
1542.00
1667.00
1557.00
1326.00
1350.00
1506.00
1396.00
1279.00
1248.00
1291.00
1207.00
1231.00
1137.00
1054.00
1132.00
1390.00
1450.00
1525.00
1572.00
1534.00
1317.00
1297.00
1317.00
1314.00
1236.00
1429.00
1453.00
1535.00
1532.00
1498.00
1542.00
1565.00
1650.00
1592.00
1450.00
1437.00
1451.00
1420.00
1506.00
1555.00
1546.00
1709.00
1712.00
1832.00
1725.00
1623.00
1490.00
1451.00
1429.00
1293.00
1275.00
1371.00
1334.00
1306.00
1315.00
1269.00
1270.00
1363.00
1346.00
1420.00
1339.00
1266.00
1240.00
1283.00
1402.00
1400.00
1487.00
1502.00
1411.00
1377.00
1324.00
1288.00
