20030101 374.51 374.51 374.51 374.51 0
20030102 371.52 394.13 370.67 392.00 3215246
20030103 394.13 400.95 387.30 393.28 5337410
20030106 378.35 386.45 371.09 382.61 6676540
20030107 387.30 387.30 364.70 367.68 9807505
20030108 366.83 366.83 354.89 360.86 6498364
20030109 358.30 369.39 352.54 363.63 6202733
20030110 364.27 384.32 364.27 374.93 6453351
20030113 366.96 380.91 362.99 371.95 6232156
20030114 374.51 378.13 360.64 365.55 7215520
20030115 358.73 372.80 353.18 355.74 6814274
20030116 356.59 359.58 346.36 350.19 6907816
20030117 348.70 348.91 336.54 337.82 5720253
20030120 341.88 343.37 328.44 328.44 6071446
20030121 336.12 343.80 319.48 322.47 7340478
20030122 318.84 325.03 302.85 313.51 10596166
20030123 325.03 333.77 309.67 324.17 17533170
20030124 334.41 340.38 324.17 331.43 12951599
20030127 316.95 329.29 307.54 307.54 10845143
20030128 312.44 319.06 293.46 301.99 11842925
20030129 301.14 308.39 286.64 304.34 11273819
20030130 307.97 323.53 307.11 319.91 10486213
20030131 316.07 328.87 307.75 324.81 12038098
20030203 355.31 363.84 338.89 344.44 19601998
20030204 342.52 353.61 326.73 328.87 12785145
20030205 328.87 344.22 322.04 341.24 9786522
20030206 341.24 354.03 330.57 333.99 15019724
20030207 345.50 349.34 325.88 341.24 11526195
20030210 341.24 343.80 330.36 333.56 6306122
20030211 333.56 348.27 331.00 345.93 5606549
20030212 343.37 343.80 328.44 329.72 7307187
20030213 326.73 338.68 320.76 334.63 6991863
20030214 339.10 364.70 338.89 354.03 10923680
20030217 361.71 368.32 346.99 351.47 10827208
20030218 352.33 365.76 345.50 362.99 6434127
20030219 361.07 362.56 335.48 337.82 15192390
20030220 341.45 349.77 331.64 332.92 10177336
20030221 332.92 336.97 325.24 334.63 7434137
20030224 336.97 348.27 326.73 335.26 10480469
20030225 314.79 315.64 264.46 276.19 55930572
20030226 280.45 288.56 264.46 284.08 26021122
20030227 284.08 288.77 273.84 281.73 15406552
20030228 287.49 288.34 278.96 288.34 9007591
20030303 288.13 294.32 280.24 283.01 8913697
20030304 282.80 283.65 275.34 283.01 6211994
20030305 281.31 281.31 264.88 268.72 12408281
20030306 268.72 274.06 256.78 262.75 10942319
20030307 259.98 261.90 250.81 255.50 10826739
20030310 255.93 264.03 245.90 249.10 10856865
20030311 249.10 264.67 242.49 259.55 14871439
20030312 259.77 266.16 238.87 239.72 18223834
20030313 248.68 267.66 241.64 265.31 12077484
20030314 270.43 283.01 270.43 281.52 14301395
20030317 271.28 312.23 269.58 303.49 16762444
20030318 303.06 318.20 294.96 307.54 19404364
20030319 308.75 323.30 306.51 309.87 10751114
20030320 307.18 317.48 293.75 301.81 13199604
20030321 301.81 327.78 301.81 325.99 14271991
20030324 322.41 322.41 301.14 303.15 8276160
20030325 298.67 313.45 289.27 308.30 8692989
20030326 311.66 314.57 302.93 309.42 4441629
20030327 308.97 308.97 300.46 304.05 6216472
20030328 307.85 308.97 292.85 298.23 6148805
20030331 291.96 292.85 269.57 276.28 7806740
20030401 289.05 289.05 272.48 283.00 7954690
20030402 291.06 306.06 286.58 301.14 8936632
20030403 300.91 315.69 298.67 306.06 8050606
20030404 306.29 314.12 300.02 306.29 7215944
20030407 315.69 331.36 312.55 323.75 10578264
20030408 320.17 325.99 311.66 322.63 8332772
20030409 315.91 328.00 308.97 322.41 10117888
20030410 318.82 321.29 310.09 311.66 10794662
20030411 311.66 319.72 311.66 312.33 8722132
20030414 315.69 322.18 309.87 318.38 6773546
20030415 322.41 340.54 322.41 336.74 11269553
20030416 347.03 354.20 323.08 327.33 18444630
20030417 315.24 337.18 309.87 327.78 10923071
20030418 327.78 327.78 327.78 327.78 0
20030421 327.78 327.78 327.78 327.78 0
20030422 328.68 335.84 324.20 332.03 5178923
20030423 341.88 353.75 335.84 351.96 10378838
20030424 350.62 352.63 328.23 330.24 14148718
20030425 328.68 328.68 311.21 317.70 18554058
20030428 314.79 330.69 310.54 327.78 10661674
20030429 333.15 348.38 330.24 335.17 14324695
20030430 338.08 344.57 327.78 343.00 10254337
20030501 344.80 344.80 329.35 332.03 3824928
20030502 335.17 343.45 328.23 343.00 6442919
20030505 343.00 343.00 343.00 343.00 0
20030506 347.03 353.30 337.63 352.86 7925993
20030507 351.96 360.92 346.59 353.97 13361624
20030508 352.63 353.97 338.75 339.65 9082795
20030509 338.08 347.93 337.18 345.91 5557452
20030512 349.27 353.97 343.68 353.75 8154004
20030513 353.75 360.47 344.80 349.27 9716245
20030514 347.48 352.41 344.12 348.38 8290788
20030515 349.72 357.78 343.90 356.21 6345439
20030516 363.60 366.96 352.63 360.24 7368584
20030519 355.54 355.54 339.42 341.21 6969398
20030520 343.45 348.83 335.62 343.00 8956842
20030521 341.66 342.11 328.68 334.72 11882569
20030522 327.11 336.06 323.30 336.06 17178290
20030523 337.63 337.63 319.27 325.32 11067336
20030526 325.32 325.32 325.32 325.32 0
20030527 322.18 326.88 315.24 323.97 10247525
20030528 329.57 334.50 327.33 329.35 7730364
20030529 329.12 341.66 324.87 340.77 12018572
20030530 334.94 344.57 334.72 340.32 10146026
20030602 343.90 347.48 340.99 347.48 7783626
20030603 345.02 346.59 336.06 341.44 7382095
20030604 338.75 339.42 324.64 326.21 14126721
20030605 330.91 334.27 326.88 330.47 13831937
20030606 334.05 340.32 328.68 329.79 13034123
20030609 329.57 334.05 321.73 325.99 7592687
20030610 325.54 329.79 320.61 328.68 13059470
20030611 330.47 339.87 329.79 335.84 15667858
20030612 338.08 345.24 333.38 339.42 15538444
20030613 340.32 346.81 334.94 335.84 11982505
20030616 333.15 340.99 330.91 340.32 13168563
20030617 344.80 358.01 340.32 348.38 24246172
20030618 347.48 361.14 347.48 357.56 17769308
20030619 357.33 358.01 346.14 347.03 14442608
20030620 344.80 351.74 343.00 351.74 8231831
20030623 348.38 348.38 339.20 340.32 9236998
20030624 341.88 341.88 333.60 335.39 8189512
20030625 339.20 339.20 330.02 330.69 9295062
20030626 328.23 334.05 325.09 328.23 7168154
20030627 331.36 335.84 328.90 330.47 5687201
20030630 335.84 337.41 325.09 328.68 7494090
20030701 324.32 333.60 316.81 320.84 8026822
20030702 327.11 331.14 324.20 326.21 5631594
20030703 318.15 328.68 315.47 324.87 11430010
20030704 323.30 333.15 319.50 329.57 5959988
20030707 334.05 351.06 334.05 349.94 14366568
20030708 363.38 369.42 348.38 367.18 22800728
20030709 366.29 369.87 361.14 362.04 13539610
20030710 364.05 364.72 356.89 357.56 8077181
20030711 357.11 371.21 354.42 371.21 6637990
20030714 371.44 389.35 368.08 384.65 10740283
20030715 383.30 394.95 379.72 391.81 12525510
20030716 395.62 403.90 385.10 385.77 18750244
20030717 383.98 385.10 370.77 378.16 14771225
20030718 376.81 383.30 375.24 375.24 8729167
20030721 373.45 374.80 363.60 372.78 12109575
20030722 373.68 375.24 362.48 369.87 9692461
20030723 369.65 373.45 361.36 366.29 9579238
20030724 367.41 382.41 362.48 381.51 12609255
20030725 377.26 394.95 375.24 387.78 12841733
20030728 395.17 397.63 386.89 389.35 6901620
20030729 371.66 387.34 371.66 376.14 32208566
20030730 373.45 378.38 363.60 369.87 15568592
20030731 368.75 387.34 368.75 383.08 17199616
20030801 383.98 384.65 372.56 374.13 7972779
20030804 373.45 375.69 368.53 371.66 5720476
20030805 375.92 376.14 368.30 368.98 7082398
20030806 366.74 367.18 351.96 360.69 13449724
20030807 362.93 365.62 354.65 360.02 13807707
20030808 360.47 362.71 355.77 359.35 9870225
20030811 361.81 364.72 357.11 362.48 8746251
20030812 362.26 363.60 360.47 362.71 10018287
20030813 361.81 375.24 361.81 369.42 13860746
20030814 373.01 375.92 371.21 374.80 8075060
20030815 376.14 389.57 372.33 382.63 13195808
20030818 384.65 392.04 383.08 390.69 9638083
20030819 392.93 401.22 388.90 400.54 18764538
20030820 2.72 401.50 388.81 393.34 9456454
20030821 393.34 403.31 393.34 401.50 7896947
20030822 402.40 408.29 399.23 400.59 8311594
20030825 400.59 400.59 400.59 400.59 0
20030826 401.04 401.50 389.49 389.71 7591202
20030827 395.15 396.06 385.18 389.71 5899732
20030828 389.71 400.36 389.71 393.34 8505346
20030829 397.64 403.31 395.61 395.61 16184488
20030901 398.78 420.98 398.78 415.09 13348048
20030902 418.72 432.31 413.05 423.25 13185852
20030903 428.01 437.30 423.25 435.03 17031436
20030904 431.63 432.54 422.34 427.55 10795065
20030905 429.59 429.59 413.96 428.69 17344352
20030908 427.33 430.95 423.25 430.27 8538448
20030909 431.18 431.17 418.27 421.44 7685651
20030910 418.94 421.44 409.47 415.32 10556626
20030911 413.05 421.44 409.65 409.65 3959783
20030912 413.96 418.72 406.48 412.37 5949274
20030915 416.22 423.02 414.64 421.21 6481761
20030916 422.11 426.42 411.24 420.98 9941386
20030917 422.57 427.55 417.81 423.02 6901925
20030918 423.93 429.82 419.62 429.82 10547137
20030919 427.55 431.63 416.22 420.53 11743524
20030922 416.22 419.40 408.75 409.88 9899347
20030923 414.18 407.16 401.04 404.22 11793727
20030924 411.01 411.01 400.82 401.50 9598127
20030925 397.87 396.06 387.00 389.03 12775729
20030926 384.96 389.71 380.42 385.64 10474866
20030929 380.88 394.02 379.29 382.01 10347427
20030930 384.73 385.18 371.59 372.27 10518008
20031001 376.80 386.09 371.59 384.96 11586955
20031002 389.94 391.98 384.05 388.35 7838909
20031003 388.35 404.90 384.28 397.87 12666385
20031006 396.96 402.40 393.79 397.42 4335702
20031007 398.78 398.78 388.81 396.06 7794223
20031008 394.93 403.08 391.53 395.83 6289443
20031009 398.10 403.76 393.34 399.68 8391920
20031010 400.36 401.04 392.21 396.29 10201340
20031013 400.82 417.81 400.59 415.77 18639712
20031014 417.81 421.44 407.39 415.09 11566984
20031015 417.81 428.69 417.81 424.38 13050800
20031016 421.66 424.15 411.47 418.04 14229863
20031017 419.17 424.61 409.88 415.09 9417284
20031020 417.13 422.34 409.43 416.00 6781327
20031021 423.25 427.33 417.13 423.25 10796941
20031022 423.70 423.70 405.57 408.97 8101512
20031023 400.36 406.25 394.02 402.86 10123111
20031024 404.22 406.93 397.42 403.31 6094257
20031027 408.07 408.97 402.63 406.93 3667499
20031028 406.71 410.79 399.91 406.25 5150653
20031029 413.50 413.50 401.50 404.44 6645612
20031030 405.12 420.30 397.87 415.09 12904823
20031031 413.73 417.36 406.71 414.41 7131979
20031103 419.62 434.12 413.96 428.69 11723112
20031104 430.05 439.33 427.10 429.37 10876163
20031105 428.69 429.37 421.44 424.83 7977051
20031106 424.61 437.75 419.17 430.72 9371494
20031107 434.80 441.60 430.95 440.24 9691582
20031110 435.94 443.64 432.31 436.62 7684216
20031111 433.22 437.30 434.80 435.03 6199739
20031112 435.03 445.91 435.03 441.37 8054619
20031113 447.04 447.49 432.76 435.94 7260190
20031114 432.31 442.28 432.31 437.52 4174168
20031117 432.31 432.31 422.57 423.25 5726944
20031118 426.87 427.55 414.18 418.49 7645047
20031119 412.83 416.90 409.65 414.64 7770831
20031120 418.94 418.94 403.54 410.11 7982237
20031121 409.43 413.73 405.57 409.43 4939467
20031124 412.37 420.53 409.88 419.85 4880988
20031125 414.86 421.89 413.50 414.86 6186609
20031126 416.45 430.95 415.32 415.77 8837572
20031127 419.62 421.21 407.84 411.47 7244302
20031128 412.37 418.26 404.44 404.44 8541427
20031201 407.84 418.26 406.48 418.26 7087623
20031202 415.09 418.72 411.47 414.41 7456591
20031203 416.90 422.79 415.77 419.62 6159135
20031204 418.72 423.02 413.28 421.44 6241667
20031205 423.25 424.15 408.97 416.00 4856935
20031208 422.79 422.79 411.47 411.69 6477679
20031209 416.68 420.53 414.64 416.90 6467528
20031210 416.45 418.49 408.29 410.33 6641860
20031211 412.60 417.13 410.56 413.28 6478341
20031212 417.36 423.02 416.68 419.40 5899843
20031215 424.61 427.55 419.85 423.47 6963935
20031216 421.89 422.34 413.73 414.64 7701429
20031217 420.30 423.02 416.45 420.30 7930931
20031218 420.98 426.42 418.72 426.19 5091181
20031219 428.69 430.95 421.66 425.29 5740516
20031222 423.25 429.14 423.25 424.61 4448466
20031223 427.78 428.46 420.53 423.25 4800663
20031224 425.06 425.51 421.44 421.44 1030329
20031225 421.44 421.44 421.44 421.44 0
20031226 421.44 421.44 421.44 421.44 0
20031229 420.98 430.50 420.98 429.59 2978223
20031230 432.99 433.90 421.44 427.78 5338447
20031231 427.78 432.08 426.19 428.01 1703386
20040101 428.01 428.01 428.01 428.01 0
20040102 432.76 437.52 428.01 436.84 3179588
20040105 440.91 444.09 433.90 442.28 6772500
20040106 444.09 451.57 442.51 448.17 11701927
20040107 449.76 454.74 434.80 436.62 12176046
20040108 440.24 447.27 436.84 439.56 11887735
20040109 437.19 444.09 431.40 434.35 15002996
20040112 431.40 436.84 429.82 431.40 8894175
20040113 434.80 434.80 424.15 425.74 10061653
20040114 427.55 446.13 423.25 444.55 20381054
20040115 444.09 457.01 444.09 451.57 14947055
20040116 456.78 463.35 450.89 459.27 10329331
20040119 462.22 469.47 462.22 468.11 8539882
20040120 468.56 472.19 462.22 465.39 8147743
20040121 462.47 465.84 459.27 465.84 9021835
20040122 464.94 466.52 445.00 453.16 21792598
20040123 448.17 455.65 445.23 451.57 9103154
20040126 453.16 454.74 438.43 440.47 9962239
20040127 445.00 448.62 435.94 438.88 13007437
20040128 437.07 446.81 435.71 445.45 8586886
20040129 441.15 445.23 436.39 436.39 9855654
20040130 441.54 445.00 434.35 435.94 9976032
20040202 439.56 435.03 430.50 433.67 8736172
20040203 435.03 436.62 426.42 434.35 7997354
20040204 430.50 446.81 429.14 441.37 19600308
20040205 440.92 442.51 438.66 440.47 11259143
20040206 446.81 452.02 445.00 446.13 12687018
20040209 450.21 456.55 446.59 453.16 10180707
20040210 454.97 454.97 447.94 449.30 6420193
20040211 452.02 452.02 445.45 448.62 7614704
20040212 452.48 454.29 448.17 450.66 7859211
20040213 454.29 454.52 448.40 450.44 5491815
20040216 455.77 457.91 449.98 456.33 7765314
20040217 455.42 466.98 455.42 464.94 10113953
20040218 466.52 473.32 460.41 469.70 10586086
20040219 472.64 484.65 467.20 483.06 11314312
20040220 480.35 470.38 467.88 468.56 7178872
20040223 471.96 472.64 459.50 462.45 8106036
20040224 444.09 447.72 434.58 441.37 30817744
20040225 446.81 449.98 441.83 448.85 13056758
20040226 448.62 452.25 441.15 443.64 11260688
20040227 444.55 452.48 444.09 446.13 11211367
20040301 447.72 456.55 443.41 453.16 9459543
20040302 454.74 456.55 448.62 454.97 9238206
20040303 453.16 460.63 452.93 456.55 10065405
20040304 458.37 459.95 456.33 458.59 6256011
20040305 459.95 463.13 452.93 456.33 8685638
20040308 457.69 464.94 453.84 462.90 5775161
20040309 455.88 461.31 452.48 454.97 10058233
20040310 454.06 454.06 445.00 447.72 12159826
20040311 443.19 443.19 425.97 434.12 19886744
20040312 426.19 441.60 421.44 439.33 10427642
20040315 440.47 440.47 423.47 423.70 7756487
20040316 424.15 427.78 419.40 424.15 9565025
20040317 418.72 426.87 413.73 423.93 10039586
20040318 425.97 425.97 408.07 408.07 10283321
20040319 412.37 416.00 402.18 404.67 12829242
20040322 401.50 401.50 392.89 398.78 12421105
20040323 399.23 405.12 396.51 396.51 9524863
20040324 397.87 405.12 395.15 396.06 9906740
20040325 396.96 405.12 394.25 405.12 8648675
20040326 407.84 408.29 396.51 403.31 7859542
20040329 404.67 409.65 403.31 409.20 6602691
20040330 409.65 411.92 406.03 409.65 9064756
20040331 410.11 413.28 404.67 405.57 7712904
20040401 408.29 412.83 406.93 407.84 9246592
20040402 409.20 425.97 407.84 424.15 11516009
20040405 424.15 428.23 418.26 426.42 7821255
20040406 430.95 430.95 416.00 422.34 7798967
20040407 421.44 424.61 416.45 419.62 5416455
20040408 423.25 423.25 415.09 417.36 4786209
20040409 417.36 417.36 417.36 417.36 0
20040412 417.36 417.36 417.36 417.36 0
20040413 420.08 423.70 417.36 421.44 3782581
20040414 419.17 420.53 406.03 411.92 9021504
20040415 411.92 411.92 403.76 404.67 8530172
20040416 407.84 411.47 403.31 409.65 7986099
20040419 409.20 415.54 408.75 414.18 9113636
20040420 416.00 425.51 415.54 421.89 12951275
20040421 416.90 420.08 407.84 411.01 19123100
20040422 408.75 418.26 407.84 416.45 9012456
20040423 419.62 429.14 418.72 421.89 11586955
20040426 421.44 425.06 420.98 422.79 5876010
20040427 423.25 423.25 416.00 421.89 7618566
20040428 423.25 423.25 413.28 413.28 7398884
20040429 413.28 413.28 404.22 409.65 7662921
20040430 409.65 409.65 401.50 401.50 12443724
20040503 401.50 401.50 401.50 401.50 0
20040504 409.65 409.65 403.31 407.39 9629904
20040505 410.56 415.09 405.57 413.28 8049102
20040506 409.65 411.92 398.32 401.50 7107704
20040507 401.50 406.93 389.26 398.78 6622331
20040510 388.81 390.62 382.01 383.37 8919111
20040511 384.73 394.25 383.37 394.25 15676385
20040512 391.07 392.89 383.37 385.18 10823973
20040513 385.18 397.87 385.18 389.71 8322076
20040514 387.00 390.17 382.46 388.35 8523331
20040517 382.01 387.00 371.13 385.18 9693017
20040518 388.35 391.53 381.56 382.92 7093029
20040519 385.18 402.86 385.18 398.78 14288783
20040520 398.78 398.78 387.00 389.26 8354515
20040521 394.25 398.78 387.45 392.89 7940751
20040524 396.06 401.95 390.62 395.15 7061032
20040525 391.53 393.79 386.54 391.07 5904146
20040526 395.15 401.50 393.79 399.23 8873211
20040527 401.04 411.01 399.68 409.65 11545358
20040528 407.84 412.37 403.31 406.93 6523138
20040531 406.93 406.93 406.93 406.93 0
20040601 404.67 407.39 400.59 402.40 5602484
20040602 404.67 406.93 401.95 402.40 5286809
20040603 403.31 404.22 397.42 401.95 5486078
20040604 398.78 408.75 398.32 407.84 6465431
20040607 411.01 420.98 410.56 417.36 8308725
20040608 417.81 420.53 414.18 416.90 7089940
20040609 417.81 419.62 410.11 411.47 6061707
20040610 408.75 416.90 408.75 415.54 6067886
20040611 418.26 418.26 411.92 413.28 3448370
20040614 415.54 415.54 407.39 408.75 6751756
20040615 409.65 415.09 407.84 414.64 6924986
20040616 414.18 426.87 414.18 422.79 10802237
20040617 421.44 427.33 420.08 421.89 10850675
20040618 419.17 424.15 416.00 423.70 7075927
20040621 425.97 425.97 416.68 420.08 8019862
20040622 419.17 419.62 413.05 413.28 8929593
20040623 413.73 421.44 413.28 415.09 10412195
20040624 417.36 423.93 417.36 423.25 9078879
20040625 422.34 428.23 417.58 419.62 11326670
20040628 420.53 430.27 420.53 428.69 8252895
20040629 426.87 433.22 426.65 432.54 10149040
20040630 431.63 438.20 429.59 430.05 14957096
20040701 432.08 432.31 422.34 422.34 7921331
20040702 427.78 427.78 421.44 421.44 7709263
20040705 420.53 419.62 419.17 419.17 3652493
20040706 419.17 421.21 407.84 409.88 9283776
20040707 410.56 410.79 406.93 407.84 9004071
20040708 403.99 409.20 401.95 406.48 7812649
20040709 402.63 411.47 407.39 408.52 5985685
20040712 405.57 412.83 405.12 406.93 4595105
20040713 406.93 411.92 404.67 409.20 5276768
20040714 405.57 407.84 403.31 406.71 5140612
20040715 402.40 405.57 399.91 399.91 5059183
20040716 399.23 401.95 393.79 396.74 5715910
20040719 398.32 405.80 392.89 392.89 8047557
20040720 390.17 397.87 387.90 395.38 5190705
20040721 398.78 406.48 398.10 404.67 7454825
20040722 398.78 400.59 391.30 392.43 6667128
20040723 394.02 398.78 392.43 394.70 6622331
20040726 391.53 399.00 391.53 392.43 6223241
20040727 400.14 402.86 396.51 397.87 11500672
20040728 402.40 402.63 398.32 400.82 6823034
20040729 402.40 415.32 401.95 409.65 7954432
20040730 407.84 416.00 407.84 411.01 9493196
20040802 411.01 411.69 405.12 409.88 6430675
20040803 400.59 405.12 394.25 405.12 18376006
20040804 402.86 403.76 395.83 399.00 9618208
20040805 399.46 403.31 396.06 396.96 6885706
20040806 394.47 397.19 385.64 387.90 13070219
20040809 386.09 391.53 372.04 375.67 14772392
20040810 377.03 387.22 377.03 387.22 10418705
20040811 388.35 390.17 384.05 388.35 10693113
20040812 391.98 393.57 384.73 385.86 9159867
20040813 384.28 384.96 379.74 381.78 5188829
20040816 379.52 390.17 377.25 389.03 6114117
20040817 385.86 396.06 385.86 392.43 5568610
20040818 389.26 391.53 385.86 387.00 6511883
20040819 392.43 394.25 386.54 387.45 5493470
20040820 387.90 388.35 384.28 387.68 4135440
20040823 393.34 394.02 387.00 390.17 5038550
20040824 389.94 395.15 389.71 389.71 7173796
20040825 393.34 395.61 391.30 391.53 8785934
20040826 393.34 401.04 393.34 400.36 8611160
20040827 399.68 405.57 399.46 402.40 7375272
20040830 402.40 402.40 402.40 402.40 0
20040831 399.68 401.04 397.42 397.87 8119276
20040901 399.23 403.54 399.23 401.95 6685333
20040902 403.54 407.39 398.10 404.22 7573548
20040903 406.71 418.26 402.63 414.18 12757854
20040906 412.37 417.81 411.24 416.00 6308201
20040907 414.64 416.90 411.92 415.54 6123055
20040908 413.96 419.62 412.60 413.50 5854163
20040909 413.05 414.18 410.33 412.37 3773975
20040910 413.73 416.90 412.83 413.28 5987671
20040913 413.50 423.47 413.50 423.25 6574886
20040914 423.02 423.02 418.94 422.34 6609863
20040915 422.11 428.69 419.17 419.17 10959136
20040916 422.34 422.34 417.36 419.62 5909994
20040917 419.62 428.46 417.13 427.10 9764294
20040920 424.15 425.97 419.85 422.34 4535081
20040921 420.53 426.87 420.53 424.61 6999243
20040922 422.79 428.23 418.26 418.72 9016208
20040923 418.26 418.72 409.20 416.68 12660978
20040924 413.05 419.17 412.83 414.86 5911649
20040927 412.60 416.90 409.88 413.28 5673431
20040928 411.47 415.54 409.20 410.56 7103291
20040929 412.37 415.32 411.01 414.41 8065321
20040930 415.09 418.26 406.71 408.29 12436662
20041001 407.84 422.11 406.03 418.26 12182445
20041004 423.02 432.99 420.98 430.95 10131166
20041005 432.08 438.43 428.46 433.90 9412870
20041006 434.58 437.75 436.39 436.84 9349978
20041007 439.79 439.79 434.58 437.98 8560074
20041008 433.67 440.47 432.99 434.12 5596967
20041011 432.31 443.41 432.31 440.01 8526311
20041012 437.52 426.87 425.97 426.87 10260812
20041013 423.25 431.18 423.25 427.33 7771273
20041014 425.06 430.50 422.57 426.65 7999560
20041015 421.89 423.47 416.90 418.94 11783245
20041018 418.49 419.17 409.20 415.09 17560834
20041019 384.28 391.07 377.93 382.46 84649960
20041020 369.78 369.78 352.10 355.27 29606572
20041021 354.82 350.74 344.40 350.06 32927282
20041022 348.93 363.88 348.02 355.27 51598660
20041025 353.46 357.09 349.38 352.33 18023588
20041026 353.91 359.81 352.10 358.67 23343278
20041027 360.71 364.11 358.90 363.20 13666702
20041028 366.38 371.81 364.11 368.42 19134574
20041029 369.78 369.78 362.98 362.98 21969800
20041101 367.06 370.23 362.52 370.23 11455875
20041102 372.95 374.99 370.23 371.59 14533070
20041103 372.95 382.46 372.27 376.80 21174048
20041104 374.31 377.71 368.87 370.23 12698934
20041105 373.40 377.25 372.04 374.76 18904742
20041108 376.12 376.35 372.04 373.85 12862675
20041109 376.12 377.03 373.17 376.57 8656729
20041110 378.84 383.37 376.80 379.29 8663901
20041111 379.29 387.45 375.21 386.09 10719263
20041112 387.00 390.17 384.28 386.32 14831974
20041115 390.39 391.98 383.37 387.45 9456012
20041116 388.35 388.58 380.20 382.92 7889775
20041117 383.37 385.18 379.74 382.92 11889390
20041118 386.09 386.09 379.29 380.88 12127608
20041119 381.33 382.46 379.29 379.74 11597879
20041122 379.29 379.29 374.08 375.44 8720283
20041123 375.89 375.67 374.76 375.44 9013008
20041124 379.97 379.97 373.40 376.12 7857777
20041125 378.16 382.24 376.57 377.93 6568707
20041126 379.07 381.10 374.53 380.20 6154170
20041129 379.29 386.09 379.29 380.42 8003974
20041130 379.97 383.14 377.25 378.39 10744641
20041201 377.25 385.41 376.57 383.60 8778210
20041202 387.00 398.78 385.64 393.34 15382005
20041203 395.61 406.03 394.02 399.46 24198944
20041206 396.51 399.68 394.02 395.83 9654619
20041207 394.25 405.35 394.25 396.06 15696025
20041208 393.11 400.36 393.11 398.32 7139481
20041209 400.36 402.18 392.66 394.93 11553744
20041210 398.78 400.59 393.57 393.79 6050453
20041213 397.42 403.08 395.61 402.18 8400857
20041214 406.93 406.93 398.78 404.67 8482727
20041215 403.76 412.83 403.31 410.11 8428552
20041216 411.92 413.28 407.16 411.24 10817243
20041217 410.11 414.18 407.39 410.11 10912133
20041220 409.65 413.05 408.29 409.20 5316048
20041221 407.16 410.56 400.59 404.22 8297029
20041222 408.07 409.65 404.22 407.61 6496326
20041223 406.93 408.52 406.03 407.61 4713276
20041224 408.75 411.01 406.25 406.71 640618
20041227 406.71 406.71 406.71 406.71 0
20041228 406.71 406.71 406.71 406.71 0
20041229 402.63 412.60 398.78 412.60 5507704
20041230 412.37 414.18 408.29 409.65 2316751
20041231 409.20 414.86 408.29 410.56 1647224
20050103 410.56 410.56 410.56 410.56 0
20050104 415.09 423.25 408.75 416.90 6669445
20050105 416.00 416.68 410.33 413.96 8696892
20050106 414.18 426.87 413.96 420.53 13162351
20050107 420.08 424.61 417.36 421.89 10547468
20050110 424.15 425.97 420.08 425.06 6895415
20050111 426.42 426.42 412.83 419.17 11576363
20050112 420.30 420.76 408.97 409.88 8217366
20050113 409.88 416.00 409.88 413.05 7838689
20050114 409.20 410.79 406.48 407.39 13223919
20050117 409.65 409.65 406.48 407.84 6563411
20050118 410.56 410.56 401.72 406.48 8500271
20050119 408.75 410.11 405.80 406.48 7098657
20050120 406.03 407.61 401.72 405.80 5866741
20050121 407.61 407.61 399.91 403.31 10521760
20050124 403.31 408.07 400.59 406.03 9368625
20050125 406.03 414.41 406.03 413.73 16031009
20050126 421.44 424.15 411.69 413.73 15821699
20050127 411.24 414.64 410.79 411.47 9919208
20050128 413.28 415.09 410.56 412.83 7849060
20050131 413.28 419.85 413.28 416.90 7421503
20050201 416.90 423.25 421.89 423.25 9967646
20050202 423.25 433.22 422.57 427.33 15547621
20050203 427.33 429.82 424.61 426.65 5663831
20050204 426.65 430.95 425.74 430.50 7168279
20050207 432.99 438.20 435.48 435.48 11033835
20050208 436.84 438.66 432.31 433.67 7738171
20050209 432.31 433.22 428.69 429.82 5639005
20050210 429.82 432.31 428.91 430.05 5461914
20050211 432.76 432.76 427.33 431.40 9596471
20050214 431.40 431.86 428.69 429.59 6444246
20050215 430.50 430.50 424.61 426.87 9565687
20050216 428.01 424.15 422.79 424.15 10099720
20050217 422.79 425.51 421.66 424.15 9170901
20050218 425.51 426.65 420.98 423.47 8493761
20050221 423.25 427.78 420.76 425.06 7492450
20050222 426.65 426.87 419.62 422.34 11029752
20050223 420.53 421.89 410.56 415.32 9225738
20050224 418.04 421.44 417.58 418.04 8684313
20050225 422.11 428.91 415.77 428.91 18675902
20050228 426.87 433.90 426.65 428.69 17224858
20050301 427.55 440.01 427.55 439.11 17237436
20050302 439.56 445.68 431.63 440.69 19462496
20050303 440.47 451.34 436.16 450.21 21074192
20050304 449.53 458.59 447.94 453.16 14924105
20050307 454.06 458.59 454.06 455.65 9128311
20050308 457.46 459.50 452.70 458.82 12474508
20050309 460.41 461.99 454.74 457.01 18279792
20050310 453.38 455.88 450.89 453.16 10510616
20050311 454.97 459.73 454.74 456.33 10715291
20050314 456.33 458.37 450.44 454.52 9972832
20050315 453.16 458.82 453.16 456.78 7290643
20050316 457.38 459.47 449.51 449.51 14540485
20050317 451.13 451.13 442.57 446.50 7058713
20050318 446.27 450.67 444.42 445.58 7821989
20050321 445.35 450.90 443.96 444.42 5657555
20050322 446.27 446.27 440.72 443.96 7627471
20050323 437.94 442.57 437.48 442.11 8947193
20050324 462.94 470.35 458.31 463.86 37511896
20050325 463.86 463.86 463.86 463.86 0
20050328 463.86 463.86 463.86 463.86 0
20050329 463.86 466.18 461.55 465.25 9851309
20050330 463.86 474.51 463.86 468.96 17836602
20050331 474.05 474.51 467.10 468.49 11892725
20050401 469.88 474.05 471.27 472.20 7669593
20050404 471.73 471.73 462.01 463.86 12446362
20050405 467.57 468.03 462.48 466.64 7402063
20050406 469.88 469.88 462.01 466.64 7792936
20050407 468.03 470.35 462.94 467.57 5839436
20050408 469.42 475.44 466.18 474.05 7578544
20050411 473.59 482.38 472.20 480.07 14575803
20050412 480.99 481.46 470.35 472.20 8345061
20050413 473.59 476.83 471.27 473.59 5632498
20050414 473.12 477.29 469.88 476.83 9644154
20050415 474.51 474.51 465.72 466.64 10091189
20050418 458.77 461.55 453.68 458.77 11757394
20050419 461.09 467.10 456.92 465.72 10583372
20050420 467.10 468.49 449.05 449.05 21251420
20050421 444.88 450.90 444.42 445.81 14631534
20050422 450.90 450.90 446.27 447.20 8432870
20050425 445.35 448.12 444.42 447.20 5560134
20050426 445.81 449.05 442.11 446.27 9891379
20050427 446.27 449.05 442.57 443.50 15307217
20050428 447.20 447.20 434.24 438.87 14144536
20050429 426.37 441.64 426.37 435.16 7718952
20050502 435.16 435.16 435.16 435.16 0
20050503 439.79 440.72 432.85 439.33 12939948
20050504 437.94 443.03 437.01 442.57 7603818
20050505 445.35 452.75 444.42 449.51 9293351
20050506 446.27 454.14 446.27 452.29 7330995
20050509 454.14 454.14 442.11 444.88 7269216
20050510 448.59 448.59 435.63 439.33 7629091
20050511 439.33 441.18 433.31 437.01 5495870
20050512 441.18 445.35 439.33 440.72 4812410
20050513 437.01 443.50 437.01 439.79 5633254
20050516 437.48 441.18 436.55 439.79 5157488
20050517 443.03 443.96 436.09 438.87 5280723
20050518 443.03 452.75 439.79 451.37 10051011
20050519 452.29 461.09 452.29 459.23 10384857
20050520 462.01 464.33 453.68 457.38 6336371
20050523 459.23 462.48 457.38 459.23 2893797
20050524 457.38 462.01 456.46 457.38 4680103
20050525 455.53 460.16 454.14 455.99 4358894
20050526 453.68 459.70 450.90 456.92 8923756
20050527 455.07 458.31 454.14 455.99 5203283
20050530 455.99 455.99 455.99 455.99 0
20050531 452.75 457.38 450.90 452.29 11386718
20050601 451.83 455.99 444.42 453.68 13405129
20050602 453.68 460.16 447.20 449.05 7921355
20050603 449.05 449.05 449.05 449.05 0
20050606 443.96 451.37 443.96 445.81 5879831
20050607 446.27 453.68 446.27 452.75 7090143
20050608 452.75 456.46 449.98 450.90 4154871
20050609 450.90 451.83 447.20 451.83 2686102
20050610 452.75 456.46 450.44 452.75 5382140
20050613 450.90 455.53 448.59 452.29 5558190
20050614 452.75 453.22 448.59 449.98 6605737
20050615 451.83 454.61 448.59 451.83 10080281
20050616 453.68 455.99 449.98 452.29 5012869
20050617 452.29 460.16 452.29 456.46 11457894
20050620 455.07 455.07 449.98 453.22 4764996
20050621 455.99 459.23 449.98 457.61 7984646
20050622 459.70 464.56 457.85 461.78 9940954
20050623 462.94 464.10 459.93 462.24 5404281
20050624 461.09 461.09 453.91 458.08 4475000
20050627 453.68 460.86 449.28 449.28 6733508
20050628 449.28 454.14 449.05 452.06 5600636
20050629 455.30 459.47 454.14 456.69 7796608
20050630 454.37 463.86 454.37 459.47 8505882
20050701 460.39 463.17 453.68 461.32 5306104
20050704 463.17 466.64 457.38 465.48 5323277
20050705 464.79 470.58 462.01 467.80 8769092
20050706 469.65 477.52 468.49 474.05 10384317
20050707 474.05 474.74 446.50 465.02 26044280
20050708 471.27 477.52 469.65 475.67 10991957
20050711 481.22 490.25 478.68 489.56 10521268
20050712 491.64 493.03 482.84 485.39 10137632
20050713 488.63 491.64 484.23 485.16 7013783
20050714 483.08 490.71 483.08 486.78 28243710
20050715 485.62 489.79 482.38 483.31 18618132
20050718 484.70 487.94 482.38 482.84 17319148
20050719 482.84 485.16 479.37 482.84 16850510
20050720 484.47 488.86 480.99 486.55 19419210
20050721 490.02 494.42 483.31 488.86 15827589
20050722 491.18 491.18 482.84 486.55 5915256
20050725 485.62 487.47 480.07 486.78 8217290
20050726 488.40 492.10 483.31 485.62 12786688
20050727 492.57 500.67 488.40 496.73 30173232
20050728 498.35 503.45 498.12 500.44 12243527
20050729 501.83 504.60 495.34 496.73 15120907
20050801 497.20 500.21 496.27 498.58 9137715
20050802 496.27 503.68 496.27 502.52 11494724
20050803 503.68 503.68 498.12 499.74 7087550
20050804 501.36 503.68 497.20 500.21 10970788
20050805 500.44 500.44 490.95 492.10 11298369
20050808 494.65 500.90 492.10 494.65 17677510
20050809 493.96 495.81 489.09 492.10 22308472
20050810 493.49 500.44 489.56 497.20 22038134
20050811 496.73 496.73 485.16 486.09 31867408
20050812 488.40 493.26 486.78 487.71 12219982
20050815 490.02 493.03 487.24 488.86 11258947
20050816 493.03 493.72 481.22 484.47 14375128
20050817 485.45 486.85 478.43 481.24 11118071
20050818 483.11 484.98 474.69 477.96 15316708
20050819 476.56 481.71 474.69 476.09 11151641
20050822 474.22 481.71 474.22 478.67 7303674
20050823 479.13 479.13 472.82 474.92 14921455
20050824 475.63 475.86 470.72 473.29 12339323
20050825 470.48 472.59 469.55 470.48 7781249
20050826 470.48 475.86 470.01 470.95 8029818
20050829 470.95 470.95 470.95 470.95 0
20050830 471.65 477.26 471.65 472.82 11966843
20050831 474.92 476.09 470.95 473.52 11309122
20050901 474.22 477.50 473.99 476.56 11508619
20050902 476.09 478.67 473.05 475.63 12000092
20050905 477.03 478.43 473.99 478.43 8800866
20050906 477.96 481.00 476.80 480.30 11766811
20050907 483.58 485.91 479.37 484.04 15318418
20050908 485.91 486.62 482.64 486.15 10050343
20050909 485.91 488.95 484.28 485.45 8600407
20050912 488.02 488.02 480.54 483.11 9030405
20050913 481.24 485.68 477.26 480.30 15028367
20050914 481.71 481.94 473.29 476.56 10479166
20050915 476.33 476.33 473.76 474.69 12601257
20050916 472.59 478.90 472.59 476.09 27267194
20050919 475.63 478.90 473.76 475.16 8607356
20050920 473.76 475.63 470.95 473.76 14923700
20050921 471.42 473.76 466.74 468.14 14248446
20050922 465.34 467.68 461.13 465.34 22839552
20050923 468.14 472.82 467.21 470.48 13923007
20050926 475.16 478.43 474.22 477.50 14056005
20050927 475.16 478.90 474.22 478.43 17276614
20050928 480.77 486.85 477.03 484.51 20402926
20050929 484.98 485.45 480.77 480.77 19640646
20050930 484.98 484.98 478.90 481.24 14776162
20051003 482.64 483.58 478.90 482.64 10784399
20051004 481.24 486.38 478.90 486.38 10466658
20051005 481.71 484.98 476.56 476.56 20856766
20051006 474.22 474.22 467.68 469.55 21291898
20051007 469.08 470.01 456.45 457.85 35083404
20051010 457.85 463.47 457.85 460.66 17674326
20051011 459.73 466.27 459.73 464.87 23243464
20051012 461.13 467.21 456.45 462.06 17545604
20051013 461.13 464.87 448.50 453.65 30683664
20051014 452.71 457.39 450.37 455.05 12662090
20051017 455.05 457.85 451.31 452.71 8537436
20051018 455.52 460.19 454.11 454.11 15754084
20051019 454.58 457.39 445.69 447.10 15706401
20051020 453.65 454.58 440.08 443.82 17304624
20051021 441.95 447.57 440.08 445.23 12568114
20051024 445.23 451.31 442.42 450.37 12448159
20051025 450.37 457.39 447.57 454.11 19457612
20051026 452.71 454.58 441.49 445.23 56730568
20051027 441.02 444.29 436.34 438.21 19305370
20051028 439.62 439.62 429.33 433.07 20213692
20051031 437.28 443.36 433.07 443.36 26989972
20051101 443.36 459.73 440.55 459.73 52422240
20051102 460.19 461.60 455.05 456.92 21472684
20051103 460.66 470.01 457.85 469.55 23110358
20051104 470.95 472.35 460.66 463.93 17004630
20051107 461.60 473.76 461.60 471.88 17451308
20051108 475.16 477.50 472.35 476.56 21886006
20051109 477.50 479.84 471.88 474.69 17961490
20051110 478.43 480.30 474.22 474.22 16592699
20051111 479.84 481.24 475.16 480.77 13628999
20051114 481.24 481.24 474.22 477.03 7340772
20051115 477.50 479.84 471.88 477.03 12082094
20051116 477.96 478.90 470.01 474.69 10739389
20051117 475.16 480.77 473.76 478.90 10579877
20051118 483.11 486.85 479.37 486.38 20237534
20051121 491.99 494.80 489.66 493.87 14663905
20051122 492.93 496.67 490.59 495.74 17578212
20051123 498.54 502.28 495.74 499.48 19630382
20051124 499.48 501.82 491.99 496.20 10319547
20051125 496.67 500.41 492.93 496.20 8088941
20051128 499.95 504.15 495.27 498.54 11937763
20051129 499.48 504.15 495.74 499.01 16568216
20051130 496.67 498.54 491.99 493.40 13736446
20051201 493.40 495.27 484.98 491.06 32995950
20051202 492.46 495.27 490.12 493.40 17125120
20051205 492.93 495.27 489.19 492.93 12465372
20051206 494.80 494.80 489.19 493.40 12137046
20051207 494.33 494.33 487.32 492.46 11878106
20051208 492.46 492.46 480.30 485.91 10552187
20051209 484.98 484.98 477.50 481.24 17399028
20051212 484.51 486.85 480.30 480.77 9496006
20051213 482.17 482.17 473.29 477.03 15472478
20051214 477.50 485.45 476.09 484.98 21132384
20051215 484.51 487.79 476.56 477.50 16225992
20051216 480.30 487.79 479.84 487.32 19785298
20051219 486.38 494.33 485.91 491.06 10958345
20051220 490.59 494.80 488.72 493.87 14898683
20051221 496.20 505.56 494.80 504.15 15422123
20051222 503.69 512.10 501.35 511.17 24632674
20051223 513.98 513.98 507.90 510.23 3844973
20051226 510.23 510.23 510.23 510.23 0
20051227 510.23 510.23 510.23 510.23 0
20051228 513.51 516.31 508.83 512.57 7999349
20051229 511.64 518.65 510.70 515.85 9045694
20051230 516.31 516.31 509.77 514.44 2101350
20060102 514.44 514.44 514.44 514.44 0
20060103 515.38 523.80 513.04 523.33 23897870
20060104 532.21 539.23 524.73 535.02 30163324
20060105 534.09 536.89 530.81 531.28 21293286
20060106 529.88 541.10 526.60 540.63 20728472
20060109 541.57 542.04 532.68 536.42 10490606
20060110 531.75 533.62 522.39 524.73 18116084
20060111 529.88 533.15 526.14 529.88 20940586
20060112 533.62 533.62 521.93 522.86 18285112
20060113 523.80 528.01 518.18 524.73 14720782
20060116 521.93 538.29 520.99 537.83 16509629
20060117 537.83 537.83 527.54 527.54 22065938
20060118 521.93 522.39 513.51 515.85 16790486
20060119 521.46 527.07 519.12 525.20 15304413
20060120 523.80 530.34 515.38 520.06 12467724
20060123 517.25 520.52 510.23 519.59 8540964
20060124 519.59 523.80 512.10 514.91 13832987
20060125 516.31 520.99 508.83 517.25 16380159
20060126 518.18 539.23 513.04 538.76 47105624
20060127 540.63 545.31 532.21 539.70 33582576
20060130 537.83 539.23 532.21 533.15 8917186
20060131 535.49 537.36 530.34 533.15 10629270
20060201 534.55 541.57 527.54 537.83 20886594
20060202 540.63 542.50 529.41 530.81 12575171
20060203 534.09 535.96 522.39 531.28 7745647
20060206 535.49 535.96 528.01 530.34 5926437
20060207 534.09 536.42 524.26 528.01 11322807
20060208 528.01 530.34 519.12 528.47 9428010
20060209 532.21 539.70 529.88 538.76 21932406
20060210 537.83 561.21 536.42 552.79 38343568
20060213 553.26 560.74 552.32 559.34 15850090
20060214 559.81 569.16 559.81 567.29 22116720
20060215 571.50 571.50 557.47 561.68 10458212
20060216 560.74 570.10 560.74 565.89 6239475
20060217 564.02 571.50 563.55 568.69 9467674
20060220 566.82 573.84 563.55 565.89 6146248
20060221 570.56 583.19 570.56 577.58 12550153
20060222 576.18 581.32 570.10 576.64 12383585
20060223 578.98 584.59 573.84 575.71 10854640
20060224 578.51 579.92 573.37 576.18 10202693
20060227 576.64 584.59 576.64 582.26 10521824
20060228 582.72 588.80 559.81 564.02 24247686
20060301 565.42 576.64 561.68 567.76 17832982
20060302 570.56 578.98 557.47 563.55 17938504
20060303 561.68 565.89 549.99 554.20 14543736
20060306 557.47 561.21 552.79 556.53 19841746
20060307 551.86 553.73 542.97 547.65 13017144
20060308 547.65 549.05 536.42 538.76 12407426
20060309 542.50 547.18 537.83 544.84 18035580
20060310 545.31 561.21 545.31 557.00 27780798
20060313 559.34 568.23 557.47 562.15 19145110
20060314 559.34 573.84 559.34 560.74 16542237
20060315 563.55 575.24 562.61 565.89 26222238
20060316 572.43 592.54 570.56 586.93 37668956
20060317 599.56 631.36 599.56 628.56 86840328
20060320 692.16 713.67 687.48 695.43 131782168
20060321 689.82 703.38 687.48 693.56 37915388
20060322 695.96 695.96 671.27 684.09 36679304
20060323 687.41 711.15 676.02 679.34 36685204
20060324 680.29 687.41 629.49 646.58 83917648
20060327 650.38 656.08 637.56 638.04 21299962
20060328 637.56 643.26 623.32 630.44 24435212
20060329 627.59 636.14 626.17 633.29 12333303
20060330 636.61 643.74 627.59 638.99 15954301
20060331 640.41 640.89 631.87 633.77 12711412
20060403 633.77 658.93 633.29 638.51 10782319
20060404 641.36 646.58 629.02 631.39 17292850
20060405 633.29 638.04 614.78 618.57 18282990
20060406 619.52 666.52 619.52 643.26 32562130
20060407 643.74 654.18 635.19 638.51 19139158
20060410 638.04 638.04 627.12 633.77 10214734
20060411 626.17 631.39 619.05 620.95 14688953
20060412 625.70 627.59 612.40 625.70 15439062
20060413 623.32 633.29 618.10 625.70 6022254
20060414 625.70 625.70 625.70 625.70 0
20060417 625.70 625.70 625.70 625.70 0
20060418 624.27 629.97 619.05 620.95 9423654
20060419 627.59 640.89 627.12 634.72 15978947
20060420 642.79 643.74 628.54 631.39 19046474
20060421 635.19 638.04 621.90 623.80 22064816
20060424 623.80 624.75 605.28 605.28 37164316
20060425 609.08 621.90 607.66 613.83 25115492
20060426 616.20 623.32 609.08 621.42 18867320
20060427 622.37 625.22 609.55 615.73 25402496
20060428 616.68 617.62 608.61 610.98 12087585
20060501 610.98 610.98 610.98 610.98 0
20060502 610.50 620.95 609.55 618.10 10851937
20060503 620.00 624.75 610.98 614.30 13608341
20060504 614.30 617.62 609.08 611.45 15481613
20060505 614.30 623.32 612.40 621.90 7828329
20060508 626.17 630.92 616.68 619.05 14950154
20060509 620.47 626.64 612.40 619.05 13792340
20060510 618.10 634.24 609.08 626.64 27718228
20060511 626.64 639.94 613.35 613.35 14983225
20060512 612.40 613.35 592.46 596.26 13769063
20060515 599.11 600.53 572.74 594.84 15689625
20060516 597.69 602.59 589.90 598.16 10915657
20060517 597.21 602.83 575.37 575.37 18976434
20060518 581.07 583.44 560.51 568.25 20063682
20060519 568.73 580.05 565.45 570.15 13677327
20060522 571.58 570.82 544.00 545.47 16884934
20060523 545.47 568.73 545.65 562.56 22999872
20060524 557.81 562.56 547.84 554.01 13061399
20060525 558.76 563.43 550.14 562.56 6816072
20060526 565.88 572.05 563.47 572.05 13253930
20060529 572.05 572.05 572.05 572.05 0
20060530 567.78 571.10 544.52 547.36 14881483
20060531 545.94 559.34 538.27 553.54 23767360
20060601 553.54 558.76 546.89 553.54 22893812
20060602 559.23 565.69 553.02 555.44 16992680
20060605 557.33 560.18 547.36 547.36 8184636
20060606 540.72 544.04 529.22 533.60 15530482
20060607 534.07 543.57 531.70 543.09 13404857
20060608 526.95 541.67 524.58 524.58 17187000
20060609 528.85 539.77 527.90 537.87 12756490
20060612 537.40 539.77 525.05 528.38 6806066
20060613 517.46 526.00 501.60 511.29 20623368
20060614 510.81 518.88 501.13 512.71 13276047
20060615 516.98 535.97 516.51 533.60 16165579
20060616 541.19 543.96 520.54 520.78 27052168
20060619 527.43 539.29 525.05 537.40 17499914
20060620 534.07 544.52 530.75 541.19 20859290
20060621 543.57 546.31 537.48 540.24 14117050
20060622 545.94 641.49 527.09 532.65 15080438
20060623 530.27 537.03 523.61 528.85 15272020
20060626 532.17 538.34 526.86 535.50 22310008
20060627 539.77 545.94 537.40 538.34 12512667
20060628 537.87 551.16 533.60 545.47 16924852
20060629 549.74 563.98 549.26 561.61 18214214
20060630 565.88 593.41 562.08 580.12 25332772
20060703 579.17 582.97 573.00 576.80 15089285
20060704 579.65 582.97 572.05 582.02 6247960
20060705 579.65 581.07 565.40 567.78 13659001
20060706 567.78 577.75 562.56 571.10 10455607
20060707 568.73 568.73 551.64 555.91 20879408
20060710 553.54 560.18 551.64 555.91 10853728
20060711 552.59 558.28 542.62 546.42 9265038
20060712 547.84 553.54 544.04 546.42 9665054
20060713 544.04 544.52 527.90 530.75 7727430
20060714 524.10 530.27 521.25 524.10 9306641
20060717 524.10 526.48 512.23 523.63 10724391
20060718 519.36 526.00 516.03 518.41 12308447
20060719 523.15 542.62 520.78 542.62 18482682
20060720 550.21 550.21 530.75 534.07 13003577
20060721 533.12 540.24 526.00 532.17 10648348
20060724 532.65 550.21 532.65 548.79 9333814
20060725 550.21 555.91 546.89 553.54 7441479
20060726 554.01 558.76 552.11 554.01 9814191
20060727 558.76 569.20 552.59 565.40 11632485
20060728 559.23 561.13 526.95 548.31 27232796
20060731 548.79 550.69 532.65 534.07 16930854
20060801 535.02 539.29 528.85 532.17 14717811
20060802 536.92 547.36 535.50 544.52 13905351
20060803 544.52 544.52 544.52 544.52 0
20060804 537.87 545.94 532.65 543.57 16779928
20060807 536.45 541.67 531.22 532.65 10122261
20060808 537.87 539.77 526.00 528.38 16220242
20060809 531.22 531.22 517.93 527.90 20755338
20060810 522.20 527.90 516.98 526.95 12710780
20060811 528.85 530.27 520.31 528.38 10030103
20060814 530.75 534.55 529.80 533.60 13165248
20060815 530.75 543.57 525.05 541.67 33274324
20060816 544.47 561.24 543.99 553.57 20895426
20060817 555.97 562.68 553.57 560.28 17642346
20060818 561.72 562.68 549.74 550.70 11452805
20060821 552.61 553.57 545.43 549.74 14311964
20060822 553.57 553.57 543.51 551.18 7547816
20060823 553.57 554.05 540.15 540.63 14452591
20060824 543.99 555.97 536.32 555.97 17526548
20060825 554.05 555.49 547.82 552.61 7517041
20060828 552.61 552.61 552.61 552.61 0
20060829 555.01 557.89 551.18 554.53 16181836
20060830 557.41 572.27 555.49 568.91 22311288
20060831 569.39 570.35 561.72 565.08 11322924
20060901 569.87 577.06 567.47 572.27 10927126
20060904 571.79 575.62 567.95 575.14 6141448
20060905 573.70 576.10 565.56 568.43 10532162
20060906 566.51 570.83 561.72 564.12 10255708
20060907 562.68 563.16 551.18 553.57 15107004
20060908 558.85 563.64 557.89 558.85 15941269
20060911 561.24 568.91 559.80 566.51 18037624
20060912 568.91 575.14 561.72 572.74 11570064
20060913 576.10 577.54 571.31 573.70 13795569
20060914 575.14 582.33 572.74 579.93 14127731
20060915 581.85 595.75 580.41 592.87 22865968
20060918 594.31 596.71 581.37 585.69 8407849
20060919 584.73 589.04 575.14 581.85 10214188
20060920 584.25 593.35 578.98 589.04 18118056
20060921 592.40 599.11 586.16 597.19 14139520
20060922 594.79 598.15 588.56 590.00 15599926
20060925 591.44 599.11 588.08 589.52 14841608
20060926 592.40 600.06 590.96 600.06 6295741
20060927 604.38 614.92 601.98 610.61 27328768
20060928 608.21 624.03 607.73 616.84 41305752
20060929 621.15 646.55 615.40 636.01 47899440
20061002 640.32 640.32 613.48 614.92 16056545
20061003 612.53 619.24 610.13 618.28 29164318
20061004 618.28 629.30 617.80 623.07 10961239
20061005 632.18 632.18 615.40 619.24 25738480
20061006 620.67 623.07 604.38 608.69 37098960
20061009 606.29 612.05 601.98 605.82 16511598
20061010 605.82 610.13 596.71 601.50 42155668
20061011 601.50 612.05 601.50 608.69 39557104
20061012 612.53 622.11 606.29 618.28 25936380
20061013 618.28 622.11 612.53 622.11 12800857
20061016 621.15 621.63 610.61 613.96 11061180
20061017 614.44 614.44 596.23 597.19 14192828
20061018 600.54 606.77 598.63 603.42 15268077
20061019 592.40 624.99 589.52 618.76 57677768
20061020 619.24 624.03 607.73 611.09 10240477
20061023 613.96 620.19 606.77 613.96 9398910
20061024 612.53 621.15 612.53 618.28 9861370
20061025 614.92 619.24 612.05 614.44 7047382
20061026 616.36 617.80 608.69 613.00 14422963
20061027 614.44 617.32 596.71 604.38 14327508
20061030 597.67 615.40 597.67 614.44 22601928
20061031 611.57 621.63 611.57 615.88 11356829
20061101 622.11 623.07 615.40 618.28 6988962
20061102 617.32 621.15 609.17 613.00 10933802
20061103 614.92 616.36 606.77 608.21 11137231
20061106 610.13 622.11 608.21 622.11 17598322
20061107 620.67 622.59 615.88 620.19 13454644
20061108 620.19 622.11 611.09 618.28 10342295
20061109 618.28 618.28 606.77 610.61 8076417
20061110 610.61 614.92 607.25 611.57 10953728
20061113 612.53 631.70 612.53 624.51 19132172
20061114 623.55 628.34 621.63 623.07 11136396
20061115 628.82 635.05 624.51 634.09 19332262
20061116 630.26 639.84 627.86 638.89 18869384
20061117 640.32 647.51 635.05 647.51 36015576
20061120 642.24 649.91 634.57 647.03 24249072
20061121 650.39 658.54 642.72 655.18 17369752
20061122 654.22 659.50 645.60 647.99 16168691
20061123 651.83 651.83 636.49 644.64 11737083
20061124 644.64 645.12 624.51 632.66 14150056
20061127 632.66 637.93 619.71 620.19 14234453
20061128 622.11 626.90 614.92 619.71 17248530
20061129 625.95 646.55 621.15 634.57 25136436
20061130 639.37 647.99 633.13 633.13 13116849
20061201 634.09 655.18 624.03 629.78 28484032
20061204 635.05 637.93 626.90 634.09 10795158
20061205 633.13 645.12 631.70 638.41 15749942
20061206 635.05 638.41 621.15 624.99 22863360
20061207 623.07 656.62 623.07 651.83 46574340
20061208 654.22 659.50 644.16 657.58 22379306
20061211 669.08 676.75 661.89 665.73 33182914
20061212 669.56 670.04 663.81 665.25 21497366
20061213 662.85 671.00 660.93 664.77 20743532
20061214 663.81 672.92 659.50 666.68 16730362
20061215 670.04 694.00 664.29 681.06 52242164
20061218 680.10 685.86 677.71 684.90 10728914
20061219 679.63 681.06 673.39 674.83 14125227
20061220 678.19 682.98 669.08 676.75 10466752
20061221 674.83 680.10 671.96 672.92 9394945
20061222 672.44 677.23 669.56 677.23 6009585
20061225 677.23 677.23 677.23 677.23 0
20061226 677.23 677.23 677.23 677.23 0
20061227 670.52 682.02 670.52 675.79 6413416
20061228 675.79 679.63 669.56 670.52 9392963
20061229 672.44 674.83 666.68 670.52 3930861
20070101 670.52 670.52 670.52 670.52 0
20070102 678.67 682.50 672.92 681.54 6856160
20070103 680.58 700.23 679.15 694.48 22540274
20070104 691.13 696.40 685.38 690.17 21353610
20070105 688.73 694.00 683.46 684.90 7863808
20070108 682.98 688.73 677.71 680.58 8756493
20070109 685.38 690.17 680.58 689.69 15467437
20070110 683.46 686.34 678.67 682.02 12963495
20070111 682.98 698.32 682.02 694.96 24222888
20070112 694.96 697.84 688.25 693.05 19081158
20070115 694.96 698.32 689.21 691.13 9407568
20070116 697.84 699.76 688.25 689.21 27870722
20070117 693.05 697.36 689.21 693.05 13575449
20070118 693.05 697.84 690.17 693.05 9072903
20070119 690.65 694.00 681.06 688.25 13661411
20070122 690.17 694.00 686.34 688.25 12705819
20070123 688.25 693.05 678.67 681.06 13302543
20070124 681.54 693.05 678.67 687.29 17437040
20070125 687.29 692.09 680.10 682.50 16183192
20070126 678.67 680.10 671.00 673.39 11391255
20070129 674.83 697.84 669.08 669.08 34885452
20070130 669.08 671.00 662.85 666.21 21704758
20070131 665.25 666.21 650.39 657.58 18629130
20070201 663.81 665.25 659.50 662.37 22406846
20070202 663.33 678.67 661.41 676.27 29245584
20070205 676.27 688.73 672.92 683.46 23728296
20070206 686.34 694.48 681.06 691.61 18940740
20070207 689.69 693.05 685.86 689.69 5959510
20070208 689.69 696.88 684.42 685.38 14973367
20070209 690.17 694.96 686.81 689.21 29982204
20070212 684.90 687.29 680.58 682.50 10859629
20070213 686.34 688.73 681.06 684.42 7316847
20070214 687.29 692.57 685.38 687.29 23631590
20070215 688.73 689.21 683.46 688.73 12615372
20070216 688.73 694.00 684.90 689.21 10291386
20070219 692.09 694.96 688.25 694.96 8245210
20070220 691.13 694.00 682.98 684.42 20931208
20070221 681.54 687.77 676.27 677.71 23411782
20070222 683.94 684.90 672.44 675.31 21349332
20070223 679.63 679.63 666.21 671.00 17469484
20070226 671.48 679.15 671.00 675.31 13518281
20070227 672.92 673.39 652.31 655.66 17132420
20070228 647.99 652.79 633.13 645.60 50563724
20070301 645.60 654.70 615.40 631.22 32505446
20070302 636.97 640.32 620.67 628.34 17224744
20070305 617.32 620.19 608.21 615.88 23976478
20070306 620.19 629.30 616.36 626.90 23085776
20070307 625.95 636.49 624.51 634.09 19521816
20070308 636.49 645.12 635.05 642.72 14857256
20070309 648.95 661.41 644.64 654.70 32957368
20070312 658.54 662.85 643.68 645.60 16787426
20070313 644.16 649.91 640.80 641.76 12697995
20070314 632.18 632.18 616.36 616.36 18101678
20070315 635.53 648.95 635.53 647.03 41247020
20070316 645.12 659.97 641.76 653.26 38904988
20070319 659.97 679.63 658.54 678.67 23242362
20070320 689.21 708.86 683.94 701.19 44719072
20070321 696.40 707.42 696.40 702.63 24942188
20070322 710.30 721.32 694.96 699.28 65581740
20070323 702.15 716.05 697.36 711.74 15746395
20070326 714.13 717.01 688.73 693.05 36181656
20070327 699.76 699.76 683.46 691.13 26532894
20070328 682.02 700.71 677.23 681.54 23952798
20070329 687.77 690.17 682.98 684.90 13012840
20070330 687.29 691.13 682.50 687.77 14603441
20070402 684.90 696.88 684.90 692.09 12790529
20070403 694.96 703.59 691.61 701.67 11996428
20070404 703.11 721.80 702.15 713.65 56158316
20070405 710.78 715.09 704.07 711.74 10283249
20070406 711.74 711.74 711.74 711.74 0
20070409 711.74 711.74 711.74 711.74 0
20070410 717.01 722.28 712.70 717.97 7764493
20070411 723.54 741.07 719.64 732.30 24906596
20070412 729.87 732.30 717.21 719.16 15850688
20070413 720.62 724.03 715.75 718.18 11267744
20070416 720.62 728.89 716.72 725.97 15547445
20070417 725.49 725.49 713.80 721.10 23723608
20070418 717.70 722.56 708.93 714.29 15815876
20070419 704.06 734.25 703.58 725.49 38365020
20070420 730.35 732.30 722.08 722.56 28418588
20070423 729.38 737.17 721.59 734.74 12576423
20070424 733.76 739.12 718.67 723.05 17331372
20070425 724.51 737.17 724.51 732.79 16019715
20070426 739.61 739.61 724.51 726.95 14796679
20070427 725.49 727.92 719.64 719.64 11123156
20070430 719.64 733.28 717.70 729.38 9490183
20070501 726.95 731.33 719.64 726.46 10795062
20070502 728.41 740.58 724.03 732.30 28926184
20070503 742.04 776.12 741.55 773.20 47736700
20070504 768.33 793.65 763.95 789.76 16754461
20070507 789.76 789.76 789.76 789.76 0
20070508 784.40 796.57 771.25 780.99 23035586
20070509 777.10 777.58 761.52 761.52 22609322
20070510 767.85 773.69 752.27 761.03 21714688
20070511 755.67 766.87 744.96 761.03 27611240
20070514 769.31 769.31 749.34 753.24 13133720
20070515 753.73 756.65 743.01 753.73 27913046
20070516 753.73 761.03 745.94 753.24 15445268
20070517 764.44 769.31 754.70 761.03 19444216
20070518 762.49 765.90 756.65 758.60 16956350
20070521 760.54 760.54 749.34 750.80 12652619
20070522 754.21 756.16 745.94 745.94 20544846
20070523 750.80 755.67 747.40 753.73 18426560
20070524 747.40 751.78 734.74 734.74 14354702
20070525 730.35 737.66 728.41 736.20 8677701
20070528 736.20 736.20 736.20 736.20 0
20070529 740.09 746.91 737.17 743.99 8575833
20070530 733.28 739.61 724.51 736.68 12819079
20070531 743.99 746.42 733.76 736.68 11958333
20070601 736.68 736.68 736.68 736.68 0
20070604 746.42 748.86 736.20 744.96 8675339
20070605 747.88 753.73 736.68 737.17 16506362
20070606 737.17 741.07 722.56 723.54 16126102
20070607 723.05 730.35 702.11 708.93 24712614
20070608 700.17 709.42 694.32 703.09 29844230
20070611 703.09 713.31 703.09 712.34 12754282
20070612 710.88 715.26 704.06 708.93 16638627
20070613 706.50 715.26 700.65 712.83 17915986
20070614 718.18 723.54 713.80 721.10 14218741
20070615 726.46 736.20 723.54 733.28 29320614
20070618 739.61 745.94 735.22 736.68 18554818
20070619 734.25 744.96 729.38 730.84 15096431
20070620 733.76 742.04 726.95 731.33 26659100
20070621 728.89 733.28 712.34 719.16 17187196
20070622 722.56 725.00 706.50 709.42 15814130
20070625 702.11 715.75 700.65 714.77 14170682
20070626 708.93 712.34 700.17 700.17 14806332
20070627 695.78 697.73 679.72 684.10 52182144
20070628 690.43 691.89 683.61 691.40 20264194
20070629 692.38 695.30 678.26 695.30 30023218
20070702 693.84 693.84 684.59 687.02 16659678
20070703 689.94 706.01 688.48 706.01 26935232
20070704 708.93 718.67 708.44 712.83 9438324
20070705 716.72 717.70 704.06 705.04 23297960
20070706 702.60 710.88 702.60 710.39 7471506
20070709 714.77 714.77 707.47 710.88 10135588
20070710 709.42 711.37 687.51 691.40 20024618
20070711 688.97 696.27 683.61 693.84 28811582
20070712 695.30 700.17 691.40 699.19 25013906
20070713 706.01 717.70 704.06 713.80 22588270
20070716 717.70 723.05 705.52 711.37 22179050
20070717 714.77 715.26 703.58 707.47 14931511
20070718 699.19 703.58 692.86 694.32 17677950
20070719 702.60 706.50 695.78 705.52 13618108
20070720 706.50 713.80 703.58 704.55 18441244
20070723 715.26 721.59 711.37 714.29 17483558
20070724 710.88 715.26 692.86 694.81 15134118
20070725 694.32 694.32 680.20 681.66 19281966
20070726 686.05 686.05 644.66 644.66 32620450
20070727 638.82 657.32 634.92 646.61 43960280
20070730 646.61 648.55 631.03 632.97 23034766
20070731 647.09 665.60 640.28 665.60 35484676
20070801 655.37 686.53 641.74 660.24 41087020
20070802 669.00 684.10 667.54 681.66 29950104
20070803 687.02 696.76 668.52 670.47 34832592
20070806 662.19 675.33 662.19 667.06 31162870
20070807 682.15 692.38 678.74 685.56 40481252
20070808 690.92 706.98 690.92 698.22 34772108
20070809 698.22 699.68 659.27 676.80 45687832
20070810 663.65 667.54 630.05 636.38 40362340
20070813 649.04 659.75 645.15 658.78 28087720
20070814 654.88 668.03 644.17 647.58 35079256
20070815 641.39 650.23 632.06 643.85 28492238
20070816 626.17 637.46 607.02 608.49 36329848
20070817 612.42 654.65 607.02 638.94 44679460
20070820 642.87 655.64 639.43 645.81 18321966
20070821 645.32 646.80 634.03 642.38 16638543
20070822 648.27 670.37 647.29 668.90 23289970
20070823 675.28 684.12 671.84 675.28 21312622
20070824 675.77 681.17 671.35 673.81 13978767
20070827 673.81 673.81 673.81 673.81 0
20070828 671.35 672.82 655.64 659.56 10676063
20070829 654.16 667.91 649.25 665.95 13599933
20070830 676.26 680.19 663.98 678.23 19592448
20070831 691.98 693.45 679.21 690.50 14306696
20070903 696.40 703.27 691.49 699.34 10374910
20070904 701.31 708.68 691.49 707.69 15027813
20070905 707.20 707.20 691.98 693.45 18006356
20070906 700.33 703.27 684.61 697.87 18598888
20070907 697.38 702.29 669.39 669.39 15990525
20070910 671.84 677.24 655.14 657.60 18239194
20070911 665.46 675.28 658.09 674.79 21183020
20070912 677.74 679.70 661.04 663.00 8605153
20070913 663.98 677.24 661.04 673.81 15187654
20070914 666.44 670.86 651.22 661.04 12933386
20070917 656.62 658.58 627.15 627.15 32682722
20070918 624.70 650.72 620.28 647.29 31527386
20070919 667.91 697.87 667.91 690.01 56557284
20070920 685.59 690.50 670.37 673.32 25217632
20070921 670.86 690.01 670.86 684.12 24214096
20070924 681.66 704.75 677.74 702.29 21763640
20070925 696.40 702.29 690.50 698.36 18585144
20070926 703.76 725.37 702.29 718.99 22917856
20070927 727.34 738.14 725.86 733.23 25388674
20070928 736.18 741.09 728.32 738.14 22973342
20071001 732.25 754.35 729.30 752.88 15644270
20071002 755.82 761.72 733.72 737.65 22751092
20071003 743.05 747.47 732.25 744.04 10962555
20071004 740.11 759.26 740.11 748.95 15385776
20071005 752.38 758.28 743.05 749.44 12111578
20071008 752.88 765.15 747.96 761.22 18279816
20071009 759.26 769.57 758.77 759.26 21374320
20071010 765.64 767.61 755.82 764.17 16562899
20071011 766.63 770.56 759.75 763.68 17362614
20071012 758.28 764.17 752.38 764.17 12710219
20071015 765.15 765.15 729.79 731.27 31217784
20071016 733.72 733.72 719.48 721.44 17963596
20071017 725.37 739.12 723.41 732.74 19982174
20071018 736.18 741.09 712.60 718.50 14521717
20071019 718.50 728.32 716.04 720.95 17954942
20071022 709.66 718.50 704.26 717.02 16695862
20071023 731.27 741.09 725.86 731.27 17103914
20071024 736.18 744.04 728.81 731.27 22697234
20071025 734.21 765.15 734.21 765.15 29033458
20071026 769.08 778.41 758.77 770.56 18895458
20071029 779.89 784.31 754.35 762.21 16827298
20071030 757.30 760.73 747.96 754.35 25759566
20071031 756.80 768.10 752.38 768.10 14079049
20071101 760.73 765.64 735.69 740.60 14552057
20071102 735.69 744.53 721.44 740.60 15301681
20071105 733.72 736.67 711.13 726.36 12263784
20071106 732.25 744.04 728.81 731.27 9639539
20071107 736.18 739.62 701.80 701.80 12086737
20071108 688.05 700.82 680.68 686.58 20282818
20071109 692.47 695.42 663.00 665.95 21341638
20071112 665.95 674.79 653.18 673.81 17376662
20071113 666.93 685.10 663.00 679.21 18593898
20071114 690.50 699.34 667.42 679.70 20469742
20071115 677.24 681.66 660.06 663.98 16301553
20071116 662.51 664.48 642.87 646.30 21608380
20071119 643.85 653.18 617.33 618.80 17294096
20071120 623.71 639.43 608.98 637.46 15250776
20071121 623.22 629.12 604.07 607.02 15310131
20071122 613.40 616.35 594.25 616.35 11363278
20071123 618.80 650.23 618.80 648.27 16462107
20071126 654.16 654.65 619.78 620.77 15256579
20071127 614.87 622.73 603.58 612.91 17784308
20071128 614.38 649.74 611.93 648.76 21352736
20071129 667.91 673.81 634.52 645.81 18342328
20071130 645.32 675.28 643.36 666.93 23039518
20071203 663.00 665.95 648.27 649.74 11384148
20071204 650.72 655.64 629.61 635.01 11709430
20071205 640.41 659.56 634.03 659.56 16440625
20071206 662.02 688.05 653.18 665.46 19341080
20071207 663.49 686.08 663.49 684.12 13594537
20071210 683.14 716.53 677.74 703.76 18406670
20071211 708.68 715.55 700.33 712.60 15007553
20071212 698.36 718.50 688.05 699.34 23362152
20071213 685.10 693.94 663.00 663.00 18375924
20071214 663.00 680.68 650.72 675.77 12760411
20071217 666.93 667.91 644.34 644.34 16461903
20071218 642.38 663.00 640.90 654.16 18355970
20071219 656.13 663.49 651.22 654.16 10267297
20071220 656.62 672.82 655.14 667.42 12315503
20071221 673.81 688.54 673.81 687.56 20864558
20071224 680.68 704.26 677.74 704.26 1633026
20071225 704.26 704.26 704.26 704.26 0
20071226 704.26 704.26 704.26 704.26 0
20071227 705.73 709.66 692.96 697.38 6050444
20071228 694.43 700.82 687.56 697.87 4499272
20071231 700.82 700.82 691.49 699.34 2144518
20080101 699.34 699.34 699.34 699.34 0
20080102 691.00 702.29 684.12 686.58 7330293
20080103 684.61 701.80 676.26 701.80 11714826
20080104 700.33 705.73 671.84 673.32 10248564
20080107 669.88 678.72 661.53 677.24 11975968
20080108 678.23 683.63 656.62 659.07 12441747
20080109 651.22 677.74 641.39 675.28 17684128
20080110 679.21 695.42 661.04 661.04 15046648
20080111 664.48 675.77 651.22 663.00 14589624
20080114 662.02 685.59 660.06 682.65 8427801
20080115 679.70 685.10 655.64 658.09 16024020
20080116 651.71 653.18 627.64 630.59 25353956
20080117 643.36 653.18 617.82 622.24 23694154
20080118 622.73 632.06 576.57 585.90 38917848
20080121 573.62 574.60 540.72 563.31 33194518
20080122 549.56 614.87 535.31 607.51 41960428
20080123 620.28 681.17 595.72 614.87 41956560
20080124 687.56 721.94 640.41 643.36 40892752
20080125 661.04 661.04 625.68 627.64 14170474
20080128 621.75 633.54 609.47 623.71 13349176
20080129 627.64 642.87 624.70 642.38 14989329
20080130 638.45 638.45 623.71 629.12 9649618
20080131 623.22 631.57 595.23 629.12 20936030
20080201 639.43 650.23 628.62 644.34 17413416
20080204 649.74 654.16 634.03 647.29 6861968
20080205 643.36 646.80 613.89 615.86 9924606
20080206 611.93 621.75 604.56 612.91 12653918
20080207 607.02 607.51 578.04 580.50 19944200
20080208 589.83 600.63 575.58 595.23 15754937
20080211 604.07 607.51 567.73 572.64 16295139
20080212 579.51 604.56 560.85 604.07 20548440
20080213 597.19 608.00 585.41 597.19 16515659
20080214 604.07 610.94 575.58 579.51 18351082
20080215 582.46 589.34 571.16 582.46 23784968
20080218 587.37 613.89 587.37 610.94 15333140
20080219 606.03 628.13 596.21 612.42 12292189
20080220 604.07 624.20 599.65 605.54 13795917
20080221 608.98 629.12 604.07 612.91 8489803
20080222 607.51 619.29 596.21 599.16 9104835
20080225 607.02 623.71 604.07 616.84 12623884
20080226 621.26 637.96 617.82 634.52 13433576
20080227 635.50 635.99 615.86 632.06 8904168
20080228 631.57 642.87 616.84 617.33 11121480
20080229 613.40 620.77 596.21 599.65 13030206
20080303 588.84 596.70 586.39 590.32 11738955
20080304 592.28 607.51 581.97 591.79 14242250
20080305 604.56 632.06 601.61 632.06 19105492
20080306 632.55 636.97 607.51 610.45 13641471
20080307 606.03 622.24 590.81 614.87 17157772
20080310 615.86 628.13 606.03 611.44 13775555
20080311 613.89 639.92 610.94 628.13 20201472
20080312 636.48 656.62 630.10 647.29 18743050
20080313 636.48 643.85 614.87 642.38 18181264
20080314 648.27 662.02 600.63 610.94 30106938
20080317 593.26 600.14 577.55 577.55 25039466
20080318 589.34 613.89 584.92 613.89 21162556
20080319 619.78 625.19 602.10 622.73 17241968
20080320 614.38 630.59 608.00 623.71 19829460
20080321 623.71 623.71 623.71 623.71 0
20080324 623.71 623.71 623.71 623.71 0
20080325 645.81 660.06 642.38 649.74 15473637
20080326 647.78 652.20 639.92 641.39 11592146
20080327 642.38 656.13 634.03 650.23 11146016
20080328 655.14 663.98 648.27 660.55 16305727
20080331 648.27 658.09 638.94 653.67 10770440
20080401 649.25 680.19 649.25 675.28 15178390
20080402 684.12 693.94 668.90 690.50 12580717
20080403 693.45 695.42 664.97 667.91 9005468
20080404 672.82 680.68 664.48 670.86 9112572
20080407 672.82 690.50 672.82 684.61 16215728
20080408 682.65 685.59 675.28 679.70 6800272
20080409 681.50 690.50 675.50 683.00 22285500
20080410 683.00 686.50 661.50 673.00 15072700
20080411 677.50 681.50 656.00 663.00 9186200
20080414 658.00 661.00 646.00 646.00 9096900
20080415 650.50 662.50 643.50 656.00 14321100
20080416 662.50 682.50 658.00 682.50 13566000
20080417 687.50 689.50 665.00 674.50 11271200
20080418 679.50 707.00 678.00 702.00 19744000
20080421 705.00 707.50 688.00 693.00 12313800
20080422 691.00 696.00 674.00 677.50 12572400
20080423 681.50 697.00 678.50 696.50 15967400
20080424 693.00 699.50 683.50 699.50 15319100
20080425 699.50 712.00 696.50 699.50 10007700
20080428 702.50 713.00 701.00 708.00 7082300
20080429 703.50 707.50 681.50 685.50 11343000
20080430 687.00 699.00 673.50 690.00 11553700
20080501 694.50 698.00 683.50 697.00 6263400
20080502 706.50 736.00 702.50 726.00 14747400
20080506 721.50 729.50 708.50 713.50 13190000
20080507 711.50 724.00 700.00 709.50 14273800
20080508 709.50 711.00 699.50 709.50 8484100
20080509 701.00 704.50 692.00 702.50 9123300
20080512 704.50 714.00 698.00 702.00 5194900
20080513 709.00 716.00 697.00 704.50 13079400
20080514 709.00 710.00 693.00 696.50 11273300
20080515 699.00 699.00 687.00 693.50 5368600
20080516 700.50 707.00 694.00 697.50 8027300
20080519 699.50 705.50 688.50 703.00 7373600
20080520 696.50 700.00 676.50 676.50 8472200
20080521 677.00 679.00 653.50 660.00 11859700
20080522 655.00 661.00 648.50 655.50 10837200
20080523 658.00 663.00 648.50 648.50 7675000
20080527 650.00 657.50 637.00 644.00 9786000
20080528 646.50 669.50 646.50 657.50 10979700
20080529 662.00 673.00 656.50 663.00 9260000
20080530 668.00 681.50 664.50 665.00 9092200
20080602 663.00 663.00 649.00 655.00 6842500
20080603 656.50 673.50 656.00 670.50 7855600
20080604 667.00 670.00 659.50 661.50 9151300
20080605 664.50 666.50 654.00 660.00 8871900
20080606 665.50 668.00 643.50 644.00 7304800
20080610 630.50 641.50 621.50 637.50 9281700
20080611 641.50 646.50 589.00 609.00 23849000
20080612 608.00 641.50 607.50 638.50 15975900
20080613 636.50 636.50 618.00 628.50 11055200
20080616 636.00 640.00 617.00 622.00 7689700
20080617 627.00 637.50 622.50 623.50 9460800
20080618 617.50 621.50 605.50 607.00 14514400
20080619 603.00 617.50 600.50 605.00 15376800
20080620 605.00 612.00 589.50 592.00 19169600
20080623 594.00 598.50 585.50 589.50 15483500
20080624 587.00 595.00 564.50 575.00 19079000
20080625 580.00 587.00 558.50 587.00 15875500
20080626 582.50 585.00 551.00 551.00 17028900
20080627 545.00 553.50 537.50 543.00 20625900
20080630 544.50 545.50 526.50 533.00 14839300
20080701 528.00 530.50 503.00 520.00 24795400
20080702 518.50 540.50 510.50 516.00 22039400
20080703 509.50 537.00 504.50 530.00 21536200
20080704 533.00 533.00 506.00 508.50 10287200
20080707 521.00 524.50 514.50 523.00 15043200
20080708 507.50 520.50 503.50 518.50 13560300
20080709 523.50 549.50 523.50 546.00 21030600
20080710 533.50 539.50 516.00 517.50 17014200
20080711 518.00 529.00 490.50 490.50 20478800
20080714 496.00 514.00 496.00 502.00 13942800
20080715 493.00 498.75 477.25 480.50 24848700
20080716 485.50 500.00 467.25 498.00 23544500
20080717 513.50 532.00 509.50 513.50 25917000
20080718 508.50 540.00 506.50 538.00 17059300
20080721 537.50 552.00 526.00 548.00 15094600
20080722 539.00 542.50 521.00 540.00 18485300
20080723 554.50 575.00 549.50 571.00 18692500
20080724 577.00 579.50 533.50 535.50 20732200
20080725 521.00 530.00 501.50 515.50 23136700
20080728 511.50 526.50 507.00 516.00 12192700
20080729 501.50 516.50 492.00 511.50 11683100
20080730 521.00 544.50 515.00 537.00 14335500
20080731 535.00 552.50 512.00 546.00 20701700
20080801 547.50 564.00 542.00 552.00 13068800
20080804 559.50 562.50 542.00 547.00 7829700
20080805 545.00 589.00 545.00 588.00 16481000
20080806 599.50 599.50 571.50 582.00 10904000
20080807 579.00 589.00 566.00 576.00 20337300
20080808 570.00 589.00 567.00 587.50 7059700
20080811 581.50 594.50 581.50 588.50 9383900
20080812 584.00 596.50 580.50 586.50 8746300
20080813 581.50 581.50 548.50 549.00 14650400
20080814 554.00 561.00 542.00 554.00 8448400
20080815 559.00 564.50 551.00 559.00 8939200
20080818 556.50 560.50 544.00 550.00 5548700
20080819 552.00 552.00 511.00 512.50 12791900
20080820 516.00 523.50 508.50 521.00 8055400
20080821 516.00 518.50 500.50 506.50 6057500
20080822 511.00 538.00 507.50 537.00 8687800
20080826 530.50 544.00 522.00 539.50 10167900
20080827 545.00 545.00 525.00 539.00 5678900
20080828 536.00 557.00 532.50 554.50 11565800
20080829 554.00 557.00 542.00 548.00 9722800
20080901 545.00 555.00 536.00 550.50 4492100
20080902 554.00 580.50 554.00 578.00 16522100
20080903 575.50 575.50 555.50 555.50 12190800
20080904 560.50 562.00 526.50 526.50 8203400
20080905 520.00 530.00 514.00 517.50 17940800
20080908 540.50 567.00 540.50 560.00 10129600
20080909 560.00 587.50 555.00 576.50 24473700
20080910 571.00 580.00 559.50 572.50 14644700
20080911 568.50 570.50 545.00 553.50 13451900
20080912 563.00 568.00 537.50 551.00 11755500
20080915 511.00 520.50 477.25 500.00 29176800
20080916 486.00 506.50 466.25 486.75 24631100
20080917 494.00 511.00 472.25 486.75 24102300
20080918 486.50 513.50 476.00 486.00 21331600
20080919 600.00 610.50 549.00 600.00 22854300
20080922 615.00 617.00 557.00 557.00 10063600
20080923 565.00 573.50 514.50 520.50 15111100
20080924 533.00 542.50 524.00 532.00 12369200
20080925 542.00 581.50 530.50 577.00 17897400
20080926 566.00 568.50 532.50 542.50 14369000
20080929 531.50 536.00 490.00 493.25 13236700
20080930 490.00 524.00 472.75 507.50 13206800
20081001 510.00 531.00 509.00 526.50 10430100
20081002 525.00 545.00 491.00 500.00 9241500
20081003 490.00 504.50 475.00 498.00 13146600
20081006 460.00 470.00 414.75 429.00 9995900
20081007 444.75 466.75 411.00 449.50 11447900
20081008 425.00 477.25 391.50 424.75 11295500
20081009 456.00 467.00 416.25 422.50 12124800
20081010 385.00 415.50 350.00 378.25 13092700
20081013 410.00 427.00 391.50 419.00 17618500
20081014 425.50 448.50 412.50 428.75 16770800
20081015 435.00 435.00 366.50 370.00 18236400
20081016 360.00 360.75 290.75 297.75 12937100
20081017 312.00 322.00 266.25 270.00 22719200
20081020 287.00 338.00 285.25 330.25 22824200
20081021 342.00 350.00 311.50 348.50 15923800
20081022 330.00 342.50 322.75 333.00 29552300
20081023 340.00 340.00 313.25 330.00 16542600
20081024 317.50 317.50 286.00 286.50 18796400
20081027 289.75 294.50 269.00 276.50 13903300
20081028 312.75 312.75 235.00 248.25 17611200
20081029 270.00 295.25 260.50 295.25 14912800
20081030 304.00 342.00 300.25 307.50 16267200
20081031 308.00 318.75 280.00 315.00 15302100
20081103 329.00 338.00 319.00 338.00 7885000
20081104 325.00 393.00 325.00 393.00 13260000
20081105 392.50 418.00 380.75 401.50 25846800
20081106 380.00 400.00 349.50 350.25 13078100
20081107 365.00 365.25 335.25 343.00 9099200
20081110 364.75 367.50 335.50 336.25 8297000
20081111 328.75 342.00 308.00 315.75 10799000
20081112 328.00 328.00 274.50 276.00 13495700
20081113 270.75 273.25 257.50 269.50 13837200
20081114 280.00 310.00 275.50 290.00 20170200
20081117 286.00 305.00 281.00 291.50 9160400
20081118 297.00 307.75 282.00 306.50 7534700
20081119 306.00 317.50 283.00 294.00 11878300
20081120 279.50 279.75 240.00 246.00 17176000
20081121 246.00 262.25 233.25 245.00 13419700
20081124 251.25 295.00 250.50 295.00 12881500
20081125 285.00 301.75 267.50 288.00 23348300
20081126 279.50 305.00 276.00 296.00 13511300
20081127 297.00 325.50 295.25 322.00 6378100
20081128 322.00 337.25 306.00 337.25 6907200
20081201 342.50 342.50 307.00 307.00 7371700
20081202 297.75 322.25 290.25 313.50 10215300
20081203 320.00 334.00 292.00 305.50 8456600
20081204 318.75 327.75 307.50 310.00 7551200
20081205 301.00 318.50 282.50 291.00 11441500
20081208 317.75 358.50 317.75 358.50 14554700
20081209 350.00 394.75 341.25 377.75 14232100
20081210 379.00 388.75 357.00 380.25 10217600
20081211 380.00 380.00 357.00 365.00 5924500
20081212 345.25 363.00 323.75 345.50 8779200
20081215 347.75 364.00 342.75 347.00 8405800
20081216 361.00 361.00 338.25 350.00 9410700
20081217 364.25 382.00 350.00 370.00 10118300
20081218 375.00 382.50 358.00 376.75 8341200
20081219 375.00 396.75 362.00 377.00 10271600
20081222 366.25 380.25 360.50 371.25 4931800
20081223 366.00 396.00 366.00 390.00 4800300
20081224 399.00 399.00 379.00 380.25 964800
20081229 389.25 398.75 370.00 398.75 2453600
20081230 401.75 404.75 382.75 399.75 3665100
20081231 415.00 416.50 396.00 416.50 2288300
20090102 410.50 428.50 406.25 420.00 1620200
20090105 434.00 434.00 402.50 412.75 3006100
20090106 413.75 431.00 405.00 429.00 7977200
20090107 429.00 429.25 411.50 419.75 8695200
20090108 414.25 414.25 379.50 388.25 7351400
20090109 388.00 402.00 378.50 382.50 6436100
20090112 377.00 396.50 375.50 392.00 5466800
20090113 389.75 390.00 363.25 371.00 8992700
20090114 382.50 382.50 325.00 334.00 9593600
20090115 330.25 347.75 323.50 347.75 8477500
20090116 363.25 365.00 335.75 335.75 15229800
20090119 349.00 351.50 302.75 316.50 12361600
20090120 310.25 324.50 287.25 293.50 20637600
20090121 288.50 316.25 278.50 311.00 21864300
20090122 315.50 330.25 299.25 306.50 12941400
20090123 302.00 304.75 265.25 288.50 25404000
20090126 284.75 328.00 283.00 318.25 15337700
20090127 313.00 325.00 302.50 312.50 10128900
20090128 317.00 356.75 317.00 355.25 11246400
20090129 350.00 351.75 337.50 346.25 16594500
20090130 350.25 354.75 331.00 333.50 13079500
20090202 329.00 330.00 308.25 316.25 8402800
20090203 321.00 336.25 308.00 334.00 8989500
20090204 335.00 368.25 335.00 359.50 13329500
20090205 343.50 363.00 336.25 352.00 16667900
20090206 352.75 369.50 351.00 354.00 14773000
20090209 343.50 377.75 342.25 374.25 14887700
20090210 372.00 373.50 356.50 356.50 9178000
20090211 355.00 358.00 340.50 348.50 11772300
20090212 338.00 347.00 321.50 328.00 12457200
20090213 336.75 340.00 308.75 320.75 14341700
