20071025 2765.00 2838.00 2765.00 2800.00 5766400
20071026 2784.00 2804.00 2758.00 2760.00 2090800
20071029 2769.00 2808.00 2748.00 2800.00 3049500
20071030 2799.00 2841.00 2773.00 2815.00 2052000
20071031 2828.00 2837.00 2767.00 2789.00 4401200
20071101 2763.00 2800.00 2739.00 2745.00 2016100
20071102 2739.00 2780.00 2737.00 2766.00 2264900
20071105 2767.00 2788.00 2734.00 2740.00 1526600
20071106 2776.00 2824.00 2748.00 2795.00 2417100
20071107 2801.00 2822.00 2732.00 2733.00 1994200
20071108 2736.00 2783.00 2706.00 2729.00 2573400
20071109 2754.00 2772.00 2717.00 2725.00 1862700
20071112 2738.00 2742.00 2684.00 2715.00 1252200
20071113 2705.00 2759.00 2693.00 2722.00 1847000
20071114 2729.00 2795.00 2708.00 2774.00 1288900
20071115 2763.00 2794.00 2751.00 2767.00 966300
20071116 2766.00 2814.00 2755.00 2787.00 2056900
20071119 2782.00 2822.00 2720.00 2730.00 1558000
20071120 2738.00 2750.00 2700.00 2733.00 2495000
20071121 2713.00 2732.00 2613.00 2660.00 2245700
20071122 2679.00 2700.00 2636.00 2686.00 1735100
20071123 2706.00 2740.00 2674.00 2734.00 1519100
20071126 2760.00 2790.00 2709.00 2759.00 2016100
20071127 2722.00 2750.00 2711.00 2730.00 1504400
20071128 2764.00 2822.00 2742.00 2820.00 1863600
20071129 2829.00 2852.00 2776.00 2840.00 1241900
20071130 2849.00 2916.00 2835.00 2890.00 2275500
20071203 2898.00 2933.00 2880.00 2895.00 1794000
20071204 2887.00 2903.00 2852.00 2887.00 1461100
20071205 2900.00 2965.00 2885.00 2962.00 2075000
20071206 2962.00 3000.00 2942.00 2965.00 2288200
20071207 2981.00 2981.00 2922.00 2924.00 1979300
20071210 2922.00 3003.00 2916.00 2983.00 2230300
20071211 2975.00 2997.00 2949.00 2972.00 1496200
20071212 2949.00 2999.00 2932.00 2957.00 2337500
20071213 2950.00 3022.00 2936.00 2975.00 2950100
20071214 3014.00 3014.00 2931.00 2944.00 1962900
20071217 2911.00 2980.00 2910.00 2958.00 1664600
20071218 2936.00 2963.00 2891.00 2900.00 3351000
20071219 2919.00 2959.00 2873.00 2930.00 1823600
20071220 2942.00 2962.00 2922.00 2943.00 2147000
20071221 2981.00 2982.00 2915.00 2929.00 3186600
20071224 2916.00 2934.00 2871.00 2902.00 266300
20071227 2873.00 2935.00 2867.00 2924.00 1189800
20071228 2903.00 2926.00 2874.00 2907.00 939100
20071231 2895.00 2970.00 2883.00 2914.00 271000
20080102 2917.00 2948.00 2873.00 2887.00 1029600
20080103 2900.00 2915.00 2859.00 2894.00 1934700
20080104 2876.00 2918.00 2835.00 2848.00 1821500
20080107 2840.00 2925.00 2818.00 2873.00 3591000
20080108 2875.00 2889.00 2824.00 2844.00 3134700
20080109 2834.00 2862.00 2798.00 2840.00 3559800
20080110 2858.00 2898.00 2730.00 2750.00 4454000
20080111 2748.00 2775.00 2640.00 2657.00 6859500
20080114 2629.00 2699.00 2588.00 2602.00 3898700
20080115 2606.00 2628.00 2545.00 2552.00 3437100
20080116 2560.00 2673.00 2550.00 2642.00 5530000
20080117 2641.00 2714.00 2640.00 2664.00 4681700
20080118 2650.00 2737.00 2619.00 2664.00 3710800
20080121 2629.00 2650.00 2491.00 2535.00 4075100
20080122 2515.00 2617.00 2459.00 2584.00 4003200
20080123 2635.00 2655.00 2435.00 2447.00 5350400
20080124 2520.00 2610.00 2485.00 2571.00 4908100
20080125 2620.00 2649.00 2556.00 2600.00 3371000
20080128 2565.00 2600.00 2515.00 2542.00 2585500
20080129 2561.00 2595.00 2543.00 2564.00 2045200
20080130 2563.00 2565.00 2525.00 2548.00 1778400
20080131 2556.00 2629.00 2521.00 2620.00 3566800
20080201 2650.00 2660.00 2609.00 2648.00 2786900
20080204 2660.00 2667.00 2586.00 2600.00 2373800
20080205 2617.00 2625.00 2514.00 2530.00 2249100
20080206 2519.00 2645.00 2518.00 2641.00 2950400
20080207 2649.00 2649.00 2596.00 2606.00 3068400
20080208 2625.00 2628.00 2595.00 2607.00 2292200
20080211 2608.00 2637.00 2595.00 2614.00 1897000
20080212 2634.00 2668.00 2602.00 2655.00 2431100
20080213 2605.00 2733.00 2502.00 2723.00 5436600
20080214 2745.00 2816.00 2726.00 2801.00 3372100
20080215 2790.00 2819.00 2764.00 2805.00 3245400
20080218 2820.00 2853.00 2793.00 2849.00 3133900
20080219 2828.00 2839.00 2755.00 2775.00 3394800
20080220 2775.00 2783.00 2734.00 2777.00 2185200
20080221 2786.00 2856.00 2786.00 2833.00 2356300
20080222 2816.00 2826.00 2753.00 2767.00 2228400
20080225 2807.00 2809.00 2742.00 2764.00 2393500
20080226 2774.00 2775.00 2732.00 2752.00 2516900
20080227 2720.00 2809.00 2685.00 2778.00 3710500
20080228 2783.00 2828.00 2772.00 2785.00 2598100
20080229 2770.00 2803.00 2712.00 2730.00 2651400
20080303 2681.00 2727.00 2680.00 2701.00 1461200
20080304 2714.00 2732.00 2641.00 2657.00 3200700
20080305 2661.00 2700.00 2645.00 2670.00 2222300
20080306 2672.00 2705.00 2643.00 2673.00 2468900
20080307 2644.00 2681.00 2612.00 2631.00 2006200
20080310 2619.00 2645.00 2602.00 2610.00 2073100
20080311 2611.00 2684.00 2611.00 2663.00 2720600
20080312 2663.00 2699.00 2655.00 2691.00 1861300
20080313 2665.00 2700.00 2641.00 2690.00 2437900
20080314 2685.00 2711.00 2636.00 2667.00 2042700
20080318 2637.00 2679.00 2595.00 2679.00 2441000
20080319 2708.00 2743.00 2679.00 2726.00 3712000
20080320 2716.00 2797.00 2699.00 2784.00 4177200
20080325 2820.00 2826.00 2746.00 2763.00 2601800
20080326 2760.00 2779.00 2735.00 2759.00 1663800
20080327 2746.00 2764.00 2711.00 2740.00 1447800
20080328 2743.00 2753.00 2708.00 2733.00 1581800
20080331 2716.00 2804.00 2685.00 2791.00 2523600
20080401 2789.00 2887.00 2789.00 2874.00 2408200
20080402 2873.00 2886.00 2811.00 2823.00 1831200
20080403 2840.00 2840.00 2784.00 2822.00 1533700
20080404 2823.00 2844.00 2800.00 2810.00 1729700
20080407 2812.00 2825.00 2778.00 2813.00 1727000
20080408 2810.00 2810.00 2774.00 2808.00 1428600
20080409 2809.00 2809.00 2753.00 2757.00 2256600
20080410 2773.00 2781.00 2708.00 2740.00 2269900
20080411 2758.00 2781.00 2699.00 2720.00 1978300
20080414 2711.00 2734.00 2697.00 2726.00 2343500
20080415 2728.00 2801.00 2705.00 2784.00 2488100
20080416 2762.00 2787.00 2730.00 2787.00 2101200
20080417 2800.00 2803.00 2749.00 2775.00 1242000
20080418 2799.00 2850.00 2775.00 2796.00 1695200
20080421 2781.00 2825.00 2765.00 2811.00 2114400
20080422 2802.00 2836.00 2782.00 2799.00 1783900
20080423 2798.00 2825.00 2698.00 2780.00 3020700
20080424 2789.00 2983.00 2741.00 2980.00 6293000
20080425 3007.00 3007.00 2885.00 2925.00 3604600
20080428 2926.00 2958.00 2895.00 2907.00 1907300
20080429 2876.00 2947.00 2876.00 2927.00 2024500
20080430 2905.00 2958.00 2905.00 2938.00 2347900
20080501 2945.00 2945.00 2900.00 2921.00 1450700
20080502 2922.00 2978.00 2919.00 2964.00 2315400
20080506 2964.00 2970.00 2918.00 2958.00 1949300
20080507 2969.00 2977.00 2942.00 2970.00 1527500
20080508 2959.00 3005.00 2938.00 3003.00 1725600
20080509 2992.00 3018.00 2961.00 3010.00 1889700
20080512 3008.00 3018.00 2988.00 2997.00 875300
20080513 3010.00 3045.00 2986.00 3006.00 2081800
20080514 3004.00 3012.00 2967.00 2982.00 2015200
20080515 2964.00 3011.00 2964.00 2986.00 1336600
20080516 3001.00 3001.00 2945.00 2958.00 2629000
20080519 2944.00 2999.00 2944.00 2999.00 1739800
20080520 2992.00 3016.00 2955.00 2955.00 2627500
20080521 2957.00 2987.00 2913.00 2920.00 1575100
20080522 2902.00 2941.00 2886.00 2906.00 1632200
20080523 2900.00 2958.00 2900.00 2923.00 1546200
20080527 2927.00 2946.00 2888.00 2900.00 1764000
20080528 2912.00 2964.00 2904.00 2932.00 1586500
20080529 2939.00 3000.00 2933.00 2971.00 1849700
20080530 2981.00 3009.00 2971.00 2974.00 2163800
20080602 2962.00 2970.00 2934.00 2948.00 1642300
20080603 2933.00 2983.00 2932.00 2968.00 1383700
20080604 2968.00 2979.00 2947.00 2960.00 1711200
20080605 2968.00 2985.00 2942.00 2952.00 1618900
20080606 2962.00 2976.00 2903.00 2911.00 1594900
20080610 2921.00 2928.00 2877.00 2886.00 2324800
20080611 2893.00 2912.00 2860.00 2885.00 2166200
20080612 2887.00 2902.00 2832.00 2855.00 2472300
20080613 2839.00 2839.00 2788.00 2811.00 2658300
20080616 2807.00 2831.00 2795.00 2805.00 2348700
20080617 2815.00 2877.00 2794.00 2831.00 1920500
20080618 2835.00 2863.00 2788.00 2810.00 3166500
20080619 2803.00 2817.00 2760.00 2777.00 3373000
20080620 2776.00 2817.00 2731.00 2740.00 3851400
20080623 2747.00 2764.00 2700.00 2710.00 2946200
20080624 2707.00 2728.00 2668.00 2685.00 3008800
20080625 2685.00 2705.00 2656.00 2696.00 1885300
20080626 2688.00 2703.00 2633.00 2637.00 1734300
20080627 2610.00 2636.00 2543.00 2566.00 3122200
20080630 2559.00 2566.00 2518.00 2545.00 3558800
20080701 2538.00 2618.00 2538.00 2597.00 3382000
20080702 2588.00 2708.00 2568.00 2573.00 4120200
20080703 2548.00 2622.00 2526.00 2604.00 1992100
20080704 2617.00 2617.00 2517.00 2532.00 1654000
20080707 2551.00 2574.00 2530.00 2568.00 1428900
20080708 2527.00 2642.00 2497.00 2629.00 2759200
20080709 2663.00 2670.00 2614.00 2649.00 2350500
20080710 2619.00 2622.00 2500.00 2520.00 2996600
20080711 2544.00 2547.00 2438.00 2467.00 3431700
20080714 2467.00 2515.00 2422.00 2430.00 2985100
20080715 2399.00 2420.00 2322.00 2401.00 5256500
20080716 2410.00 2465.00 2374.00 2454.00 2749900
20080717 2478.00 2555.00 2476.00 2488.00 4620900
20080718 2471.00 2473.00 2326.00 2420.00 5695300
20080721 2424.00 2467.00 2366.00 2464.00 2422500
20080722 2461.00 2494.00 2414.00 2484.00 2578000
20080723 2499.00 2511.00 2460.00 2467.00 2011500
20080724 2488.00 2513.00 2462.00 2490.00 2381600
20080725 2462.00 2561.00 2462.00 2536.00 3139900
20080728 2640.00 2640.00 2529.00 2604.00 3985500
20080729 2599.00 2711.00 2585.00 2683.00 3351400
20080730 2655.00 2743.00 2647.00 2740.00 2446700
20080731 2752.00 2782.00 2725.00 2762.00 4117800
20080801 2783.00 2792.00 2698.00 2720.00 2518300
20080804 2705.00 2748.00 2685.00 2707.00 2488700
20080805 2713.00 2805.00 2709.00 2792.00 2261100
20080806 2805.00 2810.00 2765.00 2793.00 2084000
20080807 2814.00 2823.00 2728.00 2740.00 2455400
20080808 2734.00 2812.00 2734.00 2792.00 1305500
20080811 2791.00 2818.00 2776.00 2809.00 1507900
20080812 2786.00 2825.00 2785.00 2816.00 1630500
20080813 2809.00 2878.00 2778.00 2808.00 2505700
20080814 2822.00 2822.00 2761.00 2773.00 1555800
20080815 2787.00 2815.00 2747.00 2771.00 1518300
20080818 2744.00 2780.00 2725.00 2743.00 1445700
20080819 2756.00 2756.00 2696.00 2696.00 1657800
20080820 2693.00 2716.00 2679.00 2698.00 1089800
20080821 2676.00 2704.00 2660.00 2663.00 571500
20080822 2683.00 2739.00 2658.00 2730.00 1412500
20080826 2706.00 2739.00 2678.00 2731.00 2007100
20080827 2717.00 2739.00 2703.00 2733.00 1204200
20080828 2733.00 2756.00 2687.00 2743.00 1333600
20080829 2758.00 2781.00 2731.00 2779.00 1292100
20080901 2763.00 2807.00 2741.00 2801.00 960700
20080902 2807.00 2880.00 2795.00 2869.00 1884700
20080903 2848.00 2877.00 2825.00 2830.00 2224000
20080904 2841.00 2877.00 2793.00 2809.00 1800800
20080905 2785.00 2814.00 2750.00 2757.00 3044600
20080908 2839.00 2839.00 2761.00 2824.00 984500
20080909 2835.00 2870.00 2813.00 2854.00 2720900
20080910 2864.00 2870.00 2799.00 2843.00 2347600
20080911 2849.00 2868.00 2808.00 2844.00 2019900
20080912 2862.00 2870.00 2822.00 2862.00 1737800
20080915 2851.00 2892.00 2796.00 2863.00 2916000
20080916 2828.00 2906.00 2813.00 2822.00 3636500
20080917 2780.00 2819.00 2731.00 2770.00 3748300
20080918 2762.00 2864.00 2733.00 2864.00 3562800
20080919 2765.00 2908.00 2750.00 2908.00 2881400
20080922 2855.00 2897.00 2766.00 2778.00 2231500
20080923 2767.00 2789.00 2697.00 2723.00 3248700
20080924 2722.00 2775.00 2678.00 2706.00 2407400
20080925 2707.00 2817.00 2706.00 2804.00 2239100
20080926 2758.00 2817.00 2733.00 2794.00 1440000
20080929 2767.00 2790.00 2728.00 2728.00 1250400
20080930 2678.00 2739.00 2634.00 2711.00 3666700
20081001 2756.00 2785.00 2700.00 2784.00 2111000
20081002 2805.00 2836.00 2747.00 2772.00 1734500
20081003 2798.00 2812.00 2668.00 2699.00 2045400
20081006 2705.00 2705.00 2546.00 2570.00 1974900
20081007 2577.00 2707.00 2577.00 2691.00 1491600
20081008 2614.00 2693.00 2524.00 2586.00 2768600
20081009 2603.00 2629.00 2452.00 2467.00 2524300
20081010 2205.00 2440.00 2097.00 2314.00 4456900
20081013 2337.00 2569.00 2221.00 2546.00 5535200
20081014 2595.00 2698.00 2486.00 2521.00 2449900
20081015 2498.00 2529.00 2398.00 2420.00 3484600
20081016 2260.00 2421.00 2260.00 2345.00 1803400
20081017 2397.00 2526.00 2360.00 2496.00 4083500
20081020 2546.00 2599.00 2475.00 2599.00 3351300
20081021 2639.00 2639.00 2526.00 2579.00 2525400
20081022 2527.00 2579.00 2412.00 2429.00 3262000
20081023 2452.00 2589.00 2425.00 2557.00 4182400
20081024 2435.00 2598.00 2341.00 2598.00 4143500
20081027 2520.00 2770.00 2470.00 2577.00 5642400
20081028 2551.00 2620.00 2489.00 2552.00 5092000
20081029 2545.00 2639.00 2497.00 2545.00 3795100
20081030 2463.00 2551.00 2435.00 2482.00 4365800
20081031 2445.00 2616.00 2412.00 2610.00 3362600
20081103 2680.00 2736.00 2585.00 2722.00 2740800
20081104 2724.00 2750.00 2658.00 2743.00 2606000
20081105 2745.00 2755.00 2647.00 2665.00 2787000
20081106 2587.00 2770.00 2587.00 2643.00 2578500
20081107 2668.00 2774.00 2625.00 2751.00 2538800
20081110 2844.00 2861.00 2743.00 2748.00 1815000
20081111 2743.00 2754.00 2679.00 2696.00 1799800
20081112 2721.00 2740.00 2643.00 2670.00 2213800
20081113 2610.00 2719.00 2570.00 2694.00 2937600
20081114 2749.00 2749.00 2610.00 2631.00 2504000
20081117 2608.00 2706.00 2602.00 2667.00 2373700
20081118 2648.00 2717.00 2620.00 2686.00 2350600
20081119 2690.00 2793.00 2689.00 2700.00 2703800
20081120 2630.00 2690.00 2588.00 2628.00 2573600
20081121 2620.00 2658.00 2496.00 2517.00 2958800
20081124 2566.00 2781.00 2535.00 2781.00 3415300
20081125 2722.00 2855.00 2722.00 2799.00 3552700
20081126 2744.00 2780.00 2669.00 2737.00 2689900
20081127 2754.00 2767.00 2665.00 2681.00 1460600
20081128 2681.00 2766.00 2652.00 2761.00 1900400
20081201 2740.00 2776.00 2613.00 2614.00 1984400
20081202 2600.00 2696.00 2573.00 2684.00 2251400
20081203 2680.00 2800.00 2653.00 2789.00 2374700
20081204 2799.00 2835.00 2700.00 2784.00 3130200
20081205 2790.00 2819.00 2734.00 2775.00 1838400
20081208 2876.00 2898.00 2763.00 2780.00 3465000
20081209 2744.00 2783.00 2615.00 2615.00 4468000
20081210 2634.00 2640.00 2472.00 2516.00 4773500
20081211 2534.00 2617.00 2478.00 2512.00 3190900
20081212 2435.00 2499.00 2390.00 2446.00 4365800
20081215 2493.00 2500.00 2434.00 2454.00 2376900
20081216 2427.00 2533.00 2418.00 2532.00 2455300
20081217 2588.00 2599.00 2459.00 2510.00 2967900
20081218 2495.00 2630.00 2451.00 2608.00 3033500
20081219 2564.00 2611.00 2520.00 2549.00 4136500
20081222 2521.00 2570.00 2506.00 2530.00 1273300
20081223 2507.00 2581.00 2506.00 2535.00 1191700
20081224 2525.00 2560.00 2485.00 2507.00 345000
20081229 2541.00 2585.00 2512.00 2553.00 1061000
20081230 2589.00 2600.00 2515.00 2564.00 857400
20081231 2595.00 2595.00 2506.00 2578.00 520300
20090102 2590.00 2622.00 2577.00 2609.00 581800
20090105 2674.00 2688.00 2628.00 2678.00 1739500
20090106 2690.00 2772.00 2682.00 2725.00 2276900
20090107 2732.00 2744.00 2659.00 2680.00 2412500
20090108 2675.00 2782.00 2675.00 2760.00 2726200
20090109 2759.00 2784.00 2689.00 2703.00 2014600
20090112 2709.00 2737.00 2681.00 2725.00 1807300
20090113 2725.00 2788.00 2694.00 2756.00 3252100
20090114 2785.00 2785.00 2620.00 2652.00 3302200
20090115 2662.00 2723.00 2613.00 2706.00 3259900
20090116 2757.00 2776.00 2706.00 2707.00 1773900
20090119 2745.00 2782.00 2666.00 2717.00 1593800
20090120 2723.00 2799.00 2707.00 2783.00 3419600
20090121 2753.00 2830.00 2707.00 2735.00 3451200
20090122 2755.00 2800.00 2684.00 2730.00 2740400
20090123 2710.00 2762.00 2675.00 2742.00 2870000
20090126 2715.00 2793.00 2715.00 2760.00 2273600
20090127 2744.00 2802.00 2701.00 2791.00 2820300
20090128 2801.00 2805.00 2713.00 2733.00 2874800
20090129 2740.00 2764.00 2692.00 2706.00 2123000
20090130 2707.00 2720.00 2616.00 2675.00 3470500
20090202 2671.00 2683.00 2624.00 2672.00 2636300
20090203 2673.00 2757.00 2669.00 2750.00 2088000
20090204 2751.00 2798.00 2733.00 2775.00 2567400
20090205 2742.00 2775.00 2550.00 2638.00 5473800
20090206 2664.00 2723.00 2639.00 2694.00 3521200
20090209 2708.00 2735.00 2670.00 2705.00 2895200
20090210 2675.00 2716.00 2606.00 2622.00 3447500
20090211 2700.00 2849.00 2670.00 2820.00 5983800
20090212 2794.00 2815.00 2704.00 2770.00 4204100
20090213 2792.00 2843.00 2750.00 2808.00 2707500
