20050715 1669.94 1669.94 1649.07 1665.40 365148
20050718 1659.05 1674.48 1649.07 1660.41 905378
20050719 1664.49 1669.03 1647.25 1655.87 2825769
20050720 1640.90 1647.25 1574.64 1603.23 52262404
20050721 1619.57 1619.57 1576.46 1590.98 16046370
20050722 1586.44 1591.89 1561.03 1586.44 13605252
20050725 1600.96 1611.85 1590.98 1594.61 17346978
20050726 1588.26 1599.15 1575.55 1584.63 8186091
20050727 1586.44 1588.26 1567.38 1573.74 13646681
20050728 1558.31 1563.75 1543.79 1550.14 19588664
20050729 1560.12 1600.96 1558.31 1585.54 17722374
20050801 1584.63 1615.49 1584.63 1612.76 9491437
20050802 1618.21 1640.90 1616.39 1631.82 13095763
20050803 1633.55 1650.95 1621.65 1648.20 8144325
20050804 1640.88 1641.79 1629.89 1639.05 10413488
20050805 1633.55 1639.96 1628.06 1634.47 7694380
20050808 1643.62 1648.20 1635.38 1644.54 3968904
20050809 1646.37 1686.66 1646.37 1683.00 12725788
20050810 1701.31 1710.47 1681.17 1706.81 11999433
20050811 1719.63 1734.28 1707.72 1715.96 9892993
20050812 1716.88 1716.88 1696.73 1701.31 6853901
20050815 1697.65 1704.06 1691.24 1698.56 7012037
20050816 1694.90 1694.90 1667.43 1669.26 4678113
20050817 1664.68 1667.43 1650.03 1657.36 12922257
20050818 1639.96 1651.87 1615.24 1615.24 11974206
20050819 1624.40 1641.79 1615.24 1637.21 3904689
20050822 1648.20 1648.20 1634.47 1639.05 2798284
20050823 1633.55 1633.55 1622.56 1623.48 8846108
20050824 1618.90 1630.81 1609.74 1616.15 4714589
20050825 1619.82 1628.06 1613.41 1613.41 7906575
20050826 1617.07 1634.47 1609.74 1615.24 2626824
20050829 1615.24 1615.24 1615.24 1615.24 0
20050830 1607.91 1628.97 1606.08 1627.14 5163114
20050831 1634.47 1662.85 1628.97 1657.36 8963508
20050901 1657.36 1679.34 1657.36 1669.26 5500136
20050902 1672.01 1672.93 1652.78 1654.61 6555649
20050905 1643.62 1662.85 1636.30 1660.11 4923508
20050906 1655.53 1661.94 1645.46 1651.87 4760785
20050907 1657.36 1657.36 1620.73 1626.23 4270870
20050908 1624.40 1624.40 1600.59 1604.25 7100497
20050909 1605.17 1619.82 1605.17 1616.15 4925255
20050912 1616.15 1619.82 1607.91 1612.49 5027803
20050913 1612.49 1614.32 1589.60 1601.50 11230596
20050914 1593.26 1606.08 1592.35 1605.17 10886257
20050915 1615.24 1662.85 1610.66 1650.95 12369218
20050916 1647.29 1670.18 1647.29 1664.68 16702993
20050919 1655.53 1689.41 1650.03 1684.83 5040581
20050920 1689.41 1704.97 1677.50 1683.00 7173886
20050921 1672.01 1699.48 1672.01 1681.17 9832382
20050922 1682.08 1706.81 1672.93 1696.73 7507631
20050923 1690.32 1696.73 1670.18 1676.59 4604615
20050926 1669.26 1678.42 1656.44 1675.67 9175485
20050927 1696.73 1707.72 1679.34 1679.34 10052440
20050928 1686.66 1703.14 1684.83 1702.23 8005956
20050929 1706.81 1716.88 1703.14 1714.13 6031769
20050930 1716.88 1722.37 1704.97 1716.88 8156229
20051003 1719.63 1722.37 1706.81 1716.88 4688379
20051004 1711.38 1713.22 1673.84 1679.34 6591470
20051005 1656.44 1667.43 1654.61 1656.44 9513380
20051006 1636.30 1639.96 1622.56 1631.72 10168530
20051007 1625.31 1651.87 1625.31 1639.05 6319647
20051010 1648.20 1652.78 1629.89 1632.64 6314295
20051011 1634.47 1642.71 1624.40 1631.72 7059325
20051012 1637.21 1637.21 1611.58 1611.58 6021176
20051013 1612.49 1616.15 1578.61 1587.77 7785461
20051014 1588.68 1594.18 1563.05 1575.87 6660600
20051017 1615.24 1615.24 1588.68 1590.52 6363658
20051018 1603.34 1610.66 1568.54 1578.61 5459401
20051019 1546.56 1564.88 1535.58 1541.07 7284516
20051020 1558.47 1562.13 1520.92 1532.83 10094049
20051021 1508.11 1521.84 1495.29 1505.36 8730673
20051024 1505.36 1533.74 1500.78 1529.17 12431140
20051025 1535.58 1535.58 1511.77 1520.92 10556771
20051026 1531.00 1562.13 1531.00 1548.40 12154620
20051027 1561.21 1579.53 1551.14 1556.64 18084060
20051028 1550.23 1582.27 1550.23 1569.46 17310200
20051031 1584.11 1608.83 1575.87 1603.34 8114948
20051101 1599.67 1599.67 1579.53 1593.26 11788986
20051102 1604.02 1613.26 1577.22 1604.94 3414384
20051103 1609.56 1628.97 1604.02 1623.42 8235302
20051104 1628.97 1640.98 1619.73 1621.57 5253723
20051107 1619.73 1629.89 1598.47 1616.95 6321178
20051108 1613.26 1623.42 1602.17 1623.42 5426130
20051109 1624.35 1632.66 1615.11 1620.65 11640703
20051110 1623.42 1628.97 1589.23 1593.85 11375328
20051111 1607.71 1607.71 1577.22 1590.16 5747568
20051114 1589.23 1616.95 1586.46 1604.02 3743722
20051115 1609.56 1627.12 1606.79 1621.57 10581365
20051116 1616.95 1634.51 1598.47 1633.58 10785376
20051117 1634.51 1665.00 1633.58 1652.06 6088703
20051118 1654.84 1678.86 1654.84 1676.09 10702581
20051121 1688.10 1701.96 1680.71 1687.18 8589966
20051122 1696.42 1709.35 1687.18 1708.43 6005909
20051123 1711.20 1716.74 1692.72 1705.65 5009776
20051124 1709.35 1709.35 1683.48 1689.95 3340464
20051125 1689.95 1699.19 1688.10 1694.57 4082260
20051128 1702.88 1705.65 1669.62 1669.62 3881172
20051129 1665.00 1689.02 1650.22 1672.39 11020231
20051130 1671.47 1671.47 1641.90 1650.22 15344706
20051201 1651.14 1666.85 1650.22 1658.53 10867629
20051202 1671.47 1679.78 1664.08 1678.86 8428706
20051205 1681.63 1686.25 1671.47 1684.40 6379404
20051206 1681.63 1693.64 1674.24 1687.18 8537908
20051207 1688.10 1695.49 1661.30 1668.70 7084728
20051208 1659.46 1695.49 1656.68 1695.49 6678006
20051209 1692.72 1695.49 1662.23 1671.47 8215821
20051212 1667.77 1675.16 1652.06 1653.91 4250014
20051213 1660.38 1675.16 1660.38 1665.92 5049279
20051214 1664.08 1675.16 1651.14 1657.61 4607925
20051215 1659.46 1659.46 1628.97 1631.74 8140710
20051216 1634.51 1652.06 1628.04 1632.66 12533478
20051219 1622.50 1631.74 1609.56 1626.19 2675401
20051220 1623.42 1631.74 1611.41 1615.11 6350616
20051221 1616.03 1640.05 1616.03 1636.36 5503946
20051222 1635.43 1649.29 1634.51 1647.44 2014993
20051223 1646.52 1649.29 1638.20 1639.13 874592
20051226 1639.13 1639.13 1639.13 1639.13 0
20051227 1639.13 1639.13 1639.13 1639.13 0
20051228 1631.74 1644.67 1620.65 1644.67 1777107
20051229 1641.90 1654.84 1635.43 1639.13 1301336
20051230 1638.20 1644.67 1624.35 1636.36 650884
20060102 1636.36 1636.36 1636.36 1636.36 0
20060103 1649.29 1689.95 1649.29 1688.10 5970518
20060104 1694.57 1703.81 1689.95 1689.95 3748809
20060105 1695.49 1710.27 1687.18 1689.95 5793024
20060106 1687.18 1709.35 1687.18 1707.50 6559063
20060109 1702.88 1724.13 1696.42 1701.04 6392283
20060110 1695.49 1703.81 1688.10 1696.42 5236947
20060111 1696.42 1710.27 1694.57 1706.58 4073061
20060112 1711.20 1716.74 1703.81 1710.27 8361929
20060113 1696.42 1701.04 1685.33 1693.64 4080528
20060116 1692.72 1719.51 1692.72 1714.89 2829627
20060117 1710.27 1719.51 1700.11 1707.50 7821329
20060118 1707.50 1713.97 1701.04 1707.50 7470561
20060119 1703.81 1707.50 1689.95 1689.95 5767698
20060120 1699.19 1716.74 1694.57 1695.49 5436845
20060123 1689.95 1706.58 1689.95 1701.04 3338624
20060124 1701.04 1709.35 1689.02 1690.87 4527728
20060125 1697.34 1701.96 1683.48 1701.04 6327347
20060126 1688.10 1701.96 1685.33 1695.49 8870494
20060127 1706.58 1739.84 1702.88 1731.53 13636756
20060130 1727.83 1774.03 1727.83 1761.09 25132866
20060131 1769.41 1797.13 1763.87 1767.56 9221478
20060201 1763.87 1778.65 1757.40 1765.71 10503874
20060202 1745.39 1745.39 1718.59 1724.13 10928886
20060203 1719.51 1723.21 1696.42 1709.35 7139058
20060206 1712.12 1721.36 1706.58 1716.74 6047685
20060207 1711.20 1717.67 1689.95 1692.72 8135516
20060208 1668.70 1670.54 1653.91 1661.30 6077448
20060209 1670.54 1681.63 1667.77 1678.86 5861640
20060210 1665.92 1675.16 1653.91 1653.91 12743224
20060213 1655.76 1666.85 1650.22 1665.92 5975821
20060214 1666.85 1670.54 1650.22 1652.06 19114620
20060215 1656.68 1671.47 1643.75 1656.68 16358263
20060216 1654.84 1658.53 1648.37 1653.91 5374505
20060217 1654.84 1671.47 1651.14 1658.53 7306487
20060220 1658.53 1674.24 1658.53 1669.62 1797887
20060221 1671.47 1677.94 1653.91 1657.61 4130855
20060222 1655.76 1661.30 1631.74 1634.51 5095276
20060223 1635.43 1635.43 1610.49 1614.18 4454998
20060224 1615.11 1628.04 1612.33 1616.95 6987214
20060227 1618.80 1634.51 1614.18 1620.65 4323068
20060228 1615.11 1617.88 1586.46 1586.46 17119540
20060301 1593.85 1635.43 1593.85 1635.43 9276133
20060302 1640.98 1647.44 1618.80 1624.35 7267633
20060303 1636.36 1650.22 1618.80 1635.43 4772323
20060306 1642.82 1648.37 1618.80 1624.35 10342830
20060307 1619.73 1628.04 1611.41 1616.95 6105803
20060308 1616.95 1631.74 1604.94 1625.27 8779582
20060309 1629.89 1634.51 1616.03 1626.19 4824814
20060310 1626.19 1644.67 1613.26 1643.75 4769726
20060313 1652.06 1655.76 1636.36 1648.37 6738397
20060314 1652.06 1656.68 1636.36 1639.13 5230237
20060315 1648.37 1651.14 1636.36 1642.82 6636446
20060316 1642.82 1646.52 1636.36 1641.90 6070954
20060317 1654.84 1655.76 1628.97 1628.97 14020101
20060320 1630.81 1637.28 1614.18 1616.95 6740670
20060321 1607.71 1609.56 1593.85 1606.79 6967300
20060322 1600.32 1617.88 1595.70 1615.11 4252936
20060323 1611.41 1615.11 1596.63 1604.94 6201694
20060324 1605.87 1641.90 1602.17 1634.51 7507251
20060327 1636.36 1648.37 1623.42 1626.19 9572462
20060328 1625.27 1648.37 1625.27 1634.51 9482308
20060329 1638.20 1663.15 1632.66 1658.53 12307064
20060330 1661.30 1687.18 1661.30 1677.94 6023658
20060331 1672.39 1688.10 1655.76 1661.30 9392911
20060403 1662.23 1689.02 1659.46 1683.48 7167630
20060404 1673.32 1684.40 1666.85 1672.39 5884152
20060405 1677.94 1697.34 1664.08 1696.42 7343610
20060406 1701.04 1720.44 1693.64 1698.26 12377846
20060407 1701.96 1729.68 1697.34 1703.81 11292208
20060410 1701.04 1738.92 1699.19 1737.07 14823154
20060411 1745.39 1768.49 1743.54 1750.93 23726008
20060412 1739.84 1754.63 1734.30 1734.30 13449630
20060413 1729.68 1740.77 1720.44 1735.22 5222769
20060414 1735.22 1735.22 1735.22 1735.22 0
20060417 1735.22 1735.22 1735.22 1735.22 0
20060418 1737.07 1776.80 1735.22 1760.17 14203548
20060419 1780.50 1783.27 1747.23 1758.32 7371208
20060420 1768.49 1768.49 1751.85 1760.17 16217567
20060421 1756.47 1798.05 1751.85 1796.20 16814120
20060424 1800.82 1823.92 1800.82 1809.14 19809228
20060425 1800.82 1821.15 1799.90 1800.82 13133387
20060426 1803.60 1818.38 1802.67 1807.29 10177349
20060427 1798.05 1798.05 1755.55 1765.71 10981160
20060428 1762.02 1762.02 1733.37 1733.37 10488073
20060501 1733.37 1733.37 1733.37 1733.37 0
20060502 1732.45 1755.55 1732.45 1755.55 7570023
20060503 1762.02 1762.02 1715.82 1718.59 16089208
20060504 1724.13 1742.61 1713.05 1725.98 13201787
20060505 1722.29 1731.53 1709.35 1730.60 8112355
20060508 1728.75 1739.84 1703.81 1708.43 8427840
20060509 1715.82 1722.29 1707.50 1721.36 7610609
20060510 1722.42 1734.54 1713.09 1714.02 6313455
20060511 1720.55 1736.40 1718.69 1718.69 7233943
20060512 1714.02 1716.82 1674.86 1674.86 11370674
20060515 1664.60 1674.86 1645.44 1660.87 8554090
20060516 1659.94 1678.59 1654.81 1661.80 7156199
20060517 1664.60 1668.13 1599.32 1599.32 8336514
20060518 1607.71 1621.49 1596.81 1610.51 8385734
20060519 1611.44 1630.09 1607.71 1612.38 8057279
20060522 1618.90 1612.62 1583.47 1591.86 9098727
20060523 1596.52 1651.54 1596.52 1645.01 10894988
20060524 1629.16 1631.32 1607.15 1611.44 8384876
20060525 1609.58 1652.48 1601.19 1650.61 6685553
20060526 1664.60 1669.26 1638.89 1669.26 5729570
20060529 1669.26 1669.26 1669.26 1669.26 0
20060530 1668.33 1670.19 1634.02 1636.62 10427881
20060531 1631.03 1655.27 1623.57 1637.55 13367140
20060601 1642.22 1645.01 1617.76 1645.01 14325267
20060602 1656.21 1656.21 1630.09 1636.62 5446368
20060605 1641.28 1665.53 1636.62 1651.54 4643407
20060606 1634.76 1642.76 1615.50 1619.84 8496077
20060607 1619.84 1634.33 1618.60 1618.90 6271634
20060608 1597.45 1618.90 1569.48 1569.48 15677584
20060609 1594.66 1608.87 1569.48 1603.98 13267413
20060612 1603.98 1611.44 1589.06 1595.59 7969562
20060613 1575.07 1586.85 1565.07 1579.74 8386592
20060614 1574.14 1585.33 1558.29 1558.29 7326164
20060615 1564.82 1601.18 1571.34 1590.93 9490771
20060616 1609.58 1612.45 1585.33 1587.20 14632061
20060619 1596.52 1602.28 1583.47 1583.47 4932400
20060620 1575.07 1595.59 1565.59 1595.59 5757987
20060621 1594.66 1601.18 1572.28 1597.45 7381925
20060622 1613.31 1617.76 1608.65 1612.38 6201182
20060623 1618.90 1641.50 1618.90 1634.76 7460849
20060626 1636.62 1638.44 1615.72 1620.77 3888271
20060627 1634.76 1645.95 1623.57 1628.23 5702655
20060628 1626.36 1661.08 1624.50 1652.48 5368731
20060629 1664.60 1688.84 1659.94 1688.84 6374899
20060630 1700.97 1713.09 1690.71 1697.24 7065480
20060703 1701.90 1722.42 1700.97 1721.48 4371356
20060704 1715.89 1718.69 1701.90 1713.09 2976790
20060705 1705.63 1712.16 1697.24 1704.70 5415163
20060706 1711.23 1728.94 1706.56 1714.96 6761260
20060707 1714.96 1734.54 1708.43 1727.08 5259246
20060710 1721.48 1736.40 1706.56 1733.61 6947524
20060711 1724.28 1738.27 1721.48 1728.94 3730639
20060712 1739.20 1739.20 1724.28 1729.88 6395488
20060713 1728.94 1732.67 1706.56 1710.29 5198660
20060714 1709.36 1725.21 1707.50 1707.50 5557032
20060717 1711.23 1715.89 1694.44 1711.23 5928702
20060718 1701.90 1702.83 1686.05 1692.57 7746946
20060719 1694.44 1704.70 1680.45 1699.10 9980826
20060720 1705.63 1705.63 1679.52 1692.57 11269017
20060721 1690.71 1693.51 1682.32 1686.05 5801309
20060724 1686.05 1718.69 1682.32 1714.96 10706044
20060725 1715.89 1728.94 1713.09 1719.62 15677262
20060726 1717.75 1750.39 1717.75 1745.73 18784234
20060727 1769.98 1797.95 1767.18 1781.17 15170907
20060728 1774.64 1790.49 1759.72 1785.83 5832943
20060731 1783.96 1789.56 1761.58 1761.58 9111273
20060801 1768.11 1780.23 1757.85 1761.58 5442400
20060802 1784.26 1794.66 1777.65 1794.66 6098478
20060804 1761.58 1771.03 1743.63 1764.42 6696961
20060807 1746.46 1772.92 1746.46 1764.42 4217742
20060808 1771.98 1779.54 1754.97 1758.75 15469040
20060809 1762.53 1786.15 1748.35 1782.37 7942920
20060810 1774.81 1774.81 1747.41 1761.58 9510765
20060811 1761.58 1772.92 1748.35 1756.86 6579191
20060814 1761.58 1769.14 1748.35 1756.86 3713115
20060815 1751.19 1771.98 1740.79 1768.20 4816966
20060816 1770.09 1772.92 1754.02 1765.36 5467087
20060817 1757.80 1760.64 1743.63 1750.24 5105520
20060818 1753.08 1788.04 1753.08 1779.54 6727224
20060821 1788.99 1806.00 1788.99 1801.28 8488285
20060822 1802.22 1806.00 1774.81 1785.21 7491941
20060823 1787.10 1797.50 1770.09 1772.92 8473260
20060824 1774.81 1787.10 1756.86 1773.87 5997532
20060825 1778.59 1784.26 1758.75 1771.03 3860514
20060829 1761.58 1774.81 1739.85 1741.74 6851556
20060830 1742.68 1748.35 1732.29 1738.90 11065594
20060831 1742.68 1749.30 1712.44 1720.00 18095764
20060901 1717.17 1731.34 1708.66 1720.00 6015732
20060904 1714.33 1734.18 1712.44 1734.18 4504074
20060905 1731.34 1738.90 1720.95 1730.40 4667239
20060906 1733.23 1739.85 1717.17 1718.11 4348422
20060907 1714.33 1714.33 1692.59 1694.48 9467487
20060908 1701.10 1704.88 1689.76 1697.32 3756499
20060911 1687.87 1687.87 1661.41 1672.75 5776381
20060912 1668.97 1672.75 1645.34 1665.19 8203540
20060913 1660.46 1665.19 1643.45 1655.74 8074341
20060914 1658.57 1670.86 1641.56 1641.56 5965893
20060915 1639.67 1645.34 1629.28 1633.06 11105804
20060918 1632.11 1651.96 1628.33 1644.40 4816860
20060919 1649.12 1657.63 1627.39 1627.39 6840022
20060920 1621.72 1638.73 1616.04 1628.33 5653636
20060921 1624.55 1638.73 1616.99 1638.73 4163988
20060922 1631.17 1646.29 1615.10 1616.04 5694163
20060925 1619.82 1621.72 1592.42 1599.03 17605000
20060926 1611.32 1621.72 1599.98 1611.32 5540098
20060927 1619.82 1649.12 1619.82 1642.51 7887050
20060928 1651.96 1670.86 1651.96 1666.13 4642690
20060929 1670.86 1675.58 1658.57 1665.19 7667698
20061002 1671.80 1674.64 1652.90 1654.79 4612110
20061003 1645.34 1648.18 1620.77 1634.00 9417860
20061004 1630.22 1636.84 1609.43 1618.88 11697621
20061005 1629.28 1639.67 1619.82 1632.11 14184353
20061006 1635.89 1636.84 1618.88 1625.50 4238270
20061009 1626.44 1647.23 1626.44 1636.84 5749821
20061011 1652.90 1656.68 1642.51 1650.07 6483006
20061012 1652.90 1660.46 1646.29 1659.52 5386880
20061013 1660.46 1670.86 1654.79 1664.24 7803986
20061016 1665.19 1686.92 1665.19 1682.20 4476774
20061017 1686.92 1702.04 1682.20 1685.03 6285663
20061018 1688.81 1697.32 1671.80 1675.58 10635038
20061019 1666.13 1685.98 1661.41 1673.69 4308213
20061020 1684.09 1693.54 1667.08 1668.97 5351961
20061023 1671.80 1671.80 1651.96 1666.13 11369386
20061024 1669.91 1681.25 1667.08 1676.53 5121498
20061025 1673.69 1695.43 1672.75 1690.70 4122192
20061026 1734.18 1754.97 1730.40 1731.34 17529660
20061027 1735.12 1743.63 1717.17 1727.56 7432580
20061030 1719.06 1724.73 1711.50 1720.00 5394075
20061031 1714.33 1733.23 1712.44 1718.11 8227983
20061101 1727.69 1738.23 1721.94 1724.82 4690406
20061102 1721.94 1723.86 1703.74 1718.11 7345816
20061103 1718.11 1755.48 1718.11 1738.23 9898642
20061106 1745.90 1763.15 1743.02 1761.23 3652975
20061107 1762.19 1771.77 1758.36 1771.77 5307689
20061108 1768.90 1785.19 1760.27 1780.40 8984250
20061109 1778.48 1793.81 1778.48 1790.94 6648595
20061110 1791.89 1800.52 1790.94 1795.73 6206844
20061113 1791.89 1801.48 1780.40 1785.19 4473653
20061114 1785.19 1801.48 1784.23 1790.94 5018406
20061115 1803.39 1808.18 1787.10 1801.48 5848789
20061116 1800.52 1807.23 1794.77 1800.52 3561140
20061117 1784.23 1789.02 1766.02 1768.90 4227366
20061120 1764.11 1766.02 1747.82 1759.31 6206218
20061121 1757.40 1775.60 1755.48 1759.31 6283548
20061122 1766.98 1777.52 1744.94 1751.65 9069094
20061123 1753.57 1755.48 1735.36 1739.19 6856687
20061124 1736.32 1744.94 1723.86 1741.11 6354303
20061127 1745.90 1751.65 1732.48 1732.48 6596207
20061128 1734.40 1742.07 1719.07 1731.53 6986509
20061129 1736.32 1741.11 1712.36 1732.48 9171470
20061130 1738.23 1750.69 1717.15 1724.82 15570961
20061201 1726.73 1728.65 1694.16 1707.57 11208554
20061204 1716.19 1719.07 1694.16 1701.82 10322652
20061205 1710.44 1738.23 1705.65 1728.65 7906328
20061206 1736.32 1741.11 1720.99 1731.53 8148544
20061207 1722.90 1735.36 1718.11 1733.44 8668147
20061208 1733.44 1743.02 1726.73 1741.11 6294714
20061211 1742.07 1742.07 1720.99 1730.57 5451078
20061212 1724.82 1726.73 1702.78 1712.36 11990619
20061213 1713.32 1728.65 1706.61 1726.73 7396639
20061214 1725.78 1743.98 1725.78 1736.32 6462106
20061215 1736.32 1751.65 1734.40 1745.90 13968844
20061218 1739.19 1749.73 1731.53 1733.44 5680563
20061219 1727.69 1740.15 1711.40 1728.65 4934919
20061220 1733.44 1742.07 1714.28 1716.19 6066795
20061221 1712.36 1721.94 1697.03 1715.24 7198357
20061222 1717.15 1718.11 1710.44 1714.28 1062477
20061227 1713.32 1727.69 1707.57 1727.69 2026022
20061228 1728.65 1731.53 1714.28 1717.15 2020804
20061229 1718.11 1721.94 1702.78 1710.44 1990540
20070102 1723.86 1737.28 1723.86 1737.28 3091629
20070103 1737.28 1741.11 1724.82 1731.53 4906847
20070104 1719.07 1720.99 1694.16 1697.03 5780539
20070105 1686.49 1692.24 1656.78 1656.78 22300956
20070108 1668.28 1671.16 1642.41 1642.41 5860373
20070109 1643.37 1643.37 1628.04 1629.95 8595200
20070110 1619.41 1646.24 1619.41 1633.79 7628420
20070111 1630.91 1653.91 1617.50 1650.08 10016046
20070112 1642.41 1661.58 1623.25 1642.41 11026865
20070115 1652.95 1669.24 1651.03 1662.53 4339239
20070116 1665.41 1666.37 1643.37 1649.12 6512303
20070117 1652.95 1652.95 1626.12 1644.33 7248658
20070118 1647.20 1665.41 1643.37 1644.33 5987065
20070119 1643.37 1656.78 1638.58 1656.78 5138836
20070122 1660.62 1673.07 1643.37 1646.24 7089302
20070123 1647.20 1656.78 1634.74 1656.78 5616069
20070124 1671.16 1680.74 1665.41 1674.03 9869526
20070125 1675.95 1686.49 1650.08 1651.03 9103845
20070126 1648.16 1665.41 1638.58 1650.08 8777828
20070129 1650.08 1663.49 1646.24 1650.08 5407665
20070130 1645.29 1659.66 1635.70 1651.03 5112329
20070131 1659.66 1665.41 1636.66 1642.41 8358097
20070201 1676.91 1686.49 1670.20 1673.07 15345754
20070202 1671.16 1677.86 1640.49 1648.16 13946720
20070205 1647.20 1663.49 1639.54 1653.91 3029953
20070206 1659.66 1659.66 1645.29 1650.08 9145171
20070207 1641.45 1651.03 1632.83 1643.37 8321467
20070208 1637.62 1642.41 1624.20 1638.58 5707801
20070209 1647.20 1652.95 1633.79 1636.66 6828823
20070212 1636.66 1636.66 1616.54 1620.37 4760953
20070213 1625.16 1638.58 1614.62 1635.70 6345955
20070214 1644.33 1645.29 1628.04 1631.87 5494804
20070215 1627.08 1638.58 1625.16 1637.62 4793722
20070216 1637.62 1647.20 1625.16 1626.12 7897875
20070220 1630.91 1630.91 1598.33 1605.04 9257461
20070221 1608.87 1612.71 1600.25 1604.08 6052706
20070222 1610.79 1624.20 1603.12 1612.71 9526707
20070223 1624.20 1630.91 1615.58 1629.00 7235509
20070226 1633.79 1650.08 1633.79 1637.62 4337361
20070227 1632.83 1642.41 1624.20 1628.04 6896239
20070228 1614.62 1638.58 1583.00 1583.00 11323035
20070301 1583.00 1608.87 1558.09 1579.17 17018730
20070302 1594.50 1601.21 1572.46 1578.21 11728678
20070305 1571.50 1576.29 1555.21 1566.71 13959034
20070306 1573.42 1591.62 1560.00 1589.71 16602234
20070307 1589.71 1607.91 1579.17 1598.33 6171049
20070308 1608.87 1618.45 1606.00 1610.79 5737230
20070309 1612.71 1617.50 1599.29 1612.71 6011172
20070312 1611.75 1615.58 1599.29 1604.08 3216338
20070313 1601.21 1606.00 1587.79 1591.62 4633114
20070314 1585.87 1595.46 1563.84 1563.84 8408085
20070315 1577.25 1580.13 1554.25 1578.21 8787325
20070316 1577.25 1579.17 1554.25 1560.96 11457032
20070319 1565.75 1575.33 1547.55 1571.50 9607168
20070320 1568.63 1568.63 1543.71 1557.13 6805029
20070321 1560.00 1575.33 1555.21 1567.67 5553767
20070322 1583.96 1597.37 1565.75 1588.75 10579061
20070323 1587.79 1614.62 1585.87 1606.00 8371037
20070326 1613.66 1632.83 1602.16 1608.87 6852512
20070327 1618.45 1628.04 1610.79 1613.66 5602189
20070328 1615.58 1644.33 1615.58 1627.08 5772086
20070329 1627.08 1644.33 1625.16 1638.58 4933771
20070330 1640.49 1650.08 1620.37 1620.37 7900484
20070402 1617.50 1628.04 1605.04 1610.79 6518877
20070403 1622.29 1623.25 1605.04 1611.75 3780398
20070404 1619.41 1619.41 1600.25 1605.04 4111632
20070405 1608.87 1620.37 1606.00 1620.37 3070340
20070410 1625.16 1625.16 1609.83 1616.54 5279199
20070411 1619.41 1631.87 1614.62 1621.33 5922362
20070412 1624.20 1632.83 1621.33 1627.08 6579510
20070413 1635.70 1665.41 1635.70 1664.45 8846809
20070416 1668.28 1674.03 1658.70 1670.20 8882813
20070417 1672.12 1674.03 1654.87 1671.16 10703666
20070418 1668.28 1679.78 1659.66 1666.37 8271583
20070419 1657.74 1670.20 1647.20 1665.41 7195540
20070420 1674.99 1677.86 1659.66 1670.20 5464123
20070423 1676.91 1688.41 1666.37 1679.78 3670195
20070424 1687.45 1697.99 1662.53 1667.32 5179745
20070426 1689.36 1694.16 1674.03 1684.57 6790732
20070427 1677.86 1682.66 1658.70 1663.49 11608352
20070430 1659.66 1686.49 1659.66 1676.91 5646438
20070501 1675.95 1676.91 1653.91 1665.41 4054548
20070502 1676.91 1698.95 1669.24 1696.07 18388544
20070503 1719.07 1738.23 1712.36 1728.65 13654620
20070504 1736.32 1754.52 1725.78 1745.90 6915336
20070508 1729.61 1731.53 1713.32 1719.07 10592419
20070509 1745.47 1754.27 1723.96 1726.89 11043969
20070510 1730.80 1740.58 1711.25 1717.11 6404937
20070511 1711.25 1729.83 1695.60 1725.91 11251055
20070514 1731.78 1739.60 1720.05 1738.63 6721651
20070515 1733.74 1749.38 1728.85 1739.60 13313222
20070516 1731.78 1753.29 1731.78 1737.65 7657066
20070517 1740.58 1799.25 1740.58 1790.45 15693329
20070518 1801.21 1845.21 1801.21 1834.46 17792106
20070521 1836.41 1876.50 1824.68 1860.86 11994008
20070522 1862.81 1872.59 1846.19 1854.99 18340962
20070523 1854.01 1859.88 1838.37 1854.99 7188591
20070524 1839.35 1865.75 1835.43 1841.30 10138927
20070525 1832.50 1851.08 1831.52 1835.43 6055294
20070529 1837.39 1840.32 1826.63 1832.50 6132300
20070530 1813.92 1821.74 1803.16 1816.85 6086996
20070531 1827.61 1848.15 1827.61 1840.32 7263142
20070604 1864.77 1877.48 1858.90 1873.57 9701030
20070605 1875.53 1895.08 1871.61 1888.24 10849359
20070606 1884.33 1896.06 1862.81 1874.55 9896764
20070607 1879.44 1900.95 1875.53 1890.19 13810535
20070608 1886.28 1914.64 1886.28 1905.84 17327826
20070611 1898.99 1905.84 1884.33 1893.13 7204545
20070612 1888.24 1896.06 1855.97 1859.88 7637329
20070613 1851.08 1875.53 1844.23 1866.73 9382577
20070614 1884.33 1916.60 1876.50 1916.60 9460094
20070615 1919.53 1958.64 1915.62 1957.67 10627650
20070618 1959.62 1963.53 1946.91 1958.64 4403311
20070619 1953.75 1973.31 1948.86 1948.86 13154098
20070620 1958.64 1968.42 1936.15 1942.02 13161666
20070621 1930.29 1962.55 1921.48 1953.75 8919830
20070622 1953.75 1954.73 1938.11 1938.11 12821738
20070625 1937.13 1948.86 1922.46 1945.93 6075952
20070626 1936.15 1948.86 1925.40 1925.40 9795113
20070627 1929.31 1931.26 1909.75 1913.66 7815678
20070628 1930.29 1964.51 1927.35 1960.60 7707073
20070629 1964.51 1990.91 1960.60 1988.96 8822167
20070702 1979.18 2030.03 1979.18 2021.23 8430187
20070703 2030.03 2044.69 2020.25 2033.94 7450184
20070704 2028.07 2034.92 2023.18 2031.00 5192181
20070705 2034.92 2044.69 2004.60 2010.47 9250349
20070706 2018.29 2074.03 2018.29 2068.16 7751865
20070709 2072.07 2074.03 2057.41 2062.30 6735048
20070710 2062.30 2064.25 2038.83 2044.69 10362784
20070711 2024.16 2031.00 1998.74 2019.27 7568607
20070712 2012.43 2050.56 1984.07 2050.56 13760323
20070713 2053.50 2061.32 2022.20 2027.09 7163946
20070716 2033.94 2033.94 1990.91 1994.82 6130664
20070717 1990.91 2012.43 1973.31 2006.56 6381110
20070718 1975.27 1994.82 1968.42 1975.27 4873320
20070719 1981.13 2003.62 1973.31 1994.82 13717781
20070720 1985.05 2004.60 1954.73 1956.69 7418994
20070723 1955.71 1986.02 1948.86 1977.22 4597307
20070724 1975.27 1976.24 1926.37 1926.37 7773647
20070725 1919.53 1943.00 1910.73 1925.40 8554950
20070726 1931.26 1976.24 1892.15 1894.11 13435530
20070727 1886.28 1908.77 1855.97 1860.86 9813521
20070730 1867.70 1884.33 1850.10 1866.73 7665451
20070731 1877.48 1896.06 1859.88 1888.24 8242224
20070801 1847.17 1877.48 1829.57 1863.79 7102178
20070802 1879.44 1879.44 1822.72 1838.37 8225657
20070803 1842.28 1842.28 1802.19 1809.03 8996733
20070806 1795.34 1832.50 1790.45 1805.12 5573219
20070807 1813.92 1847.17 1805.12 1847.17 6978642
20070808 1856.95 1874.55 1828.59 1865.75 5944235
20070809 1855.97 1862.81 1810.99 1816.85 10735028
20070810 1797.30 1816.85 1757.21 1757.21 10749140
20070813 1775.78 1820.77 1769.92 1812.94 6930680
20070815 1792.41 1817.83 1771.87 1810.01 5913556
20070816 1774.81 1785.56 1729.83 1729.83 9099918
20070817 1744.49 1800.23 1702.45 1793.39 17729726
20070820 1803.16 1831.52 1790.45 1804.14 7669951
20070821 1810.01 1819.79 1792.41 1813.92 6937532
20070822 1816.85 1841.30 1803.16 1823.70 5411334
20070823 1841.30 1846.19 1818.81 1826.63 9278165
20070824 1826.63 1855.97 1820.77 1844.23 4863809
20070828 1843.26 1843.26 1791.43 1799.25 6761227
20070829 1798.28 1817.83 1785.56 1813.92 4582172
20070830 1829.57 1859.88 1825.66 1855.97 5338726
20070831 1872.59 1892.15 1863.79 1882.37 5996492
20070903 1884.33 1889.22 1867.70 1878.46 3150160
20070904 1881.39 1936.15 1877.48 1935.17 6450752
20070905 1944.95 1951.80 1905.84 1909.75 6949599
20070906 1930.29 1946.91 1915.62 1946.91 6807860
20070907 1945.93 1964.51 1908.77 1916.60 6921578
20070910 1922.46 1940.06 1908.77 1912.68 5066600
20070911 1935.17 1940.06 1925.40 1937.13 4651508
20070912 1942.02 1958.64 1930.29 1952.78 5699925
20070913 1965.49 1994.82 1962.55 1991.89 7600411
20070914 1993.85 1996.78 1964.51 1986.02 6625318
20070917 1979.18 1987.98 1966.47 1969.40 8579186
20070918 1967.44 1997.76 1961.58 1989.93 8214715
20070919 2006.56 2056.43 2006.56 2038.83 17059176
20070920 2033.94 2054.47 2026.12 2045.67 6646793
20070921 2040.78 2065.23 2031.00 2034.92 16040620
20070924 2026.12 2041.76 2018.29 2030.03 4350236
20070925 2024.16 2029.05 1990.91 1996.78 13446677
20070926 2000.69 2020.25 1990.91 1994.82 9176207
20070927 2006.56 2007.54 1981.13 1992.87 7149015
20070928 2001.67 2003.62 1964.51 1972.33 6870241
20071001 1954.73 1980.16 1950.82 1977.22 6449525
20071002 1982.11 1991.89 1927.35 1936.15 9055637
20071003 1937.13 1943.00 1894.11 1911.71 10663033
20071004 1904.86 1929.31 1896.06 1901.93 9046945
20071005 1915.62 1917.57 1896.06 1911.71 4504860
20071008 1909.75 1919.53 1899.97 1899.97 4262288
20071009 1902.91 1942.02 1895.08 1941.04 5460114
20071010 1938.11 1952.78 1903.88 1941.04 9782228
20071011 1954.73 1989.93 1951.80 1988.96 8025321
20071012 1986.02 2009.49 1980.16 1999.71 9347194
20071015 1992.87 2042.74 1986.02 2010.47 9967429
20071016 2017.31 2043.72 2016.34 2039.81 8678690
20071017 2050.56 2050.56 2016.34 2037.85 6130254
20071018 2037.85 2043.72 2011.45 2033.94 6668780
20071019 2035.89 2051.54 2009.49 2009.49 5272049
20071022 1989.93 2004.60 1974.29 1987.00 12361751
20071023 2001.67 2005.58 1969.40 1987.00 6152957
20071024 1987.00 2020.25 1967.44 2010.47 7156071
20071025 2034.92 2040.78 2005.58 2021.23 6593513
20071026 2022.20 2092.61 2022.20 2080.88 9091737
20071029 2098.48 2104.34 2084.79 2092.61 4853173
20071030 2085.76 2099.45 2054.47 2060.34 4850310
20071031 2069.54 2083.40 2042.82 2083.40 5565910
20071101 2075.48 2095.28 2025.01 2035.89 7504905
20071102 2028.97 2046.78 2011.15 2024.02 4916749
20071105 2021.05 2038.86 2004.22 2009.17 3449089
20071106 2014.12 2022.04 1994.32 1999.27 5370808
20071107 2013.13 2032.92 1983.44 2019.07 4927054
20071108 2011.15 2012.14 1975.52 1992.35 6889591
20071109 1981.46 1997.29 1958.69 1971.56 6542934
20071112 1962.65 1967.60 1932.96 1956.71 4968277
20071113 1941.87 1941.87 1913.17 1918.11 5375657
20071114 1933.95 1949.79 1916.14 1945.83 5386266
20071115 1937.91 1946.82 1921.08 1933.95 4038639
20071116 1932.96 1948.80 1916.14 1924.05 5278561
20071119 1944.84 1958.69 1919.10 1921.08 5588239
20071120 1929.99 1968.59 1926.03 1965.62 6700350
20071121 1965.62 2011.15 1959.68 1998.28 5947424
20071122 1991.36 2005.21 1969.58 2005.21 3962053
20071123 2001.25 2001.25 1956.71 1973.54 4132906
20071126 1973.54 1989.38 1948.80 1948.80 4253342
20071127 1949.79 1958.69 1907.23 1928.01 5794354
20071128 1933.95 1947.81 1901.29 1936.92 5792333
20071129 1942.86 1958.69 1920.09 1935.93 4475218
20071130 1927.02 1957.70 1921.08 1945.83 6728034
20071203 1936.92 1949.79 1914.16 1918.11 4393379
20071204 1927.02 1945.83 1916.14 1935.93 4672644
20071205 1946.82 2009.17 1937.91 2009.17 6700350
20071206 2000.26 2009.17 1977.50 2000.26 7148144
20071207 2004.22 2014.12 1983.44 1998.28 6425328
20071210 1989.38 1995.31 1953.75 1970.57 5011824
20071211 1974.53 1985.42 1949.79 1979.48 6651448
20071212 1974.53 2006.20 1959.68 2006.20 7305155
20071213 2005.21 2015.11 1972.55 1972.55 6845337
20071214 1992.35 2006.20 1983.44 1997.29 4356803
20071217 1980.47 1999.27 1966.61 1973.54 5572780
20071218 1962.65 1993.34 1959.68 1968.59 5508925
20071219 1989.38 2020.06 1975.52 2011.15 4476128
20071220 2018.08 2054.70 2018.08 2051.73 7545016
20071221 2058.66 2080.43 2052.72 2068.56 10053657
20071224 2082.41 2096.27 2078.45 2082.41 854871
20071227 2055.69 2116.06 2055.69 2107.16 2438621
20071228 2097.26 2110.12 2084.39 2105.18 1619416
20071231 2102.21 2107.16 2084.39 2089.34 939944
20080102 2090.33 2123.98 2089.34 2103.20 3611051
20080103 2119.03 2157.63 2107.16 2153.67 4789746
20080104 2160.60 2181.39 2119.03 2126.95 4453900
20080107 2121.01 2178.42 2119.03 2164.56 5577731
20080108 2163.57 2169.51 2116.06 2116.06 4543014
20080109 2109.13 2140.81 2092.31 2129.92 4966863
20080110 2123.98 2125.96 2083.40 2102.21 4735792
20080111 2109.13 2125.96 2051.73 2069.54 5839214
20080114 2071.52 2106.17 2065.59 2081.42 4902199
20080115 2071.52 2078.45 2016.10 2017.09 6683578
20080116 2021.05 2037.87 1954.74 1965.62 7388612
20080117 1950.78 1970.57 1916.14 1927.02 5840931
20080118 1918.11 1941.87 1905.25 1907.23 7539965
20080121 1877.54 1884.46 1784.50 1801.33 7674040
20080122 1753.82 1857.74 1714.23 1818.15 11527277
20080123 1853.78 1855.76 1715.22 1723.14 11125050
20080124 1770.64 1833.00 1752.83 1819.14 10435172
20080125 1843.88 1863.68 1815.18 1821.12 8122138
20080128 1796.38 1815.18 1758.77 1800.34 5894885
20080129 1802.32 1806.27 1764.71 1789.45 4979392
20080130 1780.54 1795.39 1760.75 1770.64 4986969
20080131 1753.82 1783.51 1719.18 1772.62 9475323
20080201 1775.59 1792.42 1747.88 1787.47 6337022
20080204 1798.36 1802.32 1785.49 1787.47 3855560
20080205 1804.29 1825.08 1736.99 1746.89 6847964
20080206 1751.00 1780.00 1739.00 1767.00 4173700
20080207 1752.00 1773.00 1720.00 1721.00 5121500
20080208 1730.00 1737.00 1696.00 1724.00 4579700
20080211 1719.00 1750.00 1713.00 1717.00 3618000
20080212 1731.00 1796.00 1729.00 1794.00 6886300
20080213 1783.00 1805.00 1772.00 1801.00 4973800
20080214 1810.00 1817.00 1790.00 1796.00 3761900
20080215 1800.00 1814.00 1752.00 1763.00 5413500
20080218 1776.00 1811.00 1776.00 1806.00 3642900
20080219 1812.00 1838.00 1785.00 1828.00 4068400
20080220 1814.00 1839.00 1787.00 1798.00 4266500
20080221 1814.00 1828.00 1804.00 1810.00 3642100
20080222 1798.00 1825.00 1782.00 1816.00 4680600
20080225 1834.00 1856.00 1822.00 1843.00 3210900
20080226 1843.00 1852.00 1817.00 1846.00 3528300
20080227 1852.00 1863.00 1817.00 1847.00 3510600
20080228 1851.00 1852.00 1820.00 1829.00 4886600
20080229 1819.00 1837.00 1796.00 1808.00 5995900
20080303 1785.00 1793.00 1761.00 1768.00 6221200
20080304 1766.00 1772.00 1717.00 1734.00 6365200
20080305 1748.00 1774.00 1712.00 1772.00 7050700
20080306 1771.00 1783.00 1729.00 1733.00 6152400
20080307 1719.00 1735.00 1688.00 1701.00 6595700
20080310 1696.00 1735.00 1696.00 1710.00 3026400
20080311 1723.00 1747.00 1711.00 1721.00 7822600
20080312 1733.00 1750.00 1725.00 1742.00 3479500
20080313 1727.00 1730.00 1707.00 1719.00 4580500
20080314 1714.00 1736.00 1705.00 1715.00 6162700
20080318 1698.00 1719.00 1693.00 1719.00 5344000
20080319 1719.00 1737.00 1697.00 1698.00 5992600
20080320 1690.00 1693.00 1632.00 1635.00 11651200
20080325 1683.00 1687.00 1662.00 1683.00 5145100
20080326 1675.00 1707.00 1666.00 1703.00 4492700
20080327 1702.00 1721.00 1683.00 1705.00 3119800
20080328 1712.00 1726.00 1699.00 1708.00 2721900
20080331 1700.00 1747.00 1685.00 1737.00 5777900
20080401 1723.00 1755.00 1715.00 1754.00 4329800
20080402 1746.00 1763.00 1728.00 1757.00 4969800
20080403 1761.00 1784.00 1761.00 1776.00 4094600
20080404 1781.00 1802.00 1775.00 1799.00 3426700
20080407 1804.00 1826.00 1789.00 1823.00 2954700
20080408 1823.00 1850.00 1818.00 1837.00 4250900
20080409 1844.00 1864.00 1830.00 1854.00 3465500
20080410 1866.00 1879.00 1828.00 1853.00 5390000
20080411 1855.00 1881.00 1833.00 1846.00 4108900
20080414 1828.00 1846.00 1824.00 1834.00 2264200
20080415 1859.00 1878.00 1851.00 1865.00 4219700
20080416 1877.00 1921.00 1866.00 1916.00 3755700
20080417 1913.00 1919.00 1883.00 1895.00 3055200
20080418 1904.00 1911.00 1890.00 1899.00 6574800
20080421 1905.00 1945.00 1901.00 1937.00 3428000
20080422 1925.00 1950.00 1912.00 1921.00 3588800
20080423 1920.00 1978.00 1918.00 1976.00 6932300
20080424 1955.00 1979.00 1917.00 1938.00 5364300
20080425 1945.00 1951.00 1918.00 1945.00 5661000
20080428 1939.00 1964.00 1933.00 1941.00 2081200
20080429 1986.00 2057.00 1981.00 2043.00 6364200
20080430 2051.00 2058.00 2018.00 2028.00 4275900
20080501 2030.00 2049.00 2000.00 2009.00 2382400
20080502 2018.00 2036.00 1999.00 2028.00 4183800
20080506 2010.00 2048.00 2010.00 2044.00 3670700
20080507 2047.00 2078.00 2047.00 2072.00 2629000
20080508 2070.00 2070.00 2039.00 2055.00 4078700
20080509 2053.00 2060.00 2035.00 2047.00 2706300
20080512 2056.00 2071.00 2045.00 2059.00 2701800
20080513 2063.00 2080.00 2025.00 2050.00 4207100
20080514 2041.00 2067.00 2034.00 2056.00 3607200
20080515 2050.00 2077.00 2043.00 2059.00 2694400
20080516 2073.00 2117.00 2064.00 2117.00 4481500
20080519 2123.00 2184.00 2109.00 2184.00 5069900
20080520 2179.00 2190.00 2141.00 2141.00 6386600
20080521 2156.00 2256.00 2156.00 2242.00 7746900
20080522 2242.00 2270.00 2188.00 2196.00 4522300
20080523 2191.00 2207.00 2162.00 2162.00 3649500
20080527 2175.00 2202.00 2151.00 2152.00 4493200
20080528 2152.00 2165.00 2123.00 2157.00 4719600
20080529 2163.00 2202.00 2161.00 2188.00 4277700
20080530 2167.00 2174.00 2131.00 2150.00 6323200
20080602 2140.00 2150.00 2116.00 2133.00 3070000
20080603 2126.00 2138.00 2112.00 2127.00 3887500
20080604 2118.00 2118.00 2063.00 2065.00 3813800
20080605 2058.00 2093.00 2052.00 2092.00 3357100
20080606 2108.00 2148.00 2095.00 2097.00 5266300
20080610 2127.00 2154.00 2094.00 2094.00 4875400
20080611 2096.00 2154.00 2084.00 2094.00 7127900
20080612 2099.00 2126.00 2064.00 2068.00 6304500
20080613 2068.00 2074.00 2024.00 2045.00 5075900
20080616 2015.00 2065.00 2015.00 2059.00 5097700
20080617 2061.00 2106.00 2055.00 2080.00 4799600
20080618 2081.00 2081.00 2013.00 2017.00 4128400
20080619 2023.00 2045.00 1988.00 1988.00 5932700
20080620 1993.00 2011.00 1953.00 1953.00 8258100
20080623 1968.00 1993.00 1946.00 1983.00 4594300
20080624 1968.00 2012.00 1959.00 1998.00 5875700
20080625 1998.00 2031.00 1977.00 1984.00 4666400
20080626 1987.00 2020.00 1978.00 1985.00 5140300
20080627 1991.00 2028.00 1982.00 2015.00 7031000
20080630 2010.00 2071.00 2008.00 2063.00 4917800
20080701 2039.00 2046.00 2013.00 2015.00 4883200
20080702 2015.00 2034.00 1991.00 1991.00 5290600
20080703 1973.00 2000.00 1960.00 1988.00 4340000
20080704 1983.00 2002.00 1958.00 1962.00 1954800
20080707 1990.00 2047.00 1982.00 2041.00 3957600
20080708 2000.00 2007.00 1976.00 1995.00 8100300
20080709 2009.00 2018.00 1972.00 1985.00 4480400
20080710 1953.00 1956.00 1924.00 1935.00 3824600
20080711 1947.00 1979.00 1929.00 1940.00 4678200
20080714 1957.00 1960.00 1913.00 1915.00 3261100
20080715 1914.00 1936.00 1855.00 1865.00 5303000
20080716 1870.00 1877.00 1789.00 1805.00 6936400
20080717 1794.00 1833.00 1774.00 1824.00 6672400
20080718 1815.00 1828.00 1787.00 1820.00 6193100
20080721 1820.00 1856.00 1809.00 1831.00 4747600
20080722 1826.00 1873.00 1819.00 1857.00 4444900
20080723 1869.00 1874.00 1842.00 1842.00 5320300
20080724 1847.00 1847.00 1805.00 1818.00 4283300
20080725 1818.00 1850.00 1811.00 1825.00 4092900
20080728 1818.00 1861.00 1818.00 1833.00 3268200
20080729 1835.00 1870.00 1807.00 1808.00 2574300
20080730 1829.00 1838.00 1796.00 1837.00 2314500
20080731 1873.00 1878.00 1789.00 1799.00 4841300
20080801 1803.00 1803.00 1770.00 1780.00 4866200
20080804 1794.00 1834.00 1771.00 1777.00 3285700
20080805 1771.00 1771.00 1733.00 1767.00 3962100
20080806 1758.00 1788.00 1735.00 1777.00 4837300
20080807 1785.00 1809.00 1768.00 1785.00 3637900
20080808 1778.00 1778.00 1740.00 1747.00 2052800
20080811 1760.00 1783.00 1758.00 1780.00 3161600
20080812 1773.00 1820.00 1766.00 1810.00 4071900
20080813 1817.00 1839.00 1801.00 1808.00 3801000
20080814 1838.00 1879.00 1821.00 1838.00 5512000
20080815 1838.00 1853.00 1796.00 1797.00 3759300
20080818 1795.00 1843.00 1788.00 1822.00 2649200
20080819 1793.00 1825.00 1791.00 1796.00 3670600
20080820 1805.00 1835.00 1805.00 1820.00 2445600
20080821 1825.00 1861.00 1798.00 1850.00 2213400
20080822 1860.00 1890.00 1849.00 1890.00 4783800
20080826 1859.00 1874.00 1822.00 1864.00 3259200
20080827 1870.00 1912.00 1852.00 1907.00 3990100
20080828 1901.00 1923.00 1882.00 1909.00 3544700
20080829 1915.00 1928.00 1900.00 1921.00 4111300
20080901 1910.00 1929.00 1883.00 1887.00 2042100
20080902 1876.00 1876.00 1842.00 1863.00 5321600
20080903 1869.00 1882.00 1847.00 1847.00 3647800
20080904 1850.00 1866.00 1788.00 1788.00 3349300
20080905 1787.00 1804.00 1729.00 1736.00 7358700
20080908 1774.00 1786.00 1752.00 1766.00 3045200
20080909 1777.00 1781.00 1727.00 1735.00 8142200
20080910 1735.00 1757.00 1720.00 1732.00 5016000
20080911 1737.00 1753.00 1716.00 1729.00 3205100
20080912 1747.00 1760.00 1734.00 1757.00 3820000
20080915 1734.00 1734.00 1663.00 1680.00 8038600
20080916 1655.00 1667.00 1593.00 1605.00 7727700
20080917 1616.00 1643.00 1598.00 1602.00 7860900
20080918 1595.00 1650.00 1578.00 1595.00 17925400
20080919 1535.00 1688.00 1535.00 1684.00 11617700
20080922 1706.00 1735.00 1692.00 1712.00 5191000
20080923 1713.00 1736.00 1696.00 1710.00 6174100
20080924 1701.00 1713.00 1681.00 1704.00 5764400
20080925 1701.00 1737.00 1667.00 1733.00 4943600
20080926 1714.00 1721.00 1695.00 1701.00 4152200
20080929 1672.00 1699.00 1625.00 1630.00 3699000
20080930 1597.00 1660.00 1558.00 1618.00 9549400
20081001 1648.00 1649.00 1600.00 1630.00 6070600
20081002 1632.00 1661.00 1581.00 1583.00 3228100
20081003 1580.00 1637.00 1551.00 1628.00 3915400
20081006 1548.00 1561.00 1481.00 1502.00 4063500
20081007 1510.00 1595.00 1502.00 1546.00 4890400
20081008 1500.00 1600.00 1380.00 1484.00 8459300
20081009 1523.00 1528.00 1427.00 1437.00 4693000
20081010 1323.00 1406.00 1287.00 1303.00 8455600
20081013 1368.00 1417.00 1353.00 1417.00 10479500
20081014 1473.00 1576.00 1451.00 1496.00 4625800
20081015 1486.00 1498.00 1379.00 1394.00 9291600
20081016 1326.00 1379.00 1276.00 1294.00 7337000
20081017 1385.00 1416.00 1320.00 1402.00 11375900
20081020 1442.00 1550.00 1428.00 1550.00 8402100
20081021 1580.00 1600.00 1525.00 1537.00 6432200
20081022 1507.00 1541.00 1448.00 1474.00 5994100
20081023 1472.00 1554.00 1420.00 1551.00 5961500
20081024 1496.00 1496.00 1383.00 1472.00 10356500
20081027 1410.00 1487.00 1372.00 1460.00 7186000
20081028 1500.00 1556.00 1454.00 1528.00 8008300
20081029 1604.00 1705.00 1585.00 1705.00 10934700
20081030 1750.00 1757.00 1580.00 1635.00 7000600
20081031 1631.00 1709.00 1568.00 1697.00 8764400
20081103 1719.00 1746.00 1683.00 1746.00 4846500
20081104 1742.00 1865.00 1717.00 1863.00 9366200
20081105 1848.00 1853.00 1768.00 1774.00 6460800
20081106 1731.00 1757.00 1635.00 1642.00 10966600
20081107 1658.00 1711.00 1633.00 1679.00 10018300
20081110 1754.00 1782.00 1684.00 1698.00 3829600
20081111 1672.00 1683.00 1623.00 1623.00 4891400
20081112 1655.00 1666.00 1581.00 1599.00 6422600
20081113 1575.00 1628.00 1531.00 1618.00 7514600
20081114 1716.00 1742.00 1651.00 1675.00 6631000
20081117 1653.00 1689.00 1623.00 1629.00 4881600
20081118 1636.00 1701.00 1578.00 1693.00 5607300
20081119 1695.00 1695.00 1592.00 1594.00 6620900
20081120 1537.00 1585.00 1480.00 1508.00 8262900
20081121 1500.00 1543.00 1444.00 1465.00 7406000
20081124 1518.00 1667.00 1475.00 1666.00 9853600
20081125 1665.00 1768.00 1625.00 1712.00 15701500
20081126 1658.00 1700.00 1620.00 1678.00 7250900
20081127 1694.00 1742.00 1685.00 1733.00 4697500
20081128 1752.00 1766.00 1716.00 1738.00 6799200
20081201 1740.00 1747.00 1634.00 1646.00 5057900
20081202 1628.00 1705.00 1609.00 1689.00 6864300
20081203 1699.00 1699.00 1618.00 1675.00 6152700
20081204 1684.00 1721.00 1623.00 1661.00 6457300
20081205 1639.00 1639.00 1547.00 1562.00 7629300
20081208 1691.00 1719.00 1643.00 1691.00 8009800
20081209 1681.00 1764.00 1669.00 1744.00 4673000
20081210 1755.00 1776.00 1716.00 1755.00 5066200
20081211 1780.00 1814.00 1740.00 1799.00 5480800
20081212 1709.00 1770.00 1686.00 1750.00 5664300
20081215 1760.00 1781.00 1718.00 1738.00 3467400
20081216 1732.00 1784.00 1727.00 1770.00 4504700
20081217 1795.00 1804.00 1721.00 1804.00 6740500
20081218 1802.00 1825.00 1779.00 1812.00 5181900
20081219 1790.00 1804.00 1726.00 1773.00 8436900
20081222 1760.00 1805.00 1750.00 1768.00 3368600
20081223 1767.00 1797.00 1752.00 1756.00 3792500
20081224 1721.00 1741.00 1712.00 1717.00 844200
20081229 1741.00 1816.00 1741.00 1771.00 3836800
20081230 1806.00 1818.00 1787.00 1811.00 2808500
20081231 1845.00 1845.00 1794.00 1805.00 1157200
20090102 1810.00 1896.00 1783.00 1893.00 1176000
20090105 1917.00 1917.00 1818.00 1870.00 3403700
20090106 1880.00 1921.00 1833.00 1867.00 6062400
20090107 1861.00 1875.00 1782.00 1805.00 5848700
20090108 1791.00 1842.00 1782.00 1841.00 4036700
20090109 1829.00 1842.00 1772.00 1788.00 4576700
20090112 1786.00 1801.00 1761.00 1773.00 3183500
20090113 1753.00 1810.00 1753.00 1802.00 4274500
20090114 1827.00 1827.00 1688.00 1710.00 6086600
20090115 1692.00 1718.00 1658.00 1669.00 7523900
20090116 1704.00 1727.00 1676.00 1695.00 5324000
20090119 1746.00 1763.00 1685.00 1710.00 4313100
20090120 1702.00 1758.00 1694.00 1733.00 5920200
20090121 1719.00 1735.00 1663.00 1677.00 7991900
20090122 1726.00 1744.00 1671.00 1676.00 6218000
20090123 1676.00 1720.00 1646.00 1713.00 6616100
20090126 1726.00 1792.00 1704.00 1790.00 5011200
20090127 1784.00 1784.00 1723.00 1776.00 3851800
20090128 1785.00 1801.00 1771.00 1776.00 3358300
20090129 1757.00 1802.00 1751.00 1801.00 5117500
20090130 1794.00 1796.00 1716.00 1730.00 5324300
20090202 1703.00 1741.00 1691.00 1736.00 5026300
20090203 1744.00 1759.00 1694.00 1753.00 3754000
20090204 1746.00 1755.00 1710.00 1731.00 3904700
20090205 1709.00 1723.00 1663.00 1715.00 3857000
20090206 1737.00 1753.00 1694.00 1744.00 5044900
20090209 1743.00 1766.00 1713.00 1749.00 3191800
20090210 1721.00 1754.00 1703.00 1714.00 2901100
20090211 1705.00 1755.00 1703.00 1750.00 2431400
20090212 1738.00 1749.00 1702.00 1749.00 6638900
20090213 1761.00 1786.00 1745.00 1771.00 7141400
