20030101 405.10 405.10 405.10 405.10 0
20030102 399.90 412.04 399.66 412.04 13880061
20030103 414.51 414.51 405.60 407.58 13295187
20030106 408.07 416.99 405.85 416.99 21809216
20030107 413.77 418.97 406.84 410.80 19059818
20030108 408.57 410.30 402.38 403.86 17503588
20030109 402.38 407.58 397.43 407.33 15860835
20030110 408.32 411.79 404.86 409.56 15898191
20030113 405.49 414.51 400.40 403.62 12547866
20030114 406.09 407.08 396.44 402.13 21068862
20030115 397.92 406.09 395.20 396.44 19984528
20030116 397.43 400.15 395.20 398.91 14891599
20030117 396.19 397.67 390.00 390.25 12367548
20030120 390.25 391.98 379.60 382.32 21535810
20030121 387.77 387.77 371.43 371.43 27815044
20030122 371.67 374.65 356.57 363.01 32759156
20030123 364.49 368.46 356.32 357.56 23025202
20030124 352.61 361.77 350.87 357.06 35062708
20030127 356.82 356.82 340.72 346.17 43855088
20030128 350.13 353.10 340.72 350.13 31493596
20030129 348.65 359.54 340.72 359.54 47368972
20030130 361.77 367.46 359.29 363.75 41621908
20030131 358.06 366.23 354.59 365.48 24048352
20030203 368.95 373.16 367.71 372.91 22130780
20030204 370.44 372.42 365.24 365.24 20319320
20030205 366.47 379.85 362.02 374.89 18179428
20030206 374.40 381.08 352.36 356.57 45218580
20030207 356.57 357.31 347.90 352.86 19003480
20030210 352.61 358.55 348.15 353.35 20427854
20030211 359.29 361.27 352.11 357.56 27374144
20030212 355.58 355.58 345.92 346.66 24322970
20030213 344.93 347.16 338.99 341.22 27425532
20030214 344.44 353.60 343.69 347.16 33780588
20030217 352.61 356.57 350.13 356.57 16137875
20030218 355.58 366.47 353.10 362.51 17767706
20030219 362.76 368.46 357.06 357.56 24002920
20030220 357.56 366.47 355.08 358.55 20100636
20030221 356.57 366.47 356.07 366.47 15842965
20030224 368.21 372.17 363.26 364.74 18678080
20030225 361.77 365.73 354.84 360.04 25517148
20030226 360.04 362.26 350.38 353.10 21770042
20030227 353.10 359.79 350.87 355.33 28228080
20030228 355.33 364.25 352.11 364.25 31479866
20030303 366.47 372.66 363.50 369.20 17480670
20030304 368.46 374.89 366.47 368.46 21808106
20030305 366.47 369.69 359.54 362.51 23622696
20030306 362.51 365.24 358.06 359.54 18091692
20030307 359.54 360.53 350.38 351.12 18134804
20030310 355.58 357.31 349.14 349.14 19273050
20030311 349.14 355.58 346.66 350.87 23295074
20030312 350.63 353.85 328.34 330.07 49667068
20030313 332.80 348.65 328.34 348.65 36553008
20030314 351.86 361.27 350.38 359.54 36659520
20030317 352.61 380.59 351.62 372.42 34145264
20030318 372.42 383.56 367.22 376.38 36059404
20030319 376.38 387.77 373.90 378.61 30442884
20030320 376.63 379.35 370.19 377.37 23535566
20030321 377.37 390.74 376.87 385.29 23848952
20030324 383.31 384.30 374.15 375.14 17720656
20030325 370.44 390.25 362.76 388.26 27597572
20030326 390.99 396.19 384.06 394.21 28508654
20030327 393.22 393.22 380.34 383.56 25028794
20030328 388.02 393.71 383.31 390.49 20025418
20030331 390.74 390.74 375.14 378.86 22443258
20030401 381.08 393.46 379.35 390.99 22238810
20030402 386.28 391.24 381.83 386.53 26498398
20030403 386.53 392.72 383.31 384.30 21570036
20030404 384.06 395.94 380.59 389.50 19994828
20030407 394.70 405.10 394.46 399.90 17936918
20030408 396.68 400.15 390.49 392.47 16761013
20030409 391.48 398.17 390.49 394.21 22648918
20030410 392.23 392.72 382.82 383.56 15853667
20030411 384.06 390.99 382.57 382.82 14781652
20030414 385.05 387.27 381.08 386.28 13885714
20030415 388.26 394.21 386.78 387.77 20577076
20030416 391.48 393.71 384.06 384.80 15229822
20030417 388.76 390.74 382.82 386.78 15289491
20030418 386.78 386.78 386.78 386.78 0
20030421 386.78 386.78 386.78 386.78 0
20030422 390.74 392.47 385.29 390.25 10648568
20030423 395.20 397.67 389.26 390.99 13794748
20030424 386.78 391.24 381.33 383.81 18612556
20030425 383.81 385.79 370.19 371.92 24110040
20030428 370.93 379.85 369.45 376.87 18448190
20030429 379.60 381.33 369.20 373.90 28231614
20030430 373.90 374.40 368.95 371.18 17194846
20030501 373.16 373.16 366.47 368.70 6618466
20030502 377.86 381.58 369.45 380.84 19808350
20030505 380.84 380.84 380.84 380.84 0
20030506 384.55 393.71 383.31 391.48 25726948
20030507 391.48 399.66 390.00 394.70 21234238
20030508 395.20 395.94 387.77 394.21 23834716
20030509 395.94 397.18 388.76 396.44 22224372
20030512 399.16 401.14 392.72 397.67 21384368
20030513 397.67 400.65 393.22 400.65 22375412
20030514 400.15 406.09 398.66 398.66 25339354
20030515 398.42 400.89 394.70 399.16 19399858
20030516 398.66 405.10 398.66 401.14 17708844
20030519 401.64 401.88 389.50 391.48 19214794
20030520 392.72 398.17 387.52 396.44 20211290
20030521 395.69 395.69 385.29 391.24 14385477
20030522 394.21 398.91 392.47 398.91 16139187
20030523 398.66 400.65 391.98 399.41 11186393
20030526 399.41 399.41 399.41 399.41 0
20030527 397.67 399.66 390.00 398.17 14330856
20030528 399.41 407.08 399.41 404.11 13833820
20030529 403.62 406.34 398.66 400.65 11469895
20030530 397.92 401.64 394.21 397.18 26677000
20030602 401.39 404.86 398.17 404.61 13274793
20030603 401.64 403.86 398.42 402.63 18906658
20030604 404.36 411.79 404.36 408.82 15247692
20030605 412.04 412.04 399.16 404.11 15734935
20030606 407.08 410.55 402.87 405.35 16792210
20030609 404.11 407.08 402.13 406.09 14401933
20030610 404.11 411.54 404.11 409.31 13278630
20030611 412.53 416.00 410.80 415.26 21360136
20030612 416.00 423.43 416.00 421.20 18949870
20030613 420.95 421.45 413.52 416.00 13393222
20030616 412.28 435.81 411.29 417.48 18484232
20030617 421.45 422.93 411.29 414.02 23669946
20030618 416.49 419.46 411.79 417.48 26173402
20030619 417.24 417.24 406.09 407.33 26157550
20030620 409.06 414.02 405.85 411.05 14495626
20030623 407.58 412.53 402.13 403.12 8848213
20030624 402.13 405.60 400.65 403.62 12833791
20030625 406.09 407.08 401.64 405.35 15138552
20030626 403.37 408.57 400.65 401.64 11090176
20030627 398.91 403.37 397.18 401.14 14721074
20030630 399.41 405.60 396.19 396.19 16496694
20030701 391.24 399.41 389.26 391.73 19174208
20030702 394.46 397.18 390.25 392.97 15990268
20030703 394.46 394.46 383.06 386.28 33439742
20030704 386.28 389.26 384.30 387.27 14563776
20030707 386.53 392.97 386.53 391.24 16949306
20030708 389.75 394.46 389.26 391.24 24276426
20030709 391.24 393.22 387.27 389.26 22960588
20030710 388.76 388.76 381.33 383.31 25824678
20030711 380.09 387.27 380.09 385.29 17371934
20030714 387.77 391.24 385.54 389.75 14150942
20030715 388.02 390.00 381.83 383.31 35415264
20030716 386.28 390.49 382.57 388.26 29770882
20030717 386.78 397.18 386.78 395.20 25794290
20030718 397.18 399.16 395.94 397.18 21670192
20030721 402.13 402.63 394.21 394.95 12934854
20030722 396.19 400.40 393.71 400.40 11082907
20030723 401.88 404.86 398.42 400.15 15296962
20030724 401.39 403.62 395.45 399.66 36050720
20030725 395.20 395.20 386.04 387.27 32840532
20030728 390.99 392.47 386.28 388.51 20402916
20030729 388.76 390.00 383.81 384.80 22481320
20030730 384.80 387.27 380.59 381.33 29289798
20030731 383.81 386.28 380.84 385.79 23881866
20030801 384.80 385.54 380.34 380.84 19023874
20030804 380.59 388.02 379.85 380.59 25794290
20030805 382.32 385.54 380.34 383.81 21360036
20030806 382.82 383.31 379.10 382.57 19190362
20030807 385.29 389.26 383.31 388.76 18136822
20030808 392.23 399.90 390.49 395.20 20854620
20030811 398.17 407.83 396.93 406.09 25153482
20030812 406.09 410.80 404.61 405.60 16974446
20030813 401.88 402.13 393.71 396.44 18186798
20030814 399.16 406.59 396.19 406.09 21578922
20030815 407.08 410.06 404.11 405.85 16825224
20030818 405.60 409.81 405.35 409.81 10258148
20030819 409.56 410.80 404.11 404.61 18443040
20030820 404.61 405.35 399.41 400.89 15947864
20030821 403.12 406.84 401.39 403.12 18647388
20030822 402.87 404.86 401.39 401.39 11337836
20030825 401.39 401.39 401.39 401.39 0
20030826 401.14 403.62 394.46 395.20 19951716
20030827 396.44 399.66 392.23 397.18 27301956
20030828 398.42 399.16 393.71 396.44 21244030
20030829 400.15 400.15 392.47 392.72 23354944
20030901 395.69 399.41 394.95 395.20 20855528
20030902 396.19 397.43 394.21 395.45 27316392
20030903 398.17 404.36 396.44 401.88 33625916
20030904 402.63 403.86 398.42 400.89 17385462
20030905 399.16 402.87 397.67 399.90 19726066
20030908 399.90 409.29 399.67 408.07 20039654
20030909 409.56 409.56 401.39 402.38 16589680
20030910 402.38 402.38 398.17 399.90 13807267
20030911 398.91 400.65 395.94 400.15 18967942
20030912 400.15 402.13 393.46 394.70 16390684
20030915 396.19 396.44 391.73 393.96 18111582
20030916 624.49 399.66 391.98 398.91 18166506
20030917 401.14 401.39 392.47 392.47 20668950
20030918 391.73 391.73 385.29 388.26 30565554
20030919 390.00 390.25 380.34 383.06 34872796
20030922 380.09 383.31 376.13 382.82 28306022
20030923 383.31 380.34 377.37 378.11 31695924
20030924 379.85 387.27 377.62 382.32 23937092
20030925 381.83 386.28 380.34 384.55 29206402
20030926 382.57 384.55 374.65 375.14 19152400
20030929 376.38 376.87 370.68 372.42 14301274
20030930 374.65 374.89 365.24 367.96 21314300
20031001 369.94 375.14 368.46 375.14 23411988
20031002 379.10 379.10 368.21 371.92 31328726
20031003 369.45 380.84 369.45 380.59 26828242
20031006 380.59 384.55 378.86 381.33 16983130
20031007 381.83 383.06 377.12 381.58 11770559
20031008 380.84 385.79 378.11 378.86 19842072
20031009 378.86 382.82 378.36 382.32 13590299
20031010 382.32 388.26 375.64 386.28 24518532
20031013 387.27 393.46 387.27 392.47 20725490
20031014 393.46 394.46 387.52 388.02 16473977
20031015 390.99 396.19 389.75 390.49 21678774
20031016 389.01 393.71 386.78 389.26 16126264
20031017 390.99 391.98 387.27 389.26 15953417
20031020 388.51 391.98 385.79 387.27 14813354
20031021 389.26 392.23 384.06 386.28 19153006
20031022 386.04 388.26 379.85 382.32 21331666
20031023 379.10 380.59 366.72 371.92 48540332
20031024 370.93 370.93 365.73 368.46 21568926
20031027 368.95 369.20 364.49 366.72 14748334
20031028 367.71 371.43 363.75 364.49 21264930
20031029 368.21 368.21 360.28 362.26 29257894
20031030 363.50 367.22 359.05 361.52 31300658
20031031 362.02 366.23 361.27 364.49 26807444
20031103 364.99 370.19 363.75 368.95 17554272
20031104 369.45 372.66 368.95 369.94 14993369
20031105 368.46 368.95 364.99 367.22 17741656
20031106 367.46 372.17 364.00 371.43 20094578
20031107 369.69 377.86 369.69 373.41 27858660
20031110 371.92 376.13 370.93 373.41 15750786
20031111 372.42 373.16 368.95 372.42 10719242
20031112 372.42 373.41 368.21 369.20 19269920
20031113 373.16 373.66 369.20 370.44 23513860
20031114 371.43 376.87 371.43 375.14 17221602
20031117 372.17 374.89 367.22 368.70 19955956
20031118 368.21 369.94 363.50 364.99 17271174
20031119 362.02 368.70 361.52 366.47 17089140
20031120 368.46 368.46 362.02 366.97 15098773
20031121 366.97 366.97 363.50 364.49 12576640
20031124 364.49 369.94 364.49 368.95 14729757
20031125 369.20 370.68 365.24 366.47 17183034
20031126 366.47 372.42 366.47 366.97 21865754
20031127 369.45 369.45 362.26 364.74 10302672
20031128 365.48 367.71 361.03 364.49 24167790
20031201 364.49 369.69 364.49 368.95 14978225
20031202 366.97 374.65 366.97 370.19 19075568
20031203 369.69 374.40 369.69 371.67 18528758
20031204 372.17 372.17 367.71 370.68 12969282
20031205 370.93 374.40 370.19 373.66 18557936
20031208 372.42 373.66 370.93 373.66 12577953
20031209 374.89 384.80 374.89 384.06 38728032
20031210 382.07 384.55 379.10 384.06 28725318
20031211 383.53 384.55 380.34 384.30 19849542
20031212 386.28 389.50 384.55 385.79 19111208
20031215 392.72 392.72 383.06 383.81 14980749
20031216 381.33 389.01 381.33 386.53 18506646
20031217 391.78 395.45 386.78 395.20 36137044
20031218 394.70 400.89 394.21 399.41 26314446
20031219 401.14 405.85 399.90 403.12 16477208
20031222 403.62 408.82 401.64 406.34 18476660
20031223 408.07 408.07 399.90 401.64 10889666
20031224 399.66 405.35 399.66 403.62 2009952
20031225 403.62 403.62 403.62 403.62 0
20031226 403.62 403.62 403.62 403.62 0
20031229 403.12 407.58 403.12 406.34 5530398
20031230 408.32 409.81 405.35 408.57 6281757
20031231 409.31 412.78 409.31 411.54 2542224
20040101 411.54 411.54 411.54 411.54 0
20040102 413.03 414.51 410.55 412.28 6483783
20040105 412.78 413.03 406.59 410.80 13722863
20040106 411.92 413.52 407.83 409.06 18343996
20040107 409.56 410.06 397.43 399.41 25493726
20040108 402.13 403.62 395.69 397.43 14124187
20040109 375.39 375.39 364.74 367.71 115975304
20040112 364.25 367.46 362.76 364.25 35154280
20040113 366.47 367.71 361.52 363.01 31481482
20040114 362.51 362.76 356.07 357.56 44810188
20040115 358.55 359.54 356.32 358.55 30388264
20040116 357.06 357.81 352.86 356.57 33743436
20040119 356.57 363.75 356.57 359.29 30794738
20040120 359.54 362.76 357.31 357.81 37150300
20040121 359.54 364.74 359.05 362.02 37854812
20040122 356.57 363.75 354.59 355.58 36511612
20040123 356.57 358.80 354.84 358.30 29981590
20040126 358.55 358.55 354.09 356.07 17492180
20040127 359.05 360.28 357.31 358.55 22373896
20040128 357.56 364.99 357.06 364.74 41082264
20040129 362.56 364.99 359.29 363.75 35395276
20040130 364.74 364.74 358.55 358.55 38805068
20040202 359.54 362.51 358.06 359.79 30780602
20040203 360.53 362.02 358.06 361.77 31714198
20040204 361.52 362.51 359.29 362.02 34142940
20040205 351.62 359.79 351.62 355.08 70411944
20040206 356.57 356.57 344.44 345.43 60372984
20040209 345.18 348.40 342.95 345.43 39352280
20040210 344.68 347.41 343.20 347.16 41681676
20040211 347.90 349.64 346.42 348.15 31227562
20040212 348.40 349.64 344.44 346.66 32607410
20040213 347.16 348.40 345.67 347.16 19549382
20040216 348.40 352.11 346.91 350.87 26691740
20040217 350.87 353.35 347.66 349.88 26619250
20040218 350.13 350.38 347.16 347.16 30950320
20040219 347.66 350.13 345.92 349.14 26801184
20040220 349.39 358.30 349.39 356.07 38248260
20040223 358.55 362.02 356.57 359.29 30808266
20040224 359.79 363.50 354.84 355.08 35060284
20040225 356.07 357.56 353.60 356.57 26510514
20040226 357.56 365.48 357.56 364.74 25705746
20040227 366.23 370.68 364.49 364.49 36426300
20040301 367.46 371.43 366.47 371.18 22093626
20040302 373.41 373.66 369.20 372.42 23689028
20040303 370.44 387.03 367.46 379.85 98211240
20040304 379.35 381.08 371.67 377.37 39583180
20040305 376.87 377.37 368.21 370.93 40855808
20040308 371.92 374.89 370.93 374.15 13190894
20040309 371.43 375.14 371.43 373.66 19955856
20040310 373.66 381.83 372.91 380.34 25154694
20040311 377.37 379.35 370.44 370.44 37605740
20040312 369.45 369.94 366.47 369.69 27110228
20040315 369.20 370.93 363.01 364.99 20690052
20040316 364.00 368.21 362.51 364.99 25712106
20040317 365.48 369.45 362.51 368.46 32320880
20040318 367.96 371.92 352.61 357.56 74105240
20040319 361.03 361.03 355.33 358.30 47727788
20040322 356.57 356.57 348.89 350.38 27687530
20040323 350.63 352.86 348.40 348.65 25763092
20040324 350.13 352.11 349.14 351.86 34259552
20040325 353.60 356.32 352.61 354.09 20794548
20040326 354.84 357.81 352.11 356.57 21296834
20040329 358.30 362.02 358.06 360.28 16861470
20040330 361.03 363.75 359.05 363.75 29795314
20040331 356.32 357.06 350.38 352.11 31082682
20040401 353.60 353.60 343.69 352.11 35459488
20040402 351.12 359.29 349.88 358.06 28459586
20040405 360.04 362.51 355.58 360.78 19245486
20040406 361.27 366.72 358.30 364.99 48416652
20040407 362.51 366.97 361.77 363.75 25310580
20040408 366.23 368.95 364.99 365.98 13630079
20040409 365.98 365.98 365.98 365.98 0
20040412 365.98 365.98 365.98 365.98 0
20040413 372.17 374.65 369.94 374.40 26599462
20040414 372.91 378.61 371.43 378.11 41126892
20040415 378.11 388.02 377.62 387.27 48771536
20040416 388.51 389.01 384.30 389.01 32791766
20040419 386.78 390.25 382.57 386.04 36197520
20040420 387.27 388.02 383.81 385.29 21568118
20040421 381.58 383.81 380.09 383.31 22506964
20040422 383.31 385.79 375.39 384.30 21240294
20040423 386.28 385.05 381.33 382.82 17792744
20040426 382.82 385.29 381.33 383.31 14505924
20040427 384.55 386.28 378.86 384.80 19715466
20040428 388.02 388.02 383.06 383.06 21036756
20040429 396.68 397.92 389.26 389.26 68079208
20040430 387.27 390.49 385.29 385.29 26305864
20040503 385.29 385.29 385.29 385.29 0
20040504 389.01 393.22 387.77 392.23 21658176
20040505 392.72 400.15 390.74 398.91 23210570
20040506 400.15 406.09 400.15 401.14 44481052
20040507 401.14 401.14 393.71 398.17 22854174
20040510 393.22 390.25 388.26 390.25 31552558
20040511 392.23 396.44 386.53 395.94 21840414
20040512 397.18 397.43 392.72 394.21 22028304
20040513 397.18 397.92 390.49 397.18 19733336
20040514 396.68 400.40 392.47 399.90 20034506
20040517 396.19 397.18 392.47 394.95 14015653
20040518 394.21 395.45 387.27 390.00 20652796
20040519 388.26 393.46 384.06 393.46 28151248
20040520 392.23 392.72 388.02 390.00 15574608
20040521 388.26 390.99 386.53 388.26 13847652
20040524 385.29 391.73 385.05 389.75 13331534
20040525 388.51 398.91 388.51 395.20 22596316
20040526 399.66 401.39 395.20 396.93 16275486
20040527 393.96 398.66 393.71 394.70 16390583
20040528 395.20 396.19 389.75 390.49 22056574
20040531 390.49 390.49 390.49 390.49 0
20040601 396.19 396.19 390.00 390.49 10351942
20040602 394.46 396.68 391.48 392.23 17355478
20040603 394.95 394.95 390.25 393.22 14475434
20040604 393.22 393.71 388.51 390.99 14797907
20040607 390.74 395.94 390.74 394.70 14248572
20040608 394.95 398.17 392.72 396.44 13519828
20040609 394.21 395.94 389.75 391.24 16861268
20040610 390.25 396.19 390.25 396.19 14872013
20040611 396.19 398.66 393.96 395.94 9052964
20040614 396.19 396.19 392.23 392.23 14940263
20040615 392.72 397.43 395.20 395.69 11927858
20040616 394.95 404.36 394.95 402.38 19966760
20040617 402.13 407.83 401.88 406.09 20378078
20040618 406.09 412.53 403.86 409.81 25661624
20040621 410.06 410.80 406.34 407.83 11708165
20040622 405.10 406.09 402.13 403.62 18044846
20040623 405.60 406.09 404.11 404.61 14105812
20040624 408.82 414.51 408.82 413.27 24333672
20040625 411.05 413.27 410.55 412.04 17814248
20040628 410.55 415.75 408.32 412.28 23027828
20040629 411.05 411.29 405.60 408.07 30745972
20040630 408.07 408.07 399.66 400.65 32133596
20040701 401.64 403.12 397.18 397.18 25327542
20040702 398.91 399.41 396.44 396.93 12880940
20040705 398.17 399.66 396.93 398.17 7073906
20040706 399.66 399.66 395.45 395.45 14976609
20040707 395.69 398.17 392.72 393.22 19509906
20040708 392.47 394.95 389.50 394.70 23115664
20040709 394.21 400.40 393.96 399.66 16860562
20040712 398.91 400.40 395.69 397.67 15631550
20040713 398.66 398.91 392.47 393.46 12362803
20040714 392.47 396.44 391.73 396.19 11740170
20040715 396.19 399.66 394.95 395.94 13591309
20040716 394.21 397.67 393.96 395.94 14464631
20040719 396.68 398.66 394.70 394.70 10344773
20040720 393.46 395.20 390.25 394.21 15986634
20040721 396.19 396.19 391.48 393.46 15450828
20040722 389.01 389.75 385.29 385.54 15386515
20040723 386.28 387.27 384.30 385.29 12631665
20040726 383.81 387.03 379.85 380.84 13833113
20040727 380.84 381.33 375.14 380.84 23324252
20040728 382.82 387.03 382.07 386.28 26454278
20040729 383.06 399.16 392.47 396.19 42535312
20040730 397.43 397.43 392.72 394.70 24651096
20040802 394.70 395.69 391.24 394.95 22774110
20040803 396.19 405.10 396.19 405.10 31226754
20040804 403.62 406.59 400.65 400.89 16678930
20040805 399.66 400.89 395.20 395.20 22566128
20040806 392.97 394.95 384.55 385.05 27187970
20040809 385.79 390.49 384.06 390.25 17820408
20040810 390.25 398.42 389.75 397.67 30947292
20040811 392.23 393.71 385.29 386.04 19004490
20040812 388.26 391.98 387.77 391.24 19817638
20040813 390.00 390.99 384.06 386.78 14523189
20040816 388.26 395.69 387.77 395.45 19259824
20040817 395.45 396.68 388.76 389.75 21438180
20040818 389.26 393.46 386.28 391.48 14893921
20040819 392.97 395.69 389.01 392.23 18685450
20040820 391.73 397.67 391.48 397.18 17853926
20040823 398.91 400.89 397.18 397.92 12262548
20040824 398.17 393.71 390.49 392.97 22669110
20040825 392.23 393.96 388.76 392.72 20097102
20040826 394.21 395.94 391.48 395.94 14446660
20040827 395.69 402.87 395.69 402.13 17730350
20040830 402.13 402.13 402.13 402.13 0
20040831 399.66 404.86 398.17 401.64 21128026
20040901 404.86 408.82 404.11 406.09 18348944
20040902 408.57 413.03 406.34 411.29 18589132
20040903 413.77 416.49 410.30 414.76 18824274
20040906 415.26 417.48 414.51 415.01 14717238
20040907 415.50 416.25 411.54 414.51 17061172
20040908 412.53 415.50 409.56 411.05 23598364
20040909 411.05 414.26 409.56 412.04 12960195
20040910 414.76 416.25 409.31 410.55 19086168
20040913 410.55 412.28 406.59 410.06 16290832
20040914 410.06 411.05 407.83 408.57 17294698
20040915 407.58 414.02 407.58 413.03 16730320
20040916 412.78 414.76 409.06 409.56 17812836
20040917 410.06 416.74 408.82 413.52 24331148
20040920 414.51 420.46 414.51 418.47 25350560
20040921 418.23 428.38 418.23 428.13 51530728
20040922 429.62 431.35 413.27 414.02 60852552
20040923 413.52 413.77 402.38 402.87 52463716
20040924 402.13 405.10 401.14 403.37 23037218
20040927 400.89 405.85 400.40 404.86 22613480
20040928 405.85 411.54 403.12 403.62 49424760
20040929 403.62 407.08 400.65 401.14 35760456
20040930 403.62 406.34 401.14 401.64 28888272
20041001 404.11 411.54 401.64 411.05 25286652
20041004 411.79 414.51 408.07 408.07 24584966
20041005 409.56 415.01 408.57 414.26 17341948
20041006 415.26 420.95 414.26 417.24 31186672
20041007 420.21 422.93 416.99 418.23 18931292
20041008 418.23 422.44 416.49 416.99 13901364
20041011 419.22 421.94 417.24 420.70 18877580
20041012 424.91 424.91 414.26 415.01 26151492
20041013 414.76 418.72 411.54 413.52 35569840
20041014 412.04 417.98 412.04 416.74 33642676
20041015 416.00 417.24 413.27 416.25 15571680
20041018 418.23 419.71 416.99 417.48 11997017
20041019 416.99 420.21 412.78 413.52 25373884
20041020 411.05 414.02 409.31 412.78 18848806
20041021 413.27 415.50 409.31 413.52 17187072
20041022 413.03 416.74 413.03 415.26 16836936
20041025 411.54 413.03 407.83 410.55 17912686
20041026 410.80 412.53 406.34 408.07 14491992
20041027 410.06 421.45 409.81 419.71 34572840
20041028 429.86 446.70 426.15 431.35 177578816
20041029 427.88 430.85 422.93 424.66 41793744
20041101 423.92 430.36 423.92 425.90 21106924
20041102 426.65 426.65 420.46 423.67 20698230
20041103 426.89 428.87 424.42 426.65 22811264
20041104 428.87 431.60 426.89 431.60 15388837
20041105 433.83 433.83 428.38 430.11 20747500
20041108 430.36 434.82 429.62 431.10 21264728
20041109 431.85 434.82 430.85 432.84 21868986
20041110 432.34 435.56 431.10 435.56 25564702
20041111 436.55 439.52 435.31 438.28 12674372
20041112 438.53 439.03 434.82 438.78 17341040
20041115 440.02 440.51 434.57 435.81 16658839
20041116 435.81 437.29 432.34 432.84 15307664
20041117 431.85 437.29 431.10 436.30 16780498
20041118 437.29 437.54 435.31 435.81 14018782
20041119 436.05 440.02 435.81 437.29 16164529
20041122 436.30 436.55 432.84 434.82 11264740
20041123 436.55 436.55 432.84 434.57 15943018
20041124 434.32 436.30 431.85 431.85 13566573
20041125 433.58 445.71 433.33 443.98 43599652
20041126 441.75 443.24 439.77 442.99 12260932
20041129 441.75 446.70 440.26 440.26 13996268
20041130 441.01 442.99 435.31 435.81 21635764
20041201 436.05 439.03 434.32 436.80 17155976
20041202 434.57 435.31 430.61 433.58 40248620
20041203 434.32 436.30 428.63 431.35 30594226
20041206 430.85 431.60 428.38 429.86 16382001
20041207 428.87 432.34 428.87 430.36 18133086
20041208 426.15 428.13 424.17 426.40 16875908
20041209 427.39 431.85 427.39 429.37 15759267
20041210 431.60 432.59 427.39 430.61 12001258
20041213 429.86 432.34 427.14 431.85 16703767
20041214 433.83 433.83 429.37 430.85 13534266
20041215 433.58 433.58 428.38 429.86 15949278
20041216 430.11 430.61 424.17 425.65 16715984
20041217 424.91 428.38 422.19 423.67 25237584
20041220 424.42 429.37 426.89 427.14 17248256
20041221 428.63 431.10 427.64 428.87 14664233
20041222 431.85 438.28 431.60 434.57 24744788
20041223 435.31 440.02 434.57 439.77 12728992
20041224 438.78 441.50 437.79 440.76 2707196
20041227 440.76 440.76 440.76 440.76 0
20041228 440.76 440.76 440.76 440.76 0
20041229 440.02 442.49 439.27 441.75 10254110
20041230 442.74 443.73 441.01 441.50 6814736
20041231 441.50 441.50 438.28 439.77 1867697
20050103 439.77 439.77 439.77 439.77 0
20050104 436.80 440.76 434.82 440.76 26638736
20050105 437.05 441.25 436.80 438.78 15609238
20050106 439.03 441.25 440.26 440.76 12604304
20050107 441.75 445.22 439.27 442.00 22291714
20050110 442.00 442.74 440.51 440.51 13461068
20050111 440.76 442.00 439.03 441.01 18976120
20050112 439.77 441.01 436.55 437.79 24091262
20050113 439.77 444.72 437.79 443.98 24737116
20050114 444.23 446.70 442.74 445.46 25357528
20050117 445.96 446.45 443.98 445.96 10649881
20050118 448.44 448.44 443.24 444.72 23371502
20050119 445.22 443.98 442.25 443.24 21582152
20050120 442.74 443.48 440.02 441.25 25651226
20050121 442.74 451.65 441.25 451.65 47507592
20050124 450.42 458.34 448.68 455.12 38597288
20050125 453.88 457.60 453.88 455.62 21879082
20050126 456.85 461.31 454.63 460.82 44070944
20050127 462.05 463.29 457.60 459.08 37182000
20050128 460.07 460.07 455.12 456.85 18688278
20050131 456.85 459.83 456.85 459.08 20843614
20050201 461.56 474.44 460.57 474.44 33809564
20050202 474.19 477.41 471.22 475.43 43569568
20050203 469.48 472.45 463.05 467.25 57050020
20050204 468.49 480.38 467.75 479.88 55557800
20050207 482.11 482.11 479.14 479.88 25298666
20050208 477.90 482.11 476.66 482.11 35362360
20050209 470.47 471.22 465.52 467.75 33196322
20050210 467.01 468.74 462.55 467.50 27117498
20050211 467.25 469.48 465.03 469.24 17733680
20050214 467.50 468.49 464.28 465.52 19051740
20050215 465.77 472.95 465.77 471.22 16382607
20050216 470.97 477.41 469.98 476.42 26567760
20050217 478.40 484.59 477.90 480.38 21238882
20050218 478.40 486.57 478.40 482.85 25481306
20050221 481.86 491.27 481.86 490.53 18114510
20050222 490.28 491.03 484.84 488.55 25929174
20050223 484.59 486.07 476.91 479.64 21070376
20050224 480.87 485.08 477.41 477.90 21468872
20050225 480.87 484.34 478.65 483.85 31958728
20050228 485.33 492.26 483.35 483.35 28848996
20050301 484.84 489.54 483.85 487.31 34327096
20050302 486.32 490.28 484.34 490.28 20165856
20050303 490.28 500.44 490.28 495.73 25899996
20050304 498.21 501.18 495.24 500.68 21333584
20050307 501.18 503.16 495.24 496.72 14194153
20050308 497.71 497.71 491.27 496.47 21154578
20050309 497.96 498.70 492.51 494.25 16482155
20050310 488.30 488.30 482.11 484.09 36622468
20050311 484.84 490.04 483.60 487.81 20527098
20050314 486.57 489.79 483.85 486.82 12606626
20050315 487.31 492.26 487.06 488.30 19420958
20050316 484.09 484.84 479.39 484.09 19353618
20050317 484.09 484.84 477.65 477.90 26510614
20050318 479.88 480.87 478.89 480.38 27228254
20050321 480.38 484.34 479.39 480.87 15985220
20050322 480.87 482.85 474.93 480.87 20247334
20050323 475.43 477.41 472.45 476.42 26402282
20050324 475.43 476.91 472.45 473.94 17703190
20050325 473.94 473.94 473.94 473.94 0
20050328 473.94 473.94 473.94 473.94 0
20050329 471.46 476.42 468.99 475.92 22838928
20050330 471.96 475.92 470.47 471.46 16933354
20050331 477.90 477.90 470.47 470.47 19140990
20050401 471.96 476.42 469.48 470.97 24326906
20050404 473.94 476.42 470.47 474.44 27845736
20050405 474.93 481.37 473.94 481.37 22266170
20050406 480.38 481.37 476.91 479.39 23393008
20050407 482.36 491.27 481.37 491.27 37760612
20050408 488.80 489.79 484.84 486.82 19347156
20050411 483.35 484.34 480.87 484.34 18169838
20050412 484.84 485.33 480.87 481.86 21282296
20050413 480.38 482.36 476.42 478.40 18059182
20050414 475.43 477.41 473.94 477.41 19189250
20050415 474.44 474.93 470.97 472.45 25513816
20050418 465.52 466.51 461.06 463.54 31461188
20050419 464.04 468.99 463.54 467.50 28632332
20050420 469.98 471.96 461.56 464.04 26824606
20050421 460.07 466.02 460.07 463.54 18193564
20050422 466.51 468.99 466.02 467.50 15905157
20050425 467.50 475.43 467.50 473.45 21770446
20050426 477.90 478.40 470.97 471.46 29946858
20050427 470.97 471.46 463.54 463.54 27696716
20050428 465.52 467.50 459.58 462.05 44066300
20050429 461.06 468.99 460.07 465.03 30575044
20050502 465.03 465.03 465.03 465.03 0
20050503 471.46 472.45 466.02 466.51 30845926
20050504 465.03 469.48 465.03 468.00 17107414
20050505 468.99 473.94 467.50 472.45 22548460
20050506 473.94 475.43 470.97 474.44 18265852
20050509 475.92 475.92 469.48 472.45 21720470
20050510 473.45 474.44 471.46 472.95 18797216
20050511 472.00 473.00 470.00 471.00 26116900
20050512 474.50 474.50 467.00 468.50 17301100
20050513 465.00 465.00 459.00 464.50 30716300
20050516 461.00 464.00 460.50 462.00 17987800
20050517 464.00 466.00 463.00 463.50 18859500
20050518 467.50 476.50 465.50 472.00 35811700
20050519 471.00 475.00 471.00 473.00 36078300
20050520 474.00 477.00 473.50 473.50 19232700
20050523 476.00 478.00 473.00 476.50 15999500
20050524 477.50 482.00 477.50 479.50 26505100
20050525 481.00 483.00 478.50 482.00 18488300
20050526 484.50 491.00 483.00 487.50 22478600
20050527 486.00 488.00 484.00 485.50 15661600
20050530 485.50 485.50 485.50 485.50 0
20050531 487.50 488.00 477.50 477.50 21610600
20050601 480.00 487.50 480.00 486.50 21222700
20050602 486.00 491.50 486.00 490.50 17580900
20050603 490.50 490.50 490.50 490.50 0
20050606 489.00 491.00 485.00 485.00 15035200
20050607 485.50 489.00 483.50 487.50 19496900
20050608 486.00 486.00 481.50 483.50 21362700
20050609 482.00 484.00 479.00 484.00 17057400
20050610 488.00 494.50 487.50 491.00 32702700
20050613 490.00 501.00 489.00 499.50 32637800
20050614 500.50 504.50 500.00 500.50 30621000
20050615 501.00 503.00 497.00 497.00 29970600
20050616 499.50 508.00 498.50 506.00 35385100
20050617 507.00 521.50 507.00 516.50 54333900
20050620 519.00 525.00 517.50 519.75 29416000
20050621 520.00 522.00 514.75 515.50 29050800
20050622 513.00 519.00 511.00 516.25 19431300
20050623 516.00 518.50 513.25 517.75 27330900
20050624 516.00 523.00 514.00 521.00 27980900
20050627 519.50 529.00 519.00 528.00 36714100
20050628 532.00 545.75 532.00 545.00 55407300
20050629 542.50 543.25 535.75 538.50 40630900
20050630 538.00 545.00 536.00 542.75 36865400
20050701 540.00 553.00 540.00 553.00 22974800
20050704 556.00 567.00 554.50 563.25 27990100
20050705 563.50 567.75 559.00 563.75 36878200
20050706 568.50 572.00 566.50 568.75 38361400
20050707 567.00 567.00 546.75 557.00 62807400
20050708 565.00 567.25 561.00 564.00 44620500
20050711 563.00 564.00 547.25 548.75 49369600
20050712 547.25 549.00 538.75 542.00 61365400
20050713 543.50 548.75 540.00 544.75 60485000
20050714 543.00 554.75 542.75 549.00 102596704
20050715 541.00 543.50 537.50 541.00 106671696
20050718 543.00 543.75 535.50 537.00 131200800
20050719 543.00 547.00 528.00 528.00 243603296
20050720 1846.00 1872.00 1788.00 1806.50 45070600
20050721 1822.50 1829.50 1790.00 1798.50 22606200
20050722 1790.00 1803.00 1768.00 1795.00 20012200
20050725 1811.00 1828.00 1798.00 1798.00 20914100
20050726 1794.00 1811.00 1786.00 1794.00 20488200
20050727 1795.00 1799.00 1782.00 1790.00 23125900
20050728 1761.00 1779.00 1753.00 1759.00 36891500
20050729 1765.00 1820.00 1765.00 1806.00 27164700
20050801 1806.00 1838.00 1804.00 1835.00 10286300
20050802 1840.00 1863.00 1840.00 1853.00 16494100
20050803 1842.00 1865.00 1830.00 1864.00 13549800
20050804 1855.00 1856.00 1840.00 1851.00 8099000
20050805 1840.00 1858.00 1839.00 1855.00 7750900
20050808 1865.00 1871.00 1855.00 1868.00 9138800
20050809 1866.00 1919.00 1866.00 1909.00 16908800
20050810 1909.00 1947.00 1909.00 1936.00 12357900
20050811 1957.00 1966.00 1937.00 1945.00 12394500
20050812 1943.00 1948.00 1922.00 1923.00 5988100
20050815 1928.00 1932.00 1914.00 1920.00 4696600
20050816 1919.00 1919.00 1889.00 1895.00 11915800
20050817 1890.00 1890.00 1873.00 1883.00 9231500
20050818 1865.00 1875.00 1838.00 1840.00 11969900
20050819 1845.00 1872.00 1834.00 1866.00 8151700
20050822 1874.00 1879.00 1857.00 1859.00 6045400
20050823 1855.00 1858.00 1837.00 1839.00 13372700
20050824 1835.00 1845.00 1822.00 1831.00 12679700
20050825 1831.00 1847.00 1826.00 1826.00 4482900
20050826 1827.00 1849.00 1822.00 1824.00 5739800
20050829 1824.00 1824.00 1824.00 1824.00 0
20050830 1816.00 1842.00 1816.00 1842.00 4982800
20050831 1847.00 1889.00 1840.00 1881.00 11771000
20050901 1883.00 1905.00 1883.00 1897.00 11038900
20050902 1891.00 1899.00 1879.00 1882.00 6933100
20050905 1873.00 1887.00 1866.00 1879.00 4264300
20050906 1876.00 1886.00 1866.00 1870.00 3905200
20050907 1866.00 1878.00 1835.00 1842.00 10179300
20050908 1844.00 1844.00 1817.00 1818.00 7882700
20050909 1823.00 1838.00 1823.00 1834.00 7885800
20050912 1838.00 1843.00 1828.00 1831.00 8390400
20050913 1830.00 1831.00 1805.00 1816.00 7588800
20050914 1811.00 1820.00 1807.00 1820.00 11176300
20050915 1828.00 1891.00 1823.00 1875.00 18286800
20050916 1871.00 1897.00 1870.00 1895.00 22154900
20050919 1885.00 1920.00 1872.00 1916.00 5540600
20050920 1919.00 1942.00 1909.00 1915.00 14213800
20050921 1907.00 1931.00 1907.00 1914.00 12283300
20050922 1911.00 1943.00 1904.00 1933.00 8894200
20050923 1927.00 1931.00 1904.00 1914.00 6089600
20050926 1909.00 1915.00 1889.00 1913.00 7825900
20050927 1933.00 1949.00 1913.00 1915.00 13203600
20050928 1921.00 1946.00 1921.00 1946.00 14002900
20050929 1950.00 1958.00 1942.00 1956.00 13076700
20050930 1961.00 1966.00 1949.00 1958.00 9432200
20051003 1957.00 1968.00 1950.00 1959.00 9525100
20051004 1951.00 1955.00 1910.00 1919.00 13634900
20051005 1888.00 1904.00 1888.00 1890.00 12103800
20051006 1870.00 1876.00 1850.00 1860.00 14095200
20051007 1855.00 1884.00 1855.00 1873.00 8037600
20051010 1875.00 1889.00 1862.00 1865.00 7470100
20051011 1870.00 1877.00 1857.00 1862.00 15852900
20051012 1873.00 1873.00 1840.00 1840.00 10829600
20051013 1840.00 1845.00 1802.00 1814.00 15522900
20051014 1810.00 1822.00 1783.00 1804.00 19323200
20051017 1819.00 1838.00 1817.00 1819.00 8234600
20051018 1838.00 1841.00 1791.00 1801.00 11042700
20051019 1777.00 1781.00 1756.00 1760.00 18225100
20051020 1784.00 1788.00 1739.00 1750.00 18837200
20051021 1729.00 1744.00 1717.00 1727.00 12367200
20051024 1728.00 1758.00 1724.00 1758.00 6860600
20051025 1760.00 1765.00 1735.00 1746.00 7367200
20051026 1754.00 1787.00 1754.00 1777.00 8214000
20051027 1795.00 1813.00 1784.00 1791.00 15266800
20051028 1782.00 1817.00 1782.00 1809.00 10993600
20051031 1818.00 1851.00 1815.00 1843.00 16178500
20051101 1843.00 1843.00 1821.00 1838.00 13653100
20051102 1829.00 1840.00 1792.00 1819.00 13024700
20051103 1824.00 1849.00 1818.00 1846.00 7666600
20051104 1853.00 1871.00 1849.00 1849.00 7211100
20051107 1852.00 1861.00 1824.00 1842.00 8121400
20051108 1838.00 1848.00 1823.00 1847.00 9092400
20051109 1842.00 1854.00 1838.00 1843.00 10402700
20051110 1843.00 1851.00 1809.00 1810.00 10308400
20051111 1825.00 1826.00 1795.00 1804.00 11109700
20051114 1800.00 1838.00 1799.00 1822.00 6638800
20051115 1825.00 1852.00 1825.00 1845.00 5256300
20051116 1840.00 1857.00 1819.00 1853.00 8689100
20051117 1858.00 1892.00 1858.00 1877.00 7102500
20051118 1881.00 1909.00 1881.00 1901.00 10614600
20051121 1881.00 1932.00 1881.00 1924.00 9424300
20051122 1931.00 1943.00 1895.00 1943.00 8184700
20051123 1949.00 1952.00 1924.00 1939.00 6455500
20051124 1945.00 1945.00 1915.00 1923.00 3453200
20051125 1928.00 1933.00 1921.00 1927.00 4708100
20051128 1933.00 1939.00 1903.00 1903.00 6079800
20051129 1890.00 1922.00 1878.00 1909.00 13651700
20051130 1906.00 1906.00 1865.00 1865.00 9962700
20051201 1875.00 1894.00 1874.00 1887.00 6984200
20051202 1900.00 1907.00 1892.00 1904.00 9440700
20051205 1910.00 1915.00 1897.00 1908.00 4962300
20051206 1905.00 1919.00 1901.00 1909.00 8425200
20051207 1913.00 1917.00 1879.00 1887.00 13106000
20051208 1878.00 1915.00 1875.00 1915.00 8130400
20051209 1913.00 1916.00 1876.00 1886.00 12455000
20051212 1887.00 1892.00 1866.00 1868.00 6895500
20051213 1873.00 1890.00 1872.00 1879.00 13978500
20051214 1878.00 1890.00 1867.00 1873.00 8611700
20051215 1875.00 1875.00 1842.00 1843.00 10240500
20051216 1846.00 1869.00 1840.00 1840.00 12430200
20051219 1843.00 1843.00 1816.00 1835.00 10879700
20051220 1832.00 1844.00 1823.00 1829.00 5229700
20051221 1829.00 1858.00 1829.00 1850.00 6533400
20051222 1857.00 1872.00 1848.00 1871.00 6736700
20051223 1871.00 1876.00 1855.00 1858.00 2423800
20051226 1858.00 1858.00 1858.00 1858.00 0
20051227 1858.00 1858.00 1858.00 1858.00 0
20051228 1832.00 1864.00 1832.00 1864.00 5063800
20051229 1869.00 1877.00 1853.00 1861.00 2388300
20051230 1865.00 1866.00 1843.00 1858.00 1711100
20060102 1858.00 1858.00 1858.00 1858.00 0
20060103 1869.00 1919.00 1869.00 1917.00 14102700
20060104 1921.00 1936.00 1919.00 1921.00 9800200
20060105 1930.00 1940.00 1912.00 1913.00 6514200
20060106 1911.00 1940.00 1911.00 1935.00 9610000
20060109 1938.00 1958.00 1927.00 1933.00 8300300
20060110 1926.00 1934.00 1917.00 1928.00 8361400
20060111 1929.00 1942.00 1922.00 1937.00 5133700
20060112 1946.00 1951.00 1936.00 1945.00 6177800
20060113 1930.00 1937.00 1917.00 1929.00 6118500
20060116 1930.00 1956.00 1930.00 1952.00 4245000
20060117 1947.00 1959.00 1935.00 1943.00 9170800
20060118 1942.00 1951.00 1934.00 1941.00 8211700
20060119 1938.00 1940.00 1919.00 1920.00 7635700
20060120 1932.00 1951.00 1923.00 1923.00 6779700
20060123 1919.00 1935.00 1915.00 1930.00 5832500
20060124 1930.00 1942.00 1912.00 1913.00 5731100
20060125 1921.00 1930.00 1906.00 1926.00 6758100
20060126 1918.00 1933.00 1912.00 1928.00 7939500
20060127 1935.00 1973.00 1935.00 1960.00 9542900
20060130 1960.00 2016.00 1960.00 2002.00 13408900
20060131 2014.00 2046.00 2009.00 2016.00 11334200
20060201 2010.00 2020.00 1998.00 2005.00 7551800
20060202 1977.00 1985.00 1948.00 1956.00 13769900
20060203 1949.00 1953.00 1920.00 1933.00 21742600
20060206 1934.00 1948.00 1930.00 1939.00 12622300
20060207 1935.00 1942.00 1909.00 1913.00 18409100
20060208 1885.00 1893.00 1866.00 1875.00 13732500
20060209 1884.00 1899.00 1882.00 1890.00 10920700
20060210 1884.00 1893.00 1867.00 1875.00 14220500
20060213 1880.00 1885.00 1867.00 1880.00 5336600
20060214 1884.00 1887.00 1865.00 1868.00 9804200
20060215 1871.00 1891.00 1858.00 1870.00 15111200
20060216 1867.00 1872.00 1859.00 1867.00 11832900
20060217 1868.00 1890.00 1865.00 1873.00 9720400
20060220 1869.00 1894.00 1869.00 1888.00 4673400
20060221 1890.00 1895.00 1864.00 1868.00 10778600
20060222 1867.00 1872.00 1840.00 1845.00 10952300
20060223 1850.00 1854.00 1818.00 1822.00 10550500
20060224 1830.00 1839.00 1818.00 1827.00 9233300
20060227 1806.00 1844.00 1806.00 1827.00 7066500
20060228 1825.00 1826.00 1792.00 1795.00 10757000
20060301 1797.00 1841.00 1795.00 1839.00 8663900
20060302 1842.00 1856.00 1820.00 1827.00 18551000
20060303 1840.00 1857.00 1824.00 1840.00 11254700
20060306 1853.00 1855.00 1820.00 1825.00 9135700
20060307 1820.00 1829.00 1810.00 1819.00 9279500
20060308 1823.00 1842.00 1808.00 1833.00 14475600
20060309 1842.00 1846.00 1823.00 1834.00 7807500
20060310 1830.00 1851.00 1818.00 1849.00 7260000
20060313 1859.00 1862.00 1842.00 1855.00 7086700
20060314 1857.00 1867.00 1846.00 1850.00 9339800
20060315 1858.00 1867.00 1849.00 1853.00 9114400
20060316 1857.00 1860.00 1844.00 1850.00 6944900
20060317 1860.00 1869.00 1836.00 1836.00 13314400
20060320 1845.00 1845.00 1818.00 1822.00 9338900
20060321 1813.00 1813.00 1795.00 1809.00 8243500
20060322 1809.00 1822.00 1799.00 1817.00 5480000
20060323 1811.00 1817.00 1798.00 1806.00 10288100
20060324 1814.00 1849.00 1805.00 1840.00 6639600
20060327 1848.00 1853.00 1827.00 1835.00 7790300
20060328 1835.00 1859.00 1835.00 1844.00 13040700
20060329 1848.00 1874.00 1840.00 1863.00 12056100
20060330 1871.00 1895.00 1867.00 1885.00 9948900
20060331 1885.00 1897.00 1870.00 1872.00 13564200
20060403 1875.00 1902.00 1870.00 1894.00 13808800
20060404 1885.00 1899.00 1876.00 1886.00 12490700
20060405 1895.00 1912.00 1877.00 1912.00 19455100
20060406 1918.00 1942.00 1910.00 1918.00 13234600
20060407 1922.00 1955.00 1921.00 1928.00 17607400
20060410 1929.00 1972.00 1923.00 1970.00 15921300
20060411 1984.00 2007.00 1977.00 1985.00 21802800
20060412 1976.00 1990.00 1967.00 1970.00 13257600
20060413 1965.00 1976.00 1949.00 1970.00 5674100
20060414 1970.00 1970.00 1970.00 1970.00 0
20060417 1970.00 1970.00 1970.00 1970.00 0
20060418 1974.00 2019.00 1974.00 2003.00 15854400
20060419 2025.00 2030.00 1990.00 2004.00 11536800
20060420 2013.00 2014.00 1994.00 1999.00 13438100
20060421 1995.00 2046.00 1992.00 2043.00 25446400
20060424 2050.00 2071.00 2042.00 2042.00 20318600
20060425 2040.00 2057.00 2029.00 2030.00 8767000
20060426 2032.00 2053.00 2032.00 2038.00 9436900
20060427 2031.00 2031.00 1980.00 1993.00 13099100
20060428 1984.00 1986.00 1961.00 1961.00 15489200
20060501 1961.00 1961.00 1961.00 1961.00 0
20060502 1962.00 1991.00 1962.00 1988.00 16333800
20060503 1995.00 1996.00 1944.00 1948.00 13360500
20060504 1955.00 1974.00 1935.00 1951.00 21208300
20060505 1947.00 1957.00 1930.00 1954.00 10207600
20060508 1949.00 1966.00 1925.00 1929.00 10612900
20060509 1932.00 1948.00 1929.00 1942.00 12412000
20060510 1929.00 1941.00 1916.00 1918.00 7096200
20060511 1932.00 1948.00 1926.00 1930.00 10264400
20060512 1919.00 1924.00 1879.00 1879.00 10042800
20060515 1869.00 1878.54 1839.77 1858.00 7755500
20060516 1850.00 1878.40 1840.38 1850.00 14739300
20060517 1853.00 1865.00 1783.00 1783.00 12509200
20060518 1791.00 1811.46 1773.95 1798.00 12798500
20060519 1801.00 1817.72 1790.23 1795.00 12907600
20060522 1790.00 1800.07 1758.33 1769.00 18258800
20060523 1779.00 1840.23 1779.00 1837.00 13538400
20060524 1824.00 1830.42 1770.06 1799.00 9452300
20060525 1798.00 1851.00 1781.00 1844.00 14272600
20060526 1857.00 1870.40 1826.46 1869.00 13153600
20060529 1869.00 1869.00 1869.00 1869.00 0
20060530 1869.00 1872.00 1817.00 1823.00 11748100
20060531 1819.00 1844.23 1812.58 1834.00 11653200
20060601 1834.00 1850.00 1804.00 1840.00 12112500
20060602 1853.00 1853.46 1815.46 1824.00 6084800
20060605 1841.00 1868.13 1828.00 1845.00 6296500
20060606 1826.00 1840.00 1793.00 1807.00 14792600
20060607 1814.00 1832.08 1797.83 1810.00 6797200
20060608 1783.00 1810.00 1742.70 1745.00 22058200
20060609 1777.00 1807.00 1760.00 1789.00 13524400
20060612 1789.00 1797.50 1773.00 1782.00 20097800
20060613 1763.00 1773.53 1738.25 1767.00 22393700
20060614 1760.00 1770.77 1726.46 1735.00 22468100
20060615 1746.00 1790.65 1742.46 1777.00 13536300
20060616 1800.00 1806.00 1769.80 1775.00 13791200
20060619 1785.00 1796.62 1770.00 1772.00 4642500
20060620 1764.00 1783.00 1743.46 1781.00 8263700
20060621 1777.00 1787.00 1755.00 1782.00 5831200
20060622 1799.00 1811.00 1787.00 1795.00 7319200
20060623 1805.00 1829.62 1795.00 1821.00 8153200
20060626 1827.00 1830.15 1796.23 1801.00 9220100
20060627 1819.00 1833.00 1811.00 1815.00 9276400
20060628 1815.00 1855.10 1816.00 1841.00 7904000
20060629 1858.00 1886.00 1852.00 1886.00 9025800
20060630 1902.00 1912.00 1886.00 1891.00 9033500
20060703 1893.00 1924.00 1893.00 1922.00 3688000
20060704 1914.00 1916.00 1899.00 1909.00 2896900
20060705 1898.00 1911.00 1892.00 1904.00 2728900
20060706 1910.00 1932.00 1905.00 1914.00 4450400
20060707 1914.00 1936.00 1907.00 1932.00 4909200
20060710 1925.00 1933.00 1901.00 1932.00 6330300
20060711 1922.00 1939.00 1919.00 1934.00 6876500
20060712 1942.00 1943.00 1926.00 1930.00 7509900
20060713 1930.00 1932.00 1901.00 1906.00 5938600
20060714 1915.00 1925.00 1901.00 1903.00 4195500
20060717 1905.00 1913.00 1888.00 1905.00 6142000
20060718 1898.00 1899.00 1880.00 1890.00 5366100
20060719 1892.00 1900.00 1872.00 1892.00 10528800
20060720 1893.00 1900.00 1871.00 1882.00 10100000
20060721 1880.00 1885.00 1871.00 1876.00 7101500
20060724 1875.00 1914.00 1871.00 1906.00 4142000
20060725 1911.00 1924.00 1906.00 1914.00 4442700
20060726 1911.00 1947.00 1911.00 1940.00 9881100
20060727 1960.00 2005.00 1960.00 1981.00 16266600
20060728 1971.00 1998.00 1959.00 1993.00 4543600
20060731 1990.00 1996.00 1967.00 1971.00 8435800
20060801 1975.00 1985.00 1960.00 1962.00 5599100
20060802 1961.00 1972.00 1955.00 1972.00 7840600
20060803 1972.00 1972.00 1972.00 1972.00 0
20060804 1933.00 1942.00 1915.00 1935.00 6402900
20060807 1925.00 1944.00 1919.00 1935.00 5533200
20060808 1945.00 1952.00 1923.00 1925.00 20481100
20060809 1929.00 1959.00 1916.00 1950.00 9530000
20060810 1940.00 1942.00 1915.00 1931.00 6178600
20060811 1930.00 1944.00 1916.00 1922.00 5042100
20060814 1929.00 1940.00 1917.00 1926.00 4810100
20060815 1926.00 1941.00 1907.00 1939.00 4151700
20060816 1942.00 1945.00 1921.00 1937.00 4922100
20060817 1933.00 1933.00 1912.00 1917.00 7990700
20060818 1920.00 1957.00 1920.00 1948.00 12436500
20060821 1958.00 1973.00 1955.00 1967.00 9373800
20060822 1970.00 1973.00 1937.00 1947.00 9979400
20060823 1951.00 1963.00 1931.00 1934.00 8670200
20060824 1933.00 1952.00 1917.00 1935.00 8516700
20060825 1939.00 1948.00 1921.00 1933.00 4584700
20060828 1933.00 1933.00 1933.00 1933.00 0
20060829 1933.00 1944.00 1900.00 1904.00 8156700
20060830 1908.00 1912.00 1893.00 1898.00 11226200
20060831 1904.00 1910.00 1871.00 1880.00 9622600
20060901 1879.00 1892.00 1867.00 1877.00 5183700
20060904 1874.00 1894.00 1869.00 1894.00 4397300
20060905 1891.00 1899.00 1880.00 1896.00 12403900
20060906 1900.00 1903.00 1874.00 1876.00 9743100
20060907 1870.00 1873.00 1846.00 1847.00 11026700
20060908 1850.00 1862.00 1844.00 1852.00 5996200
20060911 1842.00 1844.00 1811.00 1823.00 10805200
20060912 1819.00 1824.00 1794.00 1815.00 11213700
20060913 1809.00 1821.00 1792.00 1803.00 11446500
20060914 1808.00 1824.00 1787.00 1789.00 12475600
20060915 1784.00 1794.00 1777.00 1783.00 12219900
20060918 1782.00 1801.00 1773.00 1793.00 5683900
20060919 1797.00 1808.00 1772.00 1772.00 9741900
20060920 1765.00 1785.00 1762.00 1776.00 6249400
20060921 1770.00 1786.00 1762.00 1786.00 5623800
20060922 1778.00 1792.00 1759.00 1759.00 9384400
20060925 1759.00 1765.00 1733.00 1740.00 11320800
20060926 1755.00 1764.00 1740.00 1755.00 8951600
20060927 1761.00 1798.00 1761.00 1789.00 8779700
20060928 1807.00 1822.00 1801.00 1813.00 6539300
20060929 1820.00 1826.00 1804.00 1813.00 7693400
20061002 1818.00 1825.00 1799.00 1803.00 5846800
20061003 1792.00 1796.00 1764.00 1781.00 12387500
20061004 1776.00 1784.00 1752.00 1760.00 17254300
20061005 1776.00 1785.00 1764.00 1774.00 15388600
20061006 1778.00 1780.00 1762.00 1767.00 5416700
20061009 1768.00 1792.00 1768.00 1781.00 4903200
20061010 1787.00 1804.00 1776.00 1802.00 11915500
20061011 1802.00 1804.00 1788.00 1799.00 6534200
20061012 1806.00 1808.00 1793.00 1805.00 6724200
20061013 1807.00 1827.00 1803.00 1820.00 8907400
20061016 1816.00 1845.00 1816.00 1836.00 8276400
20061017 1844.00 1861.00 1837.00 1837.00 6190900
20061018 1845.00 1851.00 1820.00 1825.00 16638700
20061019 1820.00 1834.00 1811.00 1820.00 6351600
20061020 1833.00 1842.00 1816.00 1817.00 9221200
20061023 1820.00 1820.00 1796.00 1810.00 10781000
20061024 1814.00 1831.00 1811.00 1827.00 8870500
20061025 1828.00 1849.00 1823.00 1842.00 13579400
20061026 1891.00 1918.00 1888.00 1888.00 18091700
20061027 1891.00 1903.00 1877.00 1890.00 6723000
20061030 1881.00 1888.00 1870.00 1886.00 10803600
20061031 1875.00 1895.00 1872.00 1878.00 10477100
20061101 1871.00 1875.00 1851.00 1853.00 10459000
20061102 1850.00 1854.00 1831.00 1846.00 7831800
20061103 1848.00 1879.00 1847.00 1860.00 17919300
20061106 1865.00 1888.00 1865.00 1884.00 7238000
20061107 1886.00 1898.00 1883.00 1898.00 6273300
20061108 1892.00 1913.00 1888.00 1905.00 9002900
20061109 1905.00 1923.00 1905.00 1920.00 7372100
20061110 1919.00 1935.00 1915.00 1933.00 6987300
20061113 1925.00 1935.00 1911.00 1914.00 7498800
20061114 1914.00 1931.00 1910.00 1921.00 7044400
20061115 1931.00 1938.00 1913.00 1930.00 6393800
20061116 1931.00 1934.00 1918.00 1927.00 5653400
20061117 1908.00 1917.00 1890.00 1895.00 8491600
20061120 1891.00 1891.00 1869.00 1881.00 10886700
20061121 1877.00 1897.00 1875.00 1881.00 9274100
20061122 1885.00 1897.00 1860.00 1866.00 13471900
20061123 1874.00 1874.00 1850.00 1856.00 5417000
20061124 1852.00 1862.00 1838.00 1854.00 9071000
20061127 1858.00 1865.00 1842.00 1842.00 7898700
20061128 1842.00 1851.00 1823.00 1835.00 11282200
20061129 1849.00 1849.00 1809.00 1827.00 15557800
20061130 1836.00 1846.00 1811.00 1817.00 16445700
20061201 1825.00 1825.00 1783.00 1795.00 12723500
20061204 1795.00 1808.00 1784.00 1789.00 8294800
20061205 1797.00 1837.00 1795.00 1825.00 13365900
20061206 1836.00 1836.00 1818.00 1832.00 10091700
20061207 1826.00 1836.00 1816.00 1835.00 7712100
20061208 1833.00 1845.00 1827.00 1844.00 8311500
20061211 1842.00 1846.00 1823.00 1824.00 5249000
20061212 1817.00 1819.00 1791.00 1803.00 18106200
20061213 1802.00 1817.00 1796.00 1813.00 9289400
20061214 1820.00 1835.00 1813.00 1821.00 10392600
20061215 1821.00 1842.00 1820.00 1837.00 12240800
20061218 1838.00 1843.00 1818.00 1820.00 7623600
20061219 1813.00 1826.00 1800.00 1815.00 8516500
20061220 1821.00 1829.00 1795.00 1795.00 13898400
20061221 1791.00 1802.00 1778.00 1796.00 7665400
20061222 1798.00 1800.00 1787.00 1797.00 3078100
20061225 1797.00 1797.00 1797.00 1797.00 0
20061226 1797.00 1797.00 1797.00 1797.00 0
20061227 1802.00 1813.00 1792.00 1812.00 5366800
20061228 1817.00 1817.00 1797.00 1802.00 3467100
20061229 1797.00 1799.00 1783.00 1790.00 5549400
20070101 1790.00 1790.00 1790.00 1790.00 0
20070102 1804.00 1822.00 1804.00 1819.00 4272400
20070103 1817.00 1823.00 1806.00 1818.00 8261100
20070104 1801.00 1805.00 1776.00 1781.00 14033700
20070105 1771.00 1772.00 1732.00 1732.00 23012600
20070108 1744.00 1747.00 1711.00 1713.00 7623200
20070109 1713.00 1713.00 1692.00 1694.00 15442500
20070110 1690.00 1712.00 1683.00 1695.00 10178000
20070111 1694.00 1722.00 1681.00 1714.00 10415400
20070112 1704.00 1728.00 1689.00 1712.00 7362800
20070115 1724.00 1742.00 1721.00 1728.00 17140900
20070116 1731.00 1736.00 1707.00 1715.00 9958600
20070117 1719.00 1719.00 1691.00 1711.00 6941700
20070118 1711.00 1732.00 1708.00 1710.00 7521100
20070119 1711.00 1719.00 1701.00 1717.00 10047100
20070122 1722.00 1734.00 1702.00 1707.00 23314200
20070123 1706.00 1719.00 1698.00 1718.00 6427100
20070124 1732.00 1745.00 1729.00 1739.00 10055600
20070125 1748.00 1754.00 1716.00 1718.00 6243000
20070126 1713.00 1735.00 1706.00 1719.00 8825200
20070129 1720.00 1728.00 1709.00 1715.00 6014400
20070130 1710.00 1723.00 1701.00 1716.00 6835100
20070131 1724.00 1729.00 1697.00 1706.00 14292400
20070201 1735.00 1758.00 1733.00 1739.00 22964400
20070202 1740.00 1743.00 1702.00 1707.00 17324000
20070205 1703.00 1730.00 1700.00 1724.00 8432700
20070206 1723.00 1725.00 1711.00 1715.00 10815500
20070207 1706.00 1713.00 1695.00 1706.00 10283600
20070208 1705.00 1705.00 1686.00 1699.00 6594700
20070209 1710.00 1718.00 1695.00 1703.00 11723000
20070212 1700.00 1700.00 1677.00 1683.00 8059200
20070213 1691.00 1701.00 1677.00 1701.00 6604700
20070214 1709.00 1709.00 1691.00 1695.00 17504700
20070215 1690.00 1701.00 1686.00 1700.00 15244800
20070216 1694.00 1706.00 1681.00 1685.00 7659500
20070219 1686.00 1692.00 1680.00 1687.00 3423300
20070220 1689.00 1689.00 1655.00 1664.00 10360300
20070221 1668.00 1669.00 1653.00 1659.00 15348000
20070222 1671.00 1686.00 1660.00 1674.00 11788000
20070223 1683.00 1703.00 1680.00 1702.00 10007400
20070226 1706.00 1719.00 1703.00 1707.00 8619500
20070227 1704.00 1712.00 1688.00 1695.00 12528800
20070228 1682.00 1701.00 1647.00 1647.00 11421200
20070301 1651.00 1672.00 1615.00 1635.00 12995300
20070302 1644.00 1651.00 1625.00 1632.00 10057700
20070305 1617.00 1633.00 1607.00 1619.00 11792400
20070306 1625.00 1642.00 1615.00 1640.00 12526200
20070307 1639.00 1659.00 1631.00 1650.00 4698600
20070308 1660.00 1677.00 1660.00 1675.00 18692900
20070309 1674.00 1682.00 1662.00 1677.00 9493900
20070312 1675.00 1678.00 1657.00 1667.00 7834600
20070313 1669.00 1670.00 1650.00 1657.00 9788000
20070314 1647.00 1656.00 1621.00 1621.00 13248200
20070315 1638.00 1640.00 1613.00 1640.00 10555500
20070316 1637.00 1638.00 1600.00 1618.00 13971800
20070319 1633.00 1633.00 1605.00 1626.00 8501100
20070320 1624.00 1624.00 1600.00 1617.00 9530500
20070321 1616.00 1634.00 1613.00 1620.00 14068000
20070322 1638.00 1650.00 1620.00 1642.00 20850700
20070323 1642.00 1678.00 1642.00 1670.00 21091700
20070326 1675.00 1700.00 1669.00 1677.00 19986400
20070327 1683.00 1696.00 1676.00 1680.00 21293500
20070328 1684.00 1713.00 1684.00 1694.00 12533900
20070329 1696.00 1713.00 1692.00 1706.00 10117900
20070330 1710.00 1720.00 1688.00 1691.00 14664400
20070402 1695.00 1698.00 1673.00 1680.00 7627200
20070403 1691.00 1691.00 1673.00 1678.00 6331900
20070404 1681.00 1686.00 1671.00 1675.00 7223100
20070405 1680.00 1693.00 1678.00 1691.00 5699100
20070406 1691.00 1691.00 1691.00 1691.00 0
20070409 1691.00 1691.00 1691.00 1691.00 0
20070410 1692.00 1695.00 1679.00 1685.00 6096100
20070411 1687.00 1703.00 1681.00 1693.00 8371000
20070412 1698.00 1703.00 1688.00 1698.00 5211200
20070413 1712.00 1739.00 1706.00 1737.00 11136300
20070416 1748.00 1750.00 1733.00 1745.00 8147100
20070417 1749.00 1760.00 1731.00 1757.00 13211000
20070418 1755.00 1766.00 1742.00 1750.00 8332900
20070419 1745.00 1758.00 1728.00 1755.00 13140200
20070420 1764.00 1769.00 1748.00 1765.00 12092800
20070423 1773.00 1793.00 1763.00 1789.00 14114000
20070424 1797.00 1806.00 1763.00 1769.00 14567800
20070425 1775.00 1790.00 1767.00 1783.00 10472700
20070426 1799.00 1799.00 1775.00 1790.00 7952600
20070427 1792.00 1792.00 1762.00 1767.00 10433200
20070430 1768.00 1791.00 1763.00 1775.00 6502900
20070501 1774.00 1777.00 1752.00 1771.00 5955400
20070502 1777.00 1809.00 1770.00 1807.00 15678300
20070503 1828.00 1854.00 1828.00 1836.00 19354000
20070504 1836.00 1868.00 1835.00 1857.00 9110400
20070507 1857.00 1857.00 1857.00 1857.00 0
20070508 1847.00 1847.00 1822.00 1828.00 6067400
20070509 1822.00 1830.00 1795.00 1799.00 10164200
20070510 1799.00 1812.00 1782.00 1788.00 8614800
20070511 1780.00 1799.00 1760.00 1790.00 14188400
20070514 1794.00 1808.00 1784.00 1807.00 8287400
20070515 1805.00 1818.00 1792.00 1796.00 24115900
20070516 1793.00 1814.00 1788.00 1793.00 10863400
20070517 1803.00 1868.00 1799.00 1859.00 20478800
20070518 1875.00 1917.00 1873.00 1906.00 19399800
20070521 1920.00 1958.00 1895.00 1943.00 24186900
20070522 1941.00 1945.00 1922.00 1924.00 17221900
20070523 1921.00 1930.00 1912.00 1919.00 8574700
20070524 1907.00 1930.00 1901.00 1912.00 11737800
20070525 1906.00 1919.00 1895.00 1899.00 6853300
20070528 1899.00 1899.00 1899.00 1899.00 0
20070529 1898.00 1904.00 1888.00 1895.00 3724800
20070530 1878.00 1887.00 1864.00 1885.00 4216100
20070531 1893.00 1917.00 1893.00 1908.00 10424400
20070601 1908.00 1908.00 1908.00 1908.00 0
20070604 1936.00 1950.00 1929.00 1947.00 6021200
20070605 1950.00 1966.00 1940.00 1957.00 9748100
20070606 1957.00 1965.00 1934.00 1951.00 16735900
20070607 1957.00 1977.00 1947.00 1972.00 14903300
20070608 1961.00 1995.00 1961.00 1993.00 25958500
20070611 1991.00 1995.00 1967.00 1977.00 7534900
20070612 1972.00 1979.00 1942.00 1944.00 9543100
20070613 1937.00 1961.00 1927.00 1950.00 8912200
20070614 1965.00 1991.00 1959.00 1991.00 10933100
20070615 1997.00 2042.00 1991.00 2040.00 16822500
20070618 2049.00 2049.00 2027.00 2033.00 5490100
20070619 2033.00 2051.00 2019.00 2019.00 9892600
20070620 2023.00 2049.00 2020.00 2036.00 25023800
20070621 2021.00 2057.00 2014.00 2047.00 13180100
20070622 2055.00 2055.00 2032.00 2032.00 7990300
20070625 2028.00 2044.00 2017.00 2044.00 6084200
20070626 2033.00 2046.00 2020.00 2020.00 10416700
20070627 2019.00 2024.00 2000.00 2008.00 7204200
20070628 2025.00 2063.00 2019.00 2060.00 9269400
20070629 2065.00 2089.00 2059.00 2083.00 13663300
20070702 2078.00 2120.00 2076.00 2109.00 19491700
20070703 2120.00 2138.00 2116.00 2131.00 13990400
20070704 2128.00 2133.00 2121.00 2130.00 6741200
20070705 2133.00 2146.00 2107.00 2115.00 8643200
20070706 2119.00 2169.00 2119.00 2167.00 9467300
20070709 2173.00 2173.00 2157.00 2163.00 5495000
20070710 2158.00 2169.00 2135.00 2136.00 13308800
20070711 2120.00 2122.00 2089.00 2107.00 10356900
20070712 2100.00 2143.00 2068.00 2139.00 17004500
20070713 2158.00 2158.00 2110.00 2117.00 10414900
20070716 2125.00 2125.00 2087.00 2090.00 8659700
20070717 2067.00 2105.00 2067.00 2100.00 14259900
20070718 2083.00 2093.00 2065.00 2070.00 6758000
20070719 2072.00 2091.00 2064.00 2083.00 10559900
20070720 2085.00 2099.00 2044.00 2048.00 6373600
20070723 2044.00 2078.00 2040.00 2065.00 9218800
20070724 2067.00 2069.00 2009.00 2009.00 12160200
20070725 1989.00 2026.00 1989.00 2014.00 12921300
20070726 2020.00 2063.00 1968.00 1972.00 18725800
20070727 1965.00 1986.00 1927.00 1937.00 10727400
20070730 1942.00 1956.00 1921.00 1935.00 11339000
20070731 1948.00 1966.00 1927.00 1960.00 14087300
20070801 1914.00 1950.00 1898.00 1935.00 8496400
20070802 1944.00 1944.00 1885.00 1900.00 11604200
20070803 1901.00 1901.00 1867.00 1875.00 8936400
20070806 1857.00 1892.00 1854.00 1864.00 10794500
20070807 1873.00 1907.00 1861.00 1905.00 7777900
20070808 1925.00 1941.00 1893.00 1928.00 8939100
20070809 1920.00 1925.00 1865.00 1877.00 13598200
20070810 1856.00 1873.00 1797.00 1802.00 18143300
20070813 1820.00 1865.00 1811.00 1855.00 9944200
20070814 1845.00 1872.00 1833.00 1835.00 8101000
20070815 1828.00 1854.00 1808.00 1847.00 6591400
20070816 1811.00 1820.00 1767.00 1767.00 8129300
20070817 1781.00 1842.00 1737.00 1839.00 12830100
20070820 1843.00 1868.00 1829.00 1838.00 7538900
20070821 1842.00 1856.00 1826.00 1847.00 6901200
20070822 1849.00 1874.00 1838.00 1870.00 5806900
20070823 1890.00 1893.00 1862.00 1865.00 7258600
20070824 1861.00 1903.00 1860.00 1894.00 8151700
20070827 1894.00 1894.00 1894.00 1894.00 0
20070828 1885.00 1887.00 1830.00 1840.00 8809000
20070829 1841.00 1863.00 1826.00 1858.00 5532000
20070830 1873.00 1905.00 1873.00 1900.00 4191600
20070831 1913.00 1940.00 1910.00 1934.00 7702200
20070903 1937.00 1947.00 1921.00 1929.00 6826500
20070904 1933.00 1987.00 1928.00 1985.00 6138800
20070905 1989.00 2007.00 1956.00 1964.00 6476100
20070906 1985.00 1996.00 1965.00 1996.00 5778700
20070907 1992.00 2014.00 1958.00 1963.00 10439500
20070910 1968.00 1989.00 1956.00 1961.00 6304900
20070911 1985.00 1993.00 1975.00 1993.00 4526700
20070912 1999.00 2018.00 1986.00 2010.00 4772500
20070913 2024.00 2049.00 2021.00 2044.00 7236200
20070914 2030.00 2047.00 2014.00 2034.00 6904100
20070917 2033.00 2034.00 2012.00 2014.00 7180600
20070918 2010.00 2047.00 2006.00 2038.00 11584200
20070919 2057.00 2112.00 2053.00 2092.00 14378600
20070920 2089.00 2102.00 2075.00 2090.00 10487700
20070921 2086.00 2111.00 2074.00 2082.00 14181600
20070924 2073.00 2094.00 2064.00 2075.00 4943600
20070925 2071.00 2076.00 2028.00 2033.00 17059300
20070926 2034.00 2059.00 2028.00 2033.00 9704400
20070927 2044.00 2047.00 2019.00 2031.00 8407100
20070928 2038.00 2044.00 2005.00 2012.00 5636600
20071001 1992.00 2028.00 1990.00 2026.00 10657200
20071002 2035.00 2041.00 1965.00 1968.00 13426600
20071003 1969.00 1975.00 1935.00 1954.00 10143700
20071004 1947.00 1975.00 1935.00 1936.00 14403300
20071005 1944.00 1954.00 1936.00 1949.00 7183300
20071008 1945.00 1958.00 1934.00 1938.00 7080600
20071009 1935.00 1978.00 1932.00 1977.00 7048400
20071010 1977.00 1987.00 1940.00 1976.00 10961400
20071011 1990.00 2030.00 1984.00 2025.00 11972200
20071012 2018.00 2048.00 2016.00 2041.00 14905700
20071015 2035.00 2090.00 2035.00 2055.00 12639200
20071016 2058.00 2089.00 2056.00 2081.00 9960700
20071017 2090.00 2090.00 2053.00 2073.00 12053200
20071018 2075.00 2080.00 2051.00 2069.00 6444100
20071019 2071.00 2095.00 2051.00 2051.00 6418500
20071022 2025.00 2043.00 2010.00 2021.00 6824100
20071023 2035.00 2042.00 2003.00 2018.00 7540800
20071024 2017.00 2056.00 2001.00 2046.00 7416800
20071025 2070.00 2082.00 2046.00 2059.00 8733800
20071026 2059.00 2128.00 2059.00 2121.00 11007800
20071029 2131.00 2144.00 2125.00 2134.00 7138700
20071030 2123.00 2145.00 2096.00 2102.00 12023500
20071031 2086.00 2095.00 2057.00 2095.00 10974700
20071101 2085.00 2110.00 2036.00 2048.00 8896400
20071102 2036.00 2055.00 2023.00 2034.00 7504300
20071105 2027.00 2048.00 2012.00 2017.00 5168100
20071106 2026.00 2029.00 2003.00 2009.00 5480100
20071107 2023.00 2040.00 2000.00 2026.00 7047400
20071108 2017.00 2021.00 1982.00 1998.00 11067200
20071109 1994.00 2003.00 1969.00 1982.00 9803100
20071112 1972.00 1976.00 1938.00 1960.00 7616500
20071113 1944.00 1948.00 1914.00 1918.00 6959100
20071114 1940.00 1949.00 1921.00 1943.00 8712200
20071115 1938.00 1950.00 1923.00 1933.00 6137300
20071116 1932.00 1949.00 1914.00 1923.00 7206900
20071119 1935.00 1958.00 1914.00 1915.00 7153500
20071120 1924.00 1971.00 1924.00 1968.00 8889200
20071121 1965.00 2020.00 1964.00 2003.00 10381500
20071122 1997.00 2011.00 1973.00 2011.00 7146600
20071123 2005.00 2005.00 1961.00 1981.00 6123800
20071126 1999.00 1999.00 1953.00 1953.00 5306300
20071127 1953.00 1964.00 1906.00 1930.00 5288600
20071128 1934.00 1953.00 1904.00 1943.00 5369700
20071129 1946.00 1962.00 1926.00 1938.00 4474200
20071130 1933.00 1964.00 1927.00 1952.00 5949900
20071203 1948.00 1955.00 1919.00 1922.00 4459200
20071204 1925.00 1948.00 1915.00 1937.00 4637700
20071205 1947.00 2007.00 1942.00 2004.00 7325100
20071206 2000.00 2009.00 1978.00 1997.00 6276700
20071207 2000.00 2016.00 1981.00 1996.00 6706500
20071210 1990.00 1996.00 1954.00 1969.00 4432100
20071211 1968.00 1983.00 1946.00 1977.00 4980800
20071212 1965.00 2003.00 1958.00 2003.00 6628500
20071213 2001.00 2016.00 1966.00 1966.00 6487100
20071214 1981.00 2001.00 1976.00 1996.00 4537200
20071217 1971.00 1991.00 1956.00 1962.00 6741500
20071218 1953.00 1984.00 1948.00 1957.00 6048700
20071219 1969.00 2015.00 1966.00 2004.00 6904900
20071220 2012.00 2051.00 2008.00 2051.00 8855900
20071221 2065.00 2078.00 2052.00 2072.00 9098500
20071224 2087.00 2091.00 2070.00 2080.00 817100
20071225 2080.00 2080.00 2080.00 2080.00 0
20071226 2080.00 2080.00 2080.00 2080.00 0
20071227 2073.00 2115.00 2073.00 2109.00 2452100
20071228 2098.00 2107.00 2081.00 2098.00 1731500
20071231 2101.00 2101.00 2084.00 2090.00 1037400
20080101 2090.00 2090.00 2090.00 2090.00 0
20080102 2078.00 2121.00 2078.00 2097.00 3048900
20080103 2112.00 2153.00 2098.00 2152.00 5886100
20080104 2155.00 2178.00 2120.00 2125.00 8472100
20080107 2117.00 2168.00 2117.00 2160.00 8146000
20080108 2164.00 2166.00 2112.00 2112.00 6171200
20080109 2102.00 2140.00 2087.00 2130.00 8409200
20080110 2122.00 2132.00 2084.00 2098.00 5613000
20080111 2100.00 2123.00 2043.00 2059.00 9687700
20080114 2057.00 2095.00 2057.00 2070.00 5483400
20080115 2056.00 2068.00 2002.00 2004.00 8124400
20080116 2005.00 2023.00 1938.00 1949.00 9216400
20080117 1937.00 1958.00 1905.00 1913.00 8568200
20080118 1899.00 1923.00 1883.00 1883.00 11960600
20080121 1846.00 1864.00 1763.00 1775.00 9122700
20080122 1720.00 1806.00 1693.00 1795.00 16202500
20080123 1827.00 1827.00 1687.00 1690.00 18222300
20080124 1740.00 1804.00 1720.00 1799.00 13325800
20080125 1820.00 1843.00 1794.00 1803.00 9806500
20080128 1777.00 1793.00 1740.00 1776.00 7671500
20080129 1780.00 1787.00 1743.00 1766.00 6742500
20080130 1760.00 1774.00 1738.00 1744.00 5417600
20080131 1727.00 1760.00 1693.00 1744.00 13908600
20080201 1747.00 1760.00 1718.00 1758.00 12434500
20080204 1778.00 1778.00 1757.00 1765.00 6104000
20080205 1769.00 1801.00 1712.00 1725.00 7533800
20080206 1710.00 1739.00 1699.00 1726.00 7753000
20080207 1709.00 1731.00 1679.00 1679.00 6031500
20080208 1687.00 1696.00 1660.00 1690.00 10264500
20080211 1683.00 1721.00 1682.00 1686.00 6548500
20080212 1697.00 1772.00 1696.00 1771.00 11526300
20080213 1758.00 1782.00 1747.00 1776.00 8521300
20080214 1788.00 1798.00 1761.00 1767.00 7850200
20080215 1774.00 1784.00 1723.00 1727.00 8162700
20080218 1742.00 1775.00 1736.00 1774.00 5276500
20080219 1775.00 1797.00 1748.00 1789.00 5778700
20080220 1765.00 1798.00 1755.00 1765.00 8051200
20080221 1785.00 1795.00 1775.00 1782.00 5957000
20080222 1770.00 1793.00 1752.00 1781.00 5772200
20080225 1797.00 1825.00 1790.00 1815.00 5009300
20080226 1815.00 1823.00 1788.00 1818.00 5885700
20080227 1821.00 1838.00 1793.00 1822.00 6158400
20080228 1826.00 1826.00 1796.00 1804.00 4204900
20080229 1805.00 1812.00 1771.00 1781.00 7169000
20080303 1755.00 1767.00 1733.00 1742.00 6183200
20080304 1739.00 1743.00 1686.00 1706.00 7174300
20080305 1715.00 1742.00 1683.00 1740.00 6220300
20080306 1752.00 1755.00 1695.00 1701.00 5107600
20080307 1685.00 1702.00 1657.00 1668.00 8460600
20080310 1667.00 1700.00 1662.00 1675.00 5445900
20080311 1685.00 1713.00 1676.00 1682.00 10554300
20080312 1700.00 1717.00 1688.00 1708.00 6450300
20080313 1691.00 1697.00 1675.00 1687.00 6343100
20080314 1690.00 1707.00 1671.00 1688.00 8376800
20080317 1680.00 1708.00 1646.00 1646.00 9268700
20080318 1661.00 1686.00 1657.00 1680.00 7520700
20080319 1680.00 1698.00 1657.00 1657.00 7996600
20080320 1641.00 1657.00 1598.00 1598.00 14945800
20080321 1598.00 1598.00 1598.00 1598.00 0
20080324 1598.00 1598.00 1598.00 1598.00 0
20080325 1640.00 1650.00 1623.00 1638.00 8872800
20080326 1631.00 1662.00 1625.00 1657.00 8279600
20080327 1652.00 1680.00 1643.00 1663.00 6469600
20080328 1673.00 1683.00 1655.00 1659.00 5640800
20080331 1650.00 1704.00 1640.00 1696.00 7559200
20080401 1683.00 1710.00 1670.00 1705.00 6531300
20080402 1711.00 1724.00 1687.00 1711.00 5839700
20080403 1723.00 1749.00 1718.00 1746.00 9306800
20080404 1741.00 1771.00 1741.00 1769.00 5546300
20080407 1780.00 1798.00 1758.00 1795.00 4775900
20080408 1793.00 1816.00 1791.00 1807.00 3686800
20080409 1811.00 1833.00 1799.00 1828.00 4555700
20080410 1838.00 1850.00 1798.00 1827.00 6899600
20080411 1831.00 1854.00 1807.00 1820.00 5358100
20080414 1803.00 1820.00 1800.00 1809.00 3835400
20080415 1831.00 1847.00 1821.00 1836.00 7721000
20080416 1842.00 1891.00 1833.00 1888.00 6840900
20080417 1884.00 1888.00 1857.00 1870.00 6032500
20080418 1877.00 1894.00 1845.00 1881.00 8130000
20080421 1877.00 1916.00 1877.00 1905.00 5553000
20080422 1894.00 1921.00 1882.00 1887.00 6844400
20080423 1891.00 1954.00 1891.00 1953.00 11874500
20080424 1934.00 1957.00 1897.00 1922.00 7893900
20080425 1922.00 1935.00 1905.00 1926.00 8735700
20080428 1933.00 1949.00 1920.00 1923.00 2782100
20080429 1976.00 2046.00 1976.00 2035.00 13040900
20080430 2037.00 2050.00 2006.00 2015.00 8226200
20080501 2014.00 2039.00 1991.00 2002.00 3545800
20080502 2012.00 2029.00 1988.00 2020.00 7435700
20080506 2020.00 2040.00 2007.00 2037.00 5670100
20080507 2043.00 2070.00 2043.00 2063.00 5924000
20080508 2055.00 2055.00 2025.00 2037.00 6665600
20080509 2042.00 2043.00 2014.00 2021.00 6573300
20080512 2021.00 2047.00 2020.00 2031.00 3944400
20080513 2040.00 2056.00 1998.00 2022.00 6821800
20080514 2008.00 2045.00 2002.00 2028.00 6618500
20080515 2023.00 2047.00 2015.00 2034.00 4240900
20080516 2040.00 2094.00 2036.00 2094.00 8322200
20080519 2094.00 2154.00 2083.00 2154.00 8761900
20080520 2150.00 2162.00 2112.00 2112.00 8054400
20080521 2125.00 2223.00 2125.00 2212.00 12625500
20080522 2202.00 2245.00 2157.00 2169.00 7708700
20080523 2160.00 2180.00 2128.00 2128.00 6673700
20080527 2143.00 2167.00 2112.00 2112.00 5842800
20080528 2112.00 2126.00 2084.00 2117.00 7924300
20080529 2127.00 2159.00 2120.00 2145.00 7619200
20080530 2128.00 2134.00 2094.00 2105.00 7847300
20080602 2103.00 2104.00 2070.00 2082.00 4592800
20080603 2071.00 2092.00 2067.00 2084.00 4544600
20080604 2071.00 2073.00 2023.00 2024.00 9694300
20080605 2010.00 2051.00 2009.00 2046.00 7402800
20080606 2073.00 2101.00 2047.00 2055.00 7201700
20080610 2082.00 2105.00 2048.00 2048.00 6265000
20080611 2047.00 2112.00 2037.00 2059.00 10549900
20080612 2055.00 2085.00 2025.00 2029.00 7710200
20080613 2035.00 2042.00 1989.00 2007.00 6255700
20080616 1980.00 2030.00 1980.00 2025.00 7318400
20080617 2028.00 2061.00 2017.00 2033.00 6294400
20080618 2020.00 2031.00 1966.00 1970.00 7651900
20080619 1974.00 2000.00 1947.00 1947.00 6866000
20080620 1960.00 1971.00 1910.00 1910.00 9146800
20080623 1934.00 1951.00 1906.00 1946.00 5719000
20080624 1938.00 1967.00 1915.00 1950.00 7422900
20080625 1945.00 1982.00 1930.00 1935.00 7140100
20080626 1938.00 1969.00 1929.00 1935.00 8664400
20080627 1934.00 1974.00 1934.00 1962.00 10268400
20080630 1959.00 2027.00 1956.00 2020.00 7859600
20080701 1997.00 2010.00 1981.00 1981.00 11441000
20080702 1990.00 2006.00 1965.00 1965.00 9677800
20080703 1947.00 1971.00 1930.00 1953.00 7610400
20080704 1963.00 1976.00 1934.00 1940.00 4150200
20080707 1955.00 2023.00 1947.00 2016.00 6715900
20080708 1978.00 1988.00 1956.00 1971.00 7510700
20080709 1993.00 1997.00 1946.00 1954.00 7043400
20080710 1925.00 1932.00 1898.00 1909.00 7183500
20080711 1923.00 1952.00 1902.00 1919.00 9180000
20080714 1930.00 1940.00 1892.00 1892.00 8235500
20080715 1886.00 1913.00 1830.00 1839.00 8266900
20080716 1846.00 1849.00 1762.00 1773.00 10166000
20080717 1771.00 1804.00 1743.00 1799.00 10192700
20080718 1790.00 1800.00 1761.00 1795.00 8405300
20080721 1797.00 1829.00 1786.00 1808.00 6997200
20080722 1799.00 1852.00 1797.00 1838.00 7687500
20080723 1855.00 1855.00 1825.00 1826.00 6352600
20080724 1812.00 1841.00 1781.00 1790.00 6312800
20080725 1799.00 1825.00 1782.00 1802.00 6989100
20080728 1793.00 1845.00 1792.00 1818.00 5836000
20080729 1815.00 1854.00 1783.00 1785.00 5173500
20080730 1796.00 1813.00 1775.00 1805.00 4479300
20080731 1841.00 1850.00 1769.00 1782.00 7941300
20080801 1787.00 1787.00 1744.00 1750.00 9150400
20080804 1756.00 1798.00 1731.00 1736.00 7434100
20080805 1734.00 1734.00 1695.00 1722.00 8861900
20080806 1718.00 1752.00 1696.00 1743.00 7702700
20080807 1751.00 1772.00 1730.00 1749.00 7388500
20080808 1741.00 1744.00 1702.00 1705.00 6189100
20080811 1724.00 1744.00 1717.00 1741.00 5549100
20080812 1733.00 1785.00 1727.00 1772.00 7164800
20080813 1767.00 1798.00 1759.00 1765.00 7933700
20080814 1799.00 1836.00 1783.00 1803.00 8203600
20080815 1803.00 1817.00 1761.00 1763.00 6546300
20080818 1764.00 1803.00 1749.00 1784.00 4312500
20080819 1760.00 1790.00 1755.00 1757.00 6306600
20080820 1770.00 1803.00 1770.00 1793.00 4439500
20080821 1794.00 1830.00 1765.00 1820.00 4630700
20080822 1827.00 1862.00 1818.00 1862.00 7446900
20080826 1830.00 1850.00 1795.00 1839.00 6455200
20080827 1841.00 1884.00 1828.00 1880.00 5175900
20080828 1880.00 1894.00 1855.00 1878.00 5593500
20080829 1885.00 1901.00 1870.00 1892.00 6194700
20080901 1889.00 1904.00 1851.00 1854.00 4195500
20080902 1856.00 1856.00 1802.00 1818.00 12201600
20080903 1811.00 1837.00 1800.00 1804.00 5879600
