20030101 424.00 424.00 424.00 424.00 0
20030102 419.00 425.00 413.25 425.00 593600
20030103 425.00 425.00 412.25 414.00 1056200
20030106 414.50 417.50 406.75 414.25 1292700
20030107 413.50 416.75 410.50 415.00 1032300
20030108 405.00 405.00 395.00 400.75 2981700
20030109 397.75 401.00 381.75 399.50 1493500
20030110 395.50 409.00 395.50 399.50 1108100
20030113 427.75 406.25 395.50 403.00 395300
20030114 402.25 409.25 402.00 407.00 734800
20030115 407.28 409.50 397.00 399.75 891700
20030116 399.75 401.75 390.50 396.00 878100
20030117 400.00 405.00 392.00 392.00 782300
20030120 396.75 397.50 380.25 387.00 918700
20030121 384.00 393.50 375.00 388.25 1630200
20030122 392.00 392.00 361.75 368.25 1177900
20030123 372.00 376.50 363.00 371.25 1461100
20030124 372.25 378.50 359.00 360.50 1226300
20030127 357.75 361.25 330.50 358.75 1829400
20030128 360.50 360.50 344.75 355.00 1637200
20030129 349.50 350.50 341.50 346.25 1186400
20030130 350.00 363.50 346.00 362.75 1800600
20030131 362.75 362.75 350.00 360.50 1715500
20030203 361.25 369.50 360.00 364.25 1220700
20030204 365.00 366.50 357.75 358.00 1358600
20030205 359.75 369.25 356.50 368.00 1473200
20030206 370.00 370.00 347.00 351.50 1445200
20030207 350.75 365.25 349.50 360.00 1348400
20030210 360.00 362.00 349.50 353.00 636000
20030211 346.00 357.00 345.25 355.50 1205400
20030212 355.50 355.50 341.50 342.00 969100
20030213 350.00 350.00 330.00 335.00 1525300
20030214 344.75 348.75 331.00 335.75 1287600
20030217 340.00 350.00 340.00 347.75 737800
20030218 340.75 360.00 340.75 353.00 1291300
20030219 354.00 357.25 347.25 350.00 982600
20030220 350.00 361.50 343.00 353.75 1207100
20030221 353.00 356.25 346.00 354.50 840800
20030224 352.25 355.00 341.50 349.00 1325000
20030225 344.75 348.75 326.75 333.00 1679600
20030226 327.00 338.00 322.00 322.50 1290700
20030227 325.00 330.00 310.25 317.50 1560900
20030228 317.00 323.00 312.75 322.75 1732200
20030303 325.25 348.00 325.25 338.00 1574800
20030304 345.50 345.50 328.25 333.25 1205200
20030305 329.00 340.00 329.00 337.75 1313700
20030306 350.00 350.00 320.00 325.50 1797800
20030307 324.50 334.75 320.00 327.00 2061400
20030310 327.00 329.00 315.00 316.75 1819800
20030311 323.00 330.00 313.75 328.00 1777300
20030312 326.00 330.00 316.75 320.75 2071700
20030313 323.00 335.75 321.25 334.25 1462600
20030314 342.75 349.75 332.00 344.75 1077800
20030317 333.75 368.75 330.75 353.00 1183600
20030318 349.00 357.75 331.75 352.25 1572200
20030319 358.25 365.50 350.00 355.25 1171300
20030320 354.75 360.00 347.50 354.50 1178300
20030321 359.00 374.75 359.00 363.75 846400
20030324 368.75 370.25 350.50 355.75 495100
20030325 360.00 366.75 342.00 351.25 1110600
20030326 349.00 365.75 347.50 358.75 1136500
20030327 352.00 370.00 352.00 365.25 1834100
20030328 363.50 370.00 359.75 363.25 1104800
20030331 347.00 363.25 345.25 353.00 1236400
20030401 348.00 360.50 345.25 355.00 941500
20030402 358.00 367.00 358.00 362.00 1296600
20030403 367.25 367.25 347.50 357.25 1494000
20030404 359.75 369.00 354.00 357.00 1429500
20030407 359.00 366.50 358.00 361.00 2691300
20030408 359.75 369.00 356.00 367.50 1333800
20030409 367.50 370.50 357.00 362.75 1361800
20030410 361.00 368.00 356.50 362.50 1162900
20030411 360.75 366.00 360.00 361.00 706100
20030414 361.00 370.00 356.75 361.50 750400
20030415 363.25 370.00 363.25 366.00 1789700
20030416 370.00 380.00 368.00 374.50 2125500
20030417 380.00 380.00 363.25 366.00 1186400
20030418 366.00 366.00 366.00 366.00 0
20030421 366.00 366.00 366.00 366.00 0
20030422 375.25 376.00 365.75 369.25 992000
20030423 374.50 393.00 374.50 386.00 1126800
20030424 383.00 391.25 376.25 380.25 1105000
20030425 375.50 388.25 375.00 380.00 928700
20030428 379.25 386.75 379.25 385.50 956700
20030429 391.00 391.00 375.00 380.00 1089400
20030430 380.25 394.25 377.00 391.00 1731200
20030501 390.00 390.00 380.25 384.00 523700
20030502 380.00 395.75 380.00 395.75 983800
20030505 395.75 395.75 395.75 395.75 0
20030506 395.75 396.00 384.00 390.50 1616500
20030507 389.50 389.50 377.00 379.50 1624700
20030508 375.00 379.25 368.50 373.25 1217400
20030509 377.50 378.50 366.25 377.00 866000
20030512 382.50 382.50 369.25 370.50 1733100
20030513 370.50 371.25 366.25 369.25 773100
20030514 371.00 377.00 361.75 373.00 1146300
20030515 371.25 377.00 362.00 374.00 1083900
20030516 371.25 381.50 370.50 375.00 1592000
20030519 372.25 375.00 370.00 372.75 423400
20030520 372.75 378.50 372.75 377.00 1341400
20030521 378.00 378.00 371.00 372.50 511300
20030522 372.50 377.00 366.25 372.50 718600
20030523 372.50 374.75 368.00 373.50 546000
20030526 373.50 373.50 373.50 373.50 0
20030527 372.75 372.75 367.50 372.00 729200
20030528 372.00 385.00 368.00 373.00 1584200
20030529 373.50 379.50 372.25 377.00 1108800
20030530 378.00 381.00 372.25 379.00 898300
20030602 379.00 383.00 375.50 382.00 1367400
20030603 382.00 382.00 367.00 373.00 1289600
20030604 369.00 376.75 369.00 371.00 2001100
20030605 372.00 377.25 366.25 373.00 2076200
20030606 377.00 383.50 376.00 381.00 943200
20030609 379.00 383.75 377.25 383.50 490800
20030610 382.25 386.75 379.00 381.50 697700
20030611 379.25 386.00 379.25 385.50 843400
20030612 378.00 385.75 377.75 378.75 1814800
20030613 379.00 381.00 376.50 380.00 1001000
20030616 377.50 378.00 370.25 374.00 2668000
20030617 378.00 379.00 370.50 372.00 2966800
20030618 374.00 374.50 369.75 371.00 1440400
20030619 370.75 376.00 365.75 366.75 2473900
20030620 369.00 385.25 369.00 383.75 1885200
20030623 383.25 383.50 378.00 380.00 1281700
20030624 380.00 381.50 377.25 380.00 2404900
20030625 381.00 381.00 373.75 377.00 1910800
20030626 376.00 377.00 371.00 375.00 1307200
20030627 376.00 381.00 376.00 377.50 999600
20030630 379.25 384.50 378.00 381.00 1558300
20030701 380.50 386.00 379.50 380.00 2729000
20030702 384.00 387.25 378.00 385.00 1506900
20030703 389.00 400.00 387.00 392.25 3202000
20030704 390.00 391.00 388.00 390.00 942300
20030707 389.75 396.00 386.75 395.00 1208200
20030708 393.25 402.00 393.25 400.00 1963400
20030709 399.00 400.00 392.00 399.50 1158900
20030710 399.00 399.25 394.00 395.00 644500
20030711 395.50 397.50 394.00 395.00 1329700
20030714 395.00 405.00 393.75 399.75 1111800
20030715 399.25 399.25 395.25 397.00 807900
20030716 398.75 398.75 393.75 397.75 1010100
20030717 397.50 397.50 388.50 391.00 1015900
20030718 393.50 397.00 391.00 393.00 903300
20030721 393.00 398.00 390.00 396.75 695400
20030722 397.25 397.25 393.50 395.00 801600
20030723 392.50 400.00 392.50 397.75 1569800
20030724 389.75 405.00 389.75 402.75 1420000
20030725 402.00 404.75 399.00 400.00 1384800
20030728 402.75 405.75 400.50 404.50 575500
20030729 403.25 407.00 399.25 404.50 906400
20030730 406.25 408.25 404.00 406.00 383700
20030731 410.00 415.75 404.00 412.00 1645800
20030801 412.00 415.00 406.75 410.75 1001700
20030804 411.00 414.00 408.00 411.25 712200
20030805 410.00 412.00 400.00 410.00 1274300
20030806 407.25 416.50 405.50 410.00 1814900
20030807 405.00 411.00 405.00 408.00 1354600
20030808 403.00 412.75 403.00 410.25 680300
20030811 413.50 418.00 410.25 415.00 1024800
20030812 415.50 432.00 413.25 431.00 1509000
20030813 435.00 435.00 424.75 427.50 1929800
20030814 429.75 434.25 427.00 431.75 1709200
20030815 445.00 445.00 433.00 438.25 762400
20030818 439.00 442.00 429.75 436.25 1236800
20030819 436.00 438.00 424.25 426.50 2289500
20030820 426.50 429.00 417.00 424.00 3649500
20030821 422.25 422.25 415.25 420.00 2230200
20030822 415.50 421.00 413.00 416.00 2356700
20030825 416.00 416.00 416.00 416.00 0
20030826 419.00 420.00 414.00 416.00 1103800
20030827 415.50 422.50 414.50 421.25 1376300
20030828 425.00 425.00 405.75 411.50 1820700
20030829 412.25 417.00 407.50 409.75 1967800
20030901 412.00 417.00 411.00 416.75 697400
20030902 418.00 422.00 413.25 420.00 2496400
20030903 420.00 427.00 418.00 423.25 3984400
20030904 424.25 425.00 405.00 414.00 1697400
20030905 410.00 422.50 410.00 416.50 883200
20030908 410.25 418.10 409.68 412.25 1369000
20030909 405.00 417.25 399.25 401.50 1855500
20030910 400.75 405.31 385.38 402.00 2192500
20030911 401.50 408.00 396.50 398.00 1667700
20030912 404.00 408.00 401.00 406.75 1848000
20030915 406.00 418.00 402.00 404.00 1480800
20030916 404.00 407.00 402.75 405.25 1557200
20030917 405.00 407.00 401.25 403.25 1678000
20030918 401.25 418.50 401.25 412.25 1890000
20030919 412.25 417.25 407.75 409.25 1929500
20030922 410.00 414.75 404.75 406.75 1186900
20030923 407.50 404.00 396.00 398.00 2338400
20030924 397.75 405.75 396.25 397.00 2115600
20030925 383.00 402.75 383.00 397.00 2099400
20030926 397.50 399.75 396.25 399.00 3580700
20030929 397.25 405.25 397.25 401.00 1471800
20030930 405.25 418.00 396.75 397.00 2589600
20031001 396.75 403.25 395.25 403.00 1559200
20031002 411.00 411.00 396.25 401.00 2343400
20031003 400.50 404.50 396.25 400.00 2998400
20031006 402.00 412.00 399.50 412.00 1891300
20031007 409.25 410.75 406.75 410.50 1155500
20031008 408.50 408.50 395.00 398.75 1832000
20031009 399.75 401.75 397.25 398.50 1757800
20031010 402.00 404.00 396.25 402.25 515200
20031013 402.50 406.00 402.25 405.00 948400
20031014 405.25 407.75 403.00 404.25 1202000
20031015 405.50 413.75 404.00 408.00 1492000
20031016 400.00 423.50 400.00 418.25 2192800
20031017 418.25 420.00 410.25 412.00 1122000
20031020 413.50 417.50 408.00 411.50 1247800
20031021 417.00 417.00 405.00 409.00 1501700
20031022 409.00 409.25 399.75 401.00 1640300
20031023 399.50 402.00 391.00 396.50 1748900
20031024 395.00 401.00 394.25 395.50 1604300
20031027 395.50 397.50 388.00 390.00 1287400
20031028 390.00 392.75 387.75 391.50 2060200
20031029 393.00 404.00 393.00 404.00 2281900
20031030 403.25 404.00 396.50 397.00 3343700
20031031 406.00 438.00 405.00 430.00 7649000
20031103 407.75 414.25 403.25 405.00 5256400
20031104 406.75 429.75 405.00 422.00 3914000
20031105 420.00 420.50 411.25 418.50 2497900
20031106 418.00 419.00 409.75 417.00 3032800
20031107 416.50 424.00 415.75 417.25 2215800
20031110 418.25 419.25 414.25 415.25 890900
20031111 413.75 418.25 411.50 416.00 661800
20031112 417.00 431.25 415.00 431.00 3342800
20031113 432.00 437.75 429.75 434.50 2421100
20031114 435.50 440.25 424.00 428.00 2546400
20031117 427.00 427.75 417.00 421.50 2293100
20031118 422.00 424.50 413.00 414.00 2229000
20031119 411.00 424.75 411.00 423.75 2700100
20031120 431.50 431.50 418.50 420.00 1604200
20031121 421.25 427.00 419.00 424.00 1259000
20031124 430.00 430.00 425.00 427.00 1057100
20031125 428.00 430.00 422.00 425.00 2035300
20031126 427.75 429.25 427.00 428.75 808900
20031127 427.75 427.75 423.50 425.00 879400
20031128 426.00 430.00 423.00 430.00 2445100
20031201 429.25 430.00 425.00 426.50 1621800
20031202 433.25 433.25 420.00 420.75 2059900
20031203 422.25 424.00 420.75 422.00 2224100
20031204 423.00 429.75 421.25 429.75 1353500
20031205 430.50 430.50 424.25 427.25 1465300
20031208 426.25 431.25 423.75 431.00 1793000
20031209 432.00 440.75 430.00 434.50 1983200
20031210 431.50 435.25 431.50 435.25 1896800
20031211 435.25 436.00 433.50 436.00 2351600
20031212 434.75 434.75 425.50 432.25 2382900
20031215 436.75 445.25 426.50 427.00 2238400
20031216 425.00 431.00 423.00 423.25 1448200
20031217 424.75 425.50 421.25 424.75 1341400
20031218 426.75 427.50 423.00 425.25 1956100
20031219 427.75 427.75 422.75 424.25 1180400
20031222 424.50 426.00 423.00 424.00 1274400
20031223 427.00 427.00 421.25 423.00 1075500
20031224 421.00 424.00 420.50 422.25 264000
20031225 422.25 422.25 422.25 422.25 0
20031226 422.25 422.25 422.25 422.25 0
20031229 418.00 429.50 418.00 427.50 635500
20031230 427.50 428.00 424.75 426.00 881500
20031231 425.00 427.75 425.00 427.75 138100
20040101 427.75 427.75 427.75 427.75 0
20040102 423.00 430.00 423.00 427.00 1042200
20040105 428.00 429.75 424.25 428.00 676400
20040106 429.50 429.50 423.25 425.25 1004400
20040107 425.50 425.50 420.50 422.50 1143900
20040108 422.50 424.75 419.00 420.25 1860800
20040109 422.00 425.00 415.75 416.50 1262600
20040112 412.00 418.50 408.00 412.00 2256900
20040113 426.00 426.00 404.25 406.00 3093600
20040114 406.50 417.00 411.75 411.75 2512100
20040115 413.25 413.75 409.00 410.00 3205300
20040116 409.00 413.25 408.00 410.00 2917800
20040119 408.75 413.50 407.25 408.25 2113200
20040120 407.75 408.25 404.75 406.50 2801500
20040121 408.00 413.50 406.50 408.00 4033200
20040122 410.20 410.25 407.25 409.25 3033900
20040123 406.75 414.25 405.25 407.75 2494500
20040126 418.00 418.00 406.50 409.75 1666200
20040127 416.50 417.00 406.50 413.75 3276900
20040128 416.00 430.75 415.00 429.25 3485900
20040129 426.75 429.25 420.00 428.50 3249100
20040130 426.75 433.50 426.75 430.00 3180600
20040202 431.50 435.00 426.00 432.50 2581900
20040203 444.50 444.50 425.25 429.50 1855600
20040204 428.00 430.25 425.50 429.00 1860300
20040205 425.25 430.50 424.50 430.00 1139600
20040206 438.50 438.50 430.00 434.75 1041700
20040209 433.25 436.75 431.75 434.75 818200
20040210 437.50 436.75 432.25 435.00 820600
20040211 436.50 436.50 430.25 434.25 850900
20040212 436.75 440.50 437.00 438.75 2149700
20040213 442.00 442.25 436.75 440.00 2285200
20040216 440.00 452.00 439.50 444.75 1404500
20040217 446.50 450.00 445.00 446.50 1090600
20040218 446.00 463.50 446.00 453.00 1983200
20040219 457.25 460.00 451.00 454.00 1452700
20040220 450.00 458.50 450.00 454.00 1277200
20040223 455.00 456.50 453.50 454.75 1296400
20040224 455.00 457.00 449.00 450.75 1489600
20040225 456.75 456.75 450.00 452.00 1121000
20040226 456.00 456.75 452.00 454.00 880700
20040227 463.00 463.00 450.50 453.00 2261200
20040301 458.25 458.25 450.25 451.25 1212800
20040302 450.25 458.75 445.25 457.25 876300
20040303 458.25 462.00 454.25 461.00 1173800
20040304 458.00 462.00 443.25 444.75 3616000
20040305 445.00 460.00 437.00 442.25 2407600
20040308 462.00 462.00 440.00 446.75 1179500
20040309 450.00 450.00 440.75 443.50 1267800
20040310 440.00 443.00 437.00 439.50 1132500
20040311 438.00 439.00 432.25 434.25 1921400
20040312 436.00 442.75 428.00 439.00 880600
20040315 439.00 440.50 430.25 431.75 679300
20040316 438.00 438.50 426.00 431.00 710900
20040317 439.25 442.00 432.50 438.50 1003600
20040318 439.50 439.50 427.00 428.25 1721300
20040319 431.50 444.75 431.50 442.00 1345200
20040322 440.00 440.00 429.50 435.00 854600
20040323 438.25 440.50 428.25 431.75 1629800
20040324 433.50 436.00 430.00 433.50 802600
20040325 431.50 439.50 428.25 436.00 1253300
20040326 437.75 437.75 426.25 433.50 823800
20040329 432.00 440.25 429.25 440.25 857100
20040330 443.00 443.50 438.25 440.75 757200
20040331 440.75 444.50 440.25 440.50 1405600
20040401 440.50 444.25 436.00 438.00 1421700
20040402 440.00 443.00 435.25 439.00 1379500
20040405 440.75 444.50 437.25 440.75 1274700
20040406 445.00 445.00 438.00 443.00 919900
20040407 443.00 449.00 440.50 447.50 1660300
20040408 444.50 447.00 443.50 445.00 1465500
20040409 445.00 445.00 445.00 445.00 0
20040412 445.00 445.00 445.00 445.00 0
20040413 450.00 452.00 447.00 450.00 779100
20040414 451.00 451.00 443.00 444.50 964300
20040415 447.50 449.75 438.75 442.00 1147800
20040416 440.00 447.25 440.00 447.25 1058200
20040419 446.25 448.75 444.00 445.75 1742000
20040420 447.00 458.00 443.75 454.75 1044300
20040421 445.00 454.00 445.00 449.75 1203700
20040422 447.00 460.50 447.00 459.00 1331000
20040423 461.00 471.00 460.50 463.25 3078500
20040426 461.00 468.00 461.00 467.50 1318900
20040427 463.50 464.75 456.75 459.50 1676100
20040428 461.75 461.75 453.50 458.00 1236600
20040429 459.75 465.50 455.50 460.50 1489600
20040430 459.25 460.25 455.50 456.75 1406400
20040503 456.75 456.75 456.75 456.75 0
20040504 462.25 464.75 454.25 460.00 1662800
20040505 461.75 464.50 457.25 457.75 1306900
20040506 457.25 460.00 452.00 453.50 1154200
20040507 450.25 461.50 450.25 457.25 2957100
20040510 454.75 456.50 443.75 447.00 2771400
20040511 440.25 451.00 440.25 446.75 1886700
20040512 440.00 442.00 433.75 437.00 2644700
20040513 435.25 445.00 435.25 440.50 1251300
20040514 441.50 441.75 431.00 433.75 1556500
20040517 428.00 432.00 426.50 430.00 774400
20040518 429.75 431.00 427.00 429.00 1169400
20040519 426.75 436.75 426.75 433.75 3418200
20040520 434.00 434.00 416.25 430.00 1514900
20040521 430.25 435.00 428.00 433.00 1439800
20040524 432.75 436.75 429.50 433.00 1942100
20040525 433.25 433.50 427.75 431.50 1851000
20040526 434.75 438.00 433.00 437.50 2998700
20040527 441.00 445.50 433.00 433.75 1058000
20040528 434.50 441.50 428.50 441.50 3173200
20040531 441.50 441.50 441.50 441.50 0
20040601 440.00 441.25 433.25 434.75 1540500
20040602 440.00 443.00 435.50 440.75 1832600
20040603 440.00 443.00 433.75 437.50 1163400
20040604 439.75 442.50 437.00 440.50 729300
20040607 443.00 448.50 443.00 447.25 1067200
20040608 443.00 452.00 442.75 451.25 1507000
20040609 454.75 454.75 447.25 452.50 1136700
20040610 450.00 450.50 443.25 445.25 1382600
20040611 443.25 448.50 440.50 446.00 535500
20040614 447.25 447.25 437.25 437.75 644300
20040615 441.00 443.00 436.00 437.75 759200
20040616 443.75 449.50 437.25 443.50 1470000
20040617 431.00 441.00 431.00 440.00 1273900
20040618 435.25 443.00 438.25 440.00 1584500
20040621 438.50 442.00 437.75 438.75 1025200
20040622 437.75 441.75 438.25 440.50 1223200
20040623 436.50 463.25 436.50 443.75 2560800
20040624 449.50 449.50 436.00 439.50 1538700
20040625 441.75 448.00 440.25 446.00 914100
20040628 439.75 449.50 439.75 448.00 941300
20040629 456.75 456.75 442.75 449.50 1203200
20040630 450.25 450.50 436.25 448.25 1481600
20040701 448.25 450.00 435.00 445.00 1238800
20040702 447.00 447.50 439.25 442.00 1105000
20040705 439.50 455.00 438.25 440.25 450500
20040706 438.75 439.50 432.75 434.75 740600
20040707 439.50 439.50 433.00 434.25 1205700
20040708 436.00 439.75 431.50 437.00 1456700
20040709 434.50 440.00 432.50 434.25 531300
20040712 434.75 436.00 432.25 435.50 605400
20040713 439.75 439.75 432.25 432.75 767800
20040714 431.75 434.00 431.00 434.00 582600
20040715 436.75 437.00 431.00 431.25 677300
20040716 434.25 435.25 430.00 432.50 817500
20040719 434.25 434.25 429.00 430.00 651200
20040720 431.25 432.75 415.25 429.50 553100
20040721 430.25 444.75 430.25 431.25 859100
20040722 430.25 433.75 425.25 425.25 650200
20040723 428.25 434.00 425.25 429.25 1126400
20040726 430.00 430.00 425.00 426.50 491100
20040727 425.50 431.75 425.50 429.00 862200
20040728 428.00 438.75 415.75 419.00 2241900
20040729 423.00 430.50 420.00 428.25 1809400
20040730 428.50 430.00 426.00 426.50 1076600
20040802 428.50 429.00 424.25 426.75 842900
20040803 426.75 429.00 425.25 429.00 1294900
20040804 428.75 431.25 425.00 427.25 715700
20040805 434.25 434.75 428.00 428.00 355200
20040806 428.00 428.00 418.75 421.00 640300
20040809 422.25 425.25 414.00 414.00 811900
20040810 417.00 420.75 414.00 416.25 718900
20040811 423.75 423.75 416.00 419.50 753100
20040812 411.25 419.50 411.25 413.75 1379700
20040813 413.50 420.00 414.00 414.00 1439900
20040816 416.00 416.00 409.00 409.25 1107500
20040817 408.25 410.00 399.00 403.25 1713000
20040818 404.75 411.25 409.25 409.50 2429100
20040819 410.75 430.50 409.25 414.00 1501900
20040820 418.75 421.00 416.00 419.25 2211200
20040823 425.50 426.50 423.00 425.00 815400
20040824 424.00 428.50 422.75 424.50 1148700
20040825 427.00 434.00 427.00 430.50 1609000
20040826 433.75 437.50 433.75 437.50 1885500
20040827 439.50 440.25 432.50 439.50 1220000
20040830 439.50 439.50 439.50 439.50 0
20040831 440.50 443.75 437.00 441.50 1548600
20040901 445.00 445.00 439.00 439.75 1040500
20040902 440.00 440.25 436.00 438.50 1717600
20040903 440.00 441.00 438.50 440.00 1161900
20040906 442.00 445.00 440.75 442.00 818900
20040907 444.50 447.00 435.00 439.50 1079900
20040908 439.50 444.00 428.50 433.50 2213000
20040909 429.25 433.00 427.75 429.00 1942700
20040910 431.50 431.50 419.00 423.75 2255000
20040913 428.75 429.00 422.00 423.75 1257500
20040914 426.00 426.00 416.50 418.50 3112200
20040915 418.25 418.25 396.00 416.50 4651200
20040916 418.00 418.00 410.00 414.00 1809400
20040917 414.00 422.75 414.00 420.00 2096700
20040920 419.00 422.00 415.50 418.25 1258100
20040921 419.75 424.50 416.50 419.75 1319400
20040922 420.75 426.00 415.50 417.75 1255200
20040923 419.00 419.00 413.50 414.50 809600
20040924 414.00 414.75 410.00 411.00 1059000
20040927 407.50 415.00 407.50 411.25 1278800
20040928 410.00 412.50 409.75 411.75 1696400
20040929 410.75 422.00 419.50 420.75 2061200
20040930 420.75 425.25 420.50 423.50 2254600
20041001 425.00 430.00 423.50 429.75 1936000
20041004 432.25 435.50 429.75 434.25 1102200
20041005 437.00 438.75 434.00 435.50 1802500
20041006 435.25 439.00 432.25 437.00 1443400
20041007 440.25 440.25 434.25 437.00 1920300
20041008 436.00 437.75 428.75 435.00 581900
20041011 438.75 439.75 432.50 438.00 1218900
20041012 434.75 438.50 428.50 436.00 1630900
20041013 430.00 435.00 430.00 433.50 2172800
20041014 432.00 432.00 421.50 423.00 3621400
20041015 422.50 430.75 422.50 430.50 1849100
20041018 434.25 435.00 429.25 430.50 1759500
20041019 427.25 434.00 427.25 430.50 1057300
20041020 429.25 431.25 425.75 431.00 1751400
20041021 429.00 430.75 427.25 429.50 1535600
20041022 426.25 430.50 423.50 430.00 2188800
20041025 425.25 429.75 424.00 428.75 1155700
20041026 426.50 431.75 426.50 431.25 1174700
20041027 432.00 432.00 430.00 432.00 845800
20041028 433.00 436.75 427.25 429.75 1686500
20041029 427.00 436.00 427.00 430.50 1616800
20041101 434.00 436.25 430.50 435.50 780700
20041102 438.75 444.00 434.50 442.00 2368400
20041103 443.75 448.00 440.50 443.50 3835900
20041104 445.00 446.00 441.25 445.75 1756500
20041105 449.00 449.00 443.50 444.50 1292500
20041108 447.25 448.00 443.25 444.75 920100
20041109 445.50 445.50 438.25 441.00 834400
20041110 443.00 447.75 440.75 446.50 2060900
20041111 448.00 458.75 447.00 456.50 3295200
20041112 460.25 460.25 454.75 456.00 1188700
20041115 460.25 462.50 450.00 456.75 850200
20041116 458.50 461.50 453.00 457.25 1972300
20041117 459.25 459.50 449.75 451.00 1857500
20041118 452.50 454.75 449.25 453.50 1796000
20041119 452.00 454.75 450.00 451.25 754800
20041122 448.50 453.25 449.25 450.75 1135400
20041123 449.50 454.25 449.50 454.00 1273400
20041124 455.00 457.50 451.00 456.25 1205900
20041125 456.00 457.75 456.00 457.00 557700
20041126 457.50 462.25 457.00 461.25 532900
20041129 458.25 462.25 452.00 456.75 1253400
20041130 456.00 458.25 450.75 451.75 1366100
20041201 454.50 455.00 447.00 451.50 1617300
20041202 455.00 455.00 448.75 451.25 921300
20041203 453.00 453.00 446.50 446.50 1696300
20041206 446.25 447.00 443.50 445.25 1539100
20041207 442.25 453.00 442.25 449.00 1708200
20041208 448.75 453.25 447.00 450.00 1232400
20041209 451.25 452.00 439.50 443.25 1565500
20041210 447.25 450.50 444.50 446.50 934100
20041213 448.50 454.25 445.00 452.50 1436600
20041214 455.00 455.00 448.25 449.50 874300
20041215 451.00 458.25 451.00 455.50 2271600
20041216 459.00 459.00 448.75 449.25 1174500
20041217 452.00 452.50 445.75 447.00 1291800
20041220 456.00 458.00 448.25 454.75 1123400
20041221 456.25 456.50 446.25 449.25 1763600
20041222 452.00 452.00 449.00 449.00 1269100
20041223 450.00 450.00 447.00 448.50 1192000
20041224 446.75 456.75 446.75 456.75 140900
20041227 456.75 456.75 456.75 456.75 0
20041228 456.75 456.75 456.75 456.75 0
20041229 466.00 466.00 449.75 456.25 832100
20041230 458.00 463.75 456.50 461.25 1150600
20041231 457.25 460.00 457.25 459.50 156400
20050103 459.50 459.50 459.50 459.50 0
20050104 459.50 473.00 457.25 466.25 1538700
20050105 464.00 466.50 458.00 460.75 982900
20050106 463.50 469.25 455.50 465.00 2315700
20050107 464.50 472.50 472.00 472.25 2793800
20050110 470.00 471.00 468.00 469.50 1022100
20050111 471.75 471.75 464.75 466.50 1329900
20050112 467.00 470.50 464.75 465.75 1137900
20050113 468.75 468.75 464.25 465.25 1177600
20050114 463.75 469.75 462.75 465.50 896400
20050117 469.00 473.00 465.50 470.50 697200
20050118 472.50 472.50 463.25 465.50 835000
20050119 462.75 462.75 459.25 459.25 1572500
20050120 460.25 460.25 453.75 456.50 1315300
20050121 458.00 458.00 452.75 454.00 1094900
20050124 455.00 456.00 447.50 455.25 910600
20050125 456.50 456.50 451.00 452.00 640000
20050126 454.00 455.00 450.00 453.00 1488900
20050127 452.00 452.75 449.00 452.00 676500
20050128 453.50 468.00 452.25 458.75 2341900
20050131 459.50 461.00 453.75 454.75 1494700
20050201 453.50 468.50 451.50 467.00 1761200
20050202 466.50 470.75 461.50 465.00 1461600
20050203 464.50 464.75 458.25 459.00 1716700
20050204 460.00 461.25 458.25 460.00 1868800
20050207 460.50 463.00 456.50 457.25 1667600
20050208 456.25 456.25 446.75 451.50 2364700
20050209 450.75 453.00 450.00 450.25 1683400
20050210 451.00 455.50 447.50 448.00 1219700
20050211 447.75 449.50 440.00 445.25 2178800
20050214 447.00 455.25 446.00 454.25 2700900
20050215 454.00 457.00 450.75 452.00 2558300
20050216 452.25 463.75 449.50 462.00 4448200
20050217 462.75 467.50 461.00 462.00 1769300
20050218 462.25 465.25 460.00 463.25 1166000
20050221 463.00 466.25 462.00 464.50 1190800
20050222 462.50 465.00 459.25 463.00 1289700
20050223 461.25 467.25 456.50 458.50 1621900
20050224 461.00 462.50 456.50 461.25 1357500
20050225 464.00 478.00 459.75 464.50 2770200
20050228 462.00 468.50 457.75 458.50 2490000
20050301 456.75 457.00 450.00 456.00 1420900
20050302 454.00 459.00 454.00 458.50 1038000
20050303 456.25 462.25 453.25 460.00 1343200
20050304 460.00 468.25 456.25 467.00 2236100
20050307 466.00 468.75 450.50 467.50 1803100
20050308 467.00 471.75 462.00 470.75 2148300
20050309 470.75 475.75 470.75 473.50 2105400
20050310 473.50 477.25 473.50 476.00 1994400
20050311 475.50 477.00 473.00 475.50 1007200
20050314 477.75 481.25 473.75 477.50 1153100
20050315 475.00 484.50 475.00 477.00 1382600
20050316 477.50 477.50 471.25 473.75 1896400
20050317 475.75 479.25 472.75 476.00 1199100
20050318 479.25 487.00 476.25 485.00 2519900
20050321 485.25 485.25 479.50 481.50 886400
20050322 482.50 482.50 471.50 479.00 1910900
20050323 476.25 487.50 473.25 474.00 2195200
20050324 474.00 479.50 473.25 478.25 1301200
20050325 478.25 478.25 478.25 478.25 0
20050328 478.25 478.25 478.25 478.25 0
20050329 480.75 480.75 472.50 476.50 1235400
20050330 476.75 486.50 465.25 475.75 1307200
20050331 475.25 478.50 474.75 474.75 1024800
20050401 477.00 491.75 474.25 480.25 1614700
20050404 480.50 483.50 475.25 479.00 1602800
20050405 479.25 496.25 479.25 493.00 3491600
20050406 492.00 492.00 483.75 483.75 1779000
20050407 481.50 488.75 478.00 487.75 2396300
20050408 488.25 488.50 482.50 484.75 1066400
20050411 483.50 487.75 481.00 484.00 1387100
20050412 485.00 488.25 481.25 487.00 1658300
20050413 487.50 489.50 483.00 483.50 1510700
20050414 483.00 485.25 477.75 478.00 1388900
20050415 476.50 485.00 475.25 479.00 2044100
20050418 469.50 477.25 468.00 474.50 1841900
20050419 473.75 477.75 469.75 471.00 1635400
20050420 471.00 474.25 469.00 470.25 1463200
20050421 468.50 476.25 468.50 470.50 1332100
20050422 475.00 475.00 468.75 473.50 1315400
20050425 472.00 472.50 469.00 471.75 903400
20050426 470.25 471.50 469.00 470.00 1553800
20050427 470.00 472.50 464.75 465.50 1723500
20050428 467.75 468.75 459.75 461.00 1679700
20050429 460.00 462.75 459.50 460.00 2646400
20050502 460.00 460.00 460.00 460.00 0
20050503 466.50 466.50 457.75 460.25 1700600
20050504 460.25 472.00 460.25 470.75 2190200
20050505 474.00 477.00 463.00 469.25 1965200
20050506 472.00 473.50 467.00 467.75 1153500
20050509 470.00 472.00 466.75 467.00 1144100
20050510 470.50 470.50 467.00 468.00 2149600
20050511 459.75 463.75 455.50 461.50 1364800
20050512 462.00 462.50 457.00 458.75 1058000
20050513 458.75 461.75 455.00 458.00 792800
20050516 458.00 463.75 457.75 463.00 1153100
20050517 462.75 475.00 462.25 465.75 1773700
20050518 470.00 473.75 466.25 472.00 1112500
20050519 472.00 481.50 471.75 473.50 1569400
20050520 476.00 478.50 473.00 473.75 951600
20050523 475.00 478.00 473.75 475.75 566400
20050524 476.00 478.00 474.25 477.75 539300
20050525 479.75 482.25 474.50 476.00 769300
20050526 477.75 486.75 477.75 482.25 1264900
20050527 484.00 484.00 473.00 478.25 1223000
20050530 478.25 478.25 478.25 478.25 0
20050531 481.75 485.75 471.00 482.50 1564200
20050601 485.00 487.00 481.00 486.50 1008200
20050602 488.25 488.25 482.75 486.50 968500
20050603 486.50 486.50 486.50 486.50 0
20050606 487.50 487.50 483.00 485.00 1176000
20050607 485.25 491.50 485.25 489.75 773800
20050608 489.50 491.75 487.75 490.00 1053200
20050609 490.25 492.75 489.25 492.50 1101100
20050610 496.25 496.25 490.25 491.75 1194200
20050613 493.25 495.25 489.25 490.00 1058900
20050614 486.50 492.00 486.50 488.75 909400
20050615 491.25 491.25 485.00 485.25 744000
20050616 486.75 486.75 484.25 485.00 736700
20050617 484.25 488.00 476.00 480.00 2399700
20050620 479.00 485.25 478.50 483.00 1264300
20050621 486.00 486.00 479.00 480.50 980600
20050622 480.75 484.25 480.00 483.50 1374000
20050623 486.50 488.25 482.25 485.75 1239800
20050624 480.25 485.25 478.00 478.75 997300
20050627 478.25 478.50 471.75 473.25 1347600
20050628 472.25 477.75 472.25 477.25 624200
20050629 477.00 481.00 474.75 480.75 1551900
20050630 479.50 482.75 478.00 481.75 1410400
20050701 479.75 488.75 479.75 487.50 1248700
20050704 485.50 486.75 483.00 483.00 826900
20050705 483.00 483.00 460.00 476.25 2329100
20050706 475.25 483.50 474.25 482.50 1763900
20050707 484.25 484.25 460.00 473.75 2030500
20050708 477.00 479.25 474.75 477.25 978000
20050711 481.00 481.00 473.75 478.50 1324000
20050712 480.75 480.75 473.25 476.50 1901300
20050713 479.00 480.00 475.25 477.50 1421900
20050714 480.75 480.75 475.00 477.25 2505200
20050715 477.25 478.25 470.25 472.50 2539400
20050718 472.75 475.75 472.50 475.25 1751500
20050719 474.50 475.75 472.00 474.00 4300900
20050720 476.00 477.75 466.50 477.75 3187200
20050721 481.25 481.75 475.00 481.25 4065000
20050722 483.25 484.00 479.50 484.00 3090400
20050725 479.50 490.00 477.25 482.00 1958800
20050726 480.00 491.25 480.00 488.50 3747600
20050727 488.50 490.00 485.25 486.00 5122400
20050728 490.00 491.00 482.00 486.50 3646000
20050729 490.00 491.25 485.50 489.50 2613100
20050801 491.75 494.50 487.25 492.75 1768600
20050802 490.50 494.50 489.50 494.00 1887400
20050803 494.75 494.75 489.00 493.50 2012900
20050804 495.00 498.50 492.50 498.25 2305900
20050805 495.50 499.00 495.00 498.00 2126700
20050808 500.75 500.75 493.50 497.75 1403600
20050809 497.25 501.50 496.00 499.75 2261900
20050810 501.00 502.00 490.00 501.00 1343800
20050811 500.25 500.75 496.75 498.00 1545400
20050812 500.50 501.50 496.50 497.50 1884900
20050815 497.50 499.75 495.75 498.00 876300
20050816 501.00 504.50 498.50 500.50 2488500
20050817 499.00 503.00 494.25 494.75 1925200
20050818 495.75 498.75 493.75 494.25 2558700
20050819 493.50 496.00 492.75 494.00 1648300
20050822 492.75 504.75 492.75 503.00 1753600
20050823 503.00 503.00 490.00 496.25 3639400
20050824 496.00 500.00 494.50 499.00 2038600
20050825 490.50 508.50 490.50 500.00 2268100
20050826 498.00 503.00 491.00 500.25 2373700
20050829 500.25 500.25 500.25 500.25 0
20050830 501.75 509.75 499.00 500.00 1510300
20050831 499.50 505.50 492.50 503.25 1782200
20050901 503.75 512.25 502.50 504.25 3207500
20050902 504.50 512.75 504.50 510.75 1406500
20050905 513.75 513.75 508.00 510.25 989300
20050906 509.25 515.00 509.25 510.50 1509900
20050907 513.50 521.00 511.25 513.00 3436300
20050908 513.75 519.50 513.00 515.00 2302300
20050909 513.50 515.25 510.75 514.00 1514700
20050912 518.75 518.75 514.75 516.50 2336100
20050913 514.50 517.75 511.75 514.00 1107800
20050914 514.75 514.75 510.00 513.00 1123300
20050915 513.00 514.75 508.25 509.75 1892300
20050916 507.75 513.25 502.50 506.50 3922300
20050919 506.00 513.00 506.00 510.00 2407200
20050920 512.00 512.00 502.00 505.50 2347900
20050921 503.50 507.00 493.50 501.50 4064700
20050922 501.00 504.00 499.50 502.50 2428700
20050923 506.00 506.00 501.50 501.50 2347900
20050926 506.00 507.50 503.50 505.00 1501000
20050927 499.50 508.00 499.50 506.00 1628200
20050928 510.50 512.00 506.50 511.00 2770000
20050929 511.00 515.50 509.50 515.00 5241500
20050930 515.50 520.00 512.50 514.50 3160500
20051003 514.50 520.50 513.00 519.00 1607100
20051004 517.00 520.50 513.00 519.00 2532300
20051005 517.00 517.50 510.50 514.00 1243800
20051006 507.50 510.50 505.00 508.00 1655300
20051007 510.50 513.00 508.00 513.00 2644100
20051010 514.50 516.00 507.50 514.50 1303300
20051011 513.00 513.00 507.50 508.50 6057500
20051012 503.00 503.00 495.50 496.50 4937300
20051013 497.50 497.50 485.00 485.00 3496800
20051014 484.00 492.50 482.00 490.50 3494000
20051017 490.50 491.00 487.50 490.00 1307000
20051018 489.50 489.50 483.00 485.00 4395100
20051019 482.50 484.00 478.00 481.00 4627400
20051020 490.00 490.00 482.00 483.50 4136200
20051021 481.50 481.50 478.00 481.00 1762500
20051024 483.50 488.00 479.50 485.50 2056600
20051025 487.50 489.00 481.50 482.00 1556400
20051026 486.00 486.00 478.50 479.50 4416400
20051027 477.00 478.00 474.50 476.00 1628700
20051028 475.50 478.00 471.50 476.50 2002200
20051031 479.50 482.00 470.50 481.50 4918400
20051101 479.50 483.00 479.50 480.50 5348300
20051102 480.50 483.00 478.50 483.00 3653400
20051103 485.00 492.00 483.00 490.00 3642400
20051104 490.00 493.00 483.50 492.00 1812300
20051107 489.50 496.00 487.00 496.00 1711500
20051108 495.50 497.00 492.00 494.50 2819200
20051109 494.00 498.50 491.50 496.50 6337900
20051110 499.50 527.50 497.50 512.00 15316600
20051111 516.50 516.50 506.00 506.50 6979200
20051114 505.00 511.00 495.00 502.50 4735300
20051115 503.00 510.50 500.50 504.50 4851900
20051116 506.00 512.00 505.50 510.50 2405200
20051117 520.00 520.00 509.50 512.50 2701000
20051118 515.00 520.00 511.50 517.50 2223700
20051121 520.00 520.00 514.50 517.50 1750500
20051122 520.00 520.00 514.00 515.00 3507700
20051123 517.00 517.00 514.00 516.50 1449000
20051124 519.50 519.50 508.50 517.00 1824800
20051125 520.00 520.00 516.50 519.00 796700
20051128 518.50 518.50 511.50 515.00 3512800
20051129 516.50 519.50 515.00 515.00 2317800
20051130 512.00 518.00 509.00 510.50 2940900
20051201 513.00 518.00 509.00 511.00 4326300
20051202 510.50 514.00 507.50 513.00 4748200
20051205 513.00 513.00 504.00 504.50 5364800
20051206 506.50 509.50 493.00 508.00 2971300
20051207 508.50 510.00 503.00 505.50 5059900
20051208 505.50 505.50 496.50 503.50 4338800
20051209 502.50 508.00 502.50 507.00 1330200
20051212 509.50 509.50 506.00 507.00 1629400
20051213 506.50 508.50 504.00 504.50 2229300
20051214 505.00 506.00 503.00 503.50 1675300
20051215 502.50 505.00 500.00 500.00 3171000
20051216 502.00 503.50 498.50 503.50 5029700
20051219 505.00 507.50 500.00 507.00 1888400
20051220 507.00 509.00 501.50 505.00 3232200
20051221 505.50 511.50 504.50 510.00 1232200
20051222 510.50 510.50 505.00 507.50 1064300
20051223 508.50 510.00 506.00 508.50 84500
20051226 508.50 508.50 508.50 508.50 0
20051227 508.50 508.50 508.50 508.50 0
20051228 520.00 520.00 508.00 510.00 799600
20051229 508.50 513.00 508.50 512.00 472800
20051230 504.50 513.50 503.00 508.00 526900
20060102 508.00 508.00 508.00 508.00 0
20060103 509.00 513.50 505.50 510.50 1644200
20060104 513.50 517.00 508.50 516.50 2506700
20060105 515.50 517.50 515.00 516.50 3121400
20060106 519.50 521.50 515.50 520.50 9469500
20060109 519.50 522.00 517.00 519.50 4357000
20060110 516.00 519.50 514.50 517.00 5696700
20060111 517.50 526.00 517.00 526.00 9090500
20060112 524.00 526.50 519.50 521.50 4916800
20060113 523.50 523.50 514.50 518.00 2087500
20060116 511.50 517.00 511.50 516.50 943100
20060117 511.50 516.00 511.50 515.00 3356500
20060118 511.50 512.50 507.50 511.50 3062900
20060119 513.50 513.50 506.50 509.00 4998100
20060120 507.50 512.00 497.00 497.00 5110900
20060123 493.50 501.00 493.50 499.50 3865200
20060124 497.50 502.00 496.00 501.00 3995900
20060125 501.50 506.00 501.50 506.00 2398400
20060126 508.50 510.00 504.00 507.00 2964300
20060127 510.00 513.00 507.00 509.00 3785500
20060130 510.00 513.50 509.00 509.50 3345000
20060131 508.00 511.00 503.50 510.00 5597600
20060201 509.50 510.00 507.00 508.00 3179700
20060202 513.00 513.00 507.50 509.00 4208800
20060203 509.00 514.50 507.00 511.00 4291200
20060206 511.00 512.00 505.00 507.00 5820500
20060207 510.00 511.00 501.00 502.50 3901200
20060208 500.50 502.50 499.50 500.50 6832200
20060209 501.50 505.50 500.50 504.00 4741700
20060210 503.50 506.50 500.00 500.00 2844000
20060213 500.00 506.50 497.50 498.00 1971500
20060214 500.50 502.00 494.50 498.50 2969800
20060215 501.00 501.00 491.00 491.00 4512300
20060216 494.00 494.00 484.00 484.50 6752900
20060217 487.00 502.50 487.00 499.00 7239700
20060220 500.00 502.50 496.00 500.00 3243100
20060221 504.00 507.00 495.00 502.50 2455400
20060222 507.00 529.00 504.50 525.00 7498900
20060223 525.00 525.00 516.00 520.00 5615400
20060224 522.50 524.50 518.00 518.50 1670200
20060227 521.50 524.50 509.50 520.50 2874600
20060228 519.00 520.50 507.00 507.00 6075100
20060301 504.00 518.00 504.00 516.50 3738900
20060302 514.00 518.50 510.00 516.00 5898100
20060303 516.00 526.00 513.00 514.00 3754500
20060306 511.50 532.50 511.50 532.50 6497400
20060307 527.00 535.50 527.00 533.00 5856000
20060308 532.00 539.50 532.00 535.50 8984000
20060309 536.50 555.00 536.50 553.50 6856800
20060310 551.00 558.50 549.00 558.50 4986600
20060313 558.50 569.50 555.00 557.00 5775800
20060314 554.50 561.50 544.50 550.50 8186800
20060315 549.50 560.00 541.50 547.50 3008500
20060316 550.50 565.00 544.50 553.00 3282100
20060317 551.00 556.00 549.00 552.00 4089400
20060320 555.00 563.00 549.00 551.00 2251100
20060321 548.00 560.50 548.00 556.00 2540700
20060322 552.00 556.50 545.00 553.00 2462800
20060323 555.50 563.50 551.00 551.50 2425200
20060324 552.00 562.50 552.00 558.00 2123900
20060327 561.00 563.00 551.00 553.00 2533000
20060328 555.00 558.50 548.00 550.00 2255100
20060329 552.00 556.50 547.50 555.00 3100400
20060330 558.50 564.50 539.50 553.00 3502100
20060331 549.50 559.50 543.00 557.50 3628700
20060403 557.50 565.00 549.50 561.50 6434000
20060404 560.00 575.00 553.00 562.00 2388300
20060405 566.00 572.00 554.00 560.50 2271900
20060406 559.00 561.50 552.50 561.50 3346700
20060407 560.00 561.50 554.50 555.50 2092800
20060410 553.00 559.50 552.00 558.50 2245000
20060411 556.50 560.00 551.50 553.00 8136000
20060412 550.00 555.50 548.00 550.50 2207200
20060413 548.00 553.00 548.00 549.00 2650600
20060414 549.00 549.00 549.00 549.00 0
20060417 549.00 549.00 549.00 549.00 0
20060418 552.00 557.50 544.50 554.50 2590900
20060419 560.50 561.00 554.50 559.00 2858400
20060420 556.00 566.00 548.50 563.50 10828900
20060421 566.50 569.00 560.00 561.50 2422800
20060424 561.00 567.00 555.50 557.00 2527600
20060425 559.50 562.00 557.50 559.50 2107900
20060426 560.50 565.00 558.50 558.50 2169500
20060427 558.50 560.00 549.00 551.00 4638300
20060428 551.00 551.50 545.00 545.00 10447600
20060501 545.00 545.00 545.00 545.00 0
20060502 543.50 548.50 543.50 548.00 6138700
20060503 548.00 549.00 546.50 546.50 4021700
20060504 546.50 550.00 534.00 539.00 21846000
20060505 539.00 544.50 536.00 539.00 5331500
20060508 542.00 556.00 528.50 531.50 5189100
20060509 529.50 536.50 527.50 533.00 4257100
20060510 524.50 526.50 518.50 521.00 5789300
20060511 521.00 527.50 511.00 511.00 7082700
20060512 508.00 512.00 501.00 501.50 6790300
20060515 500.50 500.01 479.52 489.50 7348100
20060516 488.50 495.74 487.10 489.50 6018900
20060517 488.00 492.70 474.00 474.00 3438900
20060518 477.00 488.84 467.42 480.00 8861100
20060519 480.00 484.50 474.39 476.00 4801200
20060522 473.00 473.57 457.50 459.00 4919300
20060523 460.00 493.39 460.00 479.00 6060500
20060524 480.00 487.00 466.00 475.00 8199600
20060525 472.50 487.39 473.00 486.00 6590200
20060526 493.00 497.00 487.00 492.00 7728000
20060529 492.00 492.00 492.00 492.00 0
20060530 492.00 491.20 476.50 476.50 5552600
20060531 470.50 483.80 470.66 479.00 2923000
20060601 473.00 482.50 467.00 480.00 7004000
20060602 480.00 493.78 479.90 484.00 9521500
20060605 485.00 489.92 482.70 485.00 3633600
20060606 482.00 487.00 475.00 475.50 5817600
20060607 477.00 484.00 477.36 481.00 4356700
20060608 473.00 477.64 472.00 472.00 3814200
20060609 475.00 490.50 475.00 488.50 7288800
20060612 489.50 490.89 482.76 485.50 11920300
20060613 477.50 479.50 472.32 478.00 7255600
20060614 480.50 487.33 470.62 475.50 3681400
20060615 476.00 480.83 474.16 477.00 3907200
20060616 484.50 486.21 471.25 472.50 6664400
20060619 475.00 477.75 473.50 474.75 4950100
20060620 473.00 483.08 472.77 477.00 7663800
20060621 480.00 489.85 478.51 488.75 8703700
20060622 495.00 497.75 484.75 487.50 6896400
20060623 486.25 494.90 486.62 488.75 3415300
20060626 493.00 495.80 486.34 487.50 7689500
20060627 492.25 499.25 492.25 493.50 6422700
20060628 495.00 508.52 498.60 506.75 13465700
20060629 509.00 519.25 508.25 516.75 9973000
20060630 525.00 529.75 515.00 528.00 6441100
20060703 530.00 538.25 525.75 529.25 3291300
20060704 529.00 529.50 520.25 527.75 3635400
20060705 526.50 527.50 519.25 521.25 3091000
20060706 520.50 524.75 519.00 523.00 2329400
20060707 522.50 522.50 514.25 516.00 3613000
20060710 513.25 516.00 512.50 516.00 2824200
20060711 515.00 517.00 509.75 510.00 2263800
20060712 511.25 515.75 509.25 511.25 2673800
20060713 509.75 509.75 499.00 503.00 2697700
20060714 494.00 500.50 490.25 490.25 2618700
20060717 490.25 496.00 483.50 493.50 3791400
20060718 493.00 493.00 486.50 490.00 2914000
20060719 494.50 504.00 493.00 503.50 2822700
20060720 504.00 511.25 492.50 503.50 2736800
20060721 501.00 505.00 496.50 499.75 2289900
20060724 500.00 506.00 499.50 506.00 1306300
20060725 504.75 507.25 500.00 506.25 3814100
20060726 505.00 511.00 502.25 510.25 2182300
20060727 514.75 514.75 504.50 508.00 3617600
20060728 505.25 511.00 504.50 510.00 2179100
20060731 509.50 511.00 504.25 505.00 1674000
20060801 505.00 511.00 502.00 504.00 2076300
20060802 508.25 510.00 501.75 506.75 1614100
20060803 506.75 506.75 506.75 506.75 0
20060804 503.25 507.00 500.50 506.00 1568200
20060807 500.25 503.50 496.50 497.25 1042000
20060808 502.00 503.25 497.25 502.75 2798400
20060809 506.25 506.25 499.00 503.75 1566600
20060810 498.00 500.25 491.00 498.50 2733600
20060811 500.50 506.50 500.50 504.00 2681400
20060814 510.00 511.00 506.00 509.50 1381900
20060815 509.50 516.75 506.75 516.50 2237400
20060816 514.75 521.00 510.75 519.50 1020400
20060817 524.50 527.50 521.00 526.75 2277600
20060818 529.75 529.75 524.50 525.00 1644000
20060821 522.00 529.25 522.00 528.00 1205200
20060822 527.50 529.75 514.25 518.75 5443200
20060823 521.50 521.50 508.75 511.00 5238200
20060824 518.25 553.00 518.25 549.50 11233200
20060825 547.00 547.00 534.50 538.25 5257500
20060828 538.25 538.25 538.25 538.25 0
20060829 539.50 548.50 539.25 547.00 4165700
20060830 549.50 550.25 542.00 543.50 12715700
20060831 541.00 545.25 538.50 543.00 3889400
20060901 547.00 551.50 544.75 550.25 3663300
20060904 548.75 555.75 548.50 554.50 6778600
20060905 552.50 558.75 551.50 558.00 3798700
20060906 561.00 561.75 552.75 554.00 7886000
20060907 554.25 558.75 546.75 553.50 4557200
20060908 556.75 558.50 549.75 551.00 2789400
20060911 547.00 551.00 544.75 550.00 1639000
20060912 552.75 555.00 547.00 554.50 3164100
20060913 558.00 558.50 551.50 554.25 7262700
20060914 552.50 561.50 552.00 560.25 3812800
20060915 563.25 574.00 559.75 572.75 7366100
20060918 573.00 573.50 566.50 573.00 2766400
20060919 570.50 572.00 564.00 564.50 2855000
20060920 567.00 571.50 563.00 569.50 3135600
20060921 572.00 575.00 567.00 571.50 3104300
20060922 566.00 568.00 559.00 561.50 4892900
20060925 562.50 566.00 558.00 562.00 3640300
20060926 562.50 569.00 561.00 565.50 4791400
20060927 565.00 572.00 565.00 570.50 7938000
20060928 569.00 579.00 566.00 576.00 3062500
20060929 574.00 577.00 570.50 571.50 5389200
20061002 550.00 573.00 550.00 570.00 2361800
20061003 567.00 570.00 563.00 568.50 1652900
20061004 573.00 576.50 570.50 573.00 1915400
20061005 578.50 580.00 574.00 577.00 3307100
20061006 580.50 581.00 575.00 580.00 2935900
20061009 580.50 581.00 575.50 579.00 2187500
20061010 577.00 581.00 577.00 579.50 1728200
20061011 572.50 582.00 571.50 582.00 3833600
20061012 585.00 590.50 581.50 588.00 4186700
20061013 589.00 589.00 584.50 587.50 4408200
20061016 585.50 592.50 585.00 590.50 1895500
20061017 592.50 592.50 579.50 580.50 3783800
20061018 585.00 595.00 584.00 591.50 4049100
20061019 591.50 599.00 590.00 595.00 4415000
20061020 598.50 600.00 593.00 595.50 1491600
20061023 595.50 597.50 592.00 596.00 2329500
20061024 598.00 598.00 593.00 595.00 1719400
20061025 593.00 606.50 593.00 604.50 2651700
20061026 604.00 608.50 598.50 598.50 3986900
20061027 598.00 603.00 594.00 594.50 5203900
20061030 591.00 594.50 587.00 587.50 11019000
20061031 584.00 591.00 584.00 590.50 3422100
20061101 586.50 592.00 585.00 585.50 1793200
20061102 583.00 583.00 575.00 577.50 5406400
20061103 565.00 565.00 549.00 552.00 15141000
20061106 553.50 563.00 550.00 561.50 10429700
20061107 560.00 564.50 556.00 558.00 6545400
20061108 557.00 558.50 552.00 555.50 6785500
20061109 553.50 556.50 550.50 553.50 6759100
20061110 550.00 555.50 549.50 553.00 5464000
20061113 553.00 556.00 550.00 551.00 3391700
20061114 551.00 553.50 541.50 545.00 4153900
20061115 549.00 552.00 547.00 550.00 10876600
20061116 547.00 550.00 546.00 549.00 19632500
20061117 551.00 551.00 537.00 540.00 2175100
20061120 540.50 545.50 537.00 544.50 3169000
20061121 542.00 546.50 540.50 543.50 4104500
20061122 543.00 548.50 537.00 538.50 4568500
20061123 538.00 540.00 529.00 539.00 2562800
20061124 540.00 540.00 531.50 534.50 2410800
20061127 533.00 533.50 520.00 520.50 4847200
20061128 520.50 530.50 515.50 529.00 7072400
20061129 528.00 537.00 527.50 536.00 7333400
20061130 536.00 543.00 535.00 537.50 7619500
20061201 536.50 544.50 533.00 536.00 8356800
20061204 535.00 542.00 533.50 540.00 5111900
20061205 539.00 545.00 538.00 543.00 3474400
20061206 540.50 545.50 536.50 538.50 3023800
20061207 536.00 539.50 534.00 537.00 5526900
20061208 532.50 539.00 532.50 538.50 2538400
20061211 542.50 546.00 540.00 543.50 3126300
20061212 545.50 545.50 540.50 542.50 1665200
20061213 536.50 539.50 536.00 538.00 3062100
20061214 536.50 547.50 536.50 547.00 3836900
20061215 546.50 549.50 539.00 543.50 4739700
20061218 542.50 544.00 540.50 543.00 1746800
20061219 538.00 540.00 533.50 536.00 4900900
20061220 540.50 540.50 526.50 532.00 3409000
20061221 530.50 533.00 525.00 526.00 2900900
20061222 527.50 531.00 521.50 523.00 1129600
20061225 523.00 523.00 523.00 523.00 0
20061226 523.00 523.00 523.00 523.00 0
20061227 536.00 536.00 522.00 527.50 1464700
20061228 525.00 526.50 523.00 525.50 1364500
20061229 521.50 526.00 521.00 525.50 645300
20070101 525.50 525.50 525.50 525.50 0
20070102 532.00 532.00 524.50 528.50 2817400
20070103 530.00 536.50 528.50 536.00 3688400
20070104 534.50 536.50 527.50 529.50 5634700
20070105 529.50 530.50 524.00 524.00 3022700
20070108 523.50 532.50 523.50 531.00 5850300
20070109 533.00 537.00 530.50 533.00 6804400
20070110 530.00 537.00 529.00 536.50 5166900
20070111 537.00 541.00 534.00 539.00 6653600
20070112 536.00 539.00 533.50 535.50 4315400
20070115 537.00 542.50 537.00 539.50 2940200
20070116 538.00 544.00 537.50 541.00 4519200
20070117 542.00 542.00 535.50 538.50 3076200
20070118 538.50 544.50 533.00 543.00 4548200
20070119 544.00 545.00 540.50 542.50 4192700
20070122 540.50 548.00 539.50 546.00 4285900
20070123 547.00 547.00 536.00 540.50 4618300
20070124 540.50 548.50 540.50 547.50 2233500
20070125 549.50 549.50 543.00 543.50 3231100
20070126 542.00 543.00 538.00 540.00 3783500
20070129 543.00 544.00 539.50 543.00 2531800
20070130 543.00 545.00 539.50 543.50 2554100
20070131 540.50 541.00 536.00 537.50 4724000
20070201 536.50 546.00 536.50 544.00 5811400
20070202 541.50 545.00 540.50 544.00 4499500
20070205 543.50 546.00 543.50 544.00 2271400
20070206 545.50 545.50 541.00 542.00 5214900
20070207 540.50 542.00 538.50 538.50 8139200
20070208 540.00 541.50 537.50 539.00 5285500
20070209 543.50 545.50 540.00 543.00 3750400
20070212 540.00 542.50 537.50 539.00 1517500
20070213 541.50 546.00 540.50 542.00 2242800
20070214 542.00 546.50 541.00 543.50 4425800
20070215 545.00 547.50 538.50 544.50 3503000
20070216 545.50 549.00 543.50 546.50 2730100
20070219 548.50 550.50 543.50 544.00 2858300
20070220 527.00 531.00 515.00 517.00 13019300
20070221 517.50 518.50 510.00 514.50 12759200
20070222 515.50 526.00 515.50 524.00 7418300
20070223 527.50 527.50 520.50 524.00 7570100
20070226 528.00 529.50 522.50 523.50 4555600
20070227 523.50 523.50 509.00 509.50 9000400
20070228 500.00 510.00 497.00 504.00 9403000
20070301 501.50 511.00 500.00 505.00 9512900
20070302 504.50 513.50 501.00 510.50 7398300
20070305 500.00 502.00 491.50 498.50 11133100
20070306 499.00 507.00 495.00 505.50 9834400
20070307 504.50 517.50 504.50 516.00 5833100
20070308 517.00 521.50 515.00 520.50 5272800
20070309 520.50 522.00 513.50 520.00 3345700
20070312 528.00 536.00 522.00 525.50 5143200
20070313 524.00 527.00 519.50 520.50 3061100
20070314 510.50 519.50 510.50 512.00 7562400
20070315 521.50 522.00 514.00 519.50 3570500
20070316 519.50 523.00 514.00 521.50 4263700
20070319 526.00 531.00 525.00 530.50 2677200
20070320 534.00 536.50 528.00 535.00 4503800
20070321 537.00 547.00 533.50 545.00 5310200
20070322 550.00 554.50 545.00 546.50 4472200
20070323 545.00 551.50 545.00 550.50 3184000
20070326 552.00 557.00 548.00 550.50 5638600
20070327 550.50 555.00 545.00 546.50 3354200
20070328 545.00 547.50 543.50 545.50 3740800
20070329 551.00 551.50 545.00 549.00 3000600
20070330 552.00 552.00 543.00 550.00 5063700
20070402 552.00 557.50 547.50 556.00 2353700
20070403 557.00 561.00 555.00 558.50 2381200
20070404 562.50 563.50 556.00 558.00 2927200
20070405 558.00 559.00 554.50 558.00 2910500
20070406 558.00 558.00 558.00 558.00 0
20070409 558.00 558.00 558.00 558.00 0
20070410 560.00 562.00 550.50 560.50 3441600
20070411 558.00 563.50 553.50 555.50 5034200
20070412 552.00 559.00 552.00 558.00 4691200
20070413 556.00 558.50 552.50 555.50 1668600
20070416 559.50 559.50 553.50 556.00 2768700
20070417 557.00 557.00 535.00 550.00 12003000
20070418 547.00 547.00 536.50 538.00 11112100
20070419 531.00 537.00 525.50 535.50 7968800
20070420 536.50 541.50 536.00 538.00 3650600
20070423 537.00 542.50 537.00 540.00 4026100
20070424 539.00 539.50 530.00 531.00 3178700
20070425 535.00 536.50 532.00 534.00 3324500
20070426 539.00 539.00 532.50 534.50 4039500
20070427 534.50 534.50 529.00 529.50 3404400
20070430 530.50 532.00 526.00 527.50 3670300
20070501 525.00 528.00 522.00 524.00 4001600
20070502 524.50 527.50 521.50 526.00 14847600
20070503 524.00 532.00 517.00 531.00 11247300
20070504 528.50 546.50 527.00 546.00 6498500
20070507 546.00 546.00 546.00 546.00 0
20070508 543.50 564.00 537.50 542.50 8419600
20070509 540.00 545.00 525.50 526.00 1942800
20070510 523.50 531.00 523.50 526.00 3918300
20070511 520.50 527.00 514.00 523.50 4553300
20070514 529.00 530.00 521.00 523.00 5205200
20070515 525.50 525.50 517.00 518.50 7953300
20070516 520.00 522.50 516.50 520.00 4654600
20070517 521.00 522.50 519.00 521.00 5716500
20070518 519.50 522.00 516.50 521.00 3383700
20070521 523.00 523.00 517.00 517.50 2275300
20070522 520.50 521.50 518.00 520.00 13255900
20070523 526.00 539.50 526.00 535.00 7632900
20070524 535.00 536.50 530.00 534.50 8652700
20070525 535.00 537.50 532.00 537.00 5059700
20070528 537.00 537.00 537.00 537.00 0
20070529 542.00 542.00 535.00 538.00 2759300
20070530 537.50 537.50 532.50 535.50 1597500
20070531 537.00 540.50 535.50 537.00 5106800
20070601 537.00 537.00 537.00 537.00 0
20070604 545.00 545.00 536.00 539.50 4422000
20070605 542.50 543.50 538.50 540.00 2699300
20070606 541.50 541.50 533.00 533.50 5453500
20070607 538.00 538.00 523.00 526.00 4903100
20070608 521.00 549.50 510.00 511.50 10836200
20070611 503.00 503.50 490.50 494.50 14164400
20070612 495.00 502.50 492.50 500.50 17856800
20070613 501.50 506.50 496.00 503.50 8383000
20070614 505.50 511.00 502.50 510.50 6190600
20070615 514.00 514.00 505.00 510.50 7300600
20070618 514.00 514.50 503.00 504.50 5214700
20070619 507.00 507.00 501.00 502.50 4615700
20070620 505.50 505.50 496.50 498.00 3270400
20070621 496.75 500.00 488.75 497.00 7068400
20070622 500.00 500.00 494.50 496.00 4710700
20070625 495.00 498.50 493.50 497.50 5000300
20070626 493.00 496.50 490.00 491.75 3305300
20070627 491.00 491.50 485.00 488.00 3311600
20070628 490.50 495.75 488.50 495.00 8783300
20070629 495.00 500.00 491.25 498.75 4251200
20070702 495.00 500.00 491.75 497.75 6652300
20070703 502.50 519.50 499.50 511.50 10578400
20070704 510.50 516.50 509.00 513.50 2370900
20070705 517.50 517.50 509.00 510.50 4468100
20070706 515.50 517.50 508.50 512.50 4002200
20070709 517.00 524.00 516.50 520.50 4558000
20070710 520.00 524.00 514.50 515.50 5826600
20070711 512.50 519.50 510.50 517.00 4755200
20070712 521.00 527.50 518.00 527.50 4305900
20070713 534.50 535.00 524.50 527.50 6302300
20070716 530.00 530.00 521.50 523.50 4472700
20070717 526.00 526.00 515.00 517.50 5728800
20070718 516.00 517.00 513.00 514.00 4537500
20070719 520.00 520.00 515.00 517.50 3630600
20070720 520.00 520.50 514.00 514.50 5517900
20070723 517.50 518.50 513.50 517.00 3941900
20070724 518.00 518.00 505.50 508.00 8420000
20070725 507.00 510.00 502.50 505.50 5785000
20070726 506.00 506.00 481.50 481.50 5812600
20070727 478.00 488.75 474.25 482.50 5143100
20070730 485.00 498.00 481.75 490.00 3761200
20070731 497.25 505.50 495.00 503.00 8533100
20070801 495.50 505.50 495.25 500.50 9687000
20070802 507.00 513.50 503.00 512.00 6086600
20070803 516.00 516.00 510.00 512.00 6346500
20070806 509.50 515.50 506.00 512.00 5062500
20070807 518.50 524.00 514.50 523.50 4217900
20070808 528.50 568.50 526.00 540.00 13816600
20070809 540.00 570.00 530.50 539.00 12861200
20070810 535.00 553.00 514.50 514.50 10708500
20070813 522.00 527.00 507.00 523.00 6806100
20070814 522.00 523.50 502.00 504.50 6987000
20070815 501.00 513.50 500.00 512.00 3865500
20070816 505.00 506.00 489.50 490.25 5287300
20070817 493.00 511.50 485.00 508.00 6362000
20070820 514.00 524.00 503.50 508.50 4681500
20070821 513.00 514.50 500.00 504.50 9430200
20070822 509.00 525.50 499.75 524.00 6428100
20070823 530.50 532.00 522.50 523.00 3872900
20070824 524.50 531.00 522.00 524.50 3823900
20070827 524.50 524.50 524.50 524.50 0
20070828 526.50 529.00 514.00 518.00 3651700
20070829 519.50 519.50 506.00 511.00 3952200
20070830 515.00 521.50 509.00 519.00 4315700
20070831 523.50 525.00 517.00 522.50 4400400
20070903 526.00 528.50 522.00 526.00 2190000
20070904 524.00 535.00 518.50 533.50 3999300
20070905 532.00 535.00 525.50 527.00 5619800
20070906 533.00 535.00 523.00 530.50 3831100
20070907 532.00 534.00 517.50 519.50 3292300
20070910 524.00 526.00 512.00 512.50 3041300
20070911 519.00 521.50 513.00 519.50 3097800
20070912 522.00 525.00 517.00 518.50 1833800
20070913 524.50 524.50 512.50 520.50 5975000
20070914 519.50 520.00 507.50 514.50 2129600
20070917 515.00 516.00 500.50 500.50 4672100
20070918 500.00 514.00 496.50 513.00 5150400
20070919 523.00 530.00 518.50 525.50 4074500
20070920 525.00 531.00 524.50 529.50 4520700
20070921 530.00 543.50 527.50 543.00 11733500
20070924 541.00 548.50 537.00 545.50 7201900
20070925 545.00 549.00 538.00 543.50 10036800
20070926 548.00 555.00 545.50 553.00 9957900
20070927 557.00 565.00 555.50 559.50 7297500
20070928 562.00 562.00 546.00 551.50 8744100
20071001 548.50 568.50 546.50 564.50 12104100
20071002 568.00 568.00 553.00 554.50 11115800
20071003 557.50 558.50 549.00 549.00 6261500
20071004 549.00 553.00 546.00 547.00 5826600
20071005 550.00 550.00 539.00 542.00 6391000
20071008 544.50 550.00 539.50 547.00 2826100
20071009 545.00 550.50 541.00 546.50 3569100
20071010 535.50 542.00 528.00 542.00 3866600
20071011 545.00 545.50 538.50 540.00 3444400
20071012 539.00 539.00 533.00 538.50 2192700
20071015 540.50 541.00 523.00 523.50 4361800
20071016 520.00 527.00 514.50 515.50 3319200
20071017 512.50 528.00 511.00 527.50 3941200
20071018 529.00 541.50 526.50 538.00 8184500
20071019 538.50 539.00 527.50 530.00 4680200
20071022 520.00 537.50 520.00 533.00 5392500
20071023 539.50 548.00 534.50 540.50 7551600
20071024 543.50 543.50 530.50 534.00 4112600
20071025 541.00 543.00 533.00 537.00 1696900
20071026 540.50 543.50 534.50 539.00 2771500
20071029 544.00 548.00 534.50 536.00 2125100
20071030 531.00 538.00 531.00 535.50 1881700
20071031 539.00 542.50 533.00 542.50 5233700
20071101 541.00 543.00 534.50 537.00 3702900
20071102 534.50 536.50 528.00 529.00 3915700
20071105 528.00 528.50 521.50 523.50 1869500
20071106 527.50 530.50 520.50 525.00 1952500
20071107 529.00 532.50 515.50 522.50 3634000
20071108 519.50 522.50 509.50 512.50 4306800
20071109 512.00 522.00 504.50 506.50 4742300
20071112 501.50 508.50 499.50 503.00 4844400
20071113 497.75 508.50 494.50 501.00 6502800
20071114 504.00 505.50 496.25 497.00 6752600
20071115 495.00 499.25 480.00 486.25 4646100
20071116 482.50 490.50 482.00 485.25 2799300
20071119 483.50 490.75 462.00 462.75 3486200
20071120 467.50 490.50 460.25 488.25 6495100
20071121 484.00 484.00 467.25 470.25 2860900
20071122 475.00 475.25 463.00 467.25 2475500
20071123 466.25 478.00 465.75 477.00 2025100
20071126 483.50 485.00 475.00 478.00 3211200
20071127 476.50 480.25 461.25 463.50 2871900
20071128 464.00 481.75 461.00 480.75 3731600
20071129 481.75 484.00 474.25 476.25 3388300
20071130 479.75 495.50 476.50 486.75 4691800
20071203 486.75 488.00 475.50 477.00 2366600
20071204 476.75 480.25 468.75 471.75 2762300
20071205 477.00 484.50 472.75 484.50 2348000
20071206 484.25 491.50 472.50 480.75 4496500
20071207 486.00 493.75 484.00 492.25 2244400
20071210 487.50 492.00 481.00 486.50 1802600
20071211 487.00 493.00 485.25 489.50 1647300
20071212 486.00 491.50 480.00 487.50 2685300
20071213 470.00 470.00 405.50 409.00 12769900
20071214 410.50 430.00 406.25 424.00 7660600
20071217 416.00 416.25 395.00 397.00 5248700
20071218 392.75 402.25 379.00 387.25 8825500
20071219 393.50 399.25 389.75 396.00 5499800
20071220 396.25 401.50 394.75 400.00 3734700
20071221 405.50 407.00 398.00 406.75 5908100
20071224 405.75 415.50 405.00 413.50 487200
20071225 413.50 413.50 413.50 413.50 0
20071226 413.50 413.50 413.50 413.50 0
20071227 419.25 423.25 404.00 421.50 4266200
20071228 419.00 423.75 411.50 416.50 2228900
20071231 408.50 420.25 401.75 418.50 622900
20080101 418.50 418.50 418.50 418.50 0
20080102 412.00 419.50 410.00 412.25 3781000
20080103 412.75 414.75 402.50 404.00 4577500
20080104 405.75 410.25 386.75 388.25 4316200
20080107 389.25 389.50 367.50 371.00 5879600
20080108 378.00 385.00 371.75 383.00 5687600
20080109 381.75 382.75 369.00 370.00 5192600
20080110 373.00 388.75 373.00 383.50 6063700
20080111 385.50 403.50 377.75 403.25 8865500
20080114 402.00 411.50 397.00 403.75 4171100
20080115 404.75 415.00 399.25 403.50 7166600
20080116 402.50 405.50 391.25 396.00 4790000
20080117 397.00 412.50 397.00 406.50 10434400
20080118 404.50 417.25 401.00 406.75 5889900
20080121 398.50 410.25 394.50 396.00 5180700
20080122 379.75 407.50 376.00 402.00 8767200
20080123 410.75 411.50 394.75 405.25 7439300
20080124 422.00 427.25 412.75 417.25 7442600
20080125 435.00 435.00 418.50 421.00 4369900
20080128 418.00 420.25 409.75 416.00 5776600
20080129 421.25 430.00 415.25 421.50 5078700
20080130 420.00 422.75 414.00 416.25 5507500
20080131 419.50 424.75 412.50 418.75 7128200
20080201 425.00 434.75 420.25 430.00 2818800
20080204 435.50 437.00 427.75 435.00 2290500
20080205 434.75 437.25 419.00 420.50 3817500
20080206 417.00 425.75 414.00 418.00 5068400
20080207 416.00 419.50 406.00 410.25 4524200
20080208 414.50 417.50 404.50 409.00 3994900
20080211 406.25 408.00 397.75 398.50 5060100
20080212 402.25 412.50 396.75 409.00 6546900
20080213 408.00 414.00 399.50 411.75 4247400
20080214 415.25 420.25 409.75 413.50 3412200
20080215 415.25 420.25 407.00 412.25 3241200
20080218 416.75 421.75 413.25 420.00 2218500
20080219 416.50 425.25 412.00 422.00 2871500
20080220 423.75 449.00 422.75 442.25 8123500
20080221 450.00 458.00 444.25 449.50 5194300
20080222 449.25 451.75 441.00 444.25 3145400
20080225 453.75 457.50 446.00 456.25 3319000
20080226 460.25 469.50 455.25 467.25 4755700
20080227 469.75 470.00 456.00 459.75 3977600
20080228 460.75 462.25 452.50 453.75 3506600
20080229 454.00 458.75 438.50 441.25 4582800
20080303 436.75 442.00 433.50 438.25 3965600
20080304 440.25 445.00 426.25 430.00 3701700
20080305 434.75 441.75 433.00 439.00 7806200
20080306 441.50 445.00 430.50 433.00 3626200
20080307 430.25 436.50 423.50 430.75 2876700
20080310 431.00 431.00 417.00 417.25 2940000
20080311 419.50 431.00 414.50 425.50 7128600
20080312 434.00 436.25 424.00 426.00 2379200
20080313 420.50 421.25 408.50 418.00 3392400
20080314 420.50 429.50 417.50 421.25 2879400
20080317 413.00 416.00 402.00 402.00 3948700
20080318 409.75 421.50 405.00 418.00 6075300
20080319 423.50 424.75 406.75 413.25 4297700
20080320 412.25 418.25 401.25 415.00 7989500
20080321 415.00 415.00 415.00 415.00 0
20080324 415.00 415.00 415.00 415.00 0
20080325 428.25 437.00 425.25 429.75 3956300
20080326 430.50 431.25 423.50 428.50 3381800
20080327 431.75 432.00 423.50 428.75 3444500
20080328 431.00 440.00 423.00 428.50 2900000
20080331 427.50 430.25 421.00 426.50 3614700
20080401 423.75 434.75 423.75 433.75 3781300
20080402 437.25 449.25 433.25 445.50 3995600
20080403 446.00 446.00 436.25 440.50 2759800
20080404 443.00 443.00 430.75 433.75 2458500
20080407 436.25 436.50 433.50 435.00 2509000
20080408 430.00 433.25 425.75 428.25 1613400
20080409 426.00 430.00 424.75 424.75 1565200
20080410 422.25 426.75 414.75 418.25 3936700
20080411 418.00 420.00 406.00 408.75 2855200
20080414 403.25 407.25 400.50 402.50 2404000
20080415 403.50 412.50 398.50 408.25 3159800
20080416 410.00 418.00 407.50 418.00 4146400
20080417 417.50 424.50 417.50 423.00 4480700
20080418 424.25 427.75 423.50 426.25 4311200
20080421 427.75 429.75 417.00 418.50 2367600
20080422 417.25 425.00 416.25 421.25 2114700
20080423 420.75 426.75 418.00 425.25 3353400
20080424 425.50 428.75 414.50 428.50 3706900
20080425 431.00 432.25 426.75 432.00 3393300
20080428 432.00 440.00 428.00 437.75 5682500
20080429 434.00 440.00 434.00 440.00 4426200
20080430 440.50 448.25 437.25 447.75 3706700
20080501 453.25 469.00 452.00 467.25 4905700
20080502 469.75 485.75 469.25 480.00 5138700
20080506 476.00 484.25 475.25 479.75 3862900
20080507 472.50 472.50 462.25 464.00 4691800
20080508 458.25 463.75 456.50 462.50 3873100
20080509 459.50 463.75 457.50 462.00 2272100
20080512 461.75 466.00 459.50 461.25 1173400
20080513 461.75 466.00 448.00 449.25 4402000
20080514 449.00 454.50 447.75 450.25 2933000
20080515 450.25 456.75 448.50 455.50 1532400
20080516 457.00 461.75 452.25 457.00 2298400
20080519 458.50 465.00 455.75 464.25 1688800
20080520 462.25 465.00 451.00 451.75 2115800
20080521 452.25 455.75 442.50 444.50 2252300
20080522 441.75 446.50 439.25 441.00 2839500
20080523 441.75 442.00 434.50 436.00 2935900
20080527 439.75 446.25 429.75 444.25 2543400
20080528 445.00 451.00 440.50 444.00 3034300
20080529 445.25 448.50 440.25 442.50 1177600
20080530 445.50 448.50 441.25 443.25 2143700
20080602 442.25 443.25 433.75 439.00 2066800
20080603 436.50 446.00 436.50 444.25 2446800
20080604 441.50 446.50 436.00 444.50 2526200
20080605 444.25 450.50 440.25 441.75 2416300
20080606 443.50 446.50 429.00 429.00 3277200
20080610 419.75 423.25 418.50 420.75 2432000
20080611 421.00 425.00 415.75 419.00 3731700
20080612 417.00 442.50 417.00 439.00 4537100
20080613 434.00 437.50 425.50 437.00 2903400
20080616 437.25 446.50 433.75 436.25 1777400
20080617 436.75 443.00 433.50 433.50 2618500
20080618 428.50 428.50 417.00 420.75 3382200
20080619 416.75 422.50 410.00 410.00 3248000
20080620 410.00 415.75 397.75 400.25 4560400
20080623 399.25 408.75 396.75 406.50 2735000
20080624 407.50 407.50 392.50 399.75 2714100
20080625 406.00 411.75 406.00 409.50 4336400
20080626 406.00 407.75 390.00 390.00 2607200
20080627 385.75 393.75 382.00 384.50 3321000
20080630 382.75 388.25 380.00 387.50 3434600
20080701 383.75 386.75 367.50 367.50 3767400
20080702 366.00 373.50 355.75 358.00 4812200
20080703 352.25 359.25 344.25 357.50 4496400
20080704 358.75 358.75 350.00 350.50 1219000
20080707 356.00 360.75 352.25 360.25 2825400
20080708 353.00 357.00 350.75 356.00 5301400
20080709 360.25 368.75 356.50 366.75 3143900
20080710 358.50 362.25 354.25 354.50 2808900
20080711 355.50 358.50 342.50 342.50 4024000
20080714 348.50 370.50 346.25 365.50 6166000
20080715 357.50 362.50 347.00 355.75 4178200
20080716 356.25 367.50 352.75 365.75 3360700
20080717 373.00 389.00 367.75 387.25 5064800
20080718 382.50 399.75 375.75 399.50 3858100
20080721 398.00 405.25 395.00 401.25 3547700
20080722 395.00 397.50 385.25 395.25 4019100
20080723 403.75 403.75 385.00 392.50 3987100
20080724 386.50 393.00 379.50 381.00 2832700
20080725 372.75 380.50 368.25 376.75 4209000
20080728 373.50 375.50 350.75 352.00 5317200
20080729 346.25 356.00 341.25 347.50 3939300
20080730 360.00 386.75 359.25 380.50 8153100
20080731 380.25 388.75 375.25 380.25 7466700
20080801 374.75 384.25 372.00 376.75 5463800
20080804 372.00 386.00 372.00 381.75 3650400
20080805 382.50 406.00 382.50 404.75 4603300
20080806 405.50 413.00 397.25 400.00 5721500
20080807 396.75 411.25 392.50 407.75 4701900
20080808 404.00 419.25 401.50 416.75 1809000
20080811 417.00 423.00 412.25 421.75 2484300
20080812 420.25 436.00 420.00 430.00 4856200
20080813 425.25 426.25 402.25 404.00 5412000
20080814 405.50 409.25 399.00 405.00 2271700
20080815 406.75 413.75 401.75 408.00 2692800
20080818 405.75 409.00 400.75 402.50 1552800
20080819 400.00 404.25 392.00 392.75 3037400
20080820 392.25 402.50 392.00 397.25 1853900
20080821 395.00 395.00 385.50 390.00 3027600
20080822 390.75 400.75 383.75 400.50 2102100
20080826 393.25 395.75 386.00 386.00 3385200
20080827 384.75 393.25 384.50 388.25 2684000
20080828 387.00 402.00 378.25 396.25 3636600
20080829 396.00 409.00 396.00 406.00 3214700
20080901 403.50 411.75 396.75 411.75 2556900
20080902 406.00 424.50 406.00 417.25 2250800
20080903 414.25 414.25 401.75 406.25 2245600
20080904 405.50 422.00 396.75 404.50 4044300
20080905 399.25 404.00 392.75 396.25 3895300
20080908 412.00 420.00 397.00 417.00 1099000
20080909 417.75 427.50 415.25 425.00 5009100
20080910 421.75 425.50 412.00 417.00 2993200
20080911 415.50 416.75 404.00 413.75 2916700
20080912 418.75 429.75 412.25 428.75 3448800
20080915 415.75 424.00 408.25 420.00 3385000
20080916 409.00 426.00 395.75 396.50 5962600
20080917 390.50 408.25 380.00 392.50 4816100
20080918 384.00 404.50 379.75 391.00 5876400
20080919 371.50 430.25 357.75 430.25 2880100
20080922 422.75 433.00 415.25 429.00 3172800
20080923 420.00 420.75 411.50 414.75 3746000
20080924 412.75 422.00 409.25 409.25 3171200
20080925 406.00 416.50 404.25 412.50 3113900
20080926 406.25 408.00 391.25 399.25 3362000
20080929 390.00 391.50 380.75 381.00 3938900
20080930 360.00 395.00 356.50 393.00 4144600
20081001 398.50 408.50 392.00 402.25 3605900
20081002 405.75 415.00 381.25 383.25 4676100
20081003 382.00 388.00 372.50 375.50 4373300
20081006 360.50 371.50 351.00 356.00 2091100
20081007 365.00 376.50 345.25 371.00 3341100
20081008 350.00 376.00 339.75 349.75 2368300
20081009 350.00 361.00 330.25 330.25 3510600
20081010 303.00 325.00 293.25 305.75 5392900
20081013 321.00 334.75 313.25 327.25 5334800
20081014 342.00 347.00 318.00 326.50 1802600
20081015 327.75 327.75 295.00 296.25 5091300
20081016 286.00 313.25 278.25 309.50 5021100
20081017 321.50 324.75 301.25 314.50 7285500
20081020 321.50 323.25 305.75 323.25 2737100
20081021 327.25 346.50 322.75 343.75 4566400
20081022 335.00 347.25 327.50 327.50 3232200
20081023 331.75 336.50 321.25 334.75 2694400
20081024 315.00 333.50 310.75 327.75 4289000
20081027 312.00 329.25 308.25 323.00 2002100
20081028 334.00 340.25 320.25 334.25 2719600
20081029 352.50 362.25 339.50 358.75 4616400
20081030 367.25 371.00 353.25 370.00 3047200
20081031 372.00 383.75 365.00 373.25 3404100
20081103 381.50 383.00 367.00 382.00 2074900
20081104 387.00 403.00 378.00 394.75 3420500
20081105 396.00 396.00 379.00 380.25 3582600
20081106 380.00 385.00 360.75 363.50 4599500
20081107 365.25 386.00 365.25 380.25 3236200
20081110 393.50 402.00 382.75 385.00 2134900
20081111 377.25 385.75 362.75 363.75 1720900
20081112 371.50 373.75 352.50 357.25 2701700
20081113 353.25 363.25 337.75 341.00 3406700
20081114 357.75 361.00 326.25 329.00 4421000
20081117 327.25 330.25 315.25 316.50 4294000
20081118 318.75 331.75 314.50 321.25 4275700
20081119 323.25 324.00 302.00 302.00 5776100
20081120 293.50 329.00 293.50 309.25 6421600
20081121 313.50 332.75 304.00 313.25 3920700
20081124 321.25 347.75 319.50 345.00 4094500
20081125 341.75 360.50 331.50 335.00 4587200
20081126 328.50 342.50 325.00 337.25 3304900
20081127 344.75 344.75 330.50 335.75 1927600
20081128 333.25 348.00 331.25 348.00 3396700
20081201 351.00 354.25 324.00 326.25 2257200
20081202 320.00 339.00 314.00 336.50 2971500
20081203 339.75 347.25 329.00 343.75 2284100
20081204 344.00 363.50 332.50 336.75 4159400
20081205 331.00 342.00 325.25 335.75 2005800
20081208 359.75 365.75 349.75 357.50 3085800
20081209 353.00 366.50 347.25 359.50 2512300
20081210 362.25 364.75 346.75 350.00 2448200
20081211 352.50 357.25 346.25 349.75 5743100
20081212 338.25 349.75 337.25 345.00 4473200
20081215 350.25 354.75 338.00 342.00 2602500
20081216 340.25 354.25 340.25 350.75 2773400
20081217 358.50 360.50 342.00 344.25 3668900
20081218 342.25 351.25 335.75 348.25 4805200
20081219 342.50 348.50 331.00 342.50 3501300
20081222 343.75 353.00 336.25 348.75 1944000
20081223 345.75 356.75 345.75 351.25 946100
20081224 342.00 360.50 332.25 333.75 356400
20081229 335.00 348.25 334.75 343.50 1277300
20081230 350.00 353.25 344.50 349.00 1181400
20081231 356.00 356.00 340.50 351.00 541500
20090102 356.00 368.75 351.75 360.75 1508800
20090105 367.25 367.50 347.25 359.50 2224800
20090106 359.75 367.00 357.25 362.00 2912800
20090107 358.50 362.00 353.50 358.50 2904200
20090108 356.75 363.25 347.50 348.25 3820500
20090109 347.50 350.50 342.50 347.75 5484400
20090112 345.25 349.50 343.00 344.50 1749900
20090113 335.00 335.75 317.25 327.25 7306700
20090114 331.25 331.25 308.50 316.00 4559400
20090115 313.50 324.50 306.75 311.25 4653400
20090116 318.50 323.00 310.75 312.50 3921300
20090119 315.75 319.00 308.50 314.50 2014200
20090120 314.25 319.50 303.75 305.75 3614800
20090121 302.50 313.00 302.50 306.75 2963600
20090122 311.25 317.00 304.00 305.00 3187300
20090123 304.25 307.75 293.00 303.50 4553500
20090126 305.25 305.75 292.75 304.25 3985800
20090127 304.00 312.00 303.00 308.50 4003100
20090128 310.50 315.75 305.00 309.50 3647900
20090129 308.00 310.50 299.25 300.50 4013700
20090130 300.75 314.50 300.75 312.00 6103800
20090202 310.25 313.00 300.00 302.00 2955600
20090203 302.75 313.25 296.75 312.00 2681000
20090204 313.25 331.25 313.25 327.25 3802100
20090205 319.50 328.00 319.00 327.25 2826200
20090206 329.00 339.25 325.75 335.00 2347100
20090209 331.00 336.50 328.25 331.75 3243400
20090210 326.50 333.25 321.75 326.00 3920800
20090211 322.00 330.00 320.75 329.00 1867900
20090212 328.50 329.50 319.25 327.25 2918300
20090213 329.75 332.25 317.25 320.25 4426500
