20030101 99.58 99.58 99.58 99.58 0
20030102 98.54 107.00 98.54 105.55 3871007
20030103 105.14 108.03 103.70 104.94 4932557
20030106 103.08 104.52 97.93 104.32 7686353
20030107 103.49 104.32 99.99 103.91 5664752
20030108 103.70 103.91 96.07 96.69 8176383
20030109 96.48 102.67 96.48 99.16 10784784
20030110 100.61 105.55 99.16 101.84 5876237
20030113 102.83 104.73 100.19 102.05 7964777
20030114 102.46 103.49 100.40 102.67 5981374
20030115 102.32 103.08 98.54 99.16 5561435
20030116 99.78 102.26 97.72 98.96 5706831
20030117 98.96 100.81 96.07 96.48 9734633
20030120 98.13 98.96 93.60 94.22 5070192
20030121 95.66 98.34 93.18 93.80 8200515
20030122 94.01 95.45 91.12 92.77 8275820
20030123 94.22 96.48 87.82 89.06 11237828
20030124 90.71 94.42 86.79 89.27 9756946
20030127 88.65 88.65 82.05 82.05 7170615
20030128 82.88 85.97 76.07 78.55 19088860
20030129 78.13 81.43 74.42 80.82 11949409
20030130 81.43 83.91 79.78 82.46 5565194
20030131 81.02 82.67 77.72 79.58 9654235
20030203 84.94 89.27 84.94 85.76 11912908
20030204 85.76 88.65 78.55 79.17 12183449
20030205 80.20 80.61 75.87 80.61 16753183
20030206 79.78 81.43 77.93 78.13 11699240
20030207 78.34 78.75 76.49 77.72 6333283
20030210 79.99 79.99 73.60 75.04 6817129
20030211 76.28 78.96 75.45 78.55 11638971
20030212 77.93 77.93 75.04 75.25 4625272
20030213 75.87 76.07 72.98 74.01 5870902
20030214 74.84 78.13 73.81 76.69 9661147
20030217 79.99 80.61 76.07 78.13 5303262
20030218 77.93 80.40 76.49 79.99 7266535
20030219 75.04 78.34 72.16 73.19 8592200
20030220 74.42 75.87 72.77 73.81 7573213
20030221 74.42 74.42 67.83 69.68 7386951
20030224 70.51 70.51 64.32 64.53 11280513
20030225 64.12 64.32 56.90 58.55 17974680
20030226 60.20 61.64 48.86 51.75 22284786
20030227 51.95 55.04 51.33 54.01 14521187
20030228 54.43 60.61 53.81 58.96 17626652
20030303 58.55 59.17 55.04 58.14 14041586
20030304 57.73 59.17 55.46 58.55 10266742
20030305 58.34 58.34 54.22 54.84 14988056
20030306 54.84 57.93 54.63 55.25 27272034
20030307 55.25 55.25 50.72 51.13 15918034
20030310 51.95 52.98 47.00 48.24 12391054
20030311 47.00 51.95 46.59 51.13 12474848
20030312 53.19 53.19 46.39 46.39 22542958
20030313 48.65 51.13 47.83 50.51 9413282
20030314 52.36 54.43 50.30 52.36 15970299
20030317 55.87 56.90 49.89 56.08 16299289
20030318 56.28 61.23 55.66 56.08 27450292
20030319 56.49 60.20 54.63 59.79 15329658
20030320 58.55 61.85 57.52 59.37 14368394
20030321 60.20 65.77 60.20 64.32 31601178
20030324 62.26 65.56 61.64 62.26 13870482
20030325 61.85 62.67 60.20 62.05 9712563
20030326 62.05 62.88 60.82 62.88 10239821
20030327 62.88 62.88 61.44 62.47 4912790
20030328 62.67 63.09 58.96 59.37 6023210
20030331 61.02 61.02 55.66 56.28 5840343
20030401 57.73 60.61 55.25 59.79 14255860
20030402 61.02 65.35 60.82 64.94 8685331
20030403 65.56 71.13 63.70 66.80 22111984
20030404 67.62 70.09 64.73 69.89 13569261
20030407 72.16 79.99 72.16 77.52 14334319
20030408 77.52 78.34 74.22 76.69 8355976
20030409 75.66 76.07 72.98 75.87 7583036
20030410 75.45 76.69 73.81 75.87 5161625
20030411 77.10 80.82 76.69 77.93 7765054
20030414 78.34 80.40 76.07 79.99 3809889
20030415 80.40 86.18 80.40 85.76 8385928
20030416 88.03 90.71 84.94 85.14 16719471
20030417 83.50 84.94 79.78 82.46 11029132
20030418 82.46 82.46 82.46 82.46 0
20030421 82.46 82.46 82.46 82.46 0
20030422 84.53 84.53 81.02 82.26 3419902
20030423 84.11 89.06 83.70 87.00 8370770
20030424 87.00 89.06 84.53 84.94 8999649
20030425 85.35 85.97 83.08 84.73 4279304
20030428 84.11 89.89 84.11 89.27 5034783
20030429 90.50 91.74 88.24 88.24 6062257
20030430 87.82 90.30 86.59 90.09 7865582
20030501 88.65 88.65 83.29 84.11 9608639
20030502 83.70 88.65 82.26 88.44 13105666
20030505 88.44 88.44 88.44 88.44 0
20030506 96.07 99.16 88.03 98.96 18591068
20030507 103.70 110.09 97.72 102.46 19907880
20030508 103.91 103.91 96.69 97.31 15369069
20030509 97.93 99.78 92.98 94.42 9813576
20030512 98.96 100.61 91.54 93.60 17777868
20030513 93.80 96.69 93.80 94.83 6779052
20030514 94.83 100.81 94.01 98.96 10705962
20030515 100.61 101.43 97.72 98.96 7258653
20030516 107.41 108.85 98.96 107.20 12822756
20030519 107.20 107.20 101.02 101.43 10834866
20030520 100.61 106.17 98.96 103.29 8857890
20030521 104.73 104.73 98.13 98.54 11226551
20030522 103.49 111.74 103.49 111.33 33483568
20030523 111.12 111.33 107.62 109.27 12579257
20030526 109.27 109.27 109.27 109.27 0
20030527 109.68 112.98 107.41 111.53 7443703
20030528 114.01 114.21 110.50 112.36 8816418
20030529 112.36 116.27 111.33 115.24 7516098
20030530 114.63 118.95 114.42 117.31 8364586
20030602 118.75 121.22 118.13 120.40 10941700
20030603 118.34 119.57 115.04 116.89 7432061
20030604 117.10 119.99 116.07 117.92 6985565
20030605 119.37 119.57 114.83 114.83 4863800
20030606 117.92 120.81 115.66 118.75 10569539
20030609 117.92 119.37 114.63 115.45 6330131
20030610 117.10 117.10 110.50 111.74 9596149
20030611 112.15 114.42 110.91 113.59 16579774
20030612 114.21 117.92 110.71 116.89 16483248
20030613 117.92 119.57 113.59 113.80 8302135
20030616 115.45 115.45 109.47 113.80 7679926
20030617 116.89 121.02 116.27 117.92 15392716
20030618 119.37 119.37 115.04 117.92 11223883
20030619 116.27 117.72 111.33 111.95 11368309
20030620 111.33 112.56 109.68 112.56 17761254
20030623 112.56 113.80 109.47 110.30 7759961
20030624 110.50 110.50 106.38 107.20 13942877
20030625 108.85 114.01 108.85 112.15 13177091
20030626 111.33 113.18 109.68 111.53 5596723
20030627 113.18 117.10 111.33 114.83 11705909
20030630 115.24 117.72 113.39 114.42 13570352
20030701 115.45 115.45 108.65 110.09 12505528
20030702 112.56 114.42 112.15 113.18 8466327
20030703 110.91 114.42 110.91 114.42 11169556
20030704 113.80 115.66 112.15 114.42 5548702
20030707 113.80 117.92 113.59 117.51 9155352
20030708 116.48 118.54 114.01 114.63 10734702
20030709 111.53 115.66 111.53 115.24 14535860
20030710 115.45 115.66 113.80 114.63 4880292
20030711 114.42 119.57 114.21 119.16 10427175
20030714 120.40 126.17 119.16 125.35 15819446
20030715 125.35 131.53 124.52 130.91 18698508
20030716 131.12 134.83 129.88 131.32 15183777
20030717 130.91 130.91 126.58 128.64 10243095
20030718 127.82 131.94 127.82 130.29 3020336
20030721 131.12 131.12 127.00 130.29 6793846
20030722 130.71 131.12 121.84 124.73 16450628
20030723 125.35 125.35 119.99 122.87 12120998
20030724 123.08 123.28 117.92 120.81 21678220
20030725 119.99 127.20 119.78 126.17 10612225
20030728 127.41 127.41 122.87 125.14 4037260
20030729 124.52 127.00 122.87 124.73 6221477
20030730 124.52 126.58 122.25 123.70 5585930
20030731 123.90 127.00 122.25 125.14 8690181
20030801 125.76 126.79 122.46 124.11 4439131
20030804 124.31 124.52 119.99 121.02 4612903
20030805 122.46 123.70 118.75 119.78 5179087
20030806 117.10 117.92 110.50 112.98 12849434
20030807 114.63 116.89 106.79 111.53 9280861
20030808 111.33 117.72 111.33 116.07 5359529
20030811 117.92 118.75 115.45 117.92 3035736
20030812 117.51 119.57 116.27 118.54 2515875
20030813 120.40 123.49 118.13 118.95 7338445
20030814 118.75 123.70 118.75 123.28 7143694
20030815 123.28 124.52 121.43 122.46 6952703
20030818 123.70 124.11 121.84 122.87 9581233
20030819 124.52 124.52 122.67 123.70 9065738
20030820 123.49 124.93 122.87 124.11 8143278
20030821 122.25 127.61 122.25 126.58 9348527
20030822 126.79 127.41 124.52 125.96 4493821
20030825 125.96 125.96 125.96 125.96 0
20030826 125.35 126.58 121.63 122.87 5231110
20030827 123.70 124.11 116.48 119.57 8803806
20030828 115.66 120.81 115.45 118.95 9956668
20030829 119.57 119.57 113.80 114.21 9296747
20030901 112.56 119.99 111.33 118.75 19709976
20030902 116.27 128.23 111.33 123.28 26986576
20030903 125.35 127.41 124.73 127.00 13167632
20030904 108.85 115.45 105.35 110.91 102109360
20030905 111.33 111.33 102.87 105.55 38061424
20030908 104.73 104.73 101.43 102.67 24933082
20030909 102.67 102.87 99.58 102.26 10759318
20030910 101.43 101.43 93.39 93.39 27013982
20030911 94.01 97.93 92.98 94.22 14168429
20030912 95.66 98.75 94.63 94.83 14506636
20030915 96.48 99.16 95.86 97.10 18672558
20030916 96.48 104.32 95.66 100.61 17068350
20030917 101.43 101.43 98.54 99.78 13652812
20030918 100.81 102.26 98.54 99.16 10761016
20030919 99.78 99.78 96.48 97.93 7972416
20030922 96.90 97.93 92.98 93.80 23265816
20030923 75.45 77.52 72.36 77.10 49287128
20030924 77.93 80.61 77.10 78.13 41203512
20030925 77.52 78.34 72.57 74.42 32448818
20030926 74.01 74.63 71.54 72.36 33648488
20030929 72.36 73.19 69.27 69.89 22072452
20030930 70.92 70.92 65.77 66.59 59134536
20031001 67.41 71.33 66.80 71.33 53649864
20031002 72.16 75.04 68.86 69.27 73634256
20031003 69.27 72.16 68.86 71.54 49407420
20031006 71.74 71.74 69.68 71.13 34753692
20031007 71.54 73.39 70.09 72.98 45253624
20031008 72.98 74.42 71.13 72.57 79231104
20031009 72.57 72.77 70.09 71.13 37586676
20031010 71.33 75.25 70.51 74.42 60720676
20031013 75.87 79.78 75.87 78.34 70155056
20031014 79.58 79.99 76.07 77.72 31873174
20031015 78.55 80.82 77.10 79.37 57549004
20031016 79.17 80.20 76.90 77.52 43185824
20031017 77.93 78.75 76.49 77.52 19894420
20031020 78.13 78.34 73.81 76.28 26120020
20031021 76.28 77.10 74.63 75.87 29610742
20031022 75.45 75.45 72.98 74.84 40305668
20031023 73.60 74.42 71.33 74.22 34713432
20031024 74.63 74.63 72.98 72.98 12838884
20031027 73.60 74.22 71.95 72.57 11692328
20031028 72.98 73.19 70.09 71.54 25995846
20031029 71.13 72.77 68.45 69.68 36827560
20031030 69.68 72.57 68.65 71.95 24760888
20031031 71.95 72.36 70.30 72.36 16357254
20031103 73.19 75.45 72.36 75.25 26091644
20031104 75.45 75.87 72.57 73.81 17158328
20031105 73.81 74.22 71.74 73.19 8419519
20031106 72.77 74.42 71.13 72.77 11929643
20031107 72.98 74.84 72.77 73.60 18673770
20031110 73.39 74.01 72.16 73.39 12327027
20031111 72.98 73.19 71.74 71.95 10618894
20031112 72.16 73.39 71.33 73.19 28526878
20031113 74.22 74.22 71.95 72.98 7832477
20031114 72.57 73.81 71.74 73.60 14302547
20031117 72.57 72.98 70.51 70.92 16208462
20031118 71.54 72.36 70.30 70.92 9498046
20031119 70.30 73.19 70.09 71.33 21313458
20031120 73.39 74.63 69.27 70.09 65457148
20031121 70.30 70.51 68.86 69.89 18199626
20031124 70.92 72.77 70.09 72.77 25017120
20031125 72.77 73.19 71.33 72.36 20636802
20031126 71.95 72.77 70.09 70.71 16138978
20031127 71.33 71.74 70.09 70.71 6527307
20031128 70.30 70.51 69.68 69.89 8999042
20031201 71.33 71.95 69.89 71.54 21438118
20031202 70.92 71.74 69.06 70.71 17083628
20031203 70.92 70.92 68.65 70.09 30733288
20031204 70.09 70.09 69.27 69.48 8653438
20031205 69.68 69.68 67.41 68.24 24074772
20031208 68.24 69.48 67.41 69.06 18394376
20031209 69.68 70.92 68.65 69.27 17474222
20031210 68.45 69.27 66.80 67.41 22998550
20031211 67.62 68.03 65.56 66.18 25895196
20031212 66.80 67.21 65.77 66.59 12691426
20031215 68.45 68.45 66.18 66.59 12934198
20031216 65.97 66.38 64.32 65.97 18510306
20031217 67.00 67.41 64.94 67.00 18424694
20031218 67.21 69.48 67.21 69.27 27524142
20031219 70.09 70.92 69.48 70.51 18743618
20031222 70.09 71.54 70.09 70.71 11426637
20031223 71.13 71.13 69.06 70.09 7406111
20031224 71.33 71.33 69.27 69.68 1125577
20031225 69.68 69.68 69.68 69.68 0
20031226 69.68 69.68 69.68 69.68 0
20031229 69.27 71.33 69.27 70.92 5747818
20031230 71.54 72.16 70.71 72.16 6499658
20031231 71.95 73.19 71.95 72.77 4124086
20040101 72.77 72.77 72.77 72.77 0
20040102 72.16 72.98 71.33 72.16 7756323
20040105 71.95 74.63 71.33 73.39 17655270
20040106 74.22 74.22 72.57 73.81 17938422
20040107 74.01 75.04 73.81 74.22 23742992
20040108 74.22 76.49 73.39 75.66 20565498
20040109 76.28 77.31 75.04 76.49 16571407
20040112 76.49 76.49 75.45 76.49 11229097
20040113 76.90 77.93 76.49 76.90 20451994
20040114 77.31 78.75 76.69 78.34 17886400
20040115 78.34 78.34 77.10 78.13 22092704
20040116 78.75 78.75 77.10 78.75 26543112
20040119 78.96 81.23 78.96 81.23 20924684
20040120 81.02 81.64 79.58 80.20 20251302
20040121 80.40 80.40 78.75 79.17 14847389
20040122 79.58 79.99 78.34 79.58 21264588
20040123 78.34 80.20 77.31 78.34 13757584
20040126 78.55 79.37 76.49 76.90 11690509
20040127 80.20 80.82 77.72 78.96 30193538
20040128 80.82 81.02 78.34 79.78 13296294
20040129 78.55 79.99 77.72 77.93 16616396
20040130 78.34 79.37 77.93 78.34 11586100
20040202 79.17 81.02 78.75 80.20 26238980
20040203 79.78 79.99 77.93 79.99 24313420
20040204 79.78 79.78 78.75 79.17 9749427
20040205 79.17 79.17 77.52 77.72 9407704
20040206 78.75 79.78 78.55 79.17 18150878
20040209 80.40 80.61 78.13 80.40 24840800
20040210 79.58 79.58 78.34 79.17 9286439
20040211 79.17 79.99 78.13 79.78 13457091
20040212 80.40 80.40 78.55 79.58 8423884
20040213 80.20 80.20 78.13 79.37 11940556
20040216 79.37 80.40 79.17 79.99 6995873
20040217 79.58 87.00 79.58 85.35 48225820
20040218 86.18 89.68 85.76 87.41 40763684
20040219 87.21 90.71 87.21 90.09 32195374
20040220 90.09 90.09 87.82 88.24 18329622
20040223 88.24 88.65 85.97 86.59 18015910
20040224 85.97 88.24 84.32 85.35 19706338
20040225 85.14 87.41 84.32 87.21 20763522
20040226 87.82 87.00 85.76 86.79 8904820
20040227 89.06 89.06 85.14 85.14 12118694
20040301 85.76 85.97 84.73 85.97 13653782
20040302 87.00 87.00 84.53 86.59 11240860
20040303 86.59 86.79 84.53 85.76 13043094
20040304 85.56 88.65 85.56 88.03 14064262
20040305 87.62 88.65 87.41 87.82 12405606
20040308 87.62 90.30 87.62 89.47 10798002
20040309 89.06 89.68 87.21 88.24 18007422
20040310 86.79 88.03 84.94 86.59 14613955
20040311 82.46 82.46 72.98 73.19 102692400
20040312 72.57 77.10 71.33 76.69 28202860
20040315 76.69 77.52 72.77 73.19 17570264
20040316 73.39 74.42 71.74 72.77 19786130
20040317 71.33 72.16 70.09 71.33 22715882
20040318 72.16 72.16 67.83 68.45 18371216
20040319 69.27 70.09 68.03 68.24 15544054
20040322 68.03 69.06 66.59 66.80 14600494
20040323 67.62 69.06 67.41 67.41 27531660
20040324 68.24 69.48 66.80 67.21 31425708
20040325 67.83 70.30 67.83 69.89 20340188
20040326 70.71 70.92 68.03 68.86 17774716
20040329 69.68 69.68 68.24 69.48 18752836
20040330 69.48 69.89 67.62 67.62 26481024
20040331 68.45 69.06 67.41 67.62 21499840
20040401 67.83 68.24 67.21 67.62 17692012
20040402 67.83 68.86 67.21 68.45 25877006
20040405 68.86 69.68 68.03 69.48 23925254
20040406 69.68 70.30 69.06 69.48 21015752
20040407 69.68 70.92 69.27 69.89 29433574
20040408 70.30 70.51 69.48 69.89 6890373
20040409 69.89 69.89 69.89 69.89 0
20040412 69.89 69.89 69.89 69.89 0
20040413 70.09 70.92 69.27 69.27 24290986
20040414 69.27 70.51 68.24 70.30 30276968
20040415 70.71 73.19 70.09 71.33 46459600
20040416 71.54 71.95 71.13 71.54 10048829
20040419 71.54 71.54 70.09 70.92 11130388
20040420 71.33 72.57 70.92 72.16 11858582
20040421 71.54 72.77 71.13 71.54 13984834
20040422 71.95 72.36 70.71 71.33 11366733
20040423 72.16 73.19 70.92 71.13 15337419
20040426 71.74 72.57 70.92 71.13 9140679
20040427 71.33 71.33 70.30 71.13 8583469
20040428 71.74 71.74 68.45 68.45 16643923
20040429 68.24 69.27 67.41 68.65 14690351
20040430 68.24 68.24 65.56 66.18 44824348
20040503 66.18 66.18 66.18 66.18 0
20040504 65.97 67.62 65.97 66.80 15682780
20040505 67.21 67.41 66.38 66.80 8158679
20040506 67.00 67.21 63.50 64.12 20125186
20040507 64.32 64.73 62.05 63.50 23341364
20040510 61.85 62.67 59.79 59.79 20137434
20040511 60.20 62.26 60.20 60.82 26795342
20040512 61.02 63.09 60.20 61.23 24777986
20040513 65.15 67.21 64.73 65.97 65062676
20040514 66.59 66.80 64.73 65.56 24950182
20040517 64.53 65.15 63.50 64.12 13563561
20040518 64.12 65.15 63.29 64.53 16584140
20040519 64.32 65.97 64.32 65.77 12191210
20040520 65.56 65.56 63.29 63.50 11880894
20040521 64.32 64.73 62.26 62.88 18658734
20040524 63.29 64.94 63.29 64.12 14348143
20040525 63.91 64.12 62.47 63.50 9805330
20040526 64.53 64.53 62.47 63.09 12590534
20040527 63.50 64.73 62.67 63.91 10977595
20040528 64.53 66.80 63.09 66.80 15556301
20040531 66.80 66.80 66.80 66.80 0
20040601 67.21 67.83 64.12 64.73 14863881
20040602 65.15 65.77 64.32 64.53 8333542
20040603 64.12 64.32 62.67 63.50 10653940
20040604 63.91 64.32 63.29 63.70 11677534
20040607 64.12 65.56 63.91 65.56 10056954
20040608 65.56 67.21 64.73 64.94 13354501
20040609 65.35 65.35 63.09 63.91 17243576
20040610 63.29 65.35 63.29 65.15 14694959
20040611 65.56 67.41 64.94 66.18 20642622
20040614 65.97 66.80 65.15 65.35 11362973
20040615 65.97 66.18 64.94 65.77 8036444
20040616 65.77 67.41 65.77 67.00 18449916
20040617 67.00 68.03 66.80 66.80 9617006
20040618 67.00 67.62 65.97 66.80 7811256
20040621 68.65 69.68 68.45 69.27 33178830
20040622 69.48 69.68 68.65 69.06 16656899
20040623 69.48 70.30 69.06 69.27 13737333
20040624 70.09 71.33 69.48 70.30 19900968
20040625 69.89 69.89 69.06 69.48 9251758
20040628 69.68 70.71 69.06 70.51 14711209
20040629 70.71 70.71 68.24 69.68 16412672
20040630 69.48 70.51 67.21 68.03 18812982
20040701 68.65 69.27 67.41 67.41 14188316
20040702 68.03 68.65 66.38 66.80 12270517
20040705 66.80 67.83 65.35 66.38 8752754
20040706 66.38 67.00 64.73 65.35 9557465
20040707 65.97 66.59 64.94 65.35 15140485
20040708 65.35 66.80 64.73 65.97 22825868
20040709 65.97 66.80 65.15 66.18 14392162
20040712 65.97 67.00 65.15 65.56 10656729
20040713 65.97 66.18 65.15 65.56 7569818
20040714 65.56 66.18 64.32 65.77 9653264
20040715 65.77 65.77 64.53 64.94 7798523
20040716 65.35 65.97 64.73 65.35 9443841
20040719 65.56 65.97 63.70 64.32 7180316
20040720 64.12 64.12 62.26 63.29 14546895
20040721 64.12 64.73 63.09 64.12 16071676
20040722 63.50 63.50 61.85 62.88 13043579
20040723 63.29 63.29 62.26 62.26 14263258
20040726 62.47 63.09 61.85 61.85 12987676
20040727 62.67 63.50 62.26 62.88 14677619
20040728 63.29 64.53 62.67 63.70 9316028
20040729 64.12 65.97 63.29 64.12 18744952
20040730 65.97 66.18 63.50 63.70 34524140
20040802 63.09 63.91 62.05 62.47 11914606
20040803 62.88 63.50 62.67 63.50 17636838
20040804 62.88 63.29 62.47 62.67 10655031
20040805 63.09 63.50 62.05 62.05 9150865
20040806 61.85 62.05 59.79 59.79 25454036
20040809 60.61 60.61 58.55 58.96 13263310
20040810 58.76 59.37 57.31 58.14 33213390
20040811 58.14 58.55 56.69 56.69 26627512
20040812 59.37 59.79 57.93 58.76 43313152
20040813 58.55 60.41 58.14 58.76 15033045
20040816 58.96 61.02 57.93 60.61 18275780
20040817 60.61 61.02 60.41 61.02 17320458
20040818 61.57 62.20 60.94 61.78 20875808
20040819 62.42 62.84 61.15 61.78 11350407
20040820 61.78 61.78 60.73 61.36 9035628
20040823 61.99 61.99 60.73 61.36 10278974
20040824 61.78 61.78 60.94 61.15 9271327
20040825 61.36 61.57 60.31 61.15 9809711
20040826 61.36 61.78 60.31 60.31 8721679
20040827 60.52 61.36 60.10 60.94 11482602
20040830 60.94 60.94 60.94 60.94 0
20040831 61.57 61.57 59.25 59.67 15646809
20040901 60.31 60.94 59.46 60.31 12498904
20040902 60.73 62.42 59.88 61.36 22146186
20040903 61.36 61.36 60.10 61.15 25891162
20040906 61.36 61.36 60.73 60.94 8502579
20040907 61.15 62.63 60.52 62.63 26110738
20040908 62.63 63.68 62.63 62.84 20611656
20040909 63.05 63.26 62.20 62.42 15838284
20040910 62.20 63.89 61.78 62.42 15663881
20040913 62.63 64.10 62.42 63.68 21075228
20040914 63.68 64.31 62.84 63.89 15951865
20040915 63.89 64.95 63.26 63.26 19486514
20040916 63.89 64.95 63.89 64.52 16496296
20040917 64.73 66.42 64.31 64.95 28739108
20040920 65.16 65.16 63.68 64.10 17597724
20040921 64.10 64.95 63.47 63.47 15734069
20040922 63.68 63.68 62.84 63.05 15767148
20040923 62.84 62.84 61.57 61.78 8002371
20040924 61.57 61.57 60.73 60.94 15060882
20040927 60.52 60.94 60.10 60.31 7944395
20040928 60.52 61.36 60.10 60.94 9767266
20040929 61.57 61.99 60.31 60.94 8445789
20040930 61.36 61.57 59.67 60.31 15010256
20041001 61.15 63.47 60.94 63.05 18131130
20041004 63.89 65.16 63.05 63.68 14200843
20041005 63.89 64.31 63.26 64.10 11481416
20041006 64.31 64.31 63.26 64.10 9186319
20041007 64.52 65.58 64.10 64.52 19002788
20041008 64.52 65.58 64.31 64.31 14052168
20041011 64.73 65.37 64.10 64.73 15904560
20041012 64.73 65.37 64.10 64.10 14717056
20041013 64.31 65.79 64.31 64.52 17446204
20041014 64.52 64.73 63.89 64.31 11331318
20041015 63.47 63.47 62.42 62.84 30125914
20041018 63.05 63.26 61.78 63.05 7608987
20041019 63.26 64.10 62.84 63.26 11410873
20041020 63.26 63.89 62.63 63.05 13291008
20041021 62.63 63.26 61.99 62.84 10939713
20041022 63.05 63.68 62.84 63.47 6725354
20041025 62.63 62.63 61.78 62.20 8976940
20041026 62.20 63.26 62.20 62.42 11222243
20041027 63.26 63.47 62.42 63.26 13522320
20041028 63.89 63.89 62.84 63.26 14788785
20041029 63.68 63.68 62.63 63.05 16357461
20041101 63.05 64.10 62.84 63.68 10990575
20041102 63.68 64.52 62.84 64.31 10724762
20041103 64.31 65.58 64.31 65.58 17200784
20041104 65.58 65.58 64.52 64.73 10892051
20041105 65.79 66.42 65.58 65.58 19936096
20041108 66.00 66.00 65.16 65.58 11121466
20041109 65.79 66.21 64.95 65.79 9136997
20041110 66.42 66.84 65.58 66.21 12064023
20041111 64.10 64.73 62.42 64.31 50961056
20041112 64.95 65.58 62.42 62.84 31447746
20041115 63.68 63.68 61.99 62.63 29009190
20041116 62.63 62.84 61.99 62.20 23313298
20041117 62.84 67.48 61.99 67.05 120396240
20041118 66.21 67.05 65.16 65.37 30870948
20041119 65.37 66.21 64.95 65.16 14337306
20041122 65.16 65.37 64.52 64.73 11031241
20041123 64.95 66.21 64.52 64.52 12596479
20041124 64.73 64.95 63.47 64.10 15688779
20041125 63.89 64.10 63.05 63.47 13918431
20041126 63.47 63.68 62.63 63.26 12853045
20041129 63.68 63.89 62.20 62.42 14838699
20041130 62.84 63.26 61.99 62.20 18226096
20041201 62.20 64.10 61.99 62.84 40424688
20041202 63.47 64.73 63.26 64.73 22302568
20041203 64.73 65.37 63.47 64.10 16279567
20041206 64.10 64.73 63.68 64.73 8531745
20041207 64.10 64.95 63.26 64.73 20159702
20041208 64.10 64.95 63.68 64.10 9826665
20041209 64.31 64.52 63.47 63.68 13303457
20041210 64.52 64.52 63.26 63.47 9120992
20041213 64.10 64.52 63.26 63.47 11510701
20041214 63.89 63.89 63.05 63.68 19516510
20041215 63.47 64.73 63.47 63.89 14908650
20041216 64.10 64.52 63.47 64.10 23368784
20041217 64.31 64.52 63.68 63.89 16621140
20041220 64.10 64.52 63.26 63.47 17900172
20041221 63.89 63.89 63.05 63.26 16499853
20041222 63.47 64.52 63.26 64.31 15887961
20041223 64.31 64.73 63.89 64.10 9655345
20041224 64.10 64.95 63.89 64.73 1317209
20041227 64.73 64.73 64.73 64.73 0
20041228 64.73 64.73 64.73 64.73 0
20041229 64.73 64.95 63.89 64.95 13996681
20041230 64.95 66.00 64.52 65.37 10253958
20041231 65.79 66.00 64.95 65.37 2438081
20050103 65.37 65.37 65.37 65.37 0
20050104 66.84 68.53 66.00 67.90 48301620
20050105 67.90 68.95 67.48 68.32 42696428
20050106 68.53 70.64 68.53 70.01 40564352
20050107 70.22 71.48 69.37 70.85 40333868
20050110 71.27 71.69 69.58 71.06 20670698
20050111 71.48 71.48 69.58 70.43 14485151
20050112 70.22 71.48 70.01 70.43 11250697
20050113 71.06 72.33 70.85 71.06 13962417
20050114 71.06 72.33 70.85 71.90 19944634
20050117 72.54 73.17 71.48 72.33 14616042
20050118 72.75 73.38 72.11 73.17 22057504
20050119 73.59 74.22 72.54 72.75 23995970
20050120 72.54 72.54 70.43 71.27 19857372
20050121 70.85 72.11 70.85 71.27 7844449
20050124 71.27 71.48 70.64 71.27 6898809
20050125 71.69 73.59 71.06 72.75 20835616
20050126 72.96 73.38 71.90 72.75 15196397
20050127 72.54 72.54 70.43 72.11 28015770
20050128 72.11 72.11 70.85 71.27 20234040
20050131 72.33 72.54 71.69 72.33 7934555
20050201 72.33 72.96 71.48 72.96 11509515
20050202 72.96 73.59 72.11 72.11 17893890
20050203 72.11 72.11 71.06 71.69 16273639
20050204 72.11 72.33 71.48 71.69 11344834
20050207 71.69 72.11 71.48 71.90 13194618
20050208 71.90 72.54 71.48 72.54 9970005
20050209 72.75 72.75 71.27 71.69 12101726
20050210 72.11 72.11 71.27 71.27 11339499
20050211 71.90 72.96 71.90 72.96 12489538
20050214 73.17 74.22 72.75 73.80 14361374
20050215 73.17 74.01 73.17 73.80 17173988
20050216 73.80 74.01 72.11 72.54 12939001
20050217 71.90 74.86 71.90 73.80 21542238
20050218 74.01 75.91 73.38 73.59 23770824
20050221 73.80 74.01 72.33 73.59 12028574
20050222 73.80 73.80 72.75 73.17 5235758
20050223 72.54 72.96 70.64 71.27 32536370
20050224 71.06 71.06 70.01 70.43 20037348
20050225 70.85 71.48 70.01 71.27 19799990
20050228 71.48 72.11 70.43 70.85 12638924
20050301 71.06 71.69 71.06 71.48 12805028
20050302 71.48 71.48 69.80 70.22 36193020
20050303 70.22 71.69 70.01 71.27 13343886
20050304 71.69 72.54 70.43 71.48 20235462
20050307 71.69 72.54 71.69 72.33 6424566
20050308 71.90 72.54 71.48 71.90 7750074
20050309 72.33 73.17 72.11 72.54 24420418
20050310 72.11 73.59 70.64 70.85 27846702
20050311 70.85 70.85 69.16 69.58 49212404
20050314 69.58 71.27 69.58 71.27 19228526
20050315 71.48 71.90 70.85 71.06 23639576
20050316 71.90 71.90 70.15 70.59 19079408
20050317 70.81 71.03 69.28 69.28 15962824
20050318 69.28 69.71 67.75 68.18 33150478
20050321 68.40 69.71 67.97 68.62 29863788
20050322 68.84 69.71 68.18 68.84 13219626
20050323 68.62 68.62 67.53 67.97 20039412
20050324 68.40 68.62 67.31 67.75 14269088
20050325 67.75 67.75 67.75 67.75 0
20050328 67.75 67.75 67.75 67.75 0
20050329 68.18 69.28 67.53 68.62 13829467
20050330 68.62 69.93 67.75 68.18 14593170
20050331 68.62 69.50 67.97 68.62 14561139
20050401 68.40 70.15 68.40 69.71 15402516
20050404 69.50 69.93 67.97 68.62 15816398
20050405 69.50 70.81 68.62 70.59 27496150
20050406 71.03 71.24 70.37 70.81 17189598
20050407 71.03 72.77 70.37 72.34 24146886
20050408 72.56 72.56 70.81 71.03 11459198
20050411 70.81 71.68 70.37 71.46 8713255
20050412 71.68 72.34 71.24 71.68 22600836
20050413 72.34 72.56 71.24 71.46 11107662
20050414 71.46 72.34 70.59 71.24 12203110
20050415 71.24 71.24 69.50 69.71 19036510
20050418 68.84 69.50 67.97 68.18 23776246
20050419 68.62 69.06 67.75 67.75 24618080
20050420 68.18 68.40 67.53 67.53 12806888
20050421 67.31 68.18 66.87 67.31 19052868
20050422 67.97 68.40 67.53 67.97 11162686
20050425 67.53 69.06 66.87 68.40 16916652
20050426 68.18 68.18 67.09 67.53 14869434
20050427 67.31 67.53 66.00 66.65 21661308
20050428 67.09 67.09 65.56 65.78 17992882
20050429 65.78 66.87 65.56 66.00 10863314
20050502 66.00 66.00 66.00 66.00 0
20050503 66.65 67.09 66.00 66.65 11076661
20050504 66.87 67.75 66.65 67.53 15748333
20050505 67.97 67.97 66.44 66.65 22848502
20050506 66.65 67.09 66.00 66.65 13476901
20050509 66.22 66.87 65.78 66.22 12604294
20050510 66.65 66.65 64.91 64.91 34904612
20050511 64.91 65.34 62.72 64.25 43128144
20050512 66.44 68.18 66.44 67.75 60746152
20050513 67.75 68.18 66.44 67.75 16406792
20050516 67.75 68.40 67.31 67.97 11953729
20050517 67.97 68.18 67.53 67.97 5590494
20050518 68.18 69.06 67.31 68.84 13582259
20050519 68.62 69.06 68.40 68.62 10861712
20050520 68.62 69.06 67.75 68.18 12157810
20050523 68.18 68.84 67.97 68.40 9421819
20050524 68.62 68.62 67.53 68.18 6343787
20050525 67.97 68.18 67.09 67.53 9205956
20050526 67.09 67.75 66.65 67.31 17841994
20050527 67.53 68.18 67.09 67.53 9816483
20050530 67.53 67.53 67.53 67.53 0
20050531 67.97 68.40 67.09 67.31 24234170
20050601 67.53 68.18 66.87 68.18 8476686
20050602 68.18 68.18 67.53 67.75 4489898
20050603 67.75 67.75 67.75 67.75 0
20050606 67.53 68.18 66.87 66.87 7065163
20050607 67.53 68.40 67.09 68.18 11468922
20050608 68.18 69.50 67.75 69.06 16568203
20050609 68.84 71.24 68.62 71.03 39650756
20050610 71.24 72.77 71.03 71.24 41887640
20050613 71.90 75.18 71.90 73.21 49109412
20050614 73.21 73.21 72.12 72.56 15642746
20050615 72.56 72.99 71.24 71.68 25222888
20050616 72.12 73.65 71.90 72.99 16307268
20050617 71.03 73.21 69.71 72.56 27678954
20050620 72.77 72.77 71.03 72.34 9761001
20050621 72.77 73.21 72.12 72.77 7017232
20050622 72.77 73.65 71.68 72.56 15561983
20050623 72.56 73.65 71.68 72.56 11764176
20050624 72.12 72.34 70.37 71.90 10576982
20050627 72.12 73.43 70.37 70.59 15057500
20050628 70.81 72.56 69.93 71.90 12712284
20050629 72.34 72.99 71.46 71.90 18818242
20050630 71.90 73.21 71.46 73.21 14500967
20050701 73.21 73.43 72.12 72.56 16173540
20050704 72.34 72.99 71.68 72.56 8974763
20050705 72.77 73.21 71.68 72.77 11213249
20050706 73.21 74.30 72.56 74.30 17928476
20050707 73.87 74.30 70.81 72.12 38002436
20050708 73.21 73.87 71.46 73.87 12798538
20050711 74.30 75.62 73.21 74.96 18279670
20050712 75.18 75.40 73.87 75.18 12149116
20050713 75.62 75.62 74.30 74.96 6593626
20050714 75.62 75.83 74.74 75.18 16936900
20050715 75.18 75.62 74.96 75.40 17291754
20050718 75.18 75.18 74.52 74.74 43889900
20050719 75.18 75.62 74.30 75.40 57587812
20050720 75.62 75.83 74.74 75.18 38302380
20050721 75.62 76.49 74.52 76.05 19983816
20050722 76.05 76.27 75.18 75.83 17012400
20050725 76.05 76.05 74.30 74.96 20147516
20050726 75.18 75.62 74.30 75.18 12519642
20050727 75.62 76.49 75.62 76.49 18090118
20050728 76.93 79.99 76.93 77.80 45231412
20050729 78.46 79.99 78.24 79.33 49429948
20050801 79.11 79.11 76.05 77.14 49780112
20050802 76.71 79.11 76.71 78.46 22488728
20050803 78.89 79.99 78.24 79.55 48446720
20050804 79.33 81.30 79.33 80.42 43252948
20050805 80.64 80.64 79.11 79.33 26687262
20050808 79.11 80.42 79.11 79.77 8247552
20050809 79.77 80.86 79.33 80.86 17533584
20050810 80.86 82.17 80.20 82.17 28551218
20050811 82.17 82.83 79.99 80.42 42836436
20050812 81.08 81.30 80.20 80.42 37413872
20050815 80.64 81.52 80.64 81.08 15683356
20050816 81.73 85.23 81.30 84.36 75265536
20050817 84.75 86.08 82.97 83.86 37692172
20050818 83.86 85.42 82.97 83.64 17598762
20050819 83.64 83.86 82.75 83.41 16827866
20050822 83.41 84.30 82.97 84.08 19444012
20050823 83.64 84.30 83.41 83.64 16857426
20050824 83.86 83.86 82.75 82.97 11768661
20050825 82.97 83.41 82.08 82.52 30776816
20050826 82.97 83.64 82.08 82.52 36776856
20050829 82.52 82.52 82.52 82.52 0
20050830 82.75 83.19 81.86 82.08 17404324
20050831 82.52 82.75 81.41 82.52 36373816
20050901 82.75 82.97 82.08 82.52 16099455
20050902 81.63 82.75 81.63 82.30 16938348
20050905 82.75 82.75 82.08 82.30 9039338
20050906 82.52 82.97 82.30 82.97 19217204
20050907 82.75 83.41 82.75 83.19 11884649
20050908 83.41 83.86 82.52 82.97 7759756
20050909 83.64 83.86 82.97 83.64 8268554
20050912 84.08 85.42 83.64 84.08 11222774
20050913 83.86 84.53 83.41 83.64 6100291
20050914 83.41 84.30 82.75 83.41 7511483
20050915 83.41 85.19 83.19 84.30 10156737
20050916 84.53 85.19 83.86 84.97 24043534
20050919 84.30 85.19 84.30 84.30 33831288
20050920 84.30 86.08 84.30 85.19 44789604
20050921 84.75 86.97 84.53 84.97 66380860
20050922 84.97 85.19 83.41 83.86 20090938
20050923 84.30 85.42 78.30 85.42 15507487
20050926 85.86 86.31 84.97 85.64 11332918
20050927 85.64 86.97 85.42 85.86 12984516
20050928 86.53 88.31 86.31 88.31 23513270
20050929 88.31 88.97 86.53 87.19 16564982
20050930 88.08 88.31 85.19 86.31 27978372
20051003 86.75 87.86 86.08 86.97 11720332
20051004 87.42 87.42 85.86 87.42 21673304
20051005 87.42 88.08 86.53 87.86 18829004
20051006 87.42 87.42 84.97 85.19 27744372
20051007 85.19 86.08 84.30 85.19 41092700
20051010 85.64 85.86 84.30 84.30 20843852
20051011 84.53 85.86 84.53 85.86 33052638
20051012 86.31 86.31 84.75 85.19 7846298
20051013 85.19 85.42 84.75 85.19 15005770
20051014 85.64 85.64 83.86 84.53 31349340
20051017 84.53 84.97 83.86 84.08 8256079
20051018 84.53 85.64 84.08 84.53 29698978
20051019 84.30 84.53 82.75 83.41 24843764
20051020 84.08 85.19 82.97 83.64 15694170
20051021 83.41 84.53 83.19 83.64 27965448
20051024 84.08 84.53 83.41 84.53 14850669
20051025 84.97 84.97 84.30 84.30 11955119
20051026 85.42 85.42 84.08 85.42 19761742
20051027 84.75 85.64 82.97 84.75 49973792
20051028 84.53 85.19 83.86 84.97 19669694
20051031 84.53 86.31 84.08 85.64 36276260
20051101 85.64 89.42 85.42 89.42 78178296
20051102 89.86 92.76 88.97 89.64 71575160
20051103 90.53 92.53 90.31 91.64 25370656
20051104 92.09 93.42 90.98 93.42 42105800
20051107 92.53 95.87 92.09 93.87 51222464
20051108 94.76 95.87 94.31 94.76 20041936
20051109 94.76 95.65 92.76 93.20 39598676
20051110 94.09 94.76 92.98 94.76 70221176
20051111 94.31 95.65 92.98 94.76 18521274
20051114 95.20 95.20 93.87 94.31 14123045
20051115 94.31 95.43 93.20 94.31 53498512
20051116 94.54 94.76 93.42 94.54 25629944
20051117 94.76 96.76 94.31 96.31 28624738
20051118 96.98 98.09 96.09 96.98 18945440
20051121 97.87 97.87 96.76 97.87 38483636
20051122 98.32 100.32 98.09 100.32 41233752
20051123 100.99 102.77 100.32 102.77 44000500
20051124 103.43 104.10 101.43 102.10 30660940
20051125 102.77 102.77 101.43 101.65 11768324
20051128 102.77 102.77 101.43 101.43 18000226
20051129 101.88 105.21 101.21 103.88 33781948
20051130 102.99 102.99 100.99 100.99 46856152
20051201 101.65 105.21 100.99 104.54 38233900
20051202 104.32 105.21 103.43 105.21 33193690
20051205 104.77 104.99 103.43 103.43 35729024
20051206 104.10 104.10 102.77 103.21 29507350
20051207 102.99 104.77 102.10 104.77 35412980
20051208 104.99 104.99 102.77 103.21 17480526
20051209 103.43 104.10 102.77 103.66 14353560
20051212 103.43 105.21 103.43 104.77 19549434
20051213 104.77 107.66 104.32 106.77 40287524
20051214 106.99 107.66 106.10 107.44 22489042
20051215 107.66 108.10 106.99 107.44 18431248
20051216 108.10 110.55 107.66 110.11 22790702
20051219 109.22 110.77 105.66 107.44 29287062
20051220 107.66 108.55 106.99 108.55 41394808
20051221 108.10 108.77 107.88 108.55 16662201
20051222 108.55 109.66 108.10 108.99 11650986
20051223 108.99 111.00 108.77 110.55 6189305
20051226 110.55 110.55 110.55 110.55 0
20051227 110.55 110.55 110.55 110.55 0
20051228 112.78 113.66 110.33 111.44 12500444
20051229 111.89 113.22 111.66 112.78 9305706
20051230 114.11 114.11 111.44 111.89 7834047
20060102 111.89 111.89 111.89 111.89 0
20060103 114.33 115.00 111.22 113.89 61971280
20060104 115.00 115.00 113.22 114.33 26267656
20060105 115.22 115.22 113.66 113.89 21470098
20060106 115.00 115.00 112.55 112.78 39066164
20060109 113.00 113.00 111.00 111.66 26473896
20060110 110.33 110.33 108.55 108.99 34168016
20060111 109.66 110.77 109.66 110.77 12312412
20060112 111.22 112.11 106.99 106.99 56586364
20060113 107.44 107.44 104.99 106.77 33744412
20060116 107.44 107.44 105.88 106.77 19337126
20060117 105.88 106.32 104.77 105.21 17046356
20060118 103.66 106.99 102.99 105.88 29332582
20060119 106.99 106.99 105.66 105.88 30095834
20060120 106.55 108.55 106.32 107.21 32572500
20060123 105.66 107.66 105.66 106.32 11715050
20060124 105.21 106.55 104.99 105.43 16668270
20060125 105.43 111.00 104.99 111.00 52561836
20060126 111.66 113.44 111.00 112.55 34106088
20060127 113.22 113.22 110.55 111.89 22209750
20060130 111.89 113.22 110.11 113.00 20099030
20060131 113.00 114.11 111.22 111.66 20566244
20060201 111.22 113.89 111.22 113.22 18044732
20060202 114.33 114.55 111.22 112.33 20655932
20060203 112.33 113.22 111.00 111.89 17780274
20060206 112.78 113.89 110.77 112.33 37508748
20060207 113.22 114.33 111.22 112.11 14609477
20060208 111.22 112.55 110.55 111.22 42548512
20060209 111.00 113.00 110.77 111.89 20800244
20060210 111.89 113.22 111.22 113.00 22802616
20060213 113.89 113.89 111.22 112.11 21510896
20060214 113.00 113.00 110.11 110.55 28951348
20060215 110.55 111.22 108.77 110.77 20388102
20060216 111.44 111.66 110.33 111.00 11470935
20060217 111.00 112.78 110.11 112.11 18606804
20060220 110.33 112.78 110.11 112.33 12538545
20060221 113.00 114.33 112.11 113.22 16665460
20060222 113.00 114.55 112.33 114.33 12914945
20060223 113.89 119.00 112.55 116.33 57196312
20060224 117.22 117.67 115.00 116.33 31006320
20060227 117.00 119.89 116.33 118.56 22623238
20060228 118.11 118.78 115.00 115.67 33478378
20060301 115.00 116.33 112.33 115.00 20281442
20060302 116.11 118.56 116.11 117.89 32990486
20060303 118.56 119.45 114.33 114.78 42538508
20060306 115.00 117.89 114.55 116.56 30987102
20060307 116.33 119.23 113.89 114.33 48269144
20060308 114.55 116.33 110.33 111.66 53972580
20060309 116.11 118.11 112.11 113.44 99266488
20060310 113.44 115.89 112.33 115.44 36666036
20060313 115.89 121.01 115.44 121.01 59680512
20060314 120.78 121.01 117.67 119.67 46783884
20060315 120.63 122.67 119.49 120.17 26560518
20060316 121.31 129.28 119.94 125.86 63817344
20060317 129.50 133.37 125.86 127.00 63204308
20060320 131.10 132.23 127.00 127.45 40711832
20060321 127.68 129.28 126.54 128.36 15646061
20060322 128.36 131.32 126.77 129.50 32236774
20060323 130.19 131.55 128.82 129.28 23173064
20060324 129.73 132.01 127.91 130.64 35125976
20060327 129.96 131.78 127.23 128.14 30467858
20060328 128.59 129.05 125.41 125.86 28430818
20060329 125.86 127.23 124.72 126.32 19200696
20060330 127.23 128.36 126.54 127.23 13882639
20060331 127.45 127.91 125.41 125.41 18119180
20060403 126.54 128.14 126.32 127.68 32463490
20060404 127.91 128.36 126.32 128.36 37882932
20060405 128.36 128.36 126.54 127.23 20206530
20060406 127.45 128.14 124.50 125.86 21290902
20060407 125.63 126.77 124.27 124.72 21931178
20060410 125.18 125.63 122.22 124.95 18461232
20060411 125.63 125.63 122.22 122.67 20363166
20060412 121.99 123.36 119.26 121.99 28347446
20060413 122.67 123.36 120.85 122.90 13838482
20060414 122.90 122.90 122.90 122.90 0
20060417 122.90 122.90 122.90 122.90 0
20060418 123.59 124.04 121.76 122.67 18336230
20060419 124.04 125.41 123.81 124.50 31599902
20060420 123.13 125.41 123.13 124.50 14275987
20060421 125.41 126.77 124.95 125.63 25903546
20060424 125.86 126.09 123.81 124.50 19899848
20060425 125.18 125.63 123.81 125.18 12362299
20060426 126.09 128.59 125.41 127.00 51323012
20060427 126.77 128.14 125.41 126.09 37467944
20060428 125.63 126.32 125.18 125.63 16461976
20060501 125.63 125.63 125.63 125.63 0
20060502 127.45 127.91 125.63 127.00 20983560
20060503 127.45 127.68 125.18 125.63 49168000
20060504 126.09 126.54 124.72 125.63 27567670
20060505 126.09 127.91 125.63 127.68 18465076
20060508 128.36 129.73 127.68 129.28 41055424
20060509 129.50 130.19 128.14 129.28 137616352
20060510 129.28 129.28 125.86 127.68 26692220
20060511 129.73 131.78 126.09 126.54 43538536
20060512 126.32 127.00 123.81 123.81 20242448
20060515 123.81 124.72 118.35 122.45 31726552
20060516 123.13 123.36 119.72 120.40 32837066
20060517 121.08 121.61 117.90 117.90 34961984
20060518 118.12 119.26 113.80 115.16 44436944
20060519 114.25 117.21 114.03 115.39 29271338
20060522 114.94 115.85 112.21 112.89 43950120
20060523 112.89 116.53 112.96 116.07 31475780
20060524 115.16 115.81 112.89 114.71 30518826
20060525 114.25 116.53 112.94 116.53 17191774
20060526 118.12 118.35 115.92 118.12 12569024
20060529 118.12 118.12 118.12 118.12 0
20060530 117.67 117.79 113.74 114.03 23580142
20060531 114.25 117.44 112.21 116.76 26565790
20060601 116.76 118.58 116.15 118.58 42504144
20060602 120.17 120.17 118.03 119.03 22561458
20060605 119.72 119.26 116.29 117.90 12163593
20060606 116.53 117.74 115.16 115.62 29358772
20060607 116.30 117.15 114.55 116.53 21133276
20060608 114.71 115.85 112.66 113.57 26543382
20060609 114.71 116.30 113.57 115.62 12936779
20060612 114.94 115.77 113.03 113.80 19930384
20060613 111.98 112.43 108.56 110.84 32791152
20060614 111.52 114.48 108.88 109.47 31832330
20060615 109.70 114.09 109.70 113.80 19747166
20060616 115.62 116.53 111.30 111.98 34027436
20060619 112.89 116.53 113.02 115.16 23888692
20060620 113.57 114.71 111.98 114.48 18577556
20060621 115.16 115.93 113.91 114.94 28037578
20060622 116.76 118.35 114.94 116.07 19550436
20060623 115.62 117.44 115.16 116.07 14880893
20060626 116.76 117.06 115.39 116.07 24866406
20060627 116.76 117.09 114.78 115.85 31002356
20060628 115.62 117.44 115.16 116.07 17272728
20060629 116.98 119.26 115.85 119.03 13766205
20060630 120.63 123.13 119.03 122.45 40374832
20060703 123.13 124.04 121.08 121.99 14697455
20060704 122.67 123.13 121.08 122.90 6809947
20060705 121.76 122.45 118.35 118.81 33721084
20060706 119.49 120.40 118.58 119.26 43069068
20060707 119.26 119.72 118.12 118.58 13768512
20060710 119.26 119.26 117.67 118.35 16873228
20060711 118.12 120.40 117.90 118.58 17858632
20060712 119.49 121.54 118.58 119.94 14305974
20060713 119.94 119.94 117.44 117.90 36099736
20060714 117.21 118.12 115.16 115.62 24675390
20060717 115.85 116.07 114.03 114.48 19705096
20060718 114.03 115.39 113.57 114.71 18514506
20060719 115.85 118.35 114.94 117.90 15295222
20060720 119.03 119.94 117.90 118.35 18742760
20060721 118.12 118.35 116.30 116.76 24102556
20060724 117.44 119.49 114.94 119.03 13318265
20060725 118.58 122.45 118.58 121.31 24442412
20060726 122.45 122.90 121.54 122.22 16729224
20060727 123.36 124.95 122.22 124.72 25461756
20060728 124.50 124.50 122.67 123.81 23472826
20060731 124.27 124.72 121.54 121.76 17523720
20060801 122.67 122.90 121.08 121.99 10322402
20060802 123.13 123.81 122.22 123.36 18291084
20060803 123.36 123.36 123.36 123.36 0
20060804 121.76 124.04 121.76 123.36 17316446
20060807 123.13 123.13 121.76 122.22 14469421
20060808 123.59 123.59 121.76 121.99 13850125
20060809 122.45 123.36 121.08 121.54 20257496
20060810 121.08 121.31 117.90 119.94 84083848
20060811 120.63 120.85 119.26 119.94 26974078
20060814 121.99 121.99 119.94 120.40 21765974
20060815 120.40 121.99 119.72 120.63 31107036
20060816 120.40 121.78 119.24 120.86 27592914
20060817 121.55 122.47 120.86 121.78 14496293
20060818 122.70 123.62 121.09 122.24 61734464
20060821 122.70 122.93 121.78 122.24 40076252
20060822 123.62 124.32 122.24 123.86 31378410
20060823 123.62 124.32 122.47 122.93 15471391
20060824 123.86 125.01 122.47 124.55 21435034
20060825 125.24 125.24 122.93 123.62 11764696
20060828 123.62 123.62 123.62 123.62 0
20060829 124.55 126.39 123.86 126.16 19278674
20060830 126.85 127.78 126.16 127.32 21895700
20060831 127.08 128.47 126.85 127.78 30926198
20060901 128.24 130.54 128.01 130.08 25686618
20060904 130.77 130.77 129.16 129.62 16586098
20060905 130.08 130.08 127.78 128.01 46550964
20060906 128.47 128.47 127.08 127.08 22375120
20060907 126.85 127.08 124.78 125.01 32918668
20060908 125.93 126.62 125.01 126.39 11141006
20060911 126.39 126.85 125.70 126.39 9975354
20060912 126.16 127.55 125.01 127.08 13610618
20060913 128.24 128.70 127.32 128.24 10264436
20060914 128.93 130.31 128.01 128.47 20464812
20060915 128.93 129.62 128.24 129.39 18374790
20060918 130.08 130.08 128.24 128.93 10583652
20060919 129.16 129.62 126.39 127.08 25164816
20060920 127.78 129.85 127.08 129.62 33291104
20060921 130.08 131.93 129.16 131.24 23414062
20060922 130.77 131.01 129.62 129.62 14759795
20060925 129.62 131.24 129.39 130.08 25043958
20060926 131.47 131.93 130.31 131.24 9048707
20060927 131.47 133.77 130.77 133.31 34379040
20060928 135.85 139.77 134.23 139.08 94201240
20060929 138.39 138.85 137.00 137.46 55314600
20061002 138.62 139.77 136.08 136.77 19943878
20061003 136.54 137.46 135.39 137.23 21780804
20061004 137.23 137.92 136.08 137.69 17036578
20061005 138.16 139.54 137.46 139.08 38679072
20061006 139.31 139.31 136.77 137.69 20815896
20061009 136.31 138.62 136.08 137.69 15618913
20061010 136.77 138.85 136.08 137.46 34653380
20061011 137.23 137.92 135.85 137.46 23252882
20061012 137.00 140.46 137.00 140.46 19681894
20061013 141.62 141.62 138.62 139.54 19059614
20061016 139.54 141.15 138.39 140.69 17547322
20061017 140.92 140.92 137.92 137.92 31094314
20061018 139.08 139.77 137.92 138.62 22759696
20061019 138.16 138.85 137.23 138.62 15630619
20061020 138.85 139.08 137.00 137.46 23124870
20061023 138.39 139.08 137.23 138.16 8259176
20061024 137.69 138.85 137.46 137.92 11951456
20061025 137.92 138.39 136.54 137.00 14771393
20061026 137.00 137.69 136.08 136.54 21749480
20061027 136.54 137.00 134.00 135.39 17511770
20061030 134.70 135.62 134.00 134.93 16599106
20061031 134.47 137.00 134.23 136.08 25860586
20061101 135.62 137.69 135.62 136.77 10530106
20061102 136.54 137.69 135.39 137.23 16767439
20061103 136.77 139.08 136.77 137.69 24864244
20061106 138.16 140.23 137.46 140.00 18356472
20061107 140.23 142.54 139.08 142.54 18199086
20061108 141.15 142.77 140.92 141.62 21012520
20061109 140.00 141.38 138.39 138.85 36577236
20061110 139.08 139.31 137.23 138.39 22608164
20061113 138.85 140.23 138.16 138.39 29633944
20061114 138.62 139.31 136.08 136.77 25481430
20061115 138.62 140.92 138.62 140.23 33451416
20061116 139.77 143.00 139.77 141.62 38592144
20061117 142.08 142.31 138.62 139.54 19195430
20061120 139.31 142.31 138.16 141.62 25702660
20061121 142.08 143.69 141.62 142.77 20360106
20061122 142.77 143.69 140.69 141.62 21651926
20061123 142.31 142.31 137.92 139.54 40977316
20061124 138.85 138.85 137.23 137.92 19420994
20061127 137.92 138.39 134.70 135.16 28798564
20061128 135.16 138.16 134.47 136.31 35378416
20061129 137.69 137.69 135.62 136.31 21935372
20061130 135.62 137.23 134.93 135.62 10336192
20061201 136.31 137.00 133.31 134.23 16164777
20061204 136.31 136.31 133.77 134.47 25241016
20061205 134.23 136.77 134.23 136.54 37162988
20061206 136.08 138.85 135.85 138.39 48041468
20061207 138.39 140.46 137.46 139.77 27824440
20061208 138.85 140.46 137.92 140.00 17098362
20061211 141.15 141.38 139.08 139.54 15727089
20061212 139.77 140.46 139.08 140.00 10503550
20061213 139.31 140.23 138.62 139.54 17251520
20061214 140.69 141.62 140.00 140.23 18438634
20061215 141.15 141.38 139.54 140.23 26813790
20061218 140.46 140.92 139.08 140.23 13413453
20061219 140.23 140.92 139.31 140.23 10311262
20061220 141.38 141.38 140.23 140.46 13002754
20061221 140.69 142.54 140.23 141.38 20430886
20061222 143.00 143.00 140.46 141.38 7818344
20061225 141.38 141.38 141.38 141.38 0
20061226 141.38 141.38 141.38 141.38 0
20061227 143.23 143.23 141.15 142.54 7684480
20061228 143.92 143.92 141.38 142.31 6640011
20061229 141.38 142.77 140.23 140.69 4614698
20070101 140.69 140.69 140.69 140.69 0
20070102 142.08 145.31 140.46 145.07 15144805
20070103 144.84 145.54 140.69 141.15 74923000
20070104 140.69 140.92 137.92 140.23 44592420
20070105 140.69 141.62 139.77 140.00 22578140
20070108 140.00 141.15 139.54 139.54 25947842
20070109 140.46 141.38 140.23 140.69 27037620
20070110 140.46 142.08 139.08 140.23 37621704
20070111 141.38 145.07 141.15 144.84 55751964
20070112 145.54 149.00 144.38 145.54 46800048
20070115 146.23 150.15 146.23 149.23 31172248
20070116 149.46 150.84 147.61 148.07 41317128
20070117 148.07 148.77 147.15 148.77 32027898
20070118 149.46 150.38 148.77 149.23 28954106
20070119 149.46 149.46 147.15 148.53 11879375
20070122 149.00 151.30 148.77 149.23 20006530
20070123 148.77 151.76 148.53 150.84 45616188
20070124 150.84 153.15 150.61 152.92 23119018
20070125 153.15 154.30 151.76 152.92 22353226
20070126 151.53 153.15 150.84 151.07 21094248
20070129 150.61 152.69 149.92 152.69 10937770
20070130 152.22 152.22 150.15 150.61 14198864
20070131 149.92 150.84 147.61 148.53 30044208
20070201 149.46 150.61 148.53 150.15 21328266
20070202 149.69 151.99 149.23 151.99 13642811
20070205 152.22 152.22 150.38 151.99 10747216
20070206 151.76 153.15 151.30 153.15 17125568
20070207 153.84 153.84 151.76 152.22 26630172
20070208 153.15 153.15 151.07 151.76 10436889
20070209 153.15 154.30 152.22 153.61 9751740
20070212 153.38 153.38 150.84 151.99 13715325
20070213 153.61 153.61 151.30 151.76 9510784
20070214 152.69 153.61 151.53 153.15 16899786
20070215 153.61 153.61 151.53 153.15 5377131
20070216 152.92 153.84 152.22 153.15 29544628
20070219 153.84 154.30 152.92 153.38 5430134
20070220 153.15 155.45 152.92 154.76 16122287
20070221 155.68 158.68 151.76 152.22 46101460
20070222 153.15 154.07 151.53 151.53 23715176
20070223 152.69 152.69 149.23 151.76 25226708
20070226 152.22 152.92 151.07 151.07 17036902
20070227 151.07 151.07 144.61 144.84 41021108
20070228 143.92 144.61 140.69 141.62 54902276
20070301 140.92 141.62 135.39 138.62 58241952
20070302 138.39 141.38 136.54 136.77 55314272
20070305 136.54 143.00 134.23 142.08 73314560
20070306 144.38 147.84 144.38 146.23 62832372
20070307 146.23 148.30 145.54 147.84 18820500
20070308 148.30 151.30 147.84 149.69 37624308
20070309 148.53 153.84 147.38 153.84 76104696
20070312 153.61 155.68 151.99 152.92 37766844
20070313 153.84 153.84 150.61 151.30 36323924
20070314 150.94 153.54 148.58 150.23 53330176
20070315 152.84 153.31 150.00 151.18 28547324
20070316 150.23 152.36 149.52 151.18 20966602
20070319 151.60 156.53 151.60 156.15 35950628
20070320 156.15 157.57 153.78 155.58 17499906
20070321 155.30 156.62 154.25 156.34 23276958
20070322 157.09 158.99 155.67 156.24 32060092
20070323 156.81 157.09 155.77 156.34 21410202
20070326 155.96 156.81 153.31 153.97 29633078
20070327 154.35 155.67 153.31 154.92 20572878
20070328 155.11 155.86 153.02 153.31 23387382
20070329 153.40 154.82 152.84 154.25 14046526
20070330 155.20 155.20 152.27 153.31 19966864
20070402 152.46 154.16 152.46 154.16 9677414
20070403 154.92 155.67 152.27 155.01 25457762
20070404 154.54 154.92 152.93 153.50 22183280
20070405 153.12 156.81 153.12 155.86 16138251
20070406 155.86 155.86 155.86 155.86 0
20070409 155.86 155.86 155.86 155.86 0
20070410 155.30 156.62 154.73 156.62 13383133
20070411 157.09 157.57 155.20 156.05 16064494
20070412 155.20 155.67 153.88 155.67 31517584
20070413 155.20 156.15 153.97 154.92 26985636
20070416 156.34 157.09 154.82 156.81 21983776
20070417 155.86 157.09 154.92 156.43 16272240
20070418 155.58 157.00 155.39 156.43 17339606
20070419 155.20 155.96 154.63 155.39 11537723
20070420 156.34 157.76 156.05 156.81 28025424
20070423 157.28 158.04 155.86 156.62 11629339
20070424 156.90 157.47 154.73 156.05 14707276
20070425 156.62 157.47 156.15 157.00 15605043
20070426 157.47 157.95 156.05 157.00 10412978
20070427 157.38 157.38 155.30 156.05 11239841
20070430 155.11 157.57 155.11 157.00 9284641
20070501 156.24 156.53 155.01 155.20 5035674
20070502 155.20 156.62 155.11 156.24 17880740
20070503 155.58 157.57 155.58 157.38 31269474
20070504 156.53 158.61 155.96 157.85 9415988
20070507 157.85 157.85 157.85 157.85 0
20070508 156.62 157.09 153.31 155.20 19650384
20070509 156.34 157.00 154.16 155.30 19237428
20070510 154.63 159.18 154.35 158.04 31440340
20070511 157.09 158.61 155.39 158.32 21533836
20070514 159.74 159.74 157.57 157.95 9689566
20070515 157.28 160.78 157.28 159.93 34229168
20070516 160.60 161.35 158.23 158.99 43616200
20070517 159.93 160.22 158.99 159.74 23639510
20070518 159.08 164.95 159.08 162.87 40370884
20070521 166.56 166.56 161.07 161.54 21784694
20070522 162.58 162.87 160.60 161.54 24029640
20070523 160.69 162.58 160.12 160.60 10529637
20070524 158.32 158.61 151.42 151.42 118162568
20070525 150.75 153.40 150.75 153.31 35436864
20070528 153.31 153.31 153.31 153.31 0
20070529 153.21 153.78 152.27 152.93 21124790
20070530 151.04 152.65 149.43 150.47 29430298
20070531 152.27 152.27 149.14 149.81 23825276
20070601 149.81 149.81 149.81 149.81 0
20070604 150.47 151.13 149.71 150.56 18583758
20070605 150.47 150.85 148.01 148.48 38517548
20070606 147.16 148.48 145.64 146.31 38434808
20070607 146.40 147.63 142.14 143.18 38293844
20070608 141.95 143.47 140.91 142.33 45612400
20070611 142.61 143.94 140.91 141.57 27111382
20070612 141.95 143.28 140.82 142.33 33783772
20070613 142.61 149.14 142.14 147.54 74891800
20070614 148.58 149.24 146.40 147.91 28086500
20070615 147.72 150.28 147.72 149.81 26040424
20070618 149.71 149.81 147.25 148.10 16943980
20070619 147.82 148.20 146.02 146.21 18527752
20070620 146.49 148.20 144.13 144.79 42967076
20070621 143.84 144.60 141.20 141.38 62375264
20070622 142.52 142.52 139.11 139.11 36858748
20070625 138.45 140.06 137.79 139.30 38376692
20070626 139.30 139.40 136.84 137.22 48810380
20070627 136.75 137.03 135.14 136.27 71865960
20070628 136.75 137.69 136.37 136.46 40416848
20070629 136.56 138.07 134.29 137.69 46467480
20070702 136.46 136.56 134.38 135.99 46252440
20070703 136.46 140.06 136.46 138.55 57078480
20070704 139.49 142.24 138.36 142.14 49917584
20070705 142.14 142.99 141.20 142.61 101921296
20070706 141.95 144.03 141.95 144.03 34113880
20070709 144.60 145.26 141.95 142.24 27978822
20070710 142.14 142.52 139.30 139.68 39300348
20070711 138.26 138.83 136.84 138.26 42323972
20070712 138.26 141.95 138.07 141.95 33938472
20070713 142.80 143.75 141.95 142.33 25444976
20070716 143.84 143.84 141.48 142.05 15343195
20070717 141.48 141.95 139.40 140.53 39426620
20070718 139.11 140.34 138.64 138.64 25141706
20070719 138.64 139.49 137.79 139.02 31739808
20070720 138.64 140.44 137.50 137.50 27529622
20070723 137.69 139.87 136.08 136.65 31542312
20070724 135.52 136.94 132.39 132.39 42446440
20070725 132.30 132.30 128.89 129.46 54221816
20070726 130.31 130.31 123.69 123.69 56210408
20070727 121.61 126.62 121.51 123.50 66017792
20070730 123.40 124.07 120.94 121.42 61244600
20070731 124.54 126.53 121.89 126.24 46778040
20070801 123.97 124.35 120.66 121.61 47799968
20070802 122.36 123.50 121.61 122.08 49596032
20070803 124.26 126.24 123.59 124.16 61011180
20070806 124.44 128.04 123.31 124.35 58207664
20070807 126.91 128.70 125.86 128.70 44932420
20070808 132.49 138.26 131.54 133.44 109607152
20070809 135.61 135.61 127.09 128.32 87055720
20070810 127.76 127.76 123.12 125.20 73005392
20070813 127.57 129.93 126.24 129.46 62142580
20070814 128.42 133.06 128.04 129.27 35696596
20070815 129.06 131.76 127.23 130.31 42811476
20070816 126.36 129.93 125.97 126.26 62639316
20070817 126.36 132.82 124.82 130.31 62929300
20070820 130.12 135.52 130.12 133.01 27767070
20070821 134.75 136.19 131.47 133.59 29093110
20070822 133.97 137.83 133.97 136.77 23208462
20070823 137.35 139.76 135.32 135.42 40180972
20070824 135.61 136.77 134.65 135.52 14466927
20070827 135.52 135.52 135.52 135.52 0
20070828 133.97 135.61 131.08 131.76 15250246
20070829 130.89 134.55 130.22 133.97 26223982
20070830 136.58 137.64 132.24 134.65 47314056
20070831 136.00 136.77 134.26 136.38 20526708
20070903 136.48 139.18 136.10 138.89 16792088
20070904 138.70 140.34 136.19 140.24 21150770
20070905 139.08 139.76 133.97 134.84 34145884
20070906 134.17 136.67 132.43 133.49 33503356
20070907 132.63 135.52 130.31 130.31 31585416
20070910 131.66 132.82 128.77 129.16 40321764
20070911 130.31 133.88 129.83 133.59 39743560
20070912 132.63 134.55 131.95 133.78 35576404
20070913 134.17 138.02 133.49 137.73 39150312
20070914 136.29 136.87 132.82 133.97 43031428
20070917 133.01 133.88 130.70 131.76 39291100
20070918 130.79 138.41 130.79 136.87 40390240
20070919 140.91 143.52 139.66 141.88 61996992
20070920 141.78 141.78 137.83 138.50 33264106
20070921 137.35 142.84 136.58 140.72 53266768
20070924 141.11 143.61 139.08 141.59 17136230
20070925 142.46 142.46 138.89 139.28 29810340
20070926 140.43 143.32 139.95 142.65 28618866
20070927 142.94 146.31 142.94 145.35 18630452
20070928 146.31 149.40 144.87 148.91 36506944
20071001 147.47 149.88 146.50 149.40 18291498
20071002 149.88 151.52 149.20 150.17 31222080
20071003 149.69 149.97 145.35 147.56 27381532
20071004 147.85 149.20 146.70 146.99 19602494
20071005 146.99 147.95 145.54 147.66 20358630
20071008 147.47 147.85 146.31 146.31 12227255
20071009 145.83 150.75 145.54 149.88 28225752
20071010 150.94 151.90 149.49 151.42 29575138
20071011 151.32 154.12 151.23 153.83 27665912
20071012 152.00 153.83 151.42 153.73 14550550
20071015 154.12 154.12 146.60 147.66 39633896
20071016 147.66 148.43 144.19 147.37 40060828
20071017 147.95 149.40 146.70 148.24 11340600
20071018 148.82 149.40 144.96 145.54 16996064
20071019 144.58 145.93 143.03 143.32 11311031
20071022 140.72 142.75 139.76 141.30 28389160
20071023 142.17 144.87 141.49 143.42 14537788
20071024 143.42 146.41 142.65 144.38 14765314
20071025 146.70 149.11 145.44 148.91 18820420
20071026 148.63 150.26 147.47 148.43 13132067
20071029 150.26 150.36 146.22 147.08 26051030
20071030 147.28 148.63 145.44 146.99 14171548
20071031 147.56 152.19 147.37 152.00 23629586
20071101 151.32 153.25 149.40 149.88 26582130
20071102 147.47 149.20 146.02 147.56 17671792
20071105 147.28 148.53 145.06 147.56 13514597
20071106 149.49 150.55 148.14 149.69 16140637
20071107 149.40 151.61 148.72 150.26 21246220
20071108 149.69 153.16 147.18 151.23 22809642
20071109 150.84 151.52 144.38 144.77 31262646
20071112 143.71 146.41 143.42 146.31 14749129
20071113 144.77 147.95 143.61 146.70 15889456
20071114 147.66 149.40 146.41 146.99 11309267
20071115 146.41 148.34 144.10 144.87 10044958
20071116 144.48 145.25 142.36 142.75 10587575
20071119 142.17 142.94 135.61 135.61 18608976
20071120 135.90 139.85 134.26 139.57 15279296
20071121 138.50 138.50 129.83 131.76 20087114
20071122 133.30 133.30 129.25 132.53 11834973
20071123 133.59 134.26 131.08 133.20 24021558
20071126 134.94 137.16 131.66 134.65 32777826
20071127 134.46 136.58 133.97 135.71 14459041
20071128 135.13 140.53 133.49 140.34 22993594
20071129 141.97 143.52 139.85 140.91 18102670
20071130 141.88 144.29 139.95 143.13 14707732
20071203 142.36 143.23 138.31 138.70 17412104
20071204 138.31 139.76 136.58 136.67 17593460
20071205 137.44 141.11 137.35 141.11 11809243
20071206 141.11 144.29 139.28 140.91 13497270
20071207 141.11 144.19 141.11 142.65 11178229
20071210 142.26 145.44 140.91 144.19 12541413
20071211 145.06 145.73 142.65 143.71 12791453
20071212 141.78 144.58 140.34 143.13 15065051
20071213 141.69 142.17 138.89 140.05 15087046
20071214 141.59 142.65 138.50 141.49 10815931
20071217 138.99 139.85 136.19 136.58 19348200
20071218 135.52 140.05 135.13 137.35 15660996
20071219 137.44 137.73 134.94 135.32 15990716
20071220 135.32 137.25 135.32 136.67 10334112
20071221 138.02 139.37 136.10 137.93 15622401
20071224 138.79 140.91 138.50 140.72 2494172
20071225 140.72 140.72 140.72 140.72 0
20071226 140.72 140.72 140.72 140.72 0
20071227 143.03 143.61 139.95 141.20 11165364
20071228 140.63 143.32 138.89 140.72 7688151
20071231 143.61 143.61 140.72 142.84 2589312
20080101 142.84 142.84 142.84 142.84 0
20080102 143.13 144.19 140.63 141.11 10181909
20080103 141.11 142.55 138.12 142.36 15480988
20080104 142.36 142.94 137.73 138.70 12583225
20080107 138.89 138.89 134.07 136.10 19144018
20080108 136.29 138.70 134.84 136.10 12286082
20080109 135.42 135.61 132.91 133.97 18557930
20080110 134.36 135.52 132.24 132.63 13679768
20080111 133.59 134.46 131.57 133.40 17335536
20080114 133.59 135.32 131.08 134.46 15963949
20080115 133.59 134.84 129.06 129.25 20292438
20080116 129.25 130.79 125.78 129.16 23565988
20080117 130.89 131.76 126.26 126.65 18591130
20080118 127.13 130.02 124.24 125.30 26025506
20080121 123.37 123.37 116.14 120.48 32924218
20080122 117.59 129.64 112.00 128.96 40396464
20080123 131.76 132.63 124.43 127.42 27464118
20080124 132.82 137.64 130.60 136.67 34968836
20080125 139.76 140.05 132.14 133.69 23641102
20080128 133.01 133.78 127.32 130.50 21890514
20080129 131.08 133.88 130.60 133.30 10413481
20080130 132.91 134.46 131.47 133.40 11859977
20080131 132.72 134.75 125.30 130.70 28269120
20080201 132.91 135.23 131.57 134.17 16935472
20080204 135.42 135.71 131.57 132.63 14010319
20080205 133.59 133.59 126.65 127.23 16998450
20080206 126.65 128.19 125.59 127.52 11721884
20080207 127.32 127.61 123.37 124.43 21339492
20080208 126.55 127.32 124.24 125.69 23828788
20080211 124.34 125.20 117.97 120.10 44693724
20080212 120.67 125.59 117.97 125.40 24009212
20080213 124.63 126.26 122.99 125.01 17874418
20080214 125.78 128.77 124.82 125.40 22143354
20080215 125.88 125.88 121.44 122.41 17721386
20080218 122.60 126.55 122.60 126.36 12308285
20080219 125.11 130.02 123.47 126.55 11671980
20080220 124.53 127.32 123.85 124.91 15067956
20080221 125.30 131.28 124.72 129.06 16659703
20080222 128.58 129.73 126.07 126.65 13137462
20080225 128.10 131.08 127.61 130.60 15900349
20080226 131.66 136.77 130.12 136.67 28243806
20080227 140.72 142.65 132.43 137.16 42960044
20080228 136.19 137.54 131.08 131.08 22522046
20080229 129.83 131.28 126.17 127.23 24474950
20080303 125.97 126.46 123.76 124.53 18560108
20080304 124.91 126.55 120.19 120.77 25238868
20080305 124.50 129.00 122.00 128.50 24714400
20080306 128.50 128.50 126.00 126.60 22411400
20080307 124.60 124.70 119.70 121.90 39348600
20080310 120.80 124.40 120.80 121.60 16975900
20080311 121.80 127.10 121.70 125.50 25236600
20080312 127.90 130.60 126.00 129.40 18830300
20080313 126.90 126.90 121.50 123.20 23919700
20080314 122.50 127.70 122.10 122.40 20114500
20080317 120.00 121.00 118.00 119.00 23214900
20080318 119.80 123.70 119.60 123.20 21635100
20080319 124.50 124.80 120.30 121.60 16176200
20080320 121.10 123.90 120.20 122.80 18293600
20080321 122.80 122.80 122.80 122.80 0
20080324 122.80 122.80 122.80 122.80 0
20080325 126.70 129.30 125.40 128.80 24036100
20080326 129.10 129.10 125.40 127.20 23363200
20080327 127.40 132.20 126.00 130.90 23576300
20080328 131.70 131.70 129.40 129.90 14731600
20080331 129.30 130.00 127.40 128.70 16147400
20080401 127.80 136.30 127.80 136.00 24279600
20080402 136.20 139.60 135.90 139.40 24693900
20080403 139.70 139.70 133.80 134.60 16804500
20080404 134.60 137.30 134.60 137.20 11329900
20080407 137.30 138.30 136.30 137.00 10201900
20080408 136.90 136.90 134.50 136.50 6308800
20080409 135.40 137.20 135.10 135.70 8564300
20080410 136.10 136.10 130.50 131.60 18737100
20080411 131.80 134.10 128.70 130.60 20733500
20080414 129.10 130.50 128.40 128.60 13771000
20080415 129.00 130.10 125.80 127.60 15285500
20080416 128.50 131.50 128.20 131.40 11851200
20080417 131.80 133.30 129.50 130.50 18771100
20080418 131.80 133.60 129.60 132.40 14428100
20080421 132.30 133.60 130.80 131.80 11405600
20080422 131.40 132.10 130.10 130.70 7114600
20080423 131.30 132.00 128.80 131.90 14927500
20080424 131.90 131.90 128.30 130.70 14054100
20080425 132.40 134.00 129.60 133.50 14499600
20080428 133.90 133.90 132.70 132.80 9557800
20080429 131.90 133.80 131.80 133.60 14341200
20080430 133.80 135.50 132.80 134.40 17106600
20080501 133.70 135.00 132.70 134.60 3102600
20080502 135.60 143.40 135.60 141.60 19981800
20080506 141.90 141.90 136.80 137.20 17731600
20080507 137.40 141.40 136.50 140.50 20765300
20080508 139.30 144.50 137.00 143.90 29742100
20080509 142.60 142.80 138.20 139.40 13356800
20080512 140.00 141.40 139.30 140.30 11894600
20080513 139.10 139.30 135.40 137.40 14995200
20080514 138.60 138.60 134.60 136.40 15570600
20080515 136.40 136.50 135.00 136.10 12049300
20080516 137.40 139.70 136.70 139.10 10623500
20080519 139.30 140.20 137.40 140.00 6406800
20080520 139.40 139.50 135.60 135.60 8712400
20080521 136.50 136.70 132.80 133.30 13272200
20080522 131.90 132.90 130.70 132.20 12593900
20080523 132.50 133.70 130.80 131.60 9095700
20080527 131.90 133.20 130.70 131.90 7868700
20080528 133.00 136.30 132.50 134.80 7285800
20080529 135.10 137.40 134.80 135.70 9079000
20080530 136.80 139.30 136.80 137.10 18304400
20080602 136.50 136.50 133.20 134.40 8575300
20080603 134.40 138.00 134.20 137.80 9934500
20080604 137.80 138.00 135.80 137.30 12178300
20080605 137.50 140.00 135.60 139.70 20941100
20080606 139.80 141.00 135.60 136.60 16683400
20080610 135.70 138.30 133.50 137.40 16924400
20080611 137.50 138.70 132.70 133.80 15716500
20080612 133.90 142.00 133.40 139.60 32347700
20080613 138.70 139.40 135.30 137.70 19711900
20080616 138.00 138.90 134.70 135.40 12631400
20080617 136.50 139.90 135.60 139.00 23043000
20080618 137.90 138.60 134.70 136.10 17386000
20080619 134.80 135.60 131.80 132.10 29276100
20080620 132.90 133.40 129.20 130.50 16880500
20080623 129.40 131.90 128.40 129.40 12755100
20080624 128.90 130.00 126.60 128.80 13169400
20080625 129.70 131.20 127.30 131.00 14088100
20080626 130.00 130.00 125.20 125.20 12571600
20080627 125.00 125.80 121.70 123.60 14271600
20080630 123.00 125.90 121.50 125.60 15280700
20080701 125.00 129.10 121.10 127.10 27718800
20080702 126.00 129.00 125.40 125.40 14747800
20080703 123.40 128.10 123.40 126.10 19074300
20080704 126.60 126.60 121.60 122.10 11490300
20080707 124.00 125.60 122.70 125.40 10741500
20080708 122.30 124.90 121.10 124.20 17477600
20080709 126.30 130.70 124.30 129.00 15201100
20080710 126.30 127.60 124.00 124.80 15791200
20080711 126.00 126.90 119.00 119.00 16651200
20080714 121.60 124.30 120.40 121.50 14498800
20080715 120.10 120.10 114.90 116.50 43235900
20080716 117.60 124.50 116.00 123.70 33730800
20080717 126.70 129.80 124.60 126.80 22670300
20080718 125.60 133.60 124.90 133.00 21528200
20080721 133.30 134.90 129.70 132.80 17960100
20080722 131.80 132.00 127.00 131.30 14052300
20080723 134.70 139.60 133.00 138.40 25480100
20080724 141.10 141.50 134.80 135.30 15211200
20080725 133.60 133.60 125.80 128.80 24772300
20080728 128.00 128.20 124.10 125.50 19067200
20080729 123.90 127.50 121.80 126.40 10324300
20080730 130.50 133.30 128.20 132.50 12333900
20080731 135.00 135.00 130.80 131.90 16699100
20080801 131.20 134.80 130.50 131.80 11110700
20080804 130.80 132.50 129.90 131.30 14502800
20080805 133.20 138.10 132.40 137.20 15193900
20080806 137.80 139.80 136.00 139.20 20665700
20080807 140.00 142.90 138.80 138.90 28431200
20080808 138.50 146.80 137.00 146.00 20525800
20080811 148.50 150.50 145.90 149.00 24932000
20080812 148.00 150.70 147.00 148.30 18696300
20080813 148.10 148.10 140.70 140.90 24988900
20080814 141.50 147.70 140.10 146.70 25794800
20080815 149.60 151.40 145.00 145.30 19279900
20080818 145.80 146.60 143.90 145.20 11116100
20080819 144.20 144.20 138.60 138.60 12553900
20080820 138.90 143.30 138.60 142.50 9215000
20080821 140.60 145.00 139.50 143.50 9378200
20080822 144.60 147.30 143.30 146.80 16038600
20080826 147.00 147.00 143.00 145.60 14444300
20080827 146.30 146.30 143.30 145.80 9849400
20080828 146.40 155.10 144.30 154.10 37586500
20080829 154.80 154.80 150.40 150.80 25286600
20080901 150.60 159.20 147.50 156.70 16645900
20080902 157.00 163.70 156.20 161.90 43244100
20080903 160.90 163.10 158.10 161.80 37604500
20080904 163.00 167.30 158.30 158.30 28454800
20080905 157.70 169.90 156.50 162.80 51109500
20080908 167.50 167.50 160.00 163.60 9907800
20080909 164.40 168.50 160.80 162.30 33474400
20080910 160.30 160.30 147.20 151.80 35306600
20080911 151.70 154.70 148.80 153.10 24881600
20080912 155.60 158.00 153.70 157.90 22649400
20080915 152.00 159.20 147.60 158.10 35765700
20080916 157.90 159.60 150.00 152.10 46670200
20080917 153.80 157.80 145.00 147.40 36163100
20080918 147.40 155.90 144.20 150.50 66493400
20080919 158.00 173.00 145.00 165.80 29036200
20080922 170.00 170.00 154.90 155.20 14365500
20080923 157.80 157.80 145.70 146.90 37213300
20080924 151.20 153.50 143.50 143.50 22694000
20080925 141.10 160.80 141.10 159.40 26526600
20080926 162.60 162.60 148.80 150.90 37331500
20080929 147.90 152.20 142.10 145.40 17534100
20080930 150.00 152.50 140.00 149.00 28814700
20081001 156.70 156.70 144.20 153.20 18547100
20081002 149.00 154.30 141.40 144.10 7828400
20081003 146.90 147.60 137.50 144.20 11538100
20081006 136.00 139.90 121.50 135.80 17582400
20081007 138.40 144.40 132.70 136.30 10511000
20081008 122.00 146.00 117.80 135.00 16876100
20081009 146.00 148.60 137.50 137.50 10641000
20081010 126.00 136.40 122.00 123.00 21960500
20081013 124.00 132.00 122.80 131.00 20179700
20081014 132.00 138.80 126.70 131.90 11492400
20081015 130.20 136.00 122.60 131.50 12378400
20081016 128.20 129.20 118.00 120.00 9216800
20081017 130.00 130.00 113.50 120.00 16868300
20081020 124.00 130.00 109.60 116.30 25942400
20081021 118.60 126.30 115.70 124.50 18582700
20081022 126.00 126.00 116.10 120.50 13226500
20081023 124.50 126.00 115.20 124.10 9711500
20081024 120.70 124.40 110.50 122.50 28445000
20081027 122.50 129.80 117.00 123.50 9506400
20081028 132.50 135.00 122.50 132.90 12278100
20081029 139.40 143.80 128.20 133.30 11123000
20081030 131.50 136.00 124.80 130.00 13979600
20081031 133.00 140.50 126.50 137.50 11528300
20081103 143.00 143.00 134.20 140.00 8782900
20081104 144.00 149.50 138.90 145.00 11984600
20081105 149.70 153.00 143.00 150.10 10674600
20081106 145.70 150.00 141.00 143.80 12849100
20081107 145.00 149.80 142.70 143.20 10104600
20081110 147.00 147.00 138.50 142.00 9653900
20081111 138.00 141.40 129.00 137.70 7116100
20081112 141.80 143.50 136.10 140.80 4052300
20081113 135.20 148.40 135.20 144.00 7510400
20081114 150.00 150.60 141.00 145.40 7360200
20081117 143.40 149.10 140.00 144.30 5382000
20081118 149.50 149.50 134.40 140.40 10222000
20081119 139.00 139.00 130.60 133.40 8489100
20081120 126.80 128.90 124.00 128.90 12969800
20081121 133.90 140.00 121.60 124.60 18132300
20081124 130.40 135.00 126.40 135.00 19781400
20081125 133.10 145.00 129.80 138.40 22753800
20081126 132.00 145.00 132.00 145.00 12461000
20081127 151.00 155.00 145.80 151.90 8348900
20081128 151.90 155.00 142.80 153.00 11276600
20081201 154.80 154.80 139.70 142.00 9098600
20081202 139.30 139.80 136.40 139.00 9413600
20081203 140.10 142.80 137.20 139.80 9661900
20081204 145.00 146.50 139.10 143.50 8597300
20081205 143.00 147.00 143.00 143.70 7028400
20081208 146.00 150.30 143.00 149.20 9665400
20081209 146.20 152.50 145.00 150.30 8231100
20081210 148.90 151.50 145.20 147.90 5394100
20081211 145.00 150.70 145.00 147.00 6731900
20081212 142.20 143.30 138.40 140.00 10380400
20081215 137.20 140.00 127.50 134.30 14326500
20081216 139.80 139.80 132.10 136.70 8555700
20081217 140.00 144.20 136.50 137.70 7290300
20081218 136.70 140.10 134.00 136.00 9673400
20081219 138.50 151.80 135.90 151.80 31068900
20081222 152.90 152.90 143.50 149.30 7084500
20081223 146.40 149.60 143.30 145.30 2438600
20081224 142.00 152.50 138.10 140.00 1398300
20081229 140.00 144.10 138.80 141.00 2665100
20081230 141.00 144.70 138.00 139.70 3646800
20081231 145.40 145.40 138.10 138.10 1887000
20090102 138.00 144.50 135.10 140.00 2059900
20090105 143.70 143.80 130.30 136.40 9006700
20090106 136.30 148.00 135.70 145.30 6915800
20090107 146.80 148.00 142.10 148.00 7428300
20090108 147.80 148.50 141.00 144.00 5952600
20090109 145.40 149.60 143.10 148.00 4387100
20090112 146.60 150.20 144.60 148.10 4705100
20090113 146.70 147.90 140.90 143.00 11141300
20090114 147.00 147.00 134.90 142.10 10270100
20090115 140.00 144.00 138.00 139.10 9065500
20090116 140.30 143.30 137.00 138.70 9388000
20090119 140.50 140.60 126.60 131.40 14754000
20090120 131.00 132.60 126.20 130.70 9946600
20090121 129.30 132.90 125.10 132.90 16322100
20090122 134.10 138.40 132.70 134.70 12587300
20090123 133.50 134.30 128.80 132.10 11938200
20090126 128.00 139.50 128.00 138.30 10134700
20090127 138.90 138.90 130.10 133.00 7633200
20090128 134.00 141.90 133.10 141.00 10306000
20090129 138.80 141.10 130.70 133.30 13117800
20090130 133.20 136.20 129.30 131.70 11905000
20090202 128.40 129.40 125.10 127.20 8461300
20090203 128.70 132.70 125.70 132.20 12303900
20090204 133.70 137.20 130.00 135.50 6321600
20090205 131.80 135.80 131.30 135.20 5662200
20090206 136.00 139.00 132.80 133.60 8266300
20090209 133.60 137.20 131.60 136.60 4835300
20090210 135.90 136.20 129.40 130.10 9085100
20090211 129.90 135.50 127.20 134.30 6583400
20090212 133.20 134.90 131.50 133.10 13310700
20090213 134.20 138.00 132.40 135.00 8976700
