20030101 304.37 304.37 304.37 304.37 0
20030102 303.16 309.54 301.44 307.64 2136380
20030103 306.43 307.47 302.13 306.78 2041804
20030106 306.78 309.54 303.68 308.16 3739826
20030107 310.23 312.98 305.40 308.16 3881836
20030108 307.81 310.23 301.26 304.02 3111445
20030109 301.44 304.71 301.44 302.99 2310447
20030110 303.33 304.88 300.57 302.47 3083884
20030113 301.26 303.33 297.30 299.02 3038917
20030114 300.57 304.54 297.82 300.57 3001638
20030115 301.52 304.02 295.23 295.92 4450744
20030116 297.64 300.92 296.44 299.20 2367889
20030117 299.37 299.37 294.02 294.02 1949548
20030120 295.92 300.23 293.68 294.54 1330161
20030121 296.44 296.44 288.17 288.51 1841772
20030122 287.48 291.96 282.82 284.03 4462204
20030123 286.79 291.44 281.96 281.96 6287440
20030124 280.75 281.44 277.31 278.86 3929559
20030127 280.24 280.24 270.07 270.07 5268859
20030128 273.86 273.86 264.55 267.14 4675291
20030129 266.79 266.79 259.21 265.76 4928268
20030130 268.86 274.38 266.97 270.59 5658624
20030131 273.17 273.17 267.83 270.24 4513989
20030203 270.93 274.03 268.69 273.17 3968869
20030204 266.28 273.52 264.21 264.73 4191965
20030205 267.83 271.96 264.04 271.96 5359228
20030206 269.55 269.55 258.52 260.59 7205063
20030207 261.97 261.97 253.87 259.38 9360011
20030210 257.83 261.62 257.66 258.52 2380799
20030211 261.97 262.14 258.52 260.24 3497003
20030212 260.42 261.28 255.76 255.76 3262303
20030213 254.04 256.97 253.01 255.76 3659756
20030214 257.14 259.21 253.70 253.70 5255224
20030217 258.52 261.28 256.11 259.38 3231116
20030218 259.21 261.97 258.69 260.59 3520937
20030219 261.11 261.11 255.76 256.45 5073759
20030220 258.52 263.00 256.97 261.62 7528392
20030221 261.11 266.62 259.90 266.62 6288746
20030224 268.17 269.90 266.62 266.62 3182957
20030225 264.73 266.62 264.38 264.90 5056642
20030226 265.76 269.72 265.07 266.10 3929849
20030227 268.17 270.93 263.35 267.66 3538779
20030228 267.83 270.24 265.24 269.55 5550557
20030303 270.93 270.93 265.42 266.79 4734909
20030304 268.17 268.35 260.59 260.59 4906945
20030305 259.04 261.80 258.87 260.24 2697166
20030306 258.18 261.11 256.63 259.38 3757813
20030307 257.49 259.04 253.52 255.42 2955220
20030310 255.76 255.76 248.18 248.18 8263389
20030311 247.84 251.63 245.77 251.63 5900431
20030312 250.25 252.66 240.94 240.94 6494144
20030313 246.11 256.45 243.35 256.45 4729251
20030314 259.90 264.90 252.32 262.83 5113649
20030317 258.00 267.31 257.66 266.79 2998882
20030318 268.35 270.24 263.52 263.69 6688519
20030319 266.10 277.13 265.76 273.34 4797573
20030320 270.93 277.65 268.86 275.41 3462915
20030321 275.76 281.27 273.69 278.51 2865430
20030324 274.38 276.45 267.48 267.48 2682225
20030325 269.21 273.52 267.48 272.48 3223863
20030326 270.93 275.76 270.59 275.41 1784910
20030327 275.07 275.41 271.10 274.55 2310592
20030328 275.76 279.03 273.52 278.34 3704288
20030331 279.20 279.20 269.03 273.00 2510914
20030401 275.07 278.17 270.76 274.03 4119872
20030402 275.76 284.89 274.72 283.34 8172294
20030403 283.68 285.24 279.72 280.75 3137410
20030404 279.20 290.41 279.20 289.54 5022699
20030407 293.16 299.20 292.99 296.44 4774219
20030408 292.30 296.78 290.92 293.85 4037336
20030409 293.34 295.06 290.23 292.65 2637838
20030410 291.27 292.30 287.13 289.72 1972902
20030411 291.61 294.89 290.06 290.58 2268961
20030414 292.99 293.68 289.72 292.47 1516122
20030415 295.75 295.75 292.99 293.85 2486835
20030416 295.06 295.75 292.99 293.85 2593596
20030417 292.99 295.06 289.54 294.54 4092892
20030418 294.54 294.54 294.54 294.54 0
20030421 294.54 294.54 294.54 294.54 0
20030422 297.13 299.54 293.16 296.09 1263145
20030423 296.44 302.64 295.75 297.13 3658885
20030424 297.13 298.51 291.96 297.30 6156600
20030425 299.71 300.40 295.75 296.44 5020668
20030428 296.44 305.92 294.37 302.99 4552138
20030429 302.99 307.47 302.64 304.37 3766517
20030430 304.71 304.71 294.37 297.13 6283814
20030501 297.13 297.13 286.79 286.79 5655142
20030502 291.61 292.30 288.34 288.85 5520821
20030505 288.85 288.85 288.85 288.85 0
20030506 297.13 300.57 291.61 296.95 4840219
20030507 296.95 302.30 296.95 302.30 4622200
20030508 299.88 302.64 294.02 295.75 3937392
20030509 298.68 304.71 297.82 303.33 5592478
20030512 303.33 308.85 302.30 307.47 5122933
20030513 307.47 318.33 307.47 316.77 5581744
20030514 312.29 316.43 304.37 305.40 11625636
20030515 304.71 304.71 289.20 294.20 9681164
20030516 291.61 296.09 291.61 295.75 4023990
20030519 291.78 295.75 289.54 290.92 3017014
20030520 290.92 294.89 289.37 294.20 3476115
20030521 295.58 296.09 289.72 294.71 2930996
20030522 284.20 289.54 282.13 286.61 9919636
20030523 286.10 288.85 281.96 287.48 3253309
20030526 287.48 287.48 287.48 287.48 0
20030527 285.41 288.51 282.82 285.06 4285671
20030528 284.03 288.51 282.99 284.72 5210982
20030529 284.55 284.89 278.34 279.20 5137583
20030530 277.82 281.62 273.00 277.82 9154902
20030602 280.75 285.41 280.75 285.06 3922742
20030603 282.65 283.34 278.00 280.75 4734038
20030604 280.58 283.17 278.00 282.82 1794339
20030605 283.34 283.34 277.13 279.72 3238369
20030606 282.65 286.79 279.55 286.44 4466991
20030609 281.10 283.34 280.06 281.79 4265653
20030610 281.79 282.13 279.20 279.55 2455648
20030611 282.65 282.65 276.45 277.82 4232871
20030612 277.82 282.99 277.13 282.48 5525317
20030613 282.13 283.86 281.96 281.96 3596511
20030616 280.58 289.03 280.58 289.03 5365466
20030617 287.48 295.23 287.48 289.54 5835446
20030618 288.85 289.54 284.03 287.48 4196897
20030619 284.89 290.92 284.72 286.44 4227939
20030620 286.96 295.40 286.10 295.40 2777672
20030623 289.54 289.54 276.45 279.55 5232595
20030624 277.82 282.65 277.82 279.20 5598570
20030625 281.27 284.55 280.41 283.17 3984390
20030626 280.24 282.48 280.24 281.62 3764196
20030627 284.37 285.41 281.96 283.17 5242023
20030630 283.34 283.86 279.72 279.72 4670069
20030701 280.93 281.27 275.58 276.79 4860527
20030702 279.20 280.24 276.10 277.82 3976122
20030703 281.27 281.27 278.17 281.27 3353398
20030704 280.93 282.65 278.86 280.24 3151625
20030707 295.04 296.85 293.78 294.68 4002433
20030708 294.68 297.57 293.06 295.77 4736102
20030709 291.07 291.07 285.65 290.17 3854287
20030710 290.35 292.52 289.45 292.52 2574001
20030711 291.79 294.50 289.45 293.06 1598868
20030714 293.60 299.02 293.60 298.29 2500897
20030715 299.02 302.63 296.13 297.21 4637522
20030716 300.10 301.00 295.40 296.13 4575495
20030717 296.13 297.03 293.60 293.60 3467584
20030718 294.86 297.57 294.86 297.57 2670781
20030721 297.21 299.56 295.40 296.13 2292247
20030722 294.68 299.56 294.68 297.39 2717717
20030723 296.85 300.82 296.85 298.65 1958434
20030724 301.18 302.99 299.02 301.18 1853070
20030725 299.74 301.72 297.75 300.46 2622460
20030728 299.74 303.89 299.74 302.63 2480129
20030729 303.35 310.21 303.35 308.59 5865611
20030730 308.41 317.79 308.41 312.20 2787636
20030731 310.75 312.74 308.04 311.84 4344969
20030801 311.29 312.02 309.13 311.66 1663388
20030804 308.41 310.03 306.96 308.59 2444685
20030805 306.42 314.18 306.42 313.46 1726938
20030806 312.02 316.53 311.66 314.54 3378697
20030807 314.36 319.24 312.92 318.52 2614707
20030808 321.59 324.84 318.70 324.11 2652782
20030811 323.93 325.74 323.21 324.11 1034114
20030812 323.39 324.84 320.68 323.21 2553925
20030813 323.57 325.02 322.67 323.57 1781628
20030814 325.02 328.63 324.11 325.02 3811504
20030815 325.02 326.46 322.85 325.92 1891284
20030818 324.30 329.53 324.30 328.45 956441
20030819 329.35 331.34 328.81 331.34 1278901
20030820 325.02 331.16 325.02 328.63 4497683
20030821 328.99 332.78 328.09 329.71 2758007
20030822 330.61 342.35 330.07 333.86 2750530
20030825 333.86 333.86 333.86 333.86 0
20030826 333.86 336.21 331.52 335.13 2252511
20030827 334.23 338.92 333.68 338.92 1759060
20030828 336.57 339.46 335.13 336.39 1084926
20030829 341.45 343.07 336.39 341.45 2169300
20030901 341.45 346.69 341.45 346.32 1747983
20030902 348.13 350.66 344.52 350.48 3623761
20030903 353.55 353.91 350.30 351.38 2232019
20030904 351.02 352.82 343.25 345.78 3819258
20030905 350.30 350.30 336.57 341.27 3414556
20030908 340.00 342.71 335.85 341.81 5306117
20030909 338.02 341.81 333.68 338.20 3244119
20030910 337.12 341.27 332.96 340.91 3353360
20030911 340.91 340.91 335.13 337.66 2586047
20030912 342.71 342.71 332.42 334.05 2997671
20030915 336.21 337.30 334.41 335.13 1656881
20030916 335.13 337.84 332.96 336.21 3405280
20030917 338.02 338.02 334.05 334.05 1675987
20030918 334.05 337.66 333.68 337.66 3142632
20030919 345.06 345.06 333.68 335.31 2475422
20030922 339.46 339.46 331.70 334.77 1959126
20030923 334.05 334.05 330.07 330.43 2406610
20030924 330.80 332.60 329.17 329.71 1837010
20030925 327.18 331.88 327.18 330.80 1364327
20030926 330.25 336.21 329.89 336.21 3372605
20030929 335.49 345.24 335.49 342.89 6609940
20030930 342.89 345.06 340.00 340.18 4881202
20031001 341.99 345.24 338.56 342.89 3290640
20031002 342.17 344.52 338.02 342.17 3746293
20031003 341.45 345.24 341.09 344.34 4909446
20031006 344.34 345.60 342.53 344.88 2639075
20031007 345.60 348.13 340.91 346.69 4369336
20031008 346.69 349.39 345.24 347.59 4425826
20031009 349.21 352.46 341.81 349.57 2891892
20031010 350.30 351.38 348.13 348.85 2274525
20031013 351.02 358.60 351.02 357.16 3084897
20031014 359.69 359.69 354.63 355.71 3443770
20031015 357.16 362.21 355.71 361.13 4516513
20031016 361.13 361.13 353.91 356.07 4995149
20031017 357.52 359.14 356.98 359.14 5787107
20031020 358.24 358.96 356.80 358.24 3949543
20031021 359.69 359.69 354.27 355.35 2327414
20031022 355.53 356.62 351.20 353.19 3231382
20031023 351.74 352.82 349.21 351.02 3676373
20031024 351.02 351.92 348.49 351.02 3099296
20031027 354.81 355.71 351.02 353.55 3390465
20031028 356.07 356.07 353.55 354.09 2515297
20031029 353.91 354.45 351.38 352.46 1692740
20031030 353.91 357.88 353.55 357.16 2728654
20031031 356.44 360.05 358.24 359.51 2561263
20031103 358.78 364.74 356.80 364.74 3204660
20031104 366.37 372.87 366.19 372.87 4279341
20031105 372.14 376.66 366.91 373.23 4100181
20031106 371.96 380.99 371.96 379.37 6605094
20031107 381.35 389.84 379.55 389.84 6264636
20031110 387.85 389.48 384.96 385.87 3567133
20031111 382.98 389.12 382.62 388.40 2588816
20031112 391.28 396.70 387.49 391.65 3788660
20031113 394.35 397.42 389.30 395.80 4421672
20031114 395.80 400.85 395.80 399.59 4087305
20031117 395.80 398.69 392.91 395.80 4678366
20031118 393.63 397.24 392.19 395.44 5518783
20031119 393.63 402.66 393.63 402.30 5905762
20031120 405.91 410.97 398.15 399.95 7445511
20031121 400.85 400.85 395.44 397.79 5452325
20031124 399.41 404.10 398.33 403.02 3392958
20031125 403.02 409.52 402.84 408.98 4057399
20031126 411.15 417.65 409.16 413.86 4125380
20031127 413.13 418.91 413.13 418.01 2476668
20031128 418.55 421.44 417.83 419.27 3169216
20031201 418.91 425.41 418.91 424.33 3209644
20031202 424.33 427.22 422.88 426.13 5064653
20031203 423.24 426.13 420.36 423.43 5563919
20031204 420.54 427.94 420.54 426.49 2600861
20031205 423.24 426.13 414.94 418.73 5170432
20031208 417.47 418.19 414.76 416.74 2475422
20031209 417.47 418.91 416.74 417.83 3437817
20031210 417.83 418.19 408.80 417.29 3791844
20031211 415.84 423.06 414.58 422.52 4686258
20031212 421.62 423.79 419.09 423.79 3884054
20031215 425.05 430.29 416.92 418.19 2670504
20031216 416.74 422.34 416.74 418.91 2512666
20031217 456.78 460.72 450.66 456.78 1869034
20031218 452.83 453.62 444.55 448.89 5495177
20031219 448.50 451.65 447.90 448.10 4616750
20031222 448.10 449.68 441.00 444.16 3271349
20031223 447.31 448.89 444.16 445.73 2345261
20031224 442.58 452.44 442.58 450.07 778415
20031225 450.07 450.07 450.07 450.07 0
20031226 450.07 450.07 450.07 450.07 0
20031229 448.89 457.57 448.89 453.23 1810346
20031230 453.23 460.33 453.23 457.96 1088590
20031231 457.96 456.78 455.99 456.78 489662
20040101 456.78 456.78 456.78 456.78 0
20040102 460.72 460.72 456.38 460.33 1026733
20040105 460.33 460.33 451.65 452.83 1952314
20040106 454.02 455.60 451.26 454.02 2438681
20040107 453.62 457.17 453.23 456.38 1642139
20040108 457.17 459.15 453.62 456.78 2786503
20040109 456.78 458.36 450.07 451.65 3003638
20040112 447.71 454.41 447.31 447.71 4663143
20040113 449.68 457.57 436.27 439.03 8166584
20040114 444.55 444.55 434.29 435.08 5275887
20040115 433.11 436.27 427.98 430.35 3952162
20040116 426.01 429.17 423.25 427.98 5929700
20040119 428.38 436.27 428.38 432.32 3833137
20040120 427.98 433.90 427.98 433.51 2839867
20040121 432.72 436.66 429.17 433.51 2816164
20040122 433.11 439.03 430.35 434.69 3458316
20040123 429.56 438.24 424.04 427.98 2860782
20040126 431.53 431.53 422.86 424.43 2436653
20040127 425.22 427.59 422.07 425.62 3441203
20040128 425.62 426.80 421.28 425.62 2460356
20040129 424.04 428.77 421.28 424.43 2984878
20040130 424.83 428.38 423.64 424.04 2926443
20040202 422.86 427.59 421.67 426.01 2745433
20040203 427.19 429.96 422.46 429.17 3331305
20040204 426.80 430.74 423.64 429.17 4200352
20040205 428.77 433.11 428.38 431.93 4997655
20040206 428.77 433.90 428.77 433.11 2597001
20040209 429.96 431.93 429.17 430.35 3240674
20040210 430.74 435.08 429.17 434.29 3845812
20040211 434.29 435.48 431.53 434.69 5452967
20040212 433.11 435.08 431.93 433.51 2465553
20040213 435.48 439.42 432.72 439.42 2999835
20040216 438.24 444.95 437.06 443.37 4982064
20040217 443.37 452.05 443.37 450.86 5938700
20040218 448.50 448.89 441.79 444.95 3215322
20040219 440.21 449.28 440.21 443.76 2363767
20040220 443.37 445.73 440.21 444.16 3061946
20040223 444.95 450.07 443.76 448.50 2517270
20040224 447.31 447.71 439.82 440.61 3390247
20040225 439.42 447.31 436.27 442.58 2743152
20040226 444.95 448.10 441.40 447.31 2645549
20040227 447.71 450.07 444.95 444.95 2258812
20040301 448.50 457.96 447.71 457.57 4913742
20040302 455.20 461.91 450.07 450.07 3486709
20040303 448.10 452.83 441.00 451.26 4414572
20040304 452.05 453.62 450.86 452.83 2017594
20040305 454.02 455.99 455.60 455.99 3817292
20040308 454.02 457.57 453.62 454.81 1115336
20040309 448.89 462.30 448.89 458.36 3200111
20040310 458.75 477.29 458.36 476.90 6328225
20040311 472.16 476.90 466.25 467.82 5354350
20040312 465.85 466.64 461.51 465.06 4576061
20040315 465.46 469.01 459.93 467.82 2463145
20040316 468.22 472.16 463.09 464.67 2241700
20040317 467.03 474.92 463.09 474.53 3899557
20040318 473.74 482.42 470.58 478.08 4242436
20040319 479.26 490.31 477.29 489.12 5018950
20040322 486.76 488.73 477.29 485.57 4429022
20040323 489.12 489.91 473.35 474.92 4667199
20040324 474.92 476.90 470.58 475.71 3920979
20040325 480.45 484.39 475.71 484.39 3572651
20040326 483.21 485.18 478.08 484.39 2638704
20040329 485.97 496.22 484.00 494.25 3061946
20040330 493.86 497.01 491.89 494.65 3342840
20040331 494.65 495.83 489.91 493.86 2531087
20040401 491.49 503.32 491.49 503.32 4400248
20040402 502.93 503.72 497.80 502.14 2929485
20040405 501.75 502.54 494.25 500.17 4031258
20040406 503.32 503.32 495.83 496.22 5163580
20040407 495.44 495.83 491.89 495.04 4173099
20040408 496.22 499.77 493.46 494.65 2993370
20040409 494.65 494.65 494.65 494.65 0
20040412 494.65 494.65 494.65 494.65 0
20040413 494.65 497.01 493.07 497.01 2488116
20040414 496.22 497.01 487.15 488.34 4473387
20040415 489.91 492.28 488.34 489.12 4249154
20040416 489.12 502.54 489.12 501.75 4246745
20040419 498.59 504.51 496.62 501.35 6111470
20040420 503.32 503.32 498.59 500.17 2560621
20040421 502.54 502.54 495.44 496.22 4682917
20040422 496.22 498.99 493.07 497.01 4521428
20040423 497.80 499.38 495.04 496.62 2870162
20040426 496.62 506.87 496.62 505.30 3923261
20040427 504.90 504.90 499.77 500.17 1942427
20040428 502.93 504.11 497.80 498.59 2453131
20040429 497.41 497.41 487.94 490.31 5437629
20040430 489.12 490.31 480.45 482.81 6232397
20040503 482.81 482.81 482.81 482.81 0
20040504 481.63 490.31 474.53 489.52 6023120
20040505 487.55 493.86 484.00 491.89 3080072
20040506 491.10 491.49 486.36 487.55 3827306
20040507 487.55 489.12 481.24 482.42 3440823
20040510 480.84 491.49 465.85 465.85 4514076
20040511 470.98 474.53 469.40 473.35 4058384
20040512 476.11 477.29 469.80 473.74 4725381
20040513 474.53 477.29 469.40 474.53 2766729
20040514 476.90 476.90 463.88 465.46 4369953
20040517 461.51 466.25 457.57 465.46 3262349
20040518 469.40 472.95 465.06 472.56 3791180
20040519 474.92 494.65 471.77 489.91 8612390
20040520 495.44 522.26 495.44 521.08 17816608
20040521 518.31 534.88 515.95 525.81 12377965
20040524 521.86 538.04 521.86 530.94 6109442
20040525 530.15 531.73 523.05 524.63 4171452
20040526 527.78 527.78 520.68 521.47 5336350
20040527 523.05 526.20 517.92 519.10 5153820
20040528 518.31 520.29 516.34 519.89 4743127
20040531 519.89 519.89 519.89 519.89 0
20040601 518.31 518.31 511.61 512.79 3467062
20040602 518.31 518.31 510.42 514.37 4818040
20040603 518.31 531.73 518.31 528.57 8902030
20040604 528.18 536.46 526.60 533.70 3529933
20040607 534.88 536.06 532.91 534.09 2703350
20040608 534.49 534.49 526.99 529.36 5928179
20040609 532.51 532.51 526.99 530.54 4533470
20040610 526.20 532.12 524.63 532.12 1983749
20040611 538.43 538.43 530.94 538.43 3261462
20040614 538.83 538.83 530.94 533.30 2545664
20040615 534.09 539.22 525.81 537.25 1996298
20040616 534.88 545.93 534.88 540.80 4147875
20040617 540.80 546.71 537.64 544.74 2821614
20040618 540.80 541.98 540.40 541.59 3142310
20040621 541.98 547.11 541.59 543.95 3225716
20040622 543.56 547.11 541.19 541.19 4396826
20040623 546.32 556.97 544.35 555.79 5121243
20040624 550.66 559.34 550.66 557.76 4999049
20040625 558.94 560.52 555.00 560.52 2738081
20040628 556.18 562.89 555.39 557.76 3206829
20040629 556.58 564.07 555.39 562.89 4288702
20040630 563.68 566.44 559.73 562.89 4452853
20040701 568.02 568.02 556.58 556.97 3073227
20040702 558.15 560.52 555.00 556.97 2694857
20040705 556.97 556.97 548.69 551.45 2416625
20040706 553.03 555.39 549.08 552.24 3613973
20040707 548.29 552.24 543.56 547.50 3181224
20040708 545.93 553.03 541.59 553.03 2987666
20040709 555.39 555.79 550.66 555.79 3440570
20040712 555.00 555.00 545.93 547.90 2203293
20040713 551.05 551.05 542.77 545.93 2677872
20040714 545.53 555.00 543.95 555.00 2720335
20040715 553.81 561.31 552.24 557.36 2828079
20040716 558.15 566.83 557.76 564.07 3686859
20040719 561.31 569.99 560.91 568.02 4483148
20040720 565.65 568.80 561.31 563.68 2462385
20040721 568.80 568.80 558.55 558.55 3116705
20040722 555.00 558.94 552.24 552.24 1841148
20040723 555.39 560.91 554.21 557.76 3337770
20040726 560.13 560.13 552.24 553.81 1789177
20040727 556.58 556.58 550.66 551.45 3069678
20040728 555.00 555.39 549.08 553.42 2915795
20040729 553.81 558.55 549.08 549.87 4066623
20040730 551.84 553.81 549.48 553.03 3556552
20040802 555.39 555.39 545.93 547.90 3210505
20040803 547.90 556.58 547.90 555.79 1394709
20040804 554.60 555.39 547.90 551.84 1743798
20040805 551.84 555.79 548.29 549.48 2538692
20040806 547.50 550.26 542.77 543.95 2852670
20040809 539.61 541.19 533.30 536.85 2055747
20040810 537.25 544.35 537.25 543.95 2125971
20040811 547.50 547.50 537.64 539.22 1671673
20040812 538.83 544.74 526.20 526.99 5482628
20040813 524.63 525.81 515.16 518.31 7242905
20040816 515.16 522.26 512.79 519.10 2851276
20040817 519.10 523.05 518.31 521.86 1700320
20040818 519.89 525.41 519.10 522.65 1750389
20040819 524.23 526.99 521.08 524.63 2299502
20040820 525.41 528.96 523.05 527.78 1290007
20040823 532.91 538.04 528.96 536.46 1826951
20040824 538.04 541.19 535.28 539.61 2561509
20040825 540.80 540.80 530.94 534.49 1796149
20040826 536.46 539.22 534.09 537.64 1351358
20040827 540.01 542.38 538.04 540.80 1862950
20040830 540.80 540.80 540.80 540.80 0
20040831 540.40 549.08 543.16 545.14 3286686
20040901 548.69 553.42 546.32 553.03 2400527
20040902 553.81 559.34 546.71 557.76 3929092
20040903 557.36 562.49 553.81 561.70 1577239
20040906 561.70 567.23 561.70 565.65 928116
20040907 568.80 570.38 566.04 568.80 2150942
20040908 566.04 573.54 568.80 571.17 2517144
20040909 570.78 573.14 566.44 572.75 2753799
20040910 572.75 575.12 562.49 564.07 4073848
20040913 564.47 566.83 562.49 566.04 1788924
20040914 566.04 568.02 560.52 562.89 2245630
20040915 560.13 555.39 551.05 553.03 4231661
20040916 551.45 558.55 548.29 557.76 3967626
20040917 561.31 567.62 555.79 563.28 3955964
20040920 566.04 566.04 558.94 559.73 2005045
20040921 558.55 562.10 556.97 560.13 2837459
20040922 560.13 568.02 558.55 565.25 4593046
20040923 569.99 573.14 564.86 565.65 3964204
20040924 562.89 577.48 562.89 574.72 2958385
20040927 570.38 577.48 569.20 571.96 2813248
20040928 569.20 572.75 569.20 571.17 3621325
20040929 572.75 577.09 571.96 575.51 2405724
20040930 575.90 579.06 572.35 575.51 2432343
20041001 577.48 587.74 573.93 583.00 3414965
20041004 584.19 599.57 584.19 599.57 4966599
20041005 601.94 606.67 597.20 599.97 3654536
20041006 601.94 601.94 591.29 593.26 2671661
20041007 593.26 594.05 583.79 584.19 2689280
20041008 584.98 594.84 586.95 592.08 3050665
20041011 590.50 591.68 586.95 588.53 1183912
20041012 586.95 590.10 583.00 590.10 2428160
20041013 596.42 596.42 586.95 590.89 2943301
20041014 591.68 602.33 588.53 600.75 2916175
20041015 595.23 601.94 595.23 599.57 2772052
20041018 605.49 605.49 595.63 597.20 2534002
20041019 600.36 602.33 593.26 597.20 2504721
20041020 598.78 606.28 597.99 601.15 2922767
20041021 601.54 603.52 599.57 599.97 2670520
20041022 600.75 610.22 599.97 605.09 2463906
20041025 605.88 606.28 603.91 605.09 1396357
20041026 607.86 607.86 601.94 603.91 3297334
20041027 605.49 614.17 602.33 613.77 2863698
20041028 615.35 626.79 614.56 620.87 3363628
20041029 622.06 624.82 619.29 619.69 1932032
20041101 623.24 627.18 618.51 624.42 2139914
20041102 627.18 631.52 624.03 631.13 3809813
20041103 635.86 639.02 631.92 633.89 2863064
20041104 635.07 640.59 631.92 639.81 2981202
20041105 642.17 642.57 633.89 635.07 3998301
20041108 635.07 635.47 630.34 630.34 2161717
20041109 633.49 637.44 636.65 636.65 2470243
20041110 638.62 646.12 638.62 643.36 3063594
20041111 643.36 654.01 642.96 654.01 3237885
20041112 651.25 656.77 650.46 655.58 1691067
20041115 660.32 661.11 654.01 658.74 2669506
20041116 661.50 662.29 657.16 657.56 2329670
20041117 656.37 670.18 655.19 668.21 3597749
20041118 686.35 701.74 682.80 686.35 6424434
20041119 684.77 692.27 682.01 682.01 4702184
20041122 681.62 683.59 675.70 678.46 3161197
20041123 681.62 681.62 671.36 675.70 3327249
20041124 677.28 681.62 676.88 681.22 2335627
20041125 681.62 690.30 678.86 690.30 1634533
20041126 689.51 693.85 687.93 693.06 1920878
20041129 694.24 703.71 691.09 697.40 1886146
20041130 692.66 697.00 690.69 694.64 2423217
20041201 690.30 695.82 676.49 680.04 4305434
20041202 685.56 686.35 675.31 675.31 3256138
20041203 679.25 685.96 675.31 676.49 3899684
20041206 674.52 678.07 670.57 672.55 1705898
20041207 668.21 674.12 661.90 664.26 3609664
20041208 664.26 669.00 654.80 657.56 3558327
20041209 661.50 661.50 646.91 650.06 4790534
20041210 654.80 657.56 646.12 657.56 3849742
20041213 657.16 659.92 655.19 657.95 1770797
20041214 656.77 659.13 651.64 653.61 1782205
20041215 654.80 657.16 646.91 648.88 2603085
20041216 650.85 657.16 650.85 653.61 1978933
20041217 655.58 660.71 654.01 658.35 3266152
20041220 656.37 662.68 656.37 661.90 2295192
20041221 662.68 666.63 660.71 662.68 1817444
20041222 667.42 674.12 666.63 669.78 2465173
20041223 670.57 677.67 670.57 676.10 1486988
20041224 674.52 682.01 670.18 678.46 278739
20041227 678.46 678.46 678.46 678.46 0
20041228 678.46 678.46 678.46 678.46 0
20041229 680.43 700.95 675.70 679.25 1345147
20041230 677.28 687.14 677.28 683.98 910877
20041231 683.98 682.01 680.04 681.62 385595
20050103 681.62 681.62 681.62 681.62 0
20050104 688.72 702.13 687.54 688.32 3994372
20050105 689.51 689.51 661.50 666.23 4718916
20050106 667.42 668.60 662.29 664.66 2471891
20050107 665.45 672.94 663.87 667.42 2559988
20050110 667.42 668.60 660.71 663.87 1441229
20050111 667.42 671.36 661.90 662.29 2782066
20050112 666.63 666.63 652.82 658.74 3721971
20050113 659.53 668.60 658.74 664.26 3980302
20050114 661.11 674.52 661.11 673.73 4618778
20050117 676.88 679.25 673.73 676.88 2786629
20050118 677.67 684.38 660.71 667.02 5620920
20050119 667.81 667.81 654.40 655.19 3614988
20050120 645.72 646.12 629.94 638.23 9620743
20050121 639.41 641.78 631.13 635.07 5877476
20050124 635.07 636.26 618.11 618.51 7730033
20050125 619.69 629.16 626.39 627.18 4638425
20050126 630.34 635.07 627.18 635.07 2874219
20050127 637.83 640.59 632.71 639.02 4522062
20050128 640.99 647.30 637.44 639.02 4805745
20050131 637.44 642.17 637.44 641.78 4591652
20050201 639.81 648.48 636.26 637.44 3247011
20050202 637.44 641.38 631.52 634.68 3259687
20050203 635.47 642.57 629.16 629.94 3860009
20050204 634.28 637.83 626.39 629.55 4057750
20050207 634.68 640.99 628.76 637.44 3420289
20050208 639.41 646.12 635.86 642.57 2754180
20050209 642.96 646.12 637.83 644.93 2214321
20050210 644.54 647.30 635.47 644.15 2150689
20050211 646.91 670.57 645.33 653.22 3650606
20050214 652.43 650.85 647.30 650.85 1851415
20050215 649.67 650.85 636.26 643.75 2880556
20050216 643.75 652.03 637.04 652.03 2657717
20050217 652.43 655.58 644.15 654.80 3270081
20050218 655.19 670.57 650.06 666.63 4876982
20050221 663.47 670.57 659.92 667.02 2382020
20050222 664.26 671.36 664.26 668.60 3465161
20050223 664.26 673.73 664.26 671.76 3387458
20050224 675.70 675.70 661.50 667.02 4344095
20050225 671.76 679.25 663.08 677.28 3048003
20050228 673.73 689.90 673.73 677.67 4268801
20050301 679.65 683.98 669.00 677.28 3307094
20050302 674.91 676.88 668.60 674.91 3239913
20050303 674.91 682.80 671.76 680.43 4092609
20050304 684.38 684.38 674.52 682.41 3732618
20050307 680.04 693.45 680.04 689.11 7772750
20050308 692.66 692.66 678.46 682.41 4043934
20050309 685.56 687.14 670.97 676.49 3755815
20050310 676.10 678.86 669.00 674.91 2352740
20050311 678.46 680.04 673.73 675.31 1829613
20050314 672.15 677.67 667.42 672.15 4153832
20050315 670.57 672.15 667.02 670.57 3325474
20050316 667.42 669.00 662.29 665.84 4063201
20050317 664.26 669.39 659.92 667.42 3468963
20050318 669.39 673.73 667.42 669.78 3684577
20050321 669.78 675.31 669.39 674.52 1812881
20050322 672.94 675.70 668.60 672.55 3772166
20050323 664.26 664.26 653.22 661.50 5982812
20050324 661.50 661.50 653.61 654.80 3326615
20050325 654.80 654.80 654.80 654.80 0
20050328 654.80 654.80 654.80 654.80 0
20050329 650.85 654.01 649.67 652.03 3953936
20050330 650.06 654.40 645.72 653.22 3767983
20050331 655.98 661.50 653.61 653.61 2424611
20050401 656.77 669.39 648.88 651.64 2700434
20050404 653.61 653.61 644.93 648.48 2888162
20050405 654.40 668.60 650.46 665.84 4742746
20050406 658.74 660.71 653.22 657.56 3591664
20050407 655.58 658.74 651.64 657.16 2445399
20050408 661.50 661.50 640.59 649.67 5237226
20050411 646.12 655.58 646.12 650.85 3212914
20050412 650.06 651.25 643.75 647.70 3558200
20050413 648.09 652.43 644.15 649.27 4372869
20050414 643.36 646.91 639.02 642.57 4248647
20050415 640.20 640.99 629.16 633.49 3704225
20050418 627.58 627.58 616.14 626.00 3165633
20050419 624.82 630.73 621.27 630.34 2622225
20050420 635.07 635.07 621.66 624.03 2877514
20050421 622.06 644.54 622.06 641.38 6092964
20050422 644.93 646.12 639.81 643.36 2134590
20050425 644.15 644.15 638.62 641.38 1972088
20050426 642.17 642.17 627.18 635.07 2310656
20050427 635.07 637.44 631.13 634.28 2376570
20050428 633.89 638.23 607.46 611.41 4820829
20050429 607.86 612.59 599.97 611.01 6133653
20050502 611.01 611.01 611.01 611.01 0
20050503 616.14 629.16 616.14 618.90 3368065
20050504 621.66 630.73 619.69 630.34 2278840
20050505 635.07 646.91 635.07 637.44 3482653
20050506 640.99 642.57 636.65 639.02 2769517
20050509 639.02 641.38 634.28 640.59 1996172
20050510 642.96 648.09 640.20 644.15 2978159
20050511 643.75 651.25 642.17 647.30 5090948
20050512 652.43 655.98 650.85 653.61 3263870
20050513 654.40 654.40 640.99 641.78 4003118
20050516 639.41 644.54 639.41 643.36 1564817
20050517 642.96 647.70 641.38 642.96 2988680
20050518 646.91 655.58 644.54 655.58 5141017
20050519 658.74 659.92 645.33 653.22 7228074
20050520 654.80 668.21 650.85 666.23 6113879
20050523 665.05 669.00 655.98 663.47 3439809
20050524 664.26 670.57 662.68 667.81 2946977
20050525 668.21 671.36 659.13 660.32 3592298
20050526 659.13 668.60 654.80 661.11 2828332
20050527 663.87 668.60 657.95 659.53 3765702
20050530 659.53 659.53 659.53 659.53 0
20050531 662.29 671.36 648.09 666.63 5574654
20050601 667.81 667.81 656.37 658.35 4412544
20050602 657.95 657.95 639.02 649.27 5116426
20050603 649.27 649.27 649.27 649.27 0
20050606 650.06 654.01 645.72 649.67 2172618
20050607 652.82 658.74 650.06 658.74 2089592
20050608 658.35 667.81 656.37 667.42 3526891
20050609 663.87 670.18 663.87 668.60 3042552
20050610 667.42 669.39 663.08 667.02 1569380
20050613 672.15 673.73 656.77 672.15 3567073
20050614 672.55 673.33 666.23 667.42 2474807
20050615 665.84 669.78 665.05 665.05 4309744
20050616 666.63 666.63 650.85 658.35 5707495
20050617 659.53 670.57 655.58 663.87 9715177
20050620 663.87 680.04 661.50 674.12 5873674
20050621 675.31 680.43 673.73 675.70 3416106
20050622 678.86 682.41 669.78 680.04 2872317
20050623 684.38 684.38 675.31 682.41 3098452
20050624 678.46 683.20 673.33 677.67 4379460
20050627 677.28 677.28 670.57 673.73 2564931
20050628 672.15 675.31 669.78 672.94 5016161
20050629 674.52 679.65 668.60 678.46 2559354
20050630 680.83 689.90 676.49 687.54 4572638
20050701 686.35 700.55 686.35 698.97 4375657
20050704 857.82 865.08 853.46 861.69 2531531
20050705 865.56 869.92 859.75 861.69 2815153
20050706 849.59 853.46 838.45 851.52 3918450
20050707 851.52 851.52 823.44 838.45 4868885
20050708 847.17 853.46 840.87 849.59 2536592
20050711 856.85 856.85 849.10 852.01 2217542
20050712 855.88 858.78 850.07 850.55 2484432
20050713 853.94 854.91 847.65 849.10 1912643
20050714 843.29 855.39 843.29 849.10 4574314
20050715 849.10 863.14 848.13 860.72 4752069
20050718 860.72 862.66 855.88 857.82 5410205
20050719 866.53 954.63 866.53 948.83 36797780
20050720 944.47 958.51 934.30 937.21 7939877
20050721 937.21 963.35 929.46 958.02 8158842
20050722 960.44 960.44 949.79 958.02 5744024
20050725 966.25 966.25 950.28 958.99 4014506
20050726 953.67 961.90 950.28 953.18 6013703
20050727 954.63 965.77 952.70 964.80 4774688
20050728 964.32 979.32 954.63 965.28 9461171
20050729 965.28 969.64 957.54 960.93 7289177
20050801 967.22 989.49 956.57 958.99 5044057
20050802 958.99 963.35 955.12 957.05 4573901
20050803 958.51 958.51 948.83 950.76 3434764
20050804 954.63 962.38 949.79 960.93 4301433
20050805 959.96 974.00 958.02 966.25 4703318
20050808 963.35 970.61 954.63 970.13 2458198
20050809 974.48 981.74 967.70 975.93 2437644
20050810 973.03 975.93 966.74 969.64 2024811
20050811 968.19 978.84 964.32 973.03 2906354
20050812 977.87 977.87 961.90 967.22 1779095
20050815 969.16 978.35 965.77 970.13 2402010
20050816 977.87 977.87 967.70 969.64 7533654
20050817 971.09 987.55 963.83 966.74 9773094
20050818 970.13 970.13 953.67 956.57 11380631
20050819 958.51 963.35 953.67 956.57 2592159
20050822 951.73 963.35 948.83 961.41 1391980
20050823 956.57 968.19 956.09 956.09 5000574
20050824 956.57 959.48 949.79 951.25 6009261
20050825 948.83 956.09 930.91 945.44 3580603
20050826 945.44 953.18 934.30 938.17 2584723
20050829 938.17 938.17 938.17 938.17 0
20050830 944.95 946.89 931.40 931.40 3236352
20050831 936.24 947.37 929.46 947.37 3729747
20050901 947.86 971.09 945.92 966.74 3375684
20050902 968.19 980.29 957.05 974.48 2548986
20050905 977.87 986.10 974.00 975.93 1628607
20050906 977.87 987.55 974.00 982.71 2234894
20050907 987.55 987.55 970.61 974.48 1374938
20050908 976.90 976.90 970.13 974.97 1801508
20050909 979.81 986.58 975.45 978.84 2329814
20050912 987.55 989.00 976.42 985.62 2570676
20050913 982.71 987.55 974.00 976.90 2414508
20050914 982.71 987.55 979.32 987.55 3292746
20050915 989.49 995.30 984.16 991.43 2416677
20050916 992.88 1006.92 978.84 1003.04 13640418
20050919 1004.01 1004.01 994.33 1001.11 2731388
20050920 1001.11 1004.98 998.20 1001.11 4718501
20050921 992.39 1018.53 992.39 995.30 4035266
20050922 997.23 1006.92 994.33 1006.92 2333016
20050923 1015.63 1023.38 1003.04 1011.76 3213422
20050926 1019.50 1056.29 1013.69 1044.68 5151474
20050927 1027.25 1049.52 1027.25 1035.96 2827134
20050928 1043.71 1062.10 1038.87 1062.10 4522878
20050929 1043.71 1064.04 1043.71 1053.39 2638638
20050930 1055.33 1099.86 1055.33 1064.04 6307447
20051003 1071.79 1078.56 1054.36 1058.23 3483101
20051004 1058.23 1064.04 1048.55 1063.07 2193167
20051005 1059.20 1066.94 1051.45 1065.01 2526056
20051006 1063.07 1063.07 1029.18 1032.09 5270046
20051007 1027.25 1042.74 1006.92 1010.79 4454916
20051010 1014.66 1031.12 1014.66 1023.38 2045055
20051011 1023.38 1046.61 1014.66 1024.34 5199399
20051012 1014.66 1017.57 991.43 1002.08 7152220
20051013 1004.98 1005.95 983.68 990.46 6687332
20051014 994.33 999.17 977.87 988.52 4625957
20051017 993.36 1003.04 983.68 997.23 3024616
20051018 993.36 1005.95 988.52 991.43 5265295
20051019 989.49 989.49 955.60 961.41 8504746
20051020 974.97 976.90 945.92 970.13 2311842
20051021 966.25 973.03 949.79 959.48 3879305
20051024 967.22 986.58 959.48 980.78 2340659
20051025 986.58 993.36 970.13 974.97 4126364
20051026 948.83 1005.95 948.83 1004.98 5207971
20051027 987.55 1010.79 982.71 988.52 4258570
20051028 990.46 998.20 974.97 998.20 2921537
20051031 1006.92 1034.99 1003.04 1032.09 4183481
20051101 1026.28 1029.18 1014.66 1029.18 4359893
20051102 1023.38 1039.83 1022.41 1032.09 3350276
20051103 1029.18 1035.96 1024.34 1034.99 2383419
20051104 1035.96 1046.61 1027.25 1033.06 2294387
20051107 1006.92 1050.48 1006.92 1049.52 1479050
20051108 1050.48 1050.48 1026.28 1038.87 3541664
20051109 1041.77 1054.36 1034.03 1046.61 5123277
20051110 1050.48 1052.42 1008.85 1019.50 7104089
20051111 1031.12 1037.90 1026.28 1031.12 2226631
20051114 1028.22 1053.39 1025.31 1028.22 3569138
20051115 1030.15 1030.15 1014.66 1022.41 5037860
20051116 1026.28 1026.28 988.52 1001.11 5226976
20051117 1006.92 1007.88 997.23 1003.04 6045928
20051118 1011.76 1011.76 989.49 991.43 8107819
20051121 1000.14 1001.11 994.33 996.27 3993642
20051122 1003.04 1006.92 995.30 1001.11 3091649
20051123 1004.01 1025.31 998.20 1018.53 4103022
20051124 1025.31 1033.06 1021.44 1026.28 1894465
20051125 1033.06 1039.83 1027.25 1035.96 1552176
20051128 1045.64 1045.64 1028.22 1030.15 4362062
20051129 1034.03 1042.74 1023.38 1038.87 4171913
20051130 1033.06 1033.06 994.33 994.33 5752906
20051201 1000.14 1009.82 990.46 999.17 5499340
20051202 1004.01 1017.57 994.33 1016.60 4754857
20051205 1016.60 1016.60 991.43 998.20 2969565
20051206 1000.14 1015.63 987.55 1006.92 6227504
20051207 1012.73 1026.28 1007.88 1025.31 6552441
20051208 1026.28 1026.28 1003.04 1014.66 3870526
20051209 1014.66 1023.38 1004.01 1019.50 2517174
20051212 1026.28 1028.22 1016.60 1018.53 1687377
20051213 1021.44 1026.28 1004.98 1005.95 2798111
20051214 1010.79 1011.76 1002.08 1010.79 2724262
20051215 1010.79 1016.60 992.39 999.17 3561392
20051216 1004.01 1012.73 992.39 1010.79 3631006
20051219 1014.66 1014.66 999.17 1009.82 1850155
20051220 1008.85 1008.85 992.39 995.30 5525781
20051221 996.27 1009.82 996.27 1004.01 4904622
20051222 1005.95 1011.76 1004.98 1011.76 3119123
20051223 1011.76 1014.66 1005.95 1011.76 1425755
20051226 1011.76 1011.76 1011.76 1011.76 0
20051227 1011.76 1011.76 1011.76 1011.76 0
20051228 1023.38 1034.99 1019.50 1030.15 2400978
20051229 1030.15 1038.87 1023.38 1034.03 1562092
20051230 1045.64 1046.61 1018.53 1027.25 664436
20060102 1027.25 1027.25 1027.25 1027.25 0
20060103 1029.18 1051.45 1029.18 1049.52 2862561
20060104 1054.36 1093.09 1054.36 1080.50 8236203
20060105 1086.31 1086.31 1063.07 1063.07 5107061
20060106 1060.17 1080.50 1057.26 1076.63 4946556
20060109 1072.75 1087.28 1072.75 1083.40 4481873
20060110 1084.37 1089.21 1065.98 1070.82 5445838
20060111 1072.75 1095.02 1062.10 1093.09 6254978
20060112 1093.09 1097.93 1082.44 1083.40 6321907
20060113 1084.37 1084.37 1065.01 1074.69 5909281
20060116 1076.63 1088.24 1075.66 1082.44 5143728
20060117 1079.53 1080.50 1069.85 1078.56 5349783
20060118 1035.96 1066.94 1026.28 1061.14 13174290
20060119 1069.85 1092.12 1068.88 1081.47 7971792
20060120 1079.53 1116.32 1079.53 1104.70 7941529
20060123 1093.09 1095.99 1081.47 1086.31 2474930
20060124 1080.50 1107.61 1080.50 1098.89 5933966
20060125 1108.58 1140.53 1108.58 1140.53 4944903
20060126 1143.43 1152.14 1127.94 1130.84 7428613
20060127 1142.46 1149.24 1113.42 1120.19 6039214
20060130 1116.32 1119.23 1104.70 1109.54 3607560
20060131 1121.16 1121.16 1074.69 1107.61 3995811
20060201 1103.74 1119.23 1102.77 1111.48 4059332
20060202 1119.23 1122.13 1105.67 1108.58 3142878
20060203 1115.35 1115.35 1098.89 1111.48 2319692
20060206 1116.32 1116.32 1095.02 1104.70 2806993
20060207 1116.32 1118.26 1085.34 1100.83 4081435
20060208 1099.86 1103.74 1089.21 1098.89 3742245
20060209 1099.86 1112.45 1089.21 1093.09 3147216
20060210 1095.02 1097.93 1069.85 1091.15 3510472
20060213 1094.05 1094.05 1075.66 1094.05 2199984
20060214 1094.05 1097.93 1071.79 1079.53 5490664
20060215 1078.56 1082.44 1073.72 1074.69 3242446
20060216 1073.72 1093.09 1073.72 1093.09 7781230
20060217 1093.09 1122.13 1087.28 1119.23 5045916
20060220 1120.19 1132.78 1095.99 1113.42 1746147
20060221 1125.04 1126.97 1111.48 1116.32 1720015
20060222 1128.91 1148.27 1115.35 1135.69 1929065
20060223 1139.56 1140.53 1112.45 1117.29 3680377
20060224 1124.07 1127.94 1098.89 1102.77 11849445
20060227 1116.32 1121.16 1104.70 1112.45 3054466
20060228 1114.39 1136.65 1093.09 1097.93 4170880
20060301 1102.77 1116.32 1090.18 1110.51 2736553
20060302 1105.67 1120.19 1103.74 1106.64 2516244
20060303 1106.64 1109.54 1092.12 1103.74 2671379
20060306 1109.54 1111.48 1095.99 1106.64 3089480
20060307 1103.74 1103.74 1072.75 1076.63 4545394
20060308 1070.82 1086.31 1049.52 1071.79 5899056
20060309 1072.75 1079.53 1067.91 1079.53 2500855
20060310 1077.59 1093.09 1066.94 1085.34 4086599
20060313 1085.34 1105.67 1067.91 1074.69 4268072
20060314 1069.85 1078.56 1059.20 1073.72 5067916
20060315 1080.50 1095.99 1066.94 1077.59 4224176
20060316 1081.47 1084.37 1070.82 1079.53 3681100
20060317 1084.37 1090.18 1072.75 1087.28 6612863
20060320 1093.09 1109.54 1081.47 1097.93 6202302
20060321 1102.77 1102.77 1089.21 1094.05 2828787
20060322 1087.28 1094.05 1066.94 1074.69 5023090
20060323 1081.47 1084.37 1062.10 1072.75 6182368
20060324 1069.85 1086.31 1060.17 1084.37 4144956
20060327 1090.18 1090.18 1069.85 1069.85 4232645
20060328 1074.69 1074.69 1061.14 1065.98 7292069
20060329 1069.85 1083.40 1057.26 1082.44 4759609
20060330 1084.37 1116.32 1084.37 1112.45 9438242
20060331 1113.42 1120.19 1094.05 1099.86 3351515
20060403 1093.09 1119.23 1093.09 1114.39 4078956
20060404 1114.39 1120.19 1101.80 1107.61 5349163
20060405 1110.51 1110.51 1089.21 1097.93 6347625
20060406 1096.96 1100.83 1087.28 1093.09 3706508
20060407 1089.21 1103.74 1075.66 1083.40 5834089
20060410 1088.24 1092.12 1076.63 1085.34 3469881
20060411 1081.47 1088.24 1071.79 1073.72 3661992
20060412 1084.37 1117.29 1076.63 1116.32 13555104
20060413 1112.45 1135.69 1098.89 1127.94 5696926
20060414 1127.94 1127.94 1127.94 1127.94 0
20060417 1127.94 1127.94 1127.94 1127.94 0
20060418 1127.94 1139.56 1113.42 1123.10 3280661
20060419 1133.75 1146.34 1122.13 1124.07 3910291
20060420 1122.13 1151.18 1122.13 1140.53 7992346
20060421 1147.30 1161.83 1142.46 1157.95 6982522
20060424 1156.02 1156.02 1145.37 1152.14 2195542
20060425 1150.21 1158.92 1138.59 1140.53 4124298
20060426 1148.27 1156.02 1126.00 1131.81 6768308
20060427 1133.75 1152.14 1132.78 1134.72 4178833
20060428 1134.72 1138.59 1111.48 1120.19 4618004
20060501 1120.19 1120.19 1120.19 1120.19 0
20060502 1120.19 1140.53 1119.23 1137.62 5287295
20060503 1137.62 1144.40 1116.32 1119.23 7487072
20060504 1125.04 1137.62 1121.16 1123.10 5000884
20060505 1123.10 1130.84 1117.29 1123.10 4165923
20060508 1129.88 1129.88 1107.61 1111.48 4539300
20060509 1108.58 1113.42 1101.80 1108.58 4365574
20060510 1111.48 1122.13 1110.51 1115.35 5440261
20060511 1111.48 1120.19 1105.67 1108.58 3862573
20060512 1101.80 1109.54 1080.50 1082.44 3714048
20060515 1079.53 1079.53 1036.32 1049.52 6824598
20060516 1058.23 1065.59 1042.74 1059.20 5574635
20060517 1063.07 1080.50 1056.05 1059.20 17192618
20060518 1059.20 1061.14 1012.36 1027.25 9396927
20060519 1027.25 1033.06 991.43 994.33 9053812
20060522 1001.11 994.33 950.44 962.38 10170950
20060523 962.38 997.23 967.09 988.52 7119479
20060524 981.74 988.76 946.89 967.22 10532863
20060525 974.97 978.58 947.03 952.70 7284529
20060526 962.38 982.71 956.57 982.71 5690522
20060529 982.71 982.71 982.71 982.71 0
20060530 977.87 982.95 951.42 953.67 5578354
20060531 951.73 968.19 937.21 966.25 7859624
20060601 966.25 966.25 946.89 953.67 4763224
20060602 968.19 968.19 926.62 935.27 10047420
20060605 934.30 945.92 932.37 943.98 4134214
20060606 937.21 953.67 917.84 922.68 12703204
20060607 919.78 934.30 912.03 930.43 6358780
20060608 918.81 930.43 896.54 896.54 11491560
20060609 904.29 925.59 895.57 922.68 9544316
20060612 923.65 927.88 919.63 920.75 3592997
20060613 910.10 912.51 881.29 891.70 8112983
20060614 895.57 914.94 891.70 903.32 8099143
20060615 905.26 944.16 905.26 942.05 9016216
20060616 959.48 966.05 936.24 936.24 10095345
20060619 941.08 949.79 939.45 940.11 5407623
20060620 935.27 958.51 931.88 953.67 5170375
20060621 951.73 961.90 936.24 953.67 8280513
20060622 963.35 969.62 926.47 943.98 13425170
20060623 941.56 941.56 910.10 929.46 9538945
20060626 931.88 939.70 891.39 893.64 12389525
20060627 898.48 909.90 898.48 904.29 13574005
20060628 903.32 915.71 899.93 910.10 9908811
20060629 915.42 935.27 902.35 931.88 10162274
20060630 940.11 965.28 938.66 943.50 8269564
20060703 978.50 996.00 978.50 986.50 4559200
20060704 982.50 989.00 973.00 983.00 2114600
20060705 966.50 966.50 942.00 951.50 3331600
20060706 955.00 971.50 943.00 970.00 5278300
20060707 969.00 969.00 951.50 960.50 4089600
20060710 956.50 973.50 956.50 970.00 3042400
20060711 971.50 974.00 962.00 965.50 5297100
20060712 968.00 989.00 967.50 982.50 5776500
20060713 978.50 978.50 948.00 955.50 6550900
20060714 946.00 948.50 925.00 935.50 4542300
20060717 935.50 942.00 919.00 936.50 4456700
20060718 936.00 957.00 936.00 950.00 5546000
20060719 956.50 1000.00 944.00 963.00 4999200
20060720 976.00 979.00 964.50 974.00 4384400
20060721 972.00 1002.00 967.00 975.00 7262000
20060724 976.00 1032.00 976.00 1029.50 11181200
20060725 1037.00 1044.00 1013.00 1030.00 9966900
20060726 1030.00 1043.50 1018.00 1028.50 7992400
20060727 1035.00 1052.50 1024.00 1044.50 9751200
20060728 1037.50 1083.00 1034.00 1071.00 10491400
20060731 1078.50 1094.50 1056.50 1075.00 9221400
20060801 1071.00 1073.00 1050.00 1054.50 9745200
20060802 1054.50 1061.50 1046.00 1057.00 9542500
20060803 1057.00 1057.00 1057.00 1057.00 0
20060804 1038.50 1046.50 1025.00 1043.50 6711200
20060807 1038.50 1039.00 1023.50 1028.00 3531600
20060808 1030.00 1036.00 1023.50 1029.50 5033100
20060809 1028.50 1036.50 1012.00 1022.00 4224600
20060810 1008.50 1043.00 1008.50 1039.50 6347900
20060811 1036.00 1054.50 1030.00 1048.00 6219600
20060814 1049.00 1060.50 1045.50 1052.00 7123300
20060815 1051.00 1070.00 1047.50 1068.50 3828900
20060816 1073.50 1075.50 1059.00 1071.50 2857700
20060817 1066.00 1081.00 1040.00 1040.00 9375600
20060818 1040.00 1047.00 1016.00 1019.00 8240400
20060821 1020.50 1024.00 1003.00 1020.00 5265100
20060822 1025.50 1025.50 1007.00 1012.00 3569000
20060823 1017.00 1017.00 998.00 1000.00 4954300
20060824 1000.00 1017.00 987.50 1006.50 5362900
20060825 1005.00 1014.00 993.00 1006.50 3066000
20060828 1006.50 1006.50 1006.50 1006.50 0
20060829 1014.00 1021.00 999.50 1013.00 4022600
20060830 1012.00 1040.00 1011.00 1037.00 5900700
20060831 1037.00 1048.00 1030.00 1034.50 6729400
20060901 1040.00 1054.50 1032.50 1044.00 4807200
20060904 1042.50 1065.00 1040.00 1063.00 3069500
20060905 1067.50 1085.00 1059.50 1067.50 6260300
20060906 1070.00 1073.50 1052.50 1056.00 5035500
20060907 1050.00 1053.50 1043.50 1047.50 5405700
20060908 1048.00 1057.00 1040.00 1048.50 3770700
20060911 1046.50 1048.50 1021.00 1029.00 5679200
20060912 1032.00 1041.50 1016.00 1039.00 3187600
20060913 1044.00 1044.00 1027.00 1034.50 3776800
20060914 1039.00 1045.00 1021.50 1031.00 7149500
20060915 1034.00 1047.00 1026.50 1039.50 5207800
20060918 1040.00 1051.00 1033.00 1038.00 1649300
20060919 1035.00 1045.00 1032.00 1037.00 3987800
20060920 1039.00 1040.00 1018.00 1022.00 4189900
20060921 1028.00 1045.00 1017.00 1025.00 5263800
20060922 1015.00 1017.00 993.00 998.00 11346900
20060925 998.00 1015.00 996.00 1008.00 6927700
20060926 1009.00 1028.00 1008.00 1018.00 5768400
20060927 1024.00 1040.00 1020.00 1027.00 4961400
20060928 1025.00 1032.00 1012.00 1015.00 12827100
20060929 1013.00 1013.00 994.00 998.00 8970700
20061002 1004.00 1005.00 983.00 989.00 5866300
20061003 987.00 1001.00 983.00 994.00 6298800
20061004 999.00 1000.00 979.00 983.00 8813400
20061005 983.00 1012.00 978.00 1012.00 13477700
20061006 1012.00 1025.00 1007.00 1013.00 4201700
20061009 1014.00 1017.00 1004.00 1008.00 4635600
20061010 1013.00 1015.00 1001.00 1013.00 7605900
20061011 1013.00 1042.00 1011.00 1035.00 10928400
20061012 1039.00 1046.00 1021.00 1031.00 11518500
20061013 1031.00 1050.00 1031.00 1046.00 5857800
20061016 1049.00 1049.00 1036.00 1040.00 6951300
20061017 1040.00 1042.00 1024.00 1026.00 6843400
20061018 1027.00 1042.00 1026.00 1039.00 4045400
20061019 1039.00 1043.00 1028.00 1037.00 7079000
20061020 1037.00 1049.00 1030.00 1035.00 4376000
20061023 1042.00 1043.00 1025.00 1029.00 2825600
20061024 1029.00 1038.00 1020.00 1022.00 8305200
20061025 1025.00 1035.00 1018.00 1032.00 8072300
20061026 1035.00 1043.00 1026.00 1027.00 5814700
20061027 1032.00 1035.00 1011.00 1012.00 4553100
20061030 1008.00 1017.00 1007.00 1010.00 6579800
20061031 1013.00 1025.00 1007.00 1014.00 8607700
20061101 1017.00 1036.00 1017.00 1030.00 6415200
20061102 1025.00 1041.00 1021.00 1034.00 4240700
20061103 1039.00 1043.00 1029.00 1030.00 5938100
20061106 1033.00 1053.00 1031.00 1053.00 5989900
20061107 1050.00 1063.00 1050.00 1053.00 4760300
20061108 1052.00 1058.00 1049.00 1057.00 3370600
20061109 1049.00 1100.00 1045.00 1093.00 12860400
20061110 1097.00 1107.00 1089.00 1092.00 4417200
20061113 1093.00 1102.00 1077.00 1082.00 4481100
20061114 1082.00 1091.00 1072.00 1075.00 4323100
20061115 1085.00 1085.00 1074.00 1080.00 2287700
20061116 1081.00 1099.00 1081.00 1095.00 4172200
20061117 1098.00 1101.00 1079.00 1081.00 3183000
20061120 1072.00 1103.00 1070.00 1100.00 4680800
20061121 1103.00 1104.00 1092.00 1093.00 3608500
20061122 1099.00 1107.00 1089.00 1093.00 3664400
20061123 1095.00 1095.00 1071.00 1089.00 4937700
20061124 1081.00 1096.00 1062.00 1093.00 4681600
20061127 1096.00 1105.00 1084.00 1088.00 3520400
20061128 1092.00 1092.00 1066.00 1077.00 10493900
20061129 1076.00 1086.00 1065.00 1081.00 3365700
20061130 1079.00 1080.00 1053.00 1063.00 7793800
20061201 1061.00 1083.00 1061.00 1068.00 7430800
20061204 1068.00 1077.00 1062.00 1076.00 3880300
20061205 1074.00 1081.00 1054.00 1069.00 4865100
20061206 1064.00 1069.00 1050.00 1059.00 4039500
20061207 1055.00 1072.00 1045.00 1070.00 4489100
20061208 1065.00 1075.00 1055.00 1075.00 4257900
20061211 1080.00 1091.00 1074.00 1090.00 3551100
20061212 1090.00 1092.00 1083.00 1088.00 3965900
20061213 1085.00 1101.00 1085.00 1100.00 5262500
20061214 1106.00 1113.00 1097.00 1112.00 6382100
20061215 1114.00 1133.00 1109.00 1126.00 8808300
20061218 1120.00 1138.00 1114.00 1137.00 4583200
20061219 1125.00 1140.00 1116.00 1134.00 5194700
20061220 1145.00 1159.00 1140.00 1153.00 6355300
20061221 1155.00 1169.00 1155.00 1160.00 6241100
20061222 1155.00 1175.00 1155.00 1166.00 1329100
20061225 1166.00 1166.00 1166.00 1166.00 0
20061226 1166.00 1166.00 1166.00 1166.00 0
20061227 1175.00 1193.00 1169.00 1185.00 2329100
20061228 1192.00 1193.00 1176.00 1186.00 1208500
20061229 1174.00 1184.00 1165.00 1175.00 568300
20070101 1175.00 1175.00 1175.00 1175.00 0
20070102 1185.00 1190.00 1181.00 1185.00 2384600
20070103 1187.00 1197.00 1182.00 1193.00 4732900
20070104 1193.00 1198.00 1169.00 1180.00 7565400
20070105 1180.00 1180.00 1155.00 1156.00 6879200
20070108 1155.00 1171.00 1151.00 1160.00 7808400
20070109 1158.00 1172.00 1153.00 1170.00 10300500
20070110 1160.00 1165.00 1149.00 1156.00 9320300
20070111 1156.00 1173.00 1147.00 1170.00 4175500
20070112 1172.00 1182.00 1166.00 1173.00 6992300
20070115 1173.00 1191.00 1173.00 1179.00 2919900
20070116 1173.00 1187.00 1167.00 1171.00 5546100
20070117 1190.00 1226.00 1190.00 1226.00 11712400
20070118 1225.00 1248.00 1199.00 1214.00 11352900
20070119 1219.00 1220.00 1180.00 1195.00 10689900
20070122 1193.00 1213.00 1190.00 1206.00 7431300
20070123 1209.00 1209.00 1167.00 1178.00 11572100
20070124 1180.00 1190.00 1172.00 1188.00 10078600
20070125 1183.00 1184.00 1172.00 1178.00 6966700
20070126 1175.00 1197.00 1170.00 1183.00 5629400
20070129 1180.00 1180.00 1162.00 1170.00 3780900
20070130 1170.00 1176.00 1164.00 1165.00 5622600
20070131 1163.00 1168.00 1153.00 1154.00 9802900
20070201 1156.00 1183.00 1156.00 1176.00 18490100
20070202 1180.00 1183.00 1157.00 1160.00 9644800
20070205 1155.00 1172.00 1146.00 1165.00 4204600
20070206 1164.00 1178.00 1164.00 1170.00 4646800
20070207 1173.00 1180.00 1165.00 1173.00 5046000
20070208 1179.00 1186.00 1158.00 1162.00 4703800
20070209 1166.00 1177.00 1164.00 1175.00 3417300
20070212 1166.00 1170.00 1158.00 1164.00 2145900
20070213 1160.00 1178.00 1160.00 1172.00 2280000
20070214 1177.00 1183.00 1172.00 1176.00 5010600
20070215 1180.00 1235.00 1180.00 1198.00 7097900
20070216 1196.00 1196.00 1177.00 1186.00 2408900
20070219 1188.00 1198.00 1178.00 1189.00 1550900
20070220 1195.00 1196.00 1176.00 1184.00 4656000
20070221 1190.00 1196.00 1170.00 1172.00 2990200
20070222 1184.00 1191.00 1177.00 1179.00 2333600
20070223 1185.00 1185.00 1172.00 1174.00 2477200
20070226 1174.00 1186.00 1174.00 1183.00 1487500
20070227 1182.00 1182.00 1139.00 1146.00 5468700
20070228 1127.00 1137.00 1105.00 1128.00 7705600
20070301 1131.00 1144.00 1104.00 1132.00 10526700
20070302 1133.00 1141.00 1112.00 1120.00 6754600
20070305 1097.00 1106.00 1080.00 1100.00 6426400
20070306 1111.00 1114.00 1089.00 1107.00 5740900
20070307 1109.00 1125.00 1104.00 1115.00 4335000
20070308 1114.00 1128.00 1106.00 1116.00 3850500
20070309 1111.00 1134.00 1107.00 1127.00 3632700
20070312 1133.00 1143.00 1128.00 1135.00 4286600
20070313 1100.00 1107.00 1067.00 1085.00 13637600
20070314 1065.00 1073.00 1039.00 1044.00 11700000
20070315 1051.00 1077.00 1051.00 1076.00 8303900
20070316 1074.00 1074.00 1055.00 1065.00 7504100
20070319 1066.00 1076.00 1065.00 1072.00 2800500
20070320 1075.00 1084.00 1067.00 1082.00 4119400
20070321 1085.00 1113.00 1085.00 1106.00 4893000
20070322 1122.00 1122.00 1093.00 1106.00 5220400
20070323 1103.00 1115.00 1095.00 1106.00 4451200
20070326 1105.00 1114.00 1093.00 1100.00 4428200
20070327 1112.00 1112.00 1087.00 1093.00 3987600
20070328 1087.00 1096.00 1075.00 1087.00 6168500
20070329 1096.00 1114.00 1088.00 1110.00 4464600
20070330 1108.00 1123.00 1102.00 1115.00 6145400
20070402 1119.00 1130.00 1111.00 1123.00 4636400
20070403 1132.00 1140.00 1112.00 1117.00 5105700
20070404 1117.00 1129.00 1114.00 1123.00 3630600
20070405 1121.00 1128.00 1117.00 1124.00 4995600
20070406 1124.00 1124.00 1124.00 1124.00 0
20070409 1124.00 1124.00 1124.00 1124.00 0
20070410 1123.00 1130.00 1113.00 1115.00 4103000
20070411 1115.00 1125.00 1099.00 1119.00 8745500
20070412 1120.00 1150.00 1120.00 1148.00 11319800
20070413 1146.00 1152.00 1137.00 1143.00 4031000
20070416 1150.00 1156.00 1140.00 1154.00 3084300
20070417 1154.00 1154.00 1143.00 1149.00 3803800
20070418 1148.00 1156.00 1142.00 1155.00 3644000
20070419 1141.00 1156.00 1136.00 1154.00 6740300
20070420 1156.00 1175.00 1155.00 1159.00 6510000
20070423 1158.00 1165.00 1156.00 1158.00 7822900
20070424 1154.00 1162.00 1149.00 1160.00 4623500
20070425 1164.00 1176.00 1160.00 1168.00 8492100
20070426 1172.00 1191.00 1172.00 1179.00 3749600
20070427 1174.00 1202.00 1174.00 1188.00 8039300
20070430 1185.00 1195.00 1178.00 1190.00 4805300
20070501 1192.00 1216.00 1188.00 1191.00 5064300
20070502 1194.00 1213.00 1194.00 1206.00 4089900
20070503 1201.00 1236.00 1201.00 1216.00 5057000
20070504 1215.00 1234.00 1209.00 1221.00 3959600
20070507 1221.00 1221.00 1221.00 1221.00 0
20070508 1216.00 1238.00 1207.00 1216.00 7294600
20070509 1215.00 1227.00 1207.00 1214.00 4394100
20070510 1212.00 1219.00 1205.00 1207.00 5491600
20070511 1195.00 1198.00 1179.00 1191.00 10170600
20070514 1197.00 1205.00 1179.00 1190.00 5750300
20070515 1185.00 1193.00 1175.00 1192.00 8103400
20070516 1190.00 1191.00 1179.00 1186.00 5679300
20070517 1190.00 1190.00 1152.00 1167.00 6130000
20070518 1165.00 1194.00 1155.00 1190.00 7813200
20070521 1192.00 1194.00 1175.00 1180.00 5321300
20070522 1185.00 1192.00 1176.00 1180.00 11796800
20070523 1187.00 1203.00 1183.00 1191.00 4769300
20070524 1186.00 1200.00 1181.00 1184.00 7040800
20070525 1177.00 1187.00 1177.00 1185.00 2910500
20070528 1185.00 1185.00 1185.00 1185.00 0
20070529 1191.00 1200.00 1186.00 1199.00 2332600
20070530 1189.00 1196.00 1183.00 1195.00 2989200
20070531 1201.00 1211.00 1197.00 1202.00 4099500
20070601 1202.00 1202.00 1202.00 1202.00 0
20070604 1218.00 1218.00 1206.00 1211.00 2542400
20070605 1207.00 1214.00 1195.00 1201.00 3167600
20070606 1205.00 1205.00 1180.00 1185.00 4225300
20070607 1186.00 1197.00 1172.00 1179.00 5980300
20070608 1177.00 1182.00 1161.00 1174.00 4500900
20070611 1175.00 1208.00 1172.00 1206.00 3933500
20070612 1200.00 1213.00 1193.00 1200.00 3519100
20070613 1201.00 1206.00 1187.00 1205.00 5516800
20070614 1221.00 1232.00 1211.00 1230.00 5759200
20070615 1230.00 1266.00 1225.00 1261.00 10954700
20070618 1272.00 1284.00 1263.00 1278.00 6377700
20070619 1280.00 1292.00 1269.00 1271.00 3761800
20070620 1283.00 1287.00 1274.00 1282.00 2972600
20070621 1276.00 1303.00 1270.00 1278.00 6317400
20070622 1280.00 1280.00 1256.00 1261.00 5334800
20070625 1260.00 1274.00 1255.00 1270.00 5278600
20070626 1268.00 1292.00 1258.00 1281.00 4643000
20070627 1280.00 1280.00 1251.00 1257.00 16470100
20070628 1260.00 1273.00 1254.00 1260.00 5080300
20070629 1275.00 1275.00 1238.00 1266.00 10758500
20070702 1265.00 1270.00 1253.00 1266.00 4616200
20070703 1269.00 1278.00 1266.00 1274.00 3711400
20070704 1270.00 1290.00 1270.00 1283.00 3525800
20070705 1283.00 1292.00 1262.00 1265.00 3566100
20070706 1272.00 1280.00 1266.00 1272.00 4781700
20070709 1269.00 1286.00 1269.00 1273.00 2989700
20070710 1280.00 1308.00 1271.00 1278.00 5566500
20070711 1258.00 1277.00 1245.00 1270.00 5765500
20070712 1279.00 1317.00 1279.00 1306.00 7316700
20070713 1316.00 1316.00 1299.00 1300.00 6101200
20070716 1306.00 1321.00 1297.00 1307.00 3384100
20070717 1308.00 1308.00 1287.00 1289.00 3136000
20070718 1285.00 1323.00 1285.00 1310.00 6854900
20070719 1312.00 1335.00 1310.00 1321.00 5743600
20070720 1325.00 1327.00 1305.00 1306.00 4008400
20070723 1317.00 1335.00 1314.00 1332.00 3965700
20070724 1331.00 1333.00 1298.00 1298.00 4053800
20070725 1296.00 1327.00 1295.00 1305.00 6664300
20070726 1305.00 1312.00 1256.00 1256.00 4314500
20070727 1248.00 1263.00 1236.00 1242.00 7800200
20070730 1239.00 1263.00 1232.00 1239.00 5919000
20070731 1243.00 1291.00 1239.00 1273.00 10463000
20070801 1261.00 1261.00 1217.00 1230.00 8033600
20070802 1244.00 1270.00 1239.00 1269.00 5958300
20070803 1269.00 1282.00 1261.00 1267.00 5680500
20070806 1260.00 1260.00 1232.00 1244.00 4675100
20070807 1251.00 1265.00 1245.00 1265.00 2860800
20070808 1267.00 1298.00 1252.00 1293.00 6593900
20070809 1285.00 1310.00 1270.00 1280.00 9183600
20070810 1269.00 1279.00 1232.00 1232.00 10770400
20070813 1255.00 1261.00 1241.00 1252.00 9474000
20070814 1243.00 1252.00 1226.00 1233.00 6445300
20070815 1217.00 1231.00 1208.00 1226.00 7001000
20070816 1196.00 1208.00 1177.00 1178.00 13460400
20070817 1175.00 1245.00 1172.00 1234.00 12638800
20070820 1242.00 1253.00 1224.00 1228.00 3894700
20070821 1236.00 1240.00 1220.00 1226.00 3141700
20070822 1228.00 1265.00 1228.00 1259.00 6316300
20070823 1270.00 1304.00 1262.00 1294.00 7931600
20070824 1296.00 1302.00 1278.00 1297.00 2784000
20070827 1297.00 1297.00 1297.00 1297.00 0
20070828 1300.00 1308.00 1274.00 1282.00 4381600
20070829 1276.00 1287.00 1264.00 1281.00 11007200
20070830 1290.00 1329.00 1286.00 1326.00 13513700
20070831 1337.00 1360.00 1322.00 1360.00 12791900
20070903 1360.00 1368.00 1341.00 1362.00 4805200
20070904 1352.00 1367.00 1344.00 1366.00 3721900
20070905 1368.00 1368.00 1335.00 1339.00 2152300
20070906 1354.00 1354.00 1311.00 1328.00 5745200
20070907 1323.00 1345.00 1306.00 1310.00 3842900
20070910 1310.00 1327.00 1305.00 1311.00 4977800
20070911 1319.00 1354.00 1319.00 1351.00 4743800
20070912 1356.00 1356.00 1313.00 1321.00 6837900
20070913 1324.00 1344.00 1319.00 1341.00 4802000
20070914 1330.00 1344.00 1314.00 1326.00 3686100
20070917 1327.00 1341.00 1318.00 1326.00 4364800
20070918 1317.00 1366.00 1315.00 1363.00 6307100
20070919 1384.00 1401.00 1370.00 1393.00 5304600
20070920 1392.00 1420.00 1381.00 1414.00 4091800
20070921 1416.00 1436.00 1402.00 1422.00 6472900
20070924 1418.00 1423.00 1410.00 1416.00 2311300
20070925 1415.00 1421.00 1376.00 1382.00 8475200
20070926 1391.00 1412.00 1390.00 1398.00 5291100
20070927 1412.00 1412.00 1384.00 1389.00 5524900
20070928 1394.00 1403.00 1376.00 1392.00 5576000
20071001 1385.00 1409.00 1373.00 1380.00 3402400
20071002 1384.00 1392.00 1364.00 1370.00 3682200
20071003 1374.00 1388.00 1366.00 1380.00 4814400
20071004 1383.00 1417.00 1380.00 1416.00 6104300
20071005 1425.00 1466.00 1420.00 1451.00 9831800
20071008 1474.00 1514.00 1460.00 1466.00 11423600
20071009 1475.00 1547.00 1459.00 1487.00 19576000
20071010 1500.00 1507.00 1454.00 1486.00 4706500
20071011 1494.00 1509.00 1486.00 1492.00 4331900
20071012 1490.00 1505.00 1460.00 1483.00 4810600
20071015 1480.00 1480.00 1400.00 1413.00 8525300
20071016 1418.00 1439.00 1400.00 1429.00 4581000
20071017 1438.00 1492.00 1429.00 1462.00 10736100
20071018 1473.00 1487.00 1456.00 1463.00 5493300
20071019 1463.00 1482.00 1418.00 1432.00 6570700
20071022 1406.00 1437.00 1406.00 1436.00 3062100
20071023 1448.00 1448.00 1415.00 1419.00 2341100
20071024 1424.00 1433.00 1404.00 1410.00 3277800
20071025 1428.00 1432.00 1410.00 1418.00 3634100
20071026 1414.00 1428.00 1412.00 1420.00 3537900
20071029 1438.00 1438.00 1405.00 1428.00 2960400
20071030 1435.00 1442.00 1425.00 1427.00 3282800
20071031 1433.00 1445.00 1423.00 1445.00 3619300
20071101 1445.00 1447.00 1404.00 1417.00 4262200
20071102 1402.00 1429.00 1400.00 1425.00 5334500
20071105 1409.00 1418.00 1394.00 1406.00 4252800
20071106 1419.00 1425.00 1411.00 1420.00 2591300
20071107 1410.00 1422.00 1384.00 1385.00 3331600
20071108 1388.00 1416.00 1350.00 1405.00 3732400
20071109 1410.00 1423.00 1349.00 1358.00 3677000
20071112 1349.00 1365.00 1325.00 1343.00 3827100
20071113 1340.00 1373.00 1326.00 1358.00 2505800
20071114 1368.00 1400.00 1359.00 1375.00 3001000
20071115 1350.00 1352.00 1311.00 1332.00 7395900
20071116 1317.00 1357.00 1315.00 1344.00 3755800
20071119 1340.00 1345.00 1297.00 1306.00 9764500
20071120 1311.00 1330.00 1300.00 1330.00 3956100
20071121 1312.00 1322.00 1264.00 1281.00 7275400
20071122 1284.00 1301.00 1262.00 1294.00 3519800
20071123 1292.00 1323.00 1282.00 1317.00 3188000
20071126 1335.00 1343.00 1311.00 1319.00 4727700
20071127 1319.00 1319.00 1264.00 1284.00 4531300
20071128 1292.00 1342.00 1276.00 1332.00 5864000
20071129 1345.00 1354.00 1318.00 1347.00 4423600
20071130 1348.00 1387.00 1342.00 1384.00 4524000
20071203 1381.00 1385.00 1357.00 1373.00 3081200
20071204 1369.00 1380.00 1327.00 1349.00 4523700
20071205 1358.00 1373.00 1339.00 1372.00 3892900
20071206 1378.00 1406.00 1369.00 1386.00 4559300
20071207 1395.00 1405.00 1359.00 1362.00 3695400
20071210 1359.00 1376.00 1349.00 1353.00 2641900
20071211 1355.00 1369.00 1336.00 1342.00 3265500
20071212 1337.00 1350.00 1322.00 1339.00 3902800
20071213 1326.00 1331.00 1295.00 1305.00 5962100
20071214 1313.00 1324.00 1278.00 1304.00 3567000
20071217 1284.00 1318.00 1279.00 1304.00 3690000
20071218 1299.00 1313.00 1283.00 1303.00 4628200
20071219 1304.00 1313.00 1283.00 1307.00 3050800
20071220 1312.00 1328.00 1298.00 1316.00 3269800
20071221 1323.00 1408.00 1318.00 1406.00 8912600
20071224 1400.00 1440.00 1398.00 1413.00 522100
20071225 1413.00 1413.00 1413.00 1413.00 0
20071226 1413.00 1413.00 1413.00 1413.00 0
20071227 1415.00 1449.00 1413.00 1439.00 2467500
20071228 1433.00 1442.00 1418.00 1423.00 1829300
20071231 1435.00 1435.00 1401.00 1416.00 772700
20080101 1416.00 1416.00 1416.00 1416.00 0
20080102 1407.00 1444.00 1403.00 1434.00 3024100
20080103 1435.00 1450.00 1415.00 1439.00 3472300
20080104 1436.00 1442.00 1398.00 1410.00 5710400
20080107 1409.00 1419.00 1398.00 1418.00 4476400
20080108 1430.00 1463.00 1420.00 1448.00 3202800
20080109 1438.00 1440.00 1408.00 1421.00 7374900
20080110 1426.00 1426.00 1380.00 1398.00 7528800
20080111 1405.00 1410.00 1338.00 1349.00 7118200
20080114 1347.00 1379.00 1331.00 1343.00 3706500
20080115 1337.00 1344.00 1292.00 1294.00 8984000
20080116 1267.00 1296.00 1233.00 1244.00 9592400
20080117 1229.00 1244.00 1176.00 1187.00 12894000
20080118 1188.00 1212.00 1156.00 1168.00 7624600
20080121 1141.00 1158.00 1101.00 1103.00 6903900
20080122 1066.00 1172.00 1057.00 1145.00 10627200
20080123 1168.00 1172.00 1107.00 1124.00 7380900
20080124 1159.00 1187.00 1132.00 1179.00 5825200
20080125 1202.00 1221.00 1146.00 1157.00 5451400
20080128 1126.00 1155.00 1081.00 1116.00 6611200
20080129 1128.00 1178.00 1121.00 1140.00 7260100
20080130 1133.00 1133.00 1073.00 1087.00 10063800
20080131 1100.00 1105.00 1031.00 1079.00 16215400
20080201 1101.00 1156.00 1096.00 1149.00 11402100
20080204 1164.00 1171.00 1133.00 1138.00 4534800
20080205 1131.00 1140.00 1107.00 1116.00 6011600
20080206 1100.00 1116.00 1095.00 1107.00 6784400
20080207 1108.00 1115.00 1088.00 1099.00 8827100
20080208 1119.00 1133.00 1089.00 1103.00 5069900
20080211 1101.00 1101.00 1068.00 1070.00 5765600
20080212 1087.00 1100.00 1062.00 1095.00 6179400
20080213 1089.00 1103.00 1074.00 1086.00 5414200
20080214 1100.00 1115.00 1093.00 1111.00 5382700
20080215 1108.00 1130.00 1097.00 1108.00 5601500
20080218 1111.00 1144.00 1105.00 1134.00 3370100
20080219 1134.00 1157.00 1112.00 1131.00 4433400
20080220 1108.00 1108.00 1067.00 1082.00 10394100
20080221 1106.00 1121.00 1089.00 1096.00 4253900
20080222 1090.00 1101.00 1057.00 1071.00 5002100
20080225 1086.00 1097.00 1056.00 1073.00 3782900
20080226 1078.00 1089.00 1061.00 1074.00 3458500
20080227 1084.00 1086.00 1050.00 1061.00 5265700
20080228 1064.00 1080.00 1057.00 1061.00 5447800
20080229 1055.00 1067.00 1047.00 1053.00 5496500
20080303 1033.00 1051.00 1020.00 1037.00 6782200
20080304 1045.00 1064.00 1029.00 1045.00 7697100
20080305 1052.00 1067.00 1041.00 1062.00 5550300
20080306 1065.00 1070.00 1037.00 1039.00 2939500
20080307 1027.00 1055.00 1018.00 1046.00 5858200
20080310 1041.00 1063.00 1034.00 1041.00 4302800
20080311 1054.00 1094.00 1042.00 1072.00 8001600
20080312 1092.00 1107.00 1067.00 1075.00 4346000
20080313 1056.00 1065.00 1045.00 1060.00 5039800
20080314 1053.00 1068.00 1029.00 1046.00 5453300
20080317 1012.00 1020.00 995.00 995.00 5877400
20080318 1016.00 1034.00 1001.00 1025.00 5423700
20080319 1045.00 1066.00 1017.00 1031.00 8000900
20080320 1018.00 1040.00 1014.00 1028.00 7637600
20080321 1028.00 1028.00 1028.00 1028.00 0
20080324 1028.00 1028.00 1028.00 1028.00 0
20080325 1056.00 1091.00 1045.00 1089.00 6087700
20080326 1074.00 1129.00 1074.00 1115.00 6585800
20080327 1107.00 1127.00 1100.00 1124.00 3925300
20080328 1125.00 1140.00 1109.00 1113.00 4337200
20080331 1108.00 1113.00 1083.00 1104.00 5996300
20080401 1103.00 1131.00 1100.00 1128.00 3676700
20080402 1129.00 1133.00 1096.00 1111.00 6707100
20080403 1108.00 1120.00 1097.00 1108.00 3565400
20080404 1114.00 1124.00 1097.00 1121.00 6342300
20080407 1127.00 1141.00 1111.00 1119.00 3020400
20080408 1107.00 1131.00 1107.00 1116.00 2638800
20080409 1105.00 1105.00 1086.00 1090.00 4522400
20080410 1093.00 1110.00 1082.00 1090.00 6284400
20080411 1101.00 1106.00 1060.00 1062.00 7137000
20080414 1053.00 1083.00 1046.00 1080.00 3568000
20080415 1081.00 1110.00 1065.00 1104.00 5370100
20080416 1100.00 1124.00 1088.00 1120.00 8574200
20080417 1122.00 1184.00 1121.00 1179.00 7380800
20080418 1184.00 1196.00 1168.00 1194.00 4402600
20080421 1188.00 1227.00 1181.00 1200.00 4557700
20080422 1196.00 1225.00 1191.00 1208.00 4976900
20080423 1214.00 1216.00 1179.00 1200.00 4677400
20080424 1193.00 1216.00 1182.00 1213.00 3130600
20080425 1219.00 1219.00 1189.00 1196.00 4443300
20080428 1200.00 1203.00 1184.00 1190.00 2266900
20080429 1178.00 1196.00 1162.00 1169.00 3975600
20080430 1173.00 1180.00 1161.00 1168.00 4342500
20080501 1180.00 1182.00 1161.00 1172.00 1459700
20080502 1180.00 1201.00 1180.00 1195.00 2498800
20080506 1186.00 1191.00 1165.00 1182.00 3068400
20080507 1192.00 1204.00 1184.00 1196.00 2650300
20080508 1184.00 1184.00 1161.00 1173.00 5744300
20080509 1167.00 1185.00 1158.00 1167.00 2861700
20080512 1171.00 1173.00 1162.00 1168.00 2221100
20080513 1172.00 1192.00 1170.00 1186.00 3129800
20080514 1188.00 1213.00 1188.00 1203.00 3537400
20080515 1239.00 1291.00 1200.00 1250.00 7473200
20080516 1254.00 1275.00 1240.00 1269.00 4552900
20080519 1270.00 1284.00 1263.00 1283.00 2235600
20080520 1278.00 1292.00 1266.00 1274.00 3989200
20080521 1276.00 1276.00 1245.00 1256.00 3570200
20080522 1248.00 1260.00 1237.00 1249.00 3423000
20080523 1241.00 1245.00 1218.00 1224.00 6654000
20080527 1280.00 1324.00 1268.00 1309.00 14021600
20080528 1319.00 1371.00 1289.00 1293.00 13688000
20080529 1300.00 1300.00 1259.00 1277.00 6217300
20080530 1280.00 1311.00 1279.00 1300.00 6834900
20080602 1295.00 1311.00 1281.00 1300.00 4513500
20080603 1303.00 1325.00 1297.00 1324.00 3699900
20080604 1323.00 1329.00 1305.00 1316.00 4309900
20080605 1315.00 1337.00 1292.00 1298.00 5097800
20080606 1308.00 1315.00 1254.00 1255.00 4983200
20080610 1237.00 1260.00 1234.00 1237.00 3783000
20080611 1220.00 1244.00 1217.00 1238.00 5453100
20080612 1221.00 1236.00 1189.00 1200.00 9414000
20080613 1195.00 1209.00 1164.00 1208.00 6617500
20080616 1208.00 1208.00 1150.00 1159.00 5511500
20080617 1163.00 1200.00 1160.00 1195.00 6252200
20080618 1203.00 1203.00 1165.00 1173.00 4450400
20080619 1170.00 1192.00 1135.00 1137.00 4794300
20080620 1145.00 1160.00 1121.00 1124.00 6396300
20080623 1122.00 1164.00 1122.00 1159.00 3957700
20080624 1156.00 1156.00 1105.00 1144.00 9613700
20080625 1151.00 1165.00 1128.00 1161.00 3723200
20080626 1161.00 1166.00 1131.00 1144.00 4123800
20080627 1140.00 1143.00 1102.00 1116.00 4349000
20080630 1121.00 1160.00 1118.00 1152.00 4682600
20080701 1148.00 1148.00 1108.00 1131.00 4371300
20080702 1124.00 1140.00 1109.00 1118.00 4740600
20080703 1100.00 1116.00 1088.00 1115.00 5021600
20080704 1112.00 1116.00 1073.00 1073.00 3208900
20080707 1088.00 1102.00 1079.00 1101.00 5425300
20080708 1078.00 1107.00 1055.00 1103.00 4867200
20080709 1096.00 1107.00 1082.00 1103.00 3403900
20080710 1078.00 1083.00 1052.00 1060.00 5678400
20080711 1060.00 1068.00 1024.00 1025.00 6160400
20080714 1035.00 1065.00 1035.00 1056.00 4600900
20080715 1050.00 1050.00 1025.00 1043.00 4241100
20080716 1047.00 1086.00 1039.00 1084.00 10140100
20080717 1095.00 1148.00 1087.00 1136.00 7001100
20080718 1128.00 1154.00 1107.00 1154.00 5983900
20080721 1147.00 1153.00 1129.00 1134.00 3965500
20080722 1123.00 1125.00 1089.00 1116.00 10612100
20080723 1127.00 1127.00 1085.00 1108.00 7232400
20080724 1114.00 1129.00 1091.00 1097.00 3637600
20080725 1081.00 1090.00 1063.00 1082.00 6424900
20080728 1082.00 1090.00 1068.00 1079.00 8225500
20080729 1069.00 1106.00 1060.00 1095.00 2742600
20080730 1103.00 1112.00 1096.00 1103.00 4782300
20080731 1110.00 1110.00 1041.00 1049.00 10199800
20080801 1040.00 1056.00 1036.00 1039.00 5003200
20080804 1044.00 1076.00 1041.00 1066.00 4388300
20080805 1073.00 1115.00 1070.00 1101.00 5838700
20080806 1101.00 1115.00 1096.00 1110.00 3681600
20080807 1108.00 1117.00 1101.00 1108.00 4270700
20080808 1102.00 1135.00 1101.00 1128.00 2233900
20080811 1136.00 1150.00 1124.00 1148.00 2545400
20080812 1145.00 1198.00 1136.00 1164.00 6096000
20080813 1151.00 1160.00 1138.00 1138.00 2857400
20080814 1143.00 1153.00 1124.00 1133.00 4082700
20080815 1142.00 1153.00 1128.00 1139.00 2262600
20080818 1140.00 1157.00 1133.00 1143.00 2349400
20080819 1148.00 1156.00 1121.00 1124.00 2966400
20080820 1125.00 1136.00 1106.00 1120.00 2168600
20080821 1116.00 1118.00 1092.00 1099.00 1969400
20080822 1107.00 1152.00 1094.00 1144.00 3533800
20080826 1127.00 1141.00 1109.00 1127.00 2991700
20080827 1123.00 1132.00 1109.00 1123.00 3451600
20080828 1128.00 1178.00 1111.00 1170.00 3780900
20080829 1170.00 1186.00 1163.00 1181.00 2939600
20080901 1174.00 1187.00 1160.00 1181.00 1108400
20080902 1180.00 1249.00 1179.00 1246.00 4150600
20080903 1232.00 1242.00 1199.00 1201.00 3646800
20080904 1197.00 1213.00 1179.00 1182.00 2254900
20080905 1179.00 1182.00 1131.00 1132.00 5592100
20080908 1175.00 1194.00 1143.00 1192.00 2096500
20080909 1196.00 1235.00 1195.00 1218.00 4035500
20080910 1221.00 1224.00 1187.00 1212.00 4043400
20080911 1211.00 1212.00 1171.00 1185.00 3446300
20080912 1200.00 1224.00 1182.00 1224.00 3740700
20080915 1215.00 1234.00 1177.00 1216.00 4636700
20080916 1189.00 1238.00 1170.00 1188.00 6405500
20080917 1170.00 1212.00 1134.00 1175.00 3904900
20080918 1169.00 1182.00 1139.00 1145.00 8057200
20080919 1128.00 1255.00 1110.00 1207.00 6095200
20080922 1184.00 1202.00 1149.00 1151.00 4323600
20080923 1150.00 1159.00 1099.00 1120.00 8939500
20080924 1102.00 1115.00 1079.00 1090.00 3728000
20080925 1100.00 1146.00 1090.00 1134.00 4364100
20080926 1120.00 1130.00 1088.00 1098.00 6079800
20080929 1088.00 1120.00 1054.00 1054.00 5224700
20080930 1051.00 1103.00 1027.00 1086.00 7804900
20081001 1107.00 1107.00 1074.00 1087.00 4174800
20081002 1078.00 1090.00 1021.00 1029.00 3644700
20081003 1038.00 1042.00 990.50 1014.00 5556300
20081006 990.00 990.00 933.50 934.00 4315100
20081007 947.50 1044.00 947.50 1033.00 6957400
20081008 989.00 1037.00 956.00 972.00 7546500
20081009 981.00 1006.00 947.50 967.00 6004900
20081010 900.00 962.50 888.00 896.00 6946500
20081013 965.00 988.00 908.00 970.00 6758600
20081014 970.00 990.00 919.00 950.00 6766200
20081015 957.00 957.00 863.00 869.00 9896700
20081016 805.00 910.00 800.00 866.50 7603200
20081017 900.00 904.50 850.00 884.50 9726500
20081020 867.00 906.50 844.50 897.50 6503600
20081021 925.00 940.50 901.00 930.00 5733200
20081022 900.50 929.00 865.00 869.00 7428700
20081023 870.00 878.50 808.50 836.00 10076000
20081024 812.50 822.50 758.00 805.50 13839700
20081027 778.50 820.00 770.00 799.50 10243500
20081028 836.00 873.50 809.00 857.50 9681100
20081029 899.00 916.00 882.50 911.50 8893600
20081030 965.00 979.50 924.50 944.50 7397000
20081031 953.50 993.00 913.50 983.50 6463200
20081103 1000.00 1000.00 959.00 974.00 5341700
20081104 974.50 1014.00 967.00 990.50 6441500
20081105 990.00 1008.00 976.00 985.50 6303500
20081106 969.00 984.50 938.50 942.50 5316700
20081107 943.00 965.00 912.00 952.00 4783100
20081110 977.00 996.00 962.50 976.50 3989700
20081111 959.00 962.50 913.00 918.00 6081100
20081112 931.00 935.00 887.50 905.50 7288400
20081113 875.00 938.00 875.00 929.50 7456600
20081114 965.00 993.00 947.00 958.00 6821300
20081117 948.00 975.50 945.00 953.50 3730700
20081118 950.00 986.00 931.00 975.50 6196500
20081119 975.50 986.00 941.50 947.00 5748400
20081120 915.50 954.00 915.00 921.50 8654900
20081121 930.50 946.50 905.50 912.50 7228100
20081124 932.00 1020.00 921.50 1011.00 6741200
20081125 1000.00 1057.00 993.50 1001.00 6797300
20081126 989.00 1034.00 986.00 1015.00 5418700
20081127 1039.00 1081.00 1022.00 1070.00 3244200
20081128 1077.00 1082.00 1037.00 1052.00 5394800
20081201 1056.00 1063.00 1005.00 1014.00 3451400
20081202 1001.00 1032.00 981.50 1028.00 4828700
20081203 1018.00 1060.00 1002.00 1045.00 4463600
20081204 1051.00 1091.00 1043.00 1076.00 5021900
20081205 1070.00 1081.00 1025.00 1041.00 6977400
20081208 1092.00 1128.00 1069.00 1105.00 5623600
20081209 1093.00 1168.00 1090.00 1132.00 4480300
20081210 1131.00 1156.00 1095.00 1104.00 5243400
20081211 1096.00 1122.00 1084.00 1099.00 5057900
20081212 1075.00 1118.00 1075.00 1099.00 4113200
20081215 1126.00 1146.00 1103.00 1126.00 3943900
20081216 1118.00 1142.00 1118.00 1135.00 3182700
20081217 1157.00 1172.00 1126.00 1149.00 4483900
20081218 1146.00 1189.00 1136.00 1181.00 4505800
20081219 1159.00 1179.00 1133.00 1159.00 6497300
20081222 1149.00 1176.00 1147.00 1167.00 2453500
20081223 1166.00 1200.00 1164.00 1170.00 2568200
20081224 1179.00 1183.00 1150.00 1160.00 463000
20081229 1164.00 1192.00 1155.00 1166.00 2011700
20081230 1177.00 1197.00 1160.00 1191.00 1980500
20081231 1200.00 1200.00 1160.00 1163.00 919300
20090102 1168.00 1194.00 1168.00 1194.00 1548900
20090105 1195.00 1210.00 1183.00 1205.00 2796200
20090106 1215.00 1218.00 1174.00 1190.00 3390600
20090107 1180.00 1184.00 1140.00 1151.00 4428900
20090108 1148.00 1155.00 1119.00 1136.00 5860600
20090109 1144.00 1150.00 1110.00 1122.00 3784600
20090112 1120.00 1141.00 1097.00 1110.00 8206300
20090113 1103.00 1121.00 1087.00 1103.00 4449300
20090114 1113.00 1114.00 1044.00 1060.00 4399900
20090115 1039.00 1068.00 1012.00 1044.00 5822300
20090116 1066.00 1089.00 1045.00 1060.00 3222200
20090119 1080.00 1119.00 1075.00 1106.00 4033200
20090120 1107.00 1132.00 1100.00 1117.00 4009100
20090121 1101.00 1127.00 1090.00 1103.00 4115900
20090122 1122.00 1122.00 1080.00 1088.00 2838800
20090123 1087.00 1126.00 1066.00 1116.00 3449800
20090126 1108.00 1140.00 1100.00 1135.00 3048400
20090127 1135.00 1150.00 1113.00 1145.00 2485800
20090128 1157.00 1183.00 1144.00 1176.00 2845600
20090129 1174.00 1175.00 1136.00 1150.00 2335500
20090130 1151.00 1161.00 1119.00 1132.00 3798300
20090202 1120.00 1123.00 1090.00 1105.00 3137400
20090203 1110.00 1147.00 1105.00 1143.00 2585800
20090204 1151.00 1180.00 1137.00 1175.00 3387600
20090205 1150.00 1180.00 1118.00 1150.00 3669800
20090206 1162.00 1175.00 1136.00 1166.00 2682900
20090209 1172.00 1179.00 1143.00 1166.00 2062100
20090210 1164.00 1164.00 1136.00 1139.00 4689200
20090211 1126.00 1138.00 1104.00 1132.00 4182700
20090212 1115.00 1120.00 1086.00 1115.00 3633600
20090213 1125.00 1135.00 1103.00 1121.00 3371400
