20030101 133.00 133.00 133.00 133.00 0
20030102 132.75 142.00 131.75 140.00 2660100
20030103 143.00 143.00 134.75 135.25 1972500
20030106 140.75 142.50 133.50 136.00 1849300
20030107 138.50 140.25 136.00 137.00 4876500
20030108 137.00 139.00 131.50 133.75 3682000
20030109 132.75 138.25 132.75 138.25 2109500
20030110 138.25 144.75 137.00 140.50 3507700
20030113 138.43 147.00 140.00 141.25 2498800
20030114 147.66 147.00 142.00 142.50 2336400
20030115 145.18 145.75 133.75 137.50 4236400
20030116 138.00 144.75 134.00 140.25 4451700
20030117 136.50 136.75 127.00 130.75 7925500
20030120 135.00 135.00 129.00 129.50 3783000
20030121 130.75 131.75 126.50 129.50 4633600
20030122 127.00 129.00 125.00 126.00 3858500
20030123 130.25 131.75 127.00 127.00 2912500
20030124 127.25 134.25 127.25 130.25 3622800
20030127 126.25 130.50 123.25 127.75 5765600
20030128 130.25 130.25 121.75 126.00 4818200
20030129 123.00 125.75 120.25 122.50 4140600
20030130 125.00 126.75 123.00 125.75 4852300
20030131 123.00 123.00 117.25 118.00 5279400
20030203 122.50 130.00 121.50 129.25 6835600
20030204 131.00 133.50 127.00 129.00 9261700
20030205 127.50 129.50 123.75 128.00 4592300
20030206 126.50 129.00 118.00 123.25 3709100
20030207 125.00 128.50 119.25 126.00 4866100
20030210 127.00 127.00 123.75 125.25 1638200
20030211 125.00 131.25 123.50 130.00 4218000
20030212 130.25 130.25 125.75 126.25 2647600
20030213 124.00 128.50 123.00 126.25 2115900
20030214 128.00 129.75 126.50 127.75 3362100
20030217 128.50 131.50 127.25 131.50 1967900
20030218 131.75 138.50 127.25 137.00 3754000
20030219 137.00 137.00 130.00 132.50 4960700
20030220 132.00 135.00 129.75 133.25 1657200
20030221 132.75 134.00 128.50 133.00 2646100
20030224 133.25 134.25 130.25 131.50 1096300
20030225 130.00 131.50 126.50 128.50 3420800
20030226 129.50 130.00 126.00 129.00 2361500
20030227 128.25 131.25 125.75 127.50 3127500
20030228 130.00 135.00 128.50 133.75 3050100
20030303 132.50 138.00 132.00 136.75 2587200
20030304 136.75 140.50 131.25 134.50 5417800
20030305 134.00 135.75 125.25 128.75 6597200
20030306 127.00 132.00 124.00 129.00 5205900
20030307 125.50 131.00 121.75 129.50 3937900
20030310 129.25 129.25 124.75 124.75 2661100
20030311 125.75 130.75 121.50 129.75 2837600
20030312 128.75 128.75 118.50 119.00 9945800
20030313 122.00 130.00 122.00 130.00 6216600
20030314 133.25 136.50 130.00 135.50 6684900
20030317 131.50 151.50 130.00 142.00 5722000
20030318 142.00 147.50 140.00 142.00 5589700
20030319 143.00 146.50 135.00 140.00 11024900
20030320 141.00 141.00 122.00 123.00 11756800
20030321 120.00 133.00 117.50 128.25 12235900
20030324 125.00 127.00 121.75 122.75 2915900
20030325 120.75 122.75 118.00 120.00 2767300
20030326 121.75 125.25 118.00 120.00 4989600
20030327 120.00 122.00 118.25 120.25 4837600
20030328 119.00 121.00 116.25 119.50 5544600
20030331 119.50 119.50 112.00 115.00 3129800
20030401 115.00 121.75 113.25 120.00 5356500
20030402 122.00 126.00 122.00 123.00 3956100
20030403 122.50 130.50 121.00 126.00 4456200
20030404 126.25 126.25 120.00 121.50 6280300
20030407 125.00 127.00 119.00 122.75 5562000
20030408 120.00 123.50 118.00 119.00 6025700
20030409 119.00 121.75 114.50 118.50 6729300
20030410 120.00 124.00 118.25 120.50 4845200
20030411 124.75 137.25 122.25 135.00 15718000
20030414 134.25 135.75 130.00 132.25 5598800
20030415 133.00 139.00 133.00 136.00 3878500
20030416 138.75 141.50 135.25 136.00 3026300
20030417 135.50 138.00 131.00 136.00 2618100
20030418 136.00 136.00 136.00 136.00 0
20030421 136.00 136.00 136.00 136.00 0
20030422 130.00 136.75 130.00 135.25 3322600
20030423 138.00 139.00 132.75 137.50 5022800
20030424 137.50 141.50 137.00 138.25 4012100
20030425 135.25 138.50 135.25 137.50 2950200
20030428 135.75 144.00 135.75 140.25 2439800
20030429 141.50 147.00 139.00 142.25 4551300
20030430 142.00 144.00 135.00 138.75 4658100
20030501 138.00 138.25 134.75 135.50 1581700
20030502 137.25 142.75 136.50 139.00 3039300
20030505 139.00 139.00 139.00 139.00 0
20030506 140.00 143.75 137.00 142.00 4305800
20030507 140.75 149.00 136.50 147.00 8326800
20030508 145.00 146.50 142.50 143.25 5876500
20030509 144.50 148.00 141.75 146.75 4852200
20030512 148.50 148.50 141.00 144.50 3538100
20030513 144.00 153.00 142.00 151.75 2805900
20030514 152.00 152.00 144.00 147.50 4607500
20030515 151.75 159.00 147.50 156.50 7777800
20030516 157.00 163.00 153.75 157.50 6791400
20030519 155.75 157.00 152.00 152.75 3858600
20030520 153.00 155.25 151.00 152.00 5198600
20030521 154.50 154.50 148.75 150.00 2687300
20030522 149.75 154.50 149.25 153.25 3639700
20030523 153.00 154.75 149.75 151.25 4358200
20030526 151.25 151.25 151.25 151.25 0
20030527 154.00 154.00 149.75 153.00 2151000
20030528 153.25 160.00 153.00 156.25 5354900
20030529 155.00 162.00 155.00 158.50 1952400
20030530 157.50 164.00 157.50 160.25 4850800
20030602 161.00 168.50 157.75 167.00 2581100
20030603 164.50 164.50 160.00 163.00 4925800
20030604 162.75 166.75 162.00 164.25 5254400
20030605 164.25 168.50 164.25 167.50 4122400
20030606 168.25 191.50 167.75 177.25 9827100
20030609 177.25 180.00 172.75 176.00 5990000
20030610 174.00 175.75 172.00 175.75 4280400
20030611 176.00 180.00 170.00 172.25 4315100
20030612 172.00 175.75 170.25 171.50 4763400
20030613 171.25 175.25 169.50 171.00 3255900
20030616 171.50 175.50 169.00 174.00 3955100
20030617 174.50 181.00 174.50 180.00 6421900
20030618 177.00 184.50 177.00 182.00 6178000
20030619 181.75 181.75 168.50 170.00 8544000
20030620 169.00 171.25 166.75 168.25 4533800
20030623 169.75 170.75 167.00 167.75 2843000
20030624 166.00 167.25 159.75 162.00 4317200
20030625 160.75 170.00 160.75 165.00 4510000
20030626 164.00 164.00 161.50 163.00 5532500
20030627 165.25 167.75 162.00 164.75 3392000
20030630 165.25 165.25 161.50 162.00 2409500
20030701 161.25 166.50 155.00 157.75 4730000
20030702 158.50 165.00 158.00 164.50 4901900
20030703 166.25 168.50 162.50 164.00 4339300
20030704 162.25 167.00 162.25 166.25 4132200
20030707 168.50 179.75 166.75 179.75 8933500
20030708 179.00 191.50 178.75 186.50 10879300
20030709 189.75 189.75 181.75 185.50 5917100
20030710 183.00 187.75 177.25 181.50 8121700
20030711 179.25 185.25 177.50 180.00 4967100
20030714 180.00 186.75 179.00 183.50 5531100
20030715 183.75 192.75 181.25 189.25 3770500
20030716 191.00 193.50 184.25 187.00 4543700
20030717 185.50 185.50 174.50 177.00 4953200
20030718 176.50 179.50 173.00 178.25 2452200
20030721 179.50 183.25 172.75 173.50 2411200
20030722 171.00 174.50 169.00 173.25 4359000
20030723 173.00 178.00 172.75 173.00 2632500
20030724 173.00 179.50 173.00 178.25 2586400
20030725 173.75 180.00 173.75 179.75 2742900
20030728 182.00 182.00 177.50 178.75 1868100
20030729 177.00 184.00 177.00 180.50 2877800
20030730 179.50 184.50 179.50 182.50 2853600
20030731 183.75 186.50 181.75 184.25 2546300
20030801 184.25 190.00 182.50 185.75 2512200
20030804 187.00 190.00 184.00 186.25 869200
20030805 189.75 192.75 184.00 186.00 3580000
20030806 181.50 185.00 175.00 175.25 7296400
20030807 175.75 176.00 170.25 171.00 3545100
20030808 172.50 174.50 171.50 174.50 3305400
20030811 174.00 176.00 172.25 172.25 2662000
20030812 173.25 175.00 171.00 172.25 2797400
20030813 174.50 174.50 172.25 172.75 3768500
20030814 175.00 175.00 171.00 174.00 3729800
20030815 174.25 180.00 174.25 176.00 1703100
20030818 175.50 179.25 175.00 177.00 1568400
20030819 176.25 179.00 176.25 177.75 4463000
20030820 175.00 176.00 172.00 174.00 4139000
20030821 176.00 178.00 172.00 177.00 4391000
20030822 177.00 185.25 175.00 179.00 4844900
20030825 179.00 179.00 179.00 179.00 0
20030826 179.25 179.25 169.25 170.00 5435400
20030827 172.00 174.00 169.50 172.50 2398300
20030828 172.50 173.50 168.25 171.00 3797400
20030829 171.25 172.50 167.25 169.00 4305700
20030901 170.00 171.00 168.50 168.75 3292200
20030902 171.25 174.25 169.00 172.75 2895100
20030903 175.00 195.00 175.00 190.25 12941600
20030904 190.25 190.25 182.00 184.00 4301700
20030905 187.00 188.75 183.00 186.00 4513000
20030908 185.00 187.56 182.21 184.00 1983800
20030909 184.00 188.25 180.50 181.00 4231100
20030910 179.00 182.40 172.80 175.25 2785100
20030911 169.25 176.75 169.25 175.50 4299600
20030912 179.00 180.50 175.00 175.75 4297500
20030915 175.00 176.25 172.00 172.75 2522500
20030916 174.50 177.00 171.50 175.00 3371300
20030917 178.50 178.50 172.00 172.75 3644600
20030918 173.00 175.00 171.00 174.75 3822300
20030919 175.25 178.50 170.00 172.00 5918500
20030922 171.00 172.50 168.00 170.25 4490900
20030923 172.50 171.50 165.50 169.50 3631400
20030924 170.00 175.75 169.50 171.00 8599000
20030925 167.00 171.00 165.00 167.00 5746900
20030926 167.00 167.00 158.25 159.50 6675800
20030929 160.75 171.25 160.75 166.25 7421600
20030930 165.75 169.50 163.75 164.25 7109500
20031001 163.75 167.00 163.50 165.00 4701200
20031002 170.00 175.50 167.50 175.50 9647800
20031003 180.00 181.50 173.25 178.75 6640000
20031006 180.00 183.00 175.75 179.00 6730600
20031007 175.50 178.50 174.00 175.00 5852400
20031008 177.00 189.25 177.00 182.75 14961300
20031009 182.25 185.00 179.50 183.50 9701500
20031010 184.00 187.75 183.50 186.75 4542900
20031013 185.50 192.75 182.50 188.75 5025600
20031014 194.00 194.00 184.50 185.00 3904300
20031015 188.00 195.75 187.00 193.00 6911800
20031016 190.00 193.00 185.00 186.75 5639000
20031017 188.00 190.75 185.25 186.75 2738600
20031020 184.00 185.00 179.75 182.75 6205100
20031021 178.00 181.00 174.00 174.50 13986400
20031022 174.00 176.25 171.00 174.50 6151000
20031023 170.00 173.25 168.75 173.00 4502300
20031024 173.00 174.25 168.75 169.75 7301300
20031027 173.00 177.50 171.50 176.75 4860300
20031028 176.00 181.25 176.00 179.00 7223700
20031029 183.00 185.75 181.25 181.75 6731000
20031030 181.50 188.00 180.25 186.00 7058800
20031031 187.25 187.50 184.00 186.50 3764700
20031103 186.25 190.75 186.25 189.00 2720500
20031104 188.75 189.25 186.75 187.00 3660400
20031105 185.00 187.25 178.75 180.00 5321200
20031106 179.75 184.50 178.75 184.00 2481800
20031107 184.00 192.50 184.00 190.00 5783800
20031110 186.50 191.00 184.75 187.50 2292900
20031111 183.25 187.00 181.00 186.00 5276300
20031112 187.00 188.75 184.75 187.50 4421800
20031113 188.25 190.50 185.25 186.50 3410500
20031114 185.00 187.75 184.25 185.75 2867900
20031117 185.75 185.75 178.50 180.50 4035200
20031118 183.00 184.50 178.25 179.25 3562400
20031119 179.25 179.25 175.50 177.00 5254700
20031120 180.50 180.50 172.75 177.50 5599300
20031121 173.00 181.75 173.00 178.00 3969300
20031124 180.00 184.00 180.00 182.00 3671700
20031125 182.25 187.50 182.00 185.25 3478700
20031126 190.00 190.00 184.00 186.75 4466800
20031127 187.00 188.25 181.25 184.50 2393000
20031128 186.00 186.50 179.75 181.25 2412700
20031201 182.50 187.00 182.00 186.50 3677600
20031202 190.25 190.25 184.50 187.50 7385400
20031203 189.00 189.00 183.75 185.00 3998600
20031204 185.25 186.50 182.50 184.00 2917600
20031205 184.50 185.50 180.00 181.00 2599400
20031208 182.50 183.50 179.50 180.25 2700300
20031209 183.00 184.25 178.50 182.00 4004400
20031210 179.75 181.00 176.00 179.50 4001200
20031211 182.75 182.75 175.25 177.25 3259700
20031212 182.00 182.75 176.75 177.50 2342000
20031215 181.75 182.00 175.00 175.50 3682600
20031216 177.00 177.00 170.25 170.75 4664600
20031217 169.32 174.00 165.50 167.75 7452000
20031218 169.00 172.75 166.50 170.00 7504700
20031219 166.75 172.50 166.75 170.00 3132900
20031222 165.00 172.25 165.00 169.50 1896400
20031223 172.00 173.25 169.75 171.00 2004400
20031224 172.00 175.75 172.00 175.00 743900
20031225 175.00 175.00 175.00 175.00 0
20031226 175.00 175.00 175.00 175.00 0
20031229 175.00 176.00 171.50 173.75 1104800
20031230 175.00 177.00 173.25 175.00 1604900
20031231 175.75 177.00 173.50 175.75 472200
20040101 175.75 175.75 175.75 175.75 0
20040102 176.50 178.00 173.50 177.00 1733800
20040105 176.25 185.75 176.25 184.00 7107600
20040106 183.00 186.25 182.00 185.75 4069100
20040107 190.00 190.00 184.00 187.75 7092300
20040108 188.25 194.50 188.25 190.00 8191900
20040109 193.00 195.50 187.25 190.25 6935200
20040112 190.75 192.25 188.50 190.75 3030900
20040113 193.00 196.00 190.25 191.75 7989300
20040114 187.00 195.00 187.00 194.00 3072000
20040115 194.00 203.00 191.00 198.50 9031400
20040116 201.25 208.50 199.50 207.75 9815900
20040119 206.00 210.50 203.00 206.50 6821100
20040120 204.25 206.00 202.00 203.25 3534800
20040121 204.00 204.50 200.50 203.00 4585900
20040122 203.00 206.00 198.75 199.75 5156700
20040123 200.00 205.00 197.25 201.50 4811600
20040126 206.50 206.50 199.50 203.50 4816000
20040127 205.75 207.50 204.00 204.75 5897600
20040128 204.50 207.75 203.00 205.00 3272100
20040129 198.15 205.50 195.25 196.50 9272300
20040130 198.00 201.25 195.25 195.50 7735700
20040202 195.75 197.75 193.00 194.25 8526600
20040203 196.50 196.50 190.75 194.50 3168600
20040204 195.00 195.00 190.75 193.50 4906400
20040205 193.50 194.00 190.00 191.75 5177300
20040206 190.50 195.75 190.50 195.00 5034900
20040209 195.50 201.75 194.25 198.75 4979500
20040210 198.25 200.75 194.50 195.25 4818100
20040211 194.50 197.25 191.50 196.50 4399000
20040212 196.75 200.00 193.25 194.50 3713900
20040213 196.25 199.00 194.50 199.00 5360300
20040216 196.25 199.50 193.50 196.75 4229100
20040217 197.75 200.75 195.50 199.50 4549800
20040218 197.50 205.50 197.50 199.75 8289900
20040219 199.25 204.50 195.00 202.25 7248500
20040220 201.50 202.00 196.75 198.00 4657100
20040223 198.50 202.00 198.00 199.25 2716400
20040224 194.00 199.25 193.00 194.50 4703900
20040225 193.50 195.50 192.50 193.25 3754600
20040226 193.25 196.25 192.50 193.75 3377000
20040227 194.50 196.50 192.00 192.75 2804800
20040301 193.00 193.50 191.25 192.50 2848100
20040302 194.75 194.75 191.25 193.25 3060800
20040303 192.50 194.00 190.25 191.00 3079300
20040304 190.75 195.25 190.75 195.25 3095000
20040305 194.00 196.50 191.50 192.75 4051900
20040308 191.50 194.00 191.00 193.50 1334400
20040309 193.25 193.25 185.75 187.00 5702400
20040310 187.25 188.00 181.00 183.00 6818600
20040311 180.00 182.00 175.25 178.75 11992600
20040312 179.00 183.25 174.75 183.25 5633400
20040315 183.25 184.00 174.00 175.25 3592800
20040316 178.25 179.75 170.75 177.00 5581800
20040317 180.50 182.75 176.25 181.00 6235800
20040318 177.00 182.75 175.00 176.25 4326500
20040319 178.50 179.00 174.50 175.75 4288600
20040322 175.00 175.00 167.50 170.50 6726600
20040323 172.00 176.25 172.25 172.50 4970100
20040324 172.25 175.50 170.00 171.50 5003000
20040325 172.00 179.00 171.25 178.00 4962300
20040326 179.75 180.50 177.50 179.50 9297700
20040329 178.50 186.50 178.50 185.50 4915700
20040330 185.00 187.25 179.50 180.75 5087600
20040331 182.50 185.75 179.00 180.25 4901800
20040401 185.00 185.00 180.00 181.75 2301200
20040402 183.50 190.00 181.25 186.75 5826500
20040405 187.00 187.00 183.50 185.50 2613300
20040406 186.00 186.00 174.50 178.00 7561600
20040407 176.75 179.00 175.00 177.00 6319200
20040408 180.00 180.00 175.75 176.75 3880500
20040409 176.75 176.75 176.75 176.75 0
20040412 176.75 176.75 176.75 176.75 0
20040413 179.50 179.50 176.25 177.25 4901900
20040414 176.25 177.25 168.75 171.25 8133400
20040415 178.50 181.50 176.50 176.75 16864100
20040416 176.75 176.75 172.75 173.75 8823900
20040419 174.00 176.75 174.00 174.50 4054800
20040420 176.25 179.25 174.75 178.50 4867700
20040421 175.00 179.00 175.00 176.75 7368200
20040422 178.00 179.00 173.00 174.50 7324100
20040423 177.00 182.00 176.50 181.50 8596100
20040426 179.75 184.75 179.75 183.75 5288600
20040427 183.75 182.50 181.25 182.00 6222400
20040428 184.25 184.25 177.75 178.25 4134800
20040429 178.50 178.75 175.00 176.50 6945900
20040430 175.25 176.75 172.00 172.75 4950500
20040503 172.75 172.75 172.75 172.75 0
20040504 172.75 176.00 172.25 174.75 4900500
20040505 176.50 178.00 173.00 173.75 3455100
20040506 173.50 170.25 168.00 169.50 4559600
20040507 171.50 171.75 168.50 169.75 6664500
20040510 168.00 170.75 166.50 169.75 7389100
20040511 169.75 173.25 168.50 172.00 9197000
20040512 169.75 175.50 169.75 171.75 9748200
20040513 171.75 175.75 170.50 172.25 3330800
20040514 170.00 173.25 168.25 170.00 4309800
20040517 167.25 167.50 160.75 164.00 9444800
20040518 165.00 171.25 165.00 170.25 5043900
20040519 169.50 174.75 169.50 173.25 3745200
20040520 172.00 172.00 168.25 169.50 3707500
20040521 169.75 174.00 169.50 171.25 1825800
20040524 170.75 175.00 170.75 172.25 1846900
20040525 171.75 172.50 168.50 169.50 2850400
20040526 175.00 175.00 171.50 173.25 2495600
20040527 174.25 175.00 171.00 173.50 3805900
20040528 172.25 177.50 172.25 176.75 6695100
20040531 176.75 176.75 176.75 176.75 0
20040601 177.00 177.00 173.50 174.75 3071700
20040602 176.00 177.75 174.00 175.25 2893200
20040603 176.25 176.25 173.00 175.25 2422700
20040604 175.50 179.00 175.25 177.50 2755700
20040607 178.00 183.25 177.75 181.75 4821100
20040608 181.50 185.00 181.50 183.25 5317700
20040609 184.50 184.50 181.00 181.75 3816700
20040610 185.00 185.00 180.50 181.75 4295500
20040611 179.00 182.75 179.00 182.25 1927300
20040614 182.75 180.50 178.50 179.25 3638100
20040615 180.25 181.50 178.50 180.50 2181100
20040616 180.50 183.25 179.75 180.50 3090000
20040617 179.00 183.50 179.00 181.75 2883400
20040618 179.75 182.75 174.75 179.25 3779400
20040621 181.50 182.50 180.25 181.50 2086500
20040622 178.25 182.00 178.25 180.75 3633800
20040623 182.50 182.50 179.75 181.25 3185900
20040624 184.50 187.00 182.50 185.25 4961400
20040625 186.00 186.50 183.75 185.25 2461700
20040628 185.00 188.75 185.00 188.75 1876300
20040629 187.50 189.50 184.75 187.25 4042300
20040630 185.50 189.00 184.00 186.50 3812200
20040701 186.25 189.50 184.50 184.75 3387300
20040702 185.00 185.00 180.50 181.75 2896300
20040705 181.75 183.25 181.00 181.75 1085800
20040706 182.00 182.25 177.25 177.75 2987900
20040707 177.50 179.25 173.00 173.75 5920800
20040708 172.00 172.25 167.50 170.50 12760400
20040709 170.00 175.00 167.00 171.50 6541400
20040712 170.25 174.25 169.00 170.25 3966400
20040713 172.00 173.75 170.50 172.50 5686900
20040714 172.00 172.00 167.25 169.00 6937500
20040715 169.00 170.00 166.00 167.50 4986400
20040716 167.75 169.75 166.75 167.50 5227200
20040719 167.00 172.50 166.75 170.25 6679700
20040720 174.00 174.00 168.25 169.50 5275800
20040721 171.50 175.00 171.50 172.50 7608600
20040722 171.50 171.50 168.25 169.50 5026300
20040723 169.75 171.75 169.50 170.00 2056400
20040726 170.50 171.25 164.75 165.25 4105500
20040727 166.75 168.00 165.50 166.25 3259300
20040728 168.50 168.50 165.25 167.00 5811400
20040729 167.00 172.50 167.00 171.50 3485700
20040730 173.00 173.00 168.50 172.75 5106600
20040802 170.50 170.50 167.50 169.50 3184600
20040803 170.25 172.00 168.00 169.50 4092100
20040804 167.00 168.25 162.50 163.75 4676200
20040805 165.00 169.25 162.50 163.25 4072500
20040806 163.50 163.50 156.50 157.75 9875500
20040809 158.00 160.75 154.50 157.50 4200000
20040810 158.00 161.25 158.00 160.50 2864500
20040811 159.25 161.00 157.75 157.75 5214000
20040812 158.75 160.00 153.25 155.25 6403800
20040813 154.25 160.00 154.25 158.75 9269400
20040816 160.00 164.25 157.50 163.00 3310500
20040817 162.50 165.75 162.00 165.00 2662500
20040818 165.75 166.00 164.25 165.25 2494300
20040819 166.50 169.25 164.00 165.75 4040700
20040820 166.25 166.25 163.75 165.00 3681400
20040823 166.25 167.25 165.50 166.00 1829200
20040824 166.00 167.25 165.00 166.25 3795600
20040825 166.00 167.75 163.25 164.50 3822500
20040826 164.50 167.00 163.75 166.00 2271700
20040827 164.00 168.50 164.00 168.00 3674100
20040830 168.00 168.00 168.00 168.00 0
20040831 168.50 169.00 163.25 163.50 4614500
20040901 164.00 166.00 163.25 164.75 1927300
20040902 164.75 166.25 164.00 165.75 3354600
20040903 164.25 167.50 162.75 166.25 3669100
20040906 165.25 168.75 165.25 167.25 1838000
20040907 168.75 169.50 165.50 168.75 2261600
20040908 167.50 171.00 166.75 168.25 3504700
20040909 168.00 168.50 164.25 164.50 2916500
20040910 165.50 171.00 165.50 169.75 3957500
20040913 170.00 172.75 169.75 172.00 4830100
20040914 172.00 172.00 168.50 171.00 7554900
20040915 170.75 171.75 168.50 171.25 5346100
20040916 171.25 171.75 169.25 169.75 3019900
20040917 168.50 174.00 168.50 173.25 3718700
20040920 173.00 173.50 170.00 172.50 2108000
20040921 171.75 172.75 168.25 170.25 4765200
20040922 171.50 172.00 168.50 168.75 3140100
20040923 169.25 169.25 166.25 166.75 2054200
20040924 167.50 167.50 165.00 165.25 2397600
20040927 164.75 166.50 163.75 164.75 3423400
20040928 164.50 166.50 162.50 163.50 2576200
20040929 165.00 165.00 161.75 162.50 4342800
20040930 163.50 166.00 161.25 162.25 6165100
20041001 163.50 166.50 162.50 163.75 8118700
20041004 166.25 170.50 166.00 167.00 7642800
20041005 168.50 173.50 166.25 172.00 8396900
20041006 171.25 172.25 169.50 172.00 10091600
20041007 173.00 178.50 172.75 177.25 6838300
20041008 177.00 177.75 173.00 173.75 5228700
20041011 174.00 174.25 170.75 171.25 3089300
20041012 171.00 172.25 166.50 166.50 5354400
20041013 169.00 174.75 167.75 169.50 4879200
20041014 169.00 170.00 166.75 168.25 2445200
20041015 166.50 169.25 166.25 168.00 3381900
20041018 168.50 168.50 165.50 166.25 2594600
20041019 167.25 174.00 167.25 171.00 6543500
20041020 170.75 175.25 169.00 171.75 6224200
20041021 173.25 178.00 171.00 174.75 7384000
20041022 176.00 178.50 175.00 177.00 5286400
20041025 176.00 176.00 172.25 175.50 4571400
20041026 177.25 177.50 175.50 176.50 5320000
20041027 177.00 183.75 177.00 182.25 8368600
20041028 184.50 187.50 182.00 184.75 6535600
20041029 185.75 186.25 182.50 183.50 3846600
20041101 184.75 186.75 183.25 186.00 2493700
20041102 187.25 187.25 184.25 186.50 3216400
20041103 188.50 188.50 185.00 185.75 3884300
20041104 186.25 186.50 183.75 186.25 3227000
20041105 187.50 189.00 185.50 186.75 4016200
20041108 187.50 187.50 183.00 184.25 4395300
20041109 185.25 185.50 182.75 184.25 2967500
20041110 185.50 188.00 184.75 187.25 3353400
20041111 187.50 188.00 185.50 186.50 7116300
20041112 188.25 190.25 187.25 188.00 2555800
20041115 188.00 192.00 185.75 188.75 4454700
20041116 189.50 190.25 186.00 187.75 5616700
20041117 189.25 189.50 187.00 188.50 3482700
20041118 190.00 192.50 185.25 187.00 6374700
20041119 188.75 189.25 187.25 188.50 4608100
20041122 186.75 186.75 184.75 185.25 4186900
20041123 185.25 187.50 184.00 184.25 4698700
20041124 185.00 186.75 184.00 186.50 4306100
20041125 187.25 189.25 186.00 186.00 2467200
20041126 186.00 189.25 186.00 188.25 2609800
20041129 187.75 191.50 186.25 189.25 2460700
20041130 190.50 194.75 189.00 193.00 9556900
20041201 194.00 197.25 192.25 195.50 7645800
20041202 197.00 203.00 196.25 199.75 9730700
20041203 199.00 200.25 197.00 198.00 3315300
20041206 196.50 200.00 196.50 197.75 1775300
20041207 198.00 200.00 198.00 199.50 4645400
20041208 197.25 199.50 196.25 197.25 2825900
20041209 198.25 197.50 192.00 195.00 6348200
20041210 197.00 198.75 195.00 196.00 3018400
20041213 197.00 197.50 194.75 196.50 6566700
20041214 198.00 198.00 193.75 193.75 4081200
20041215 195.50 197.00 194.50 195.25 4384400
20041216 196.75 198.00 195.00 196.00 3673700
20041217 195.25 200.50 195.25 198.50 6362900
20041220 199.00 199.50 196.25 196.75 3885400
20041221 197.75 201.25 196.50 199.00 3555700
20041222 198.75 202.25 198.00 199.75 5591300
20041223 199.75 201.25 199.00 200.00 2766500
20041224 199.00 200.25 198.75 198.75 902100
20041227 198.75 198.75 198.75 198.75 0
20041228 198.75 198.75 198.75 198.75 0
20041229 198.00 203.00 198.00 202.00 2552900
20041230 201.75 203.75 201.75 203.50 2377600
20041231 201.25 203.00 200.00 202.25 316500
20050103 202.25 202.25 202.25 202.25 0
20050104 204.00 204.00 201.50 203.25 4621500
20050105 203.50 203.50 197.50 198.00 4903900
20050106 196.25 198.25 195.25 197.25 4538600
20050107 197.50 198.50 193.75 195.00 8794100
20050110 195.25 200.50 195.00 200.00 4741600
20050111 198.75 200.50 195.75 197.75 3881100
20050112 199.25 199.25 195.50 196.00 3124900
20050113 196.25 198.00 195.25 197.00 3190500
20050114 194.75 196.25 191.75 192.25 5957600
20050117 194.00 194.00 190.00 192.25 5422200
20050118 193.50 194.00 190.75 193.50 5066400
20050119 193.50 198.00 193.50 197.25 5791100
20050120 196.50 197.00 194.50 196.75 4067500
20050121 197.50 197.50 193.50 195.00 2041500
20050124 194.50 196.25 192.50 195.25 3958000
20050125 193.75 199.00 193.75 197.00 6711700
20050126 198.25 200.25 196.25 197.00 5606200
20050127 198.25 199.00 195.00 195.75 4276900
20050128 196.75 198.50 194.75 194.75 6142000
20050131 194.50 199.00 194.50 197.50 4563000
20050201 196.75 199.50 196.50 198.50 3627100
20050202 199.25 200.75 199.25 199.75 4841900
20050203 199.75 200.50 197.00 199.25 5628100
20050204 199.25 205.00 199.25 204.25 7019200
20050207 205.50 207.75 203.25 205.00 6384500
20050208 204.50 208.50 204.50 207.00 4700100
20050209 205.75 207.00 204.75 205.50 3533900
20050210 206.00 209.00 205.50 207.50 6040300
20050211 208.00 208.25 206.25 207.00 2291700
20050214 207.50 209.50 206.75 208.75 4137800
20050215 208.50 212.50 208.00 211.50 5508900
20050216 210.50 212.75 208.75 212.50 7097000
20050217 212.25 213.25 207.25 208.25 5451000
20050218 208.50 210.25 206.25 208.50 3772900
20050221 210.00 208.00 206.25 207.50 3081200
20050222 208.25 208.25 204.25 206.00 3240800
20050223 205.50 206.50 203.25 203.50 3766200
20050224 204.75 209.50 207.00 207.50 4315500
20050225 209.00 211.50 205.75 207.75 3052600
20050228 207.00 209.00 205.00 206.50 2742900
20050301 205.50 207.25 204.75 206.25 2598500
20050302 207.25 207.25 204.75 206.00 2078900
20050303 205.00 206.25 203.50 205.00 2615000
20050304 206.75 206.75 202.75 204.00 3257000
20050307 203.25 207.25 203.25 204.50 1519000
20050308 204.50 205.00 202.00 202.00 2713400
20050309 202.00 204.75 201.00 203.50 3208900
20050310 203.50 205.75 200.50 204.00 3797000
20050311 205.50 208.75 203.75 207.00 4827000
20050314 207.00 208.50 206.00 207.50 2593300
20050315 208.50 208.75 206.75 207.75 3581900
20050316 208.00 209.00 207.00 208.50 4539300
20050317 209.00 210.00 205.50 206.50 3641300
20050318 207.75 207.75 205.75 206.50 2540600
20050321 207.00 207.50 205.75 206.00 3315500
20050322 206.75 206.75 204.75 205.50 3130400
20050323 204.25 205.50 201.25 204.50 4139300
20050324 204.50 208.00 204.25 207.75 4493400
20050325 207.75 207.75 207.75 207.75 0
20050328 207.75 207.75 207.75 207.75 0
20050329 208.75 208.75 203.75 204.50 2468300
20050330 203.00 205.75 199.75 201.25 5336000
20050331 203.25 203.50 200.00 201.25 4517600
20050401 199.00 203.00 199.00 200.50 3773600
20050404 199.50 201.50 198.75 200.25 2804900
20050405 202.25 204.50 201.75 202.75 3451000
20050406 202.50 205.25 202.00 205.00 2605700
20050407 204.00 205.75 202.25 203.50 2681000
20050408 203.75 206.50 203.75 205.00 2794400
20050411 205.25 206.00 203.75 205.25 1330700
20050412 204.25 206.75 202.75 203.75 4429300
20050413 206.00 212.50 206.00 212.25 8394700
20050414 210.25 211.75 208.50 208.50 4487100
20050415 207.75 207.75 202.25 203.75 4088300
20050418 202.00 203.00 193.25 201.00 7223200
20050419 202.50 202.50 199.25 200.25 3110800
20050420 201.25 202.50 198.00 198.50 3259500
20050421 198.00 204.25 196.50 200.00 3744300
20050422 200.25 205.25 200.25 204.25 4112200
20050425 204.50 207.00 202.00 202.25 1806600
20050426 201.50 203.50 200.75 203.25 3251700
20050427 203.25 203.25 197.75 200.00 1869400
20050428 199.75 200.50 193.50 195.75 4456600
20050429 194.75 197.00 193.00 195.50 3797000
20050502 195.50 195.50 195.50 195.50 0
20050503 198.50 199.50 194.00 198.75 4063100
20050504 199.75 202.00 197.50 197.75 2687500
20050505 198.00 202.75 197.00 200.50 2965200
20050506 201.75 202.00 198.50 200.75 3892900
20050509 200.25 201.75 196.50 199.50 4489500
20050510 201.25 207.00 201.25 202.00 9654800
20050511 201.50 206.75 201.50 205.25 4591600
20050512 206.00 207.25 204.25 206.75 2831500
20050513 206.75 209.25 206.00 209.25 3691400
20050516 207.25 208.50 206.50 207.00 3184700
20050517 207.25 211.25 206.50 210.00 3501600
20050518 210.25 214.00 208.75 213.25 5501400
20050519 211.00 215.50 211.00 214.25 4164200
20050520 215.75 218.25 214.50 217.75 5130100
20050523 219.00 219.00 214.25 218.00 3531200
20050524 216.50 218.50 215.00 216.00 4254200
20050525 217.50 218.75 215.50 216.00 3577700
20050526 217.00 223.00 216.25 221.50 4525300
20050527 220.25 221.00 216.50 216.75 3301500
20050530 216.75 216.75 216.75 216.75 0
20050531 215.25 217.25 213.75 216.00 5602200
20050601 217.50 219.00 214.50 217.50 3310900
20050602 217.50 218.75 214.75 215.75 4056200
20050603 215.75 215.75 215.75 215.75 0
20050606 218.50 218.50 215.25 217.50 2331500
20050607 218.50 220.75 216.75 220.75 2501500
20050608 219.50 221.25 218.00 219.75 2492800
20050609 218.50 222.00 217.25 221.50 2449300
20050610 221.50 224.25 220.75 221.50 3183700
20050613 222.75 223.00 217.75 219.50 4139500
20050614 219.75 220.50 217.00 218.50 2628700
20050615 219.50 224.75 216.75 220.50 5806400
20050616 222.50 222.50 219.00 221.75 2812800
20050617 221.25 228.00 220.50 223.75 6202200
20050620 224.25 224.25 218.25 221.25 2377200
20050621 222.50 224.00 221.75 223.75 3817300
20050622 222.75 226.75 222.75 225.75 2678900
20050623 227.25 230.50 224.50 229.25 4192900
20050624 226.50 227.25 222.75 224.75 3548100
20050627 224.75 225.25 222.00 225.00 3224400
20050628 224.25 225.50 221.75 223.00 4443700
20050629 224.75 225.25 222.00 223.00 7122500
20050630 221.75 226.00 221.75 223.75 3505700
20050701 223.75 225.00 221.00 223.75 3519800
20050704 224.50 225.00 222.00 224.25 2127600
20050705 223.50 225.00 222.00 224.00 3160200
20050706 223.25 225.25 222.00 224.25 4064800
20050707 223.00 223.50 213.00 221.75 5200100
20050708 224.00 225.00 221.75 224.00 2328200
20050711 226.75 229.50 226.00 228.50 2950800
20050712 228.00 229.50 226.75 227.50 3840700
20050713 229.50 231.00 227.75 229.75 3554800
20050714 229.25 231.75 228.75 231.00 5584600
20050715 231.00 232.00 228.50 228.50 8152600
20050718 228.50 230.75 226.00 226.00 9665000
20050719 226.00 227.25 223.75 224.00 13993300
20050720 225.25 228.00 224.00 226.00 8769600
20050721 228.00 229.00 225.00 226.75 2974500
20050722 227.75 228.00 224.25 224.25 5405700
20050725 223.00 227.50 223.00 226.00 3389200
20050726 226.75 228.25 223.25 225.75 2906700
20050727 228.00 228.50 223.75 226.00 3903700
20050728 227.75 228.75 225.25 226.25 5157300
20050729 227.75 233.00 226.75 231.50 8982700
20050801 231.25 231.25 225.75 230.00 4739700
20050802 229.25 232.00 229.25 231.75 3944200
20050803 231.75 233.50 230.50 232.75 8870700
20050804 233.25 234.50 232.75 234.50 8827500
20050805 234.50 234.50 232.00 233.00 5485000
20050808 234.50 236.75 233.75 235.25 5221800
20050809 235.75 236.25 233.75 235.00 10289700
20050810 234.00 237.00 234.00 237.00 4111400
20050811 236.75 236.75 234.25 234.75 4412800
20050812 236.00 238.00 233.25 236.00 5707700
20050815 237.00 239.50 237.00 237.00 9921600
20050816 238.50 239.00 236.25 237.25 7040000
20050817 237.75 237.75 234.00 235.50 7159400
20050818 236.50 237.75 234.75 235.00 2564700
20050819 236.25 237.00 235.00 236.75 3274200
20050822 236.50 237.75 235.75 236.25 2196100
20050823 236.00 238.00 233.50 234.00 11021100
20050824 232.75 232.75 230.00 230.75 9514900
20050825 230.00 230.00 225.50 227.25 14648500
20050826 226.25 230.00 226.25 227.00 3688200
20050829 227.00 227.00 227.00 227.00 0
20050830 227.75 229.00 224.25 225.00 14386900
20050831 224.25 228.75 222.25 228.50 17831300
20050901 228.75 229.00 225.00 226.00 11861700
20050902 226.75 227.50 222.25 226.00 10017200
20050905 227.25 227.25 224.00 225.25 2791400
20050906 226.00 227.75 225.00 226.25 6893500
20050907 228.00 233.25 228.00 232.75 9521800
20050908 234.75 237.25 233.50 235.00 7998100
20050909 236.00 239.00 233.75 235.00 3412500
20050912 237.00 240.00 234.50 238.25 4953400
20050913 236.25 237.00 232.00 232.75 6332700
20050914 233.50 234.00 230.75 232.25 4392900
20050915 232.25 232.25 229.25 231.50 4803600
20050916 230.25 232.00 228.50 231.00 11453900
20050919 229.50 234.50 229.50 233.50 4573500
20050920 233.25 235.75 233.00 234.75 4091700
20050921 232.25 235.50 231.25 231.75 8910200
20050922 232.25 232.50 228.00 228.00 3236100
20050923 228.00 230.75 227.50 230.00 4085300
20050926 230.75 233.75 230.75 233.50 2551100
20050927 233.00 233.25 229.25 229.50 6380000
20050928 228.00 233.75 228.00 233.25 5905900
20050929 233.00 236.00 232.00 232.50 9534400
20050930 234.00 235.00 228.50 230.50 5935600
20051003 230.00 231.00 227.25 229.50 10213200
20051004 230.25 230.75 229.00 229.75 6675100
20051005 229.00 229.00 226.00 226.00 6527800
20051006 223.00 226.00 221.50 222.75 7594700
20051007 221.50 225.75 220.25 223.00 13964000
20051010 222.75 225.25 222.25 224.50 4795800
20051011 223.50 228.00 223.00 226.50 13948000
20051012 224.25 225.00 222.25 222.50 11880500
20051013 222.25 223.25 220.00 220.75 8286600
20051014 221.50 222.50 216.75 218.00 13122800
20051017 218.00 228.00 215.25 226.50 15907700
20051018 225.25 225.25 216.00 217.75 13125300
20051019 217.00 217.50 210.75 211.50 9654200
20051020 214.75 215.00 209.25 210.00 8963700
20051021 208.25 212.00 208.25 210.50 5431500
20051024 212.00 214.25 207.75 214.00 7854000
20051025 214.00 215.75 213.00 213.00 7608000
20051026 215.50 217.00 213.50 215.50 6088100
20051027 214.00 214.25 210.75 211.25 8186800
20051028 210.00 212.00 208.00 211.50 5911100
20051031 212.25 214.50 208.50 214.50 7037100
20051101 214.50 217.25 212.00 216.75 6544500
20051102 215.25 219.75 214.50 218.50 5686200
20051103 218.50 223.75 218.50 222.50 8259700
20051104 223.25 225.00 222.75 223.75 5978400
20051107 225.25 226.00 223.00 224.00 5495400
20051108 225.50 229.00 224.25 226.25 9082400
20051109 227.75 230.00 225.25 227.75 8345900
20051110 230.25 230.50 225.25 227.00 6185900
20051111 229.75 229.75 227.00 228.25 2115700
20051114 226.50 230.25 226.50 227.75 4460800
20051115 226.25 229.25 223.75 224.25 18723400
20051116 225.00 226.25 224.00 225.50 8762200
20051117 225.25 229.75 225.25 229.75 14626500
20051118 230.00 235.50 229.50 232.75 8843400
20051121 236.00 237.25 232.50 234.50 6140100
20051122 236.00 236.00 230.00 231.50 6728700
20051123 231.25 234.00 230.25 233.75 4645600
20051124 232.75 237.00 231.25 232.25 7169900
20051125 232.25 235.25 231.75 233.75 1481700
20051128 233.25 235.25 230.00 230.50 4650900
20051129 231.50 231.50 228.75 230.00 6784400
20051130 231.00 235.00 224.50 232.25 14999400
20051201 233.00 237.75 230.25 235.50 11628300
20051202 235.50 243.00 235.00 243.00 9963700
20051205 244.25 244.25 239.25 242.50 13424800
20051206 243.75 244.75 240.25 243.25 9392600
20051207 244.50 246.00 240.25 244.00 7313000
20051208 242.25 245.00 237.00 245.00 8006700
20051209 245.25 245.75 242.50 245.50 13185400
20051212 247.25 247.25 244.00 244.75 6167700
20051213 244.75 246.25 243.75 244.50 3868800
20051214 245.75 245.75 242.75 244.50 5564600
20051215 246.25 248.50 244.50 245.00 7931700
20051216 243.50 251.25 243.50 250.25 12639400
20051219 250.00 252.25 248.75 249.50 5576700
20051220 249.25 253.25 247.75 252.50 8278400
20051221 252.75 258.00 252.75 256.50 8017600
20051222 257.25 258.50 251.75 253.50 6137600
20051223 253.75 257.75 253.00 257.75 565700
20051226 257.75 257.75 257.75 257.75 0
20051227 257.75 257.75 257.75 257.75 0
20051228 260.00 260.00 254.00 256.00 2172700
20051229 254.75 259.75 254.25 259.50 2515400
20051230 258.50 259.75 257.00 258.00 775600
20060102 258.00 258.00 258.00 258.00 0
20060103 257.50 260.50 257.00 258.75 4216500
20060104 261.00 263.25 256.50 262.75 5608400
20060105 262.25 263.00 259.50 261.00 4101600
20060106 259.75 261.50 256.00 257.50 9301900
20060109 256.75 261.00 256.75 258.50 6965100
20060110 258.75 258.75 252.25 253.00 13638000
20060111 253.00 255.50 253.00 255.50 7409600
20060112 256.50 258.50 254.75 258.50 10130200
20060113 259.50 259.50 255.25 257.25 3216200
20060116 255.25 258.75 255.25 256.75 3631900
20060117 256.50 256.50 249.75 253.50 6479100
20060118 249.00 250.75 243.00 249.50 6746400
20060119 251.75 251.75 245.50 246.25 8288700
20060120 246.00 251.75 246.00 248.00 6392100
20060123 246.25 249.75 244.50 248.75 3976900
20060124 248.75 250.25 244.50 245.50 6454900
20060125 247.75 255.75 247.50 255.25 9927000
20060126 257.00 264.00 256.50 264.00 26443700
20060127 264.75 274.50 264.75 274.00 16383000
20060130 275.25 275.25 267.50 268.50 8253400
20060131 270.75 270.75 265.50 266.25 10797300
20060201 265.25 269.25 264.00 268.50 11503200
20060202 268.50 270.25 265.50 266.00 6670300
20060203 268.25 268.75 263.50 264.00 11909800
20060206 264.00 267.25 262.00 266.25 7625500
20060207 268.25 268.25 261.25 264.50 7701600
20060208 261.50 266.00 258.50 262.50 7450800
20060209 262.50 268.00 262.00 267.50 5307800
20060210 267.75 269.25 262.25 263.25 2655400
20060213 264.50 266.00 261.50 264.50 2136500
20060214 266.50 266.50 260.00 260.75 3467600
20060215 262.00 264.75 261.50 263.75 3242000
20060216 265.00 265.00 261.00 264.25 3153500
20060217 264.25 266.75 259.25 261.25 8531700
20060220 270.00 270.00 258.75 264.00 3468000
20060221 266.25 267.75 262.00 266.50 9033000
20060222 269.50 272.75 265.00 271.25 9318600
20060223 272.00 272.75 265.75 267.50 5085200
20060224 267.50 273.25 266.00 272.00 7620500
20060227 274.25 283.75 272.50 283.75 12790600
20060228 283.00 289.00 276.50 277.25 8744500
20060301 275.75 282.00 275.75 279.75 4350400
20060302 278.50 289.25 270.25 274.00 10945600
20060303 273.00 275.00 269.50 271.00 3475300
20060306 270.25 275.75 268.75 273.75 6094600
20060307 273.25 274.50 268.25 271.25 3985500
20060308 270.00 273.75 263.00 266.75 4687100
20060309 269.50 275.00 268.25 274.50 4722900
20060310 272.25 274.25 265.25 273.25 5040000
20060313 273.25 276.00 267.75 272.50 10378200
20060314 272.00 275.75 269.00 275.00 7199700
20060315 274.25 275.75 270.00 275.00 5127700
20060316 274.00 278.00 271.25 276.75 5183900
20060317 275.00 279.75 275.00 277.75 7748400
20060320 277.25 279.25 273.00 276.00 4847400
20060321 275.25 278.75 273.00 276.25 5810000
20060322 274.50 281.50 269.25 278.50 11077000
20060323 279.75 279.75 273.00 275.00 10028400
20060324 275.00 277.75 274.25 277.00 3742500
20060327 278.75 278.75 273.00 273.50 6539200
20060328 273.25 275.75 272.00 272.00 6117000
20060329 272.00 275.25 269.25 272.00 6353700
20060330 272.75 275.75 271.00 274.00 5844000
20060331 272.25 279.00 270.00 275.25 7312400
20060403 275.25 279.00 271.00 272.00 5024300
20060404 270.50 275.25 270.50 272.25 3598700
20060405 271.50 273.50 266.00 272.00 3191000
20060406 273.50 275.00 268.00 271.25 6793500
20060407 272.25 273.50 265.25 265.25 6273800
20060410 264.00 268.00 264.00 266.00 8086100
20060411 269.50 270.25 261.50 264.50 7639100
20060412 263.00 265.75 260.00 261.25 5022900
20060413 260.25 267.00 260.25 265.25 3985800
20060414 265.25 265.25 265.25 265.25 0
20060417 265.25 265.25 265.25 265.25 0
20060418 266.75 266.75 259.50 261.00 7078300
20060419 263.75 266.50 260.00 261.00 7860000
20060420 259.50 263.50 252.75 261.75 16858900
20060421 263.25 264.25 260.75 261.00 5698600
20060424 261.00 261.75 258.50 260.50 4028100
20060425 261.75 264.00 260.25 261.00 4208700
20060426 262.75 269.25 262.75 264.50 4791600
20060427 264.75 264.75 256.50 257.00 6343700
20060428 257.00 259.00 248.50 250.00 11574000
20060501 250.00 250.00 250.00 250.00 0
20060502 255.00 257.00 252.00 254.00 8797000
20060503 256.50 260.00 252.50 253.75 11974600
20060504 253.25 259.00 253.25 256.75 6077100
20060505 256.75 259.75 256.00 258.75 6453700
20060508 260.50 267.25 260.00 265.25 14937900
20060509 262.50 264.50 251.50 252.50 16652800
20060510 252.00 257.50 252.00 255.25 12341200
20060511 254.50 256.50 253.00 253.25 9399900
20060512 250.75 252.25 246.50 247.00 9133100
20060515 245.00 246.06 235.09 240.50 11404400
20060516 238.50 241.25 236.00 237.50 12302800
20060517 238.75 239.70 228.50 229.25 8683200
20060518 228.75 230.75 222.01 227.00 11096100
20060519 226.50 233.13 224.97 226.50 11048700
20060522 226.00 226.66 221.00 222.00 7907900
20060523 222.00 241.00 221.50 237.75 28967900
20060524 236.25 241.16 227.81 228.50 14659800
20060525 230.50 233.13 227.25 232.00 6720100
20060526 234.50 235.77 232.68 235.00 7700800
20060529 235.00 235.00 235.00 235.00 0
20060530 233.75 234.25 227.75 229.25 7790500
20060531 227.00 233.75 226.00 231.75 10374700
20060601 229.00 235.00 229.00 235.00 7742700
20060602 239.25 240.00 236.00 237.25 15236700
20060605 239.75 238.71 231.56 232.00 4008600
20060606 226.00 228.50 216.25 225.50 7591400
20060607 225.50 227.53 221.44 222.25 9119700
20060608 216.75 218.61 211.59 213.50 23720900
20060609 215.25 225.32 213.50 224.00 14279700
20060612 223.75 225.65 220.06 220.50 12629700
20060613 216.25 216.38 210.56 212.75 12973400
20060614 212.25 217.75 211.00 216.75 17694600
20060615 217.25 226.69 213.43 225.50 11697400
20060616 227.75 233.00 223.00 223.50 26512900
20060619 224.25 227.50 224.56 224.75 5768400
20060620 223.50 225.00 222.50 225.00 3401000
20060621 224.75 227.65 221.91 223.75 9934700
20060622 227.25 226.93 220.00 221.75 8545700
20060623 223.00 224.77 222.94 223.75 9062500
20060626 224.00 229.25 222.75 224.25 11664300
20060627 224.75 225.75 219.28 219.50 9709900
20060628 218.00 228.62 218.80 225.25 11919800
20060629 227.50 227.50 223.00 226.00 5363800
20060630 228.25 233.00 227.75 230.75 12404400
20060703 232.00 236.25 231.50 236.25 8731400
20060704 237.00 237.00 234.50 236.50 7165400
20060705 236.50 240.00 232.50 233.25 7672500
20060706 234.25 234.25 228.50 229.50 7510100
20060707 227.75 230.75 225.75 229.00 11969500
20060710 229.50 229.50 226.00 227.00 6198300
20060711 227.00 227.25 224.50 225.25 11923700
20060712 225.75 227.25 223.75 224.50 9085600
20060713 222.75 224.00 213.50 214.00 17593400
20060714 210.25 218.25 209.75 214.75 18350800
20060717 216.00 217.50 210.25 211.25 6394300
20060718 208.50 208.50 202.75 204.75 30770700
20060719 206.50 214.25 206.50 212.25 12577300
20060720 215.25 215.25 209.00 210.50 12763900
20060721 209.25 210.00 205.50 205.75 7274600
20060724 206.00 212.25 206.00 211.75 7255800
20060725 212.25 215.75 210.75 213.25 10182200
20060726 213.25 218.25 212.00 217.00 9818900
20060727 219.00 232.75 216.00 230.00 26395100
20060728 227.75 231.50 227.00 230.25 16377400
20060731 232.00 234.50 229.50 232.50 12191000
20060801 229.00 233.00 227.50 228.25 13567500
20060802 229.50 230.75 228.00 230.00 16490900
20060803 230.00 230.00 230.00 230.00 0
20060804 231.00 231.00 227.25 229.25 12921400
20060807 225.75 228.00 223.00 223.00 9263600
20060808 223.75 227.00 221.75 222.00 14031300
20060809 220.00 226.50 215.50 222.25 15577900
20060810 219.25 221.75 216.50 220.00 8529300
20060811 220.75 221.00 217.75 218.75 5535700
20060814 221.25 221.50 219.00 220.50 6411300
20060815 221.25 227.25 220.00 226.00 6078700
20060816 223.25 229.25 223.00 228.50 11088700
20060817 229.25 238.00 229.25 235.00 16132800
20060818 235.00 235.50 229.50 230.50 8449500
20060821 229.25 231.50 227.75 230.00 4751300
20060822 231.75 232.75 229.00 229.25 3717700
20060823 230.50 238.00 229.50 233.50 13521400
20060824 235.25 235.25 230.75 232.25 4847500
20060825 231.75 235.00 231.50 233.00 5206600
20060828 233.00 233.00 233.00 233.00 0
20060829 233.00 237.25 233.00 235.50 7912400
20060830 235.50 240.25 235.50 239.00 5010000
20060831 241.00 244.50 237.75 239.25 23252000
20060901 241.50 245.25 241.00 241.75 10630900
20060904 241.00 246.50 238.25 245.75 7802000
20060905 245.25 245.75 242.25 243.75 4558100
20060906 245.25 245.25 240.25 242.00 7326500
20060907 240.25 241.25 235.25 237.00 13898200
20060908 236.50 244.50 236.00 242.50 7717900
20060911 242.25 242.25 238.75 242.00 7151500
20060912 243.00 248.75 243.00 247.25 12602100
20060913 246.50 250.75 246.25 250.00 6790700
20060914 249.25 253.25 246.75 247.50 6356900
20060915 246.75 253.25 246.75 252.25 7125400
20060918 253.00 256.25 250.50 254.25 6095300
20060919 254.50 254.50 250.50 251.00 9037500
20060920 250.00 253.75 249.50 253.50 10236400
20060921 253.50 258.25 251.75 256.00 6151900
20060922 253.50 255.00 250.00 251.00 4581700
20060925 251.00 254.25 250.00 251.00 5556800
20060926 251.00 254.50 251.00 252.75 5758100
20060927 252.50 255.25 251.00 252.50 9144700
20060928 251.75 255.25 251.75 253.00 5906200
20060929 254.25 254.75 250.25 251.25 6075800
20061002 253.00 253.00 240.25 248.25 5971800
20061003 249.00 250.00 242.50 245.75 10996500
20061004 247.50 248.25 245.00 247.25 6554800
20061005 255.00 255.00 243.50 244.50 20841900
20061006 244.75 245.25 237.25 237.25 63063700
20061009 235.75 239.50 233.25 239.00 9816400
20061010 240.75 244.00 238.00 243.00 10129500
20061011 241.75 248.00 241.00 246.00 9301100
20061012 245.25 250.25 244.25 250.00 15102300
20061013 249.00 253.00 248.75 249.25 13961700
20061016 250.75 255.50 249.25 254.50 22833200
20061017 252.50 254.25 246.75 247.00 18736000
20061018 247.00 249.25 243.50 244.75 10803800
20061019 244.75 247.25 242.25 243.25 14738000
20061020 242.75 246.00 242.50 244.50 7723600
20061023 244.25 244.25 240.50 243.25 6795900
20061024 244.25 245.75 240.25 241.00 4628600
20061025 240.00 241.25 239.00 239.75 5641700
20061026 239.50 244.00 239.00 242.25 5898600
20061027 242.00 243.00 237.00 238.75 8273500
20061030 237.50 240.25 234.75 238.50 7663800
20061031 237.00 240.00 235.50 240.00 8783400
20061101 238.25 241.00 238.00 238.50 10449000
20061102 236.50 239.00 228.00 232.50 26476300
20061103 232.00 234.25 227.50 232.75 22608600
20061106 235.00 237.00 233.00 236.75 16876900
20061107 236.25 243.50 236.25 243.00 19118300
20061108 243.25 243.25 239.00 241.50 6984600
20061109 243.25 245.50 241.00 244.50 9555700
20061110 243.75 244.25 240.75 241.75 8458700
20061113 240.75 243.50 240.50 241.75 5702800
20061114 241.75 245.00 241.50 243.50 7823000
20061115 246.00 250.00 244.00 249.25 14504200
20061116 247.75 251.00 247.75 249.25 6645500
20061117 250.50 251.50 246.50 246.50 3966400
20061120 244.00 250.25 244.00 250.00 4507900
20061121 249.00 252.25 248.00 251.00 8247300
20061122 250.50 253.00 250.00 252.00 6354200
20061123 253.75 253.75 247.75 249.50 6999300
20061124 249.50 249.50 244.00 246.25 9306700
20061127 245.75 246.00 239.00 240.25 9426500
20061128 240.25 241.75 237.25 241.00 8849400
20061129 245.00 261.75 245.00 259.00 43019800
20061130 258.75 262.00 255.00 256.25 22424100
20061201 258.75 265.00 253.00 256.25 16833700
20061204 255.50 257.75 253.50 255.75 8574700
20061205 255.00 259.00 254.50 256.50 5265900
20061206 254.75 258.25 253.75 253.75 8738000
20061207 252.75 257.25 251.75 254.75 10701500
20061208 252.50 256.50 252.50 255.25 10464900
20061211 257.25 259.25 256.00 258.25 11098600
20061212 257.50 259.00 257.00 257.75 10833400
20061213 256.75 260.50 255.25 259.50 11200500
20061214 258.25 264.00 258.25 263.00 9983600
20061215 263.00 266.50 263.00 264.25 11684500
20061218 262.00 265.25 262.00 264.00 7790800
20061219 261.75 267.50 261.50 267.50 21944600
20061220 268.25 269.75 265.75 267.25 10830500
20061221 266.75 269.00 265.50 268.25 4439400
20061222 269.00 274.00 267.50 268.75 4692300
20061225 268.75 268.75 268.75 268.75 0
20061226 268.75 268.75 268.75 268.75 0
20061227 268.00 273.25 268.00 273.00 3402400
20061228 270.50 272.75 268.00 270.50 3208600
20061229 267.50 272.75 267.50 271.00 1869000
20070101 271.00 271.00 271.00 271.00 0
20070102 274.00 274.00 269.25 272.00 5950100
20070103 270.50 272.00 269.75 271.00 5883400
20070104 270.25 270.25 265.00 265.50 14737800
20070105 263.00 268.75 262.50 266.50 11826200
20070108 268.00 269.00 266.50 268.25 4840900
20070109 267.50 270.75 267.00 269.75 11740900
20070110 267.50 272.50 266.75 271.50 10130400
20070111 271.50 277.75 270.75 277.50 16200900
20070112 275.00 276.50 272.75 275.00 17963900
20070115 275.50 278.50 275.50 277.00 13074400
20070116 275.75 279.50 275.75 277.75 7885200
20070117 276.50 277.50 274.25 275.50 12591800
20070118 275.00 276.50 273.50 274.00 12293500
20070119 273.50 275.25 269.25 274.50 12583500
20070122 274.25 277.50 274.00 274.75 4552100
20070123 275.50 276.00 272.50 272.75 10701100
20070124 272.25 273.00 269.25 271.75 10152600
20070125 270.75 276.25 270.25 275.00 12364900
20070126 274.00 275.25 270.25 272.00 13576400
20070129 273.50 275.00 272.25 274.00 10050100
20070130 274.00 274.75 272.25 273.00 9693200
20070131 273.25 273.25 269.00 269.25 17384200
20070201 269.00 277.75 269.00 277.00 17464300
20070202 275.50 275.50 271.25 272.00 14510600
20070205 270.75 273.25 270.25 272.00 7006700
20070206 272.00 274.50 270.75 272.25 12605600
20070207 270.00 271.75 269.00 270.75 10105200
20070208 271.75 272.00 267.25 267.75 11088700
20070209 270.25 271.50 267.75 267.75 8758100
20070212 265.00 266.25 263.50 263.50 11902100
20070213 262.75 264.50 262.75 264.00 8332200
20070214 263.75 265.75 263.50 265.00 10507700
20070215 266.25 266.25 259.25 263.50 26357400
20070216 264.50 266.00 263.50 264.75 7614800
20070219 265.75 265.75 263.50 263.75 5718000
20070220 265.25 265.25 262.25 263.75 14973900
20070221 265.75 267.75 263.75 264.25 12803000
20070222 266.75 267.00 261.75 262.50 9132600
20070223 264.00 264.00 261.25 263.00 14626900
20070226 261.75 263.75 261.75 262.75 5680100
20070227 260.25 262.50 257.00 259.50 21344900
20070228 255.25 261.00 254.50 257.00 22344200
20070301 255.75 262.50 255.00 258.50 24993700
20070302 258.00 262.00 255.50 258.00 38840800
20070305 252.00 254.75 246.75 252.50 16750800
20070306 254.00 261.25 250.50 260.00 18523800
20070307 258.50 262.75 256.50 261.50 23783400
20070308 262.00 266.25 261.50 263.25 25061500
20070309 262.25 264.25 259.00 261.25 10329400
20070312 264.25 264.25 259.50 261.25 8920200
20070313 259.75 262.50 259.75 260.25 9263400
20070314 256.00 257.50 251.00 251.00 15351300
20070315 254.75 259.00 253.75 257.25 10285500
20070316 255.50 258.25 255.25 256.50 6265600
20070319 259.00 260.75 256.00 259.75 3892300
20070320 260.50 261.00 255.75 258.00 4357200
20070321 258.25 262.50 257.00 260.75 10827600
20070322 263.75 266.25 262.25 265.00 7790800
20070323 265.50 266.00 261.75 262.00 15214400
20070326 260.50 263.25 258.00 259.25 11703400
20070327 261.75 262.00 257.25 258.25 8822200
20070328 256.50 260.00 256.50 258.50 7622600
20070329 260.00 260.00 257.00 257.00 20777500
20070330 256.25 259.25 255.00 258.25 10221300
20070402 258.75 259.50 255.50 257.00 5150400
20070403 259.00 260.00 256.75 258.75 8941900
20070404 258.00 261.00 257.50 260.25 10992200
20070405 259.25 261.75 259.25 260.75 4647500
20070406 260.75 260.75 260.75 260.75 0
20070409 260.75 260.75 260.75 260.75 0
20070410 260.00 261.25 259.00 259.50 7805500
20070411 260.00 264.25 257.50 259.75 10348700
20070412 260.00 260.25 257.75 259.25 10720900
20070413 260.75 260.75 256.25 257.00 9197500
20070416 259.00 260.00 257.00 259.75 9329900
20070417 259.75 260.00 257.50 258.75 6808200
20070418 257.50 260.25 257.25 259.00 7550300
20070419 256.50 258.50 255.00 258.00 4079300
20070420 258.50 262.00 258.50 259.25 10565800
20070423 261.00 261.00 258.00 259.25 7918900
20070424 258.75 260.00 256.75 259.25 13570900
20070425 259.50 261.75 258.50 260.00 13524000
20070426 262.75 264.00 260.50 263.50 10346000
20070427 264.25 265.75 262.50 264.25 10048200
20070430 262.50 267.25 262.50 264.50 6359300
20070501 264.00 265.00 261.25 262.75 4824200
20070502 265.25 265.25 260.25 263.75 19096600
20070503 262.75 264.25 262.50 263.25 17615900
20070504 263.25 267.25 262.75 266.00 10024300
20070507 266.00 266.00 266.00 266.00 0
20070508 265.25 270.00 263.25 268.25 8147000
20070509 265.00 267.00 253.75 262.25 39273100
20070510 261.25 263.00 254.00 255.00 13517100
20070511 254.50 259.00 251.50 257.75 13762200
20070514 259.00 259.00 252.50 255.25 9761200
20070515 255.75 255.75 252.00 254.50 13575200
20070516 252.50 253.75 250.25 251.25 6978200
20070517 251.25 252.50 247.50 247.50 12743000
20070518 249.00 253.25 247.50 252.25 21393000
20070521 252.75 252.75 249.00 250.25 7141000
20070522 250.75 250.75 247.50 249.00 12499400
20070523 248.50 251.75 248.25 250.50 9098100
20070524 249.00 251.00 246.25 246.75 11919500
20070525 246.00 247.25 243.75 244.25 9647300
20070528 244.25 244.25 244.25 244.25 0
20070529 245.00 249.25 245.00 248.00 4986100
20070530 247.00 248.00 245.25 248.00 5474200
20070531 251.00 251.75 249.00 251.25 6932600
20070601 251.25 251.25 251.25 251.25 0
20070604 250.25 252.50 248.50 249.50 4126000
20070605 251.00 251.00 246.50 248.00 10747400
20070606 249.00 249.00 242.50 242.50 4905500
20070607 243.50 245.25 239.25 240.25 12814200
20070608 240.25 241.75 236.50 240.50 8333800
20070611 241.25 243.00 239.75 240.25 7283800
20070612 238.50 240.75 237.50 237.75 7773900
20070613 236.25 240.75 236.25 239.75 11544500
20070614 243.00 245.00 241.25 245.00 8623800
20070615 246.00 250.25 245.25 250.25 17678900
20070618 249.75 251.75 248.50 249.25 15755900
20070619 249.25 250.50 247.25 247.25 12342800
20070620 248.00 252.25 248.00 249.25 12584000
20070621 247.00 248.25 241.00 241.00 25283400
20070622 241.00 242.50 236.75 236.75 15113300
20070625 236.00 239.75 233.75 239.50 15332900
20070626 237.75 238.00 232.50 234.75 20718700
20070627 234.25 234.75 231.00 232.00 10691700
20070628 233.50 235.00 232.75 234.75 9127300
20070629 234.25 236.75 231.25 234.50 9179200
20070702 232.50 234.25 231.75 232.50 8193600
20070703 233.00 237.50 232.50 236.25 8406600
20070704 235.50 237.75 232.75 234.75 9271200
20070705 235.75 236.00 232.50 235.00 32429200
20070706 236.25 238.50 235.50 237.75 20038300
20070709 239.50 240.00 236.25 236.50 10931600
20070710 237.00 238.50 236.75 236.75 11948800
20070711 235.00 237.25 234.25 236.25 18587700
20070712 238.25 239.00 236.75 238.50 14172800
20070713 241.25 242.25 238.50 239.75 14753300
20070716 238.75 241.50 237.75 238.75 3870300
20070717 239.25 239.25 235.50 236.75 5190100
20070718 235.00 239.50 235.00 236.00 7043200
20070719 238.50 242.25 237.00 241.00 6473100
20070720 241.25 241.25 236.00 236.00 6239200
20070723 235.25 241.50 235.25 239.75 7352900
20070724 238.50 240.25 233.75 234.00 8982000
20070725 232.50 235.00 231.75 233.00 9819000
20070726 235.00 235.50 227.00 227.50 16851400
20070727 226.00 232.00 224.75 227.00 12775700
20070730 226.50 229.25 224.75 227.50 6743100
20070731 228.00 232.25 227.25 231.25 8275000
20070801 226.50 229.75 225.75 228.00 8795200
20070802 228.75 232.25 228.25 230.50 5506200
20070803 232.50 232.50 227.25 228.25 4605700
20070806 226.75 228.25 225.75 226.75 6165000
20070807 227.75 232.75 227.75 232.75 5846300
20070808 235.25 248.75 233.00 243.75 15716800
20070809 243.00 250.75 242.50 244.00 25084600
20070810 242.00 249.00 235.00 235.50 21030000
20070813 238.25 244.00 234.50 236.50 9933000
20070814 232.75 235.75 229.50 230.50 10849000
20070815 228.25 232.25 228.00 230.50 7788400
20070816 226.00 229.00 220.00 220.50 8219300
20070817 220.25 233.50 220.25 230.00 9691300
20070820 230.00 233.25 225.75 226.50 4100700
20070821 226.50 229.50 225.25 228.50 5940300
20070822 229.75 232.00 225.75 229.75 5616900
20070823 232.75 234.50 226.00 226.00 12476800
20070824 226.75 234.00 226.75 233.25 12299500
20070827 233.25 233.25 233.25 233.25 0
20070828 234.50 234.50 228.25 229.00 4814500
20070829 229.00 232.50 226.25 231.00 3989100
20070830 231.75 236.00 230.00 233.50 6453800
20070831 235.75 236.50 232.25 236.25 6685900
20070903 238.50 238.75 234.75 236.75 4202500
20070904 235.50 241.50 235.50 241.25 4137900
20070905 239.25 240.00 235.25 236.00 5440000
20070906 238.50 240.25 235.00 238.75 5871800
20070907 242.00 252.00 240.00 243.00 17226900
20070910 245.25 245.25 239.75 240.25 7510100
20070911 241.75 246.25 241.50 246.00 4570300
20070912 245.00 247.75 241.25 243.75 3464000
20070913 243.00 246.00 241.75 245.75 6936800
20070914 243.00 245.75 241.75 243.25 12185300
20070917 243.50 256.50 241.50 250.00 16131200
20070918 248.50 252.75 245.75 248.75 9740100
20070919 255.00 255.00 244.25 248.75 14506200
20070920 246.75 251.25 246.50 249.50 15047400
20070921 247.50 256.50 247.50 255.75 11647200
20070924 254.00 258.75 253.25 256.75 11660200
20070925 256.50 259.75 252.50 255.00 32759700
20070926 257.00 257.00 252.75 253.25 9652100
20070927 255.00 255.00 247.75 250.50 14639700
20070928 251.50 252.50 247.50 249.25 7491900
20071001 247.00 252.25 246.00 250.75 7649700
20071002 251.50 253.25 246.25 251.75 9049600
20071003 253.50 254.25 248.00 249.75 8303600
20071004 248.25 250.25 247.50 247.75 6488900
20071005 247.50 249.00 244.75 246.75 5156400
20071008 251.00 251.00 246.00 249.25 5533000
20071009 249.00 250.75 247.00 248.00 4226700
20071010 249.25 254.25 247.00 251.75 6295000
20071011 249.75 250.00 230.25 243.25 34526300
20071012 242.75 246.00 238.25 246.00 22557200
20071015 247.00 247.00 243.50 243.50 5263800
20071016 241.75 245.50 241.75 243.00 7591800
20071017 242.50 244.75 241.75 244.75 8590700
20071018 246.00 246.00 239.75 239.75 9997200
20071019 238.25 241.00 236.50 237.00 3110900
20071022 233.75 240.00 231.75 237.25 7059200
20071023 238.25 242.00 237.50 238.25 5193500
20071024 237.50 240.75 237.50 238.25 4213600
20071025 242.00 242.00 238.00 240.75 3257600
20071026 240.25 242.50 238.50 241.25 2893700
20071029 244.25 244.75 239.00 241.25 4127200
20071030 241.50 242.25 238.25 241.00 9417400
20071031 241.75 242.50 239.25 242.00 3433400
20071101 241.00 243.50 238.00 241.00 7220700
20071102 240.25 242.00 238.00 239.00 5646900
20071105 239.00 241.50 237.25 240.00 4923600
20071106 240.50 242.50 239.00 240.00 2632200
20071107 240.50 242.00 235.00 236.00 4286600
20071108 236.00 236.00 230.00 230.00 7323100
20071109 232.75 232.75 223.25 225.00 9546700
20071112 225.00 227.25 214.75 216.50 16800700
20071113 214.00 218.00 212.00 217.00 8607700
20071114 218.00 220.50 217.25 218.75 7441300
20071115 219.00 219.25 212.00 212.00 6446600
20071116 211.75 214.25 210.00 212.50 7755200
20071119 212.00 216.00 204.00 204.00 5894600
20071120 206.25 207.50 201.50 204.75 9894500
20071121 203.00 206.25 199.90 202.00 8399900
20071122 203.75 207.25 199.70 206.75 8177700
20071123 207.75 211.00 207.00 208.00 7727500
20071126 210.75 212.00 202.50 202.50 8538400
20071127 200.25 202.75 193.70 193.70 11844500
20071128 198.00 217.00 196.70 213.00 25742000
20071129 212.75 217.25 208.25 210.75 13420800
20071130 210.75 219.25 210.50 215.75 15078400
20071203 214.50 216.50 212.25 212.75 7040100
20071204 212.00 214.50 202.25 203.00 13583100
20071205 203.50 209.75 203.00 208.75 11282900
20071206 208.00 215.75 208.00 212.75 7247900
20071207 213.00 217.50 211.50 216.25 6444400
20071210 214.25 218.75 214.25 217.25 5217400
20071211 217.25 223.75 217.25 222.00 7191000
20071212 220.25 224.00 218.50 220.00 6588800
20071213 218.75 223.00 217.00 220.75 13245500
20071214 221.75 223.25 219.50 222.00 7509700
20071217 219.00 222.25 218.00 220.25 6667900
20071218 219.25 222.75 219.25 222.00 8950400
20071219 223.25 224.00 220.75 220.75 5822200
20071220 221.00 224.50 220.25 223.00 7413900
20071221 225.00 229.25 224.00 227.00 6540800
20071224 227.00 228.75 224.50 228.00 324800
20071225 228.00 228.00 228.00 228.00 0
20071226 228.00 228.00 228.00 228.00 0
20071227 229.00 230.00 227.75 228.75 1720200
20071228 228.25 231.25 227.00 229.75 1664600
20071231 226.25 231.25 226.25 230.00 703300
20080101 230.00 230.00 230.00 230.00 0
20080102 228.25 233.00 227.75 228.75 3129100
20080103 227.00 230.25 225.00 230.00 6232600
20080104 229.00 233.75 223.50 224.75 7964900
20080107 224.75 226.00 221.00 222.75 8878000
20080108 223.75 224.25 221.25 222.25 5665900
20080109 217.50 218.00 212.25 214.00 22474600
20080110 214.50 216.00 210.50 212.50 8786200
20080111 211.75 213.25 207.75 210.25 9166100
20080114 208.50 218.25 208.00 215.75 9446900
20080115 215.75 217.75 212.25 215.75 13047200
20080116 213.25 217.75 209.75 211.75 11280800
20080117 214.75 219.50 212.75 215.50 13479900
20080118 217.00 230.75 212.00 228.50 15316700
20080121 226.50 231.75 221.00 221.50 13787500
20080122 216.25 232.50 210.50 227.75 21449900
20080123 232.00 232.00 213.00 216.00 20231600
20080124 222.50 224.50 214.50 217.25 13677900
20080125 220.00 220.50 214.00 216.00 12477000
20080128 212.25 215.00 205.00 207.75 11658500
20080129 210.00 219.00 208.75 218.00 23628700
20080130 217.50 218.75 213.75 214.00 7348600
20080131 212.25 222.25 208.50 220.50 9763600
20080201 221.75 231.25 221.25 222.75 24321900
20080204 224.50 231.25 223.25 229.25 5862600
20080205 227.00 229.75 221.75 223.00 9350400
20080206 218.25 222.00 215.50 221.00 7474700
20080207 221.00 221.00 214.50 217.50 6593300
20080208 220.75 220.75 213.00 216.75 6083500
20080211 214.00 216.75 211.00 214.75 5414800
20080212 216.75 224.00 214.00 223.50 5206400
20080213 222.00 223.50 218.50 222.50 4283300
20080214 223.50 226.25 222.00 223.25 4005700
20080215 223.00 226.00 214.00 215.00 5586600
20080218 215.00 220.00 215.00 217.00 4521600
20080219 215.25 220.25 213.50 216.00 6445800
20080220 214.50 216.25 212.00 214.25 4309900
20080221 215.00 219.25 213.75 217.25 4515800
20080222 210.00 212.50 205.50 208.00 12621600
20080225 209.25 211.50 208.00 211.50 5554600
20080226 213.00 217.00 211.25 216.75 5052300
20080227 216.75 219.00 214.25 216.75 4417400
20080228 217.00 219.50 208.00 209.25 5001300
20080229 209.50 211.00 196.70 197.50 11288800
20080303 196.00 201.50 193.00 200.25 22883400
20080304 201.75 201.75 196.50 199.00 6632600
20080305 201.00 205.00 198.60 204.25 6523200
20080306 205.50 205.75 200.50 200.75 19669100
20080307 197.40 203.25 197.40 199.80 6038700
20080310 199.90 200.75 197.00 197.50 40200100
20080311 198.70 202.25 195.80 199.60 8934100
20080312 204.00 206.75 202.00 205.25 8706200
20080313 201.75 204.50 199.00 201.50 7342700
20080314 203.75 203.75 196.50 196.50 8110700
20080317 193.00 195.00 189.00 191.00 7537600
20080318 192.30 194.70 191.20 192.90 12630300
20080319 195.60 197.40 187.80 188.90 11359500
20080320 186.40 191.50 185.10 187.10 9590100
20080321 187.10 187.10 187.10 187.10 0
20080324 187.10 187.10 187.10 187.10 0
20080325 193.50 194.50 191.10 192.90 10022800
20080326 192.80 193.60 191.00 191.80 6349100
20080327 191.00 194.00 189.00 192.60 12858300
20080328 193.00 193.00 188.20 190.30 8589200
20080331 189.50 190.10 186.00 188.10 9218200
20080401 188.30 201.25 188.20 200.75 15108600
20080402 202.50 205.75 199.90 205.50 7061200
20080403 204.75 206.50 200.75 202.25 11358600
20080404 203.50 204.00 201.50 203.25 6679000
20080407 203.25 208.00 203.25 208.00 5618600
20080408 206.50 206.75 195.00 196.60 11635900
20080409 196.70 201.00 196.00 198.70 6590200
20080410 199.00 199.00 192.80 195.70 11363500
20080411 193.70 199.50 189.20 198.50 18170800
20080414 195.80 196.40 188.50 192.40 13415800
20080415 192.90 194.00 190.80 191.00 5672600
20080416 192.30 199.30 192.30 199.00 8410400
20080417 198.60 201.75 198.00 200.75 8457700
20080418 202.75 209.25 202.50 208.50 7457900
20080421 208.50 209.25 203.50 204.25 4985400
20080422 202.25 205.50 202.25 202.50 5403800
20080423 204.25 206.50 200.75 203.50 7682800
20080424 202.50 204.00 197.80 201.25 6923700
20080425 202.25 206.00 201.25 205.00 8309700
20080428 201.00 202.50 200.25 201.25 4411200
20080429 200.00 202.25 199.40 201.00 4709100
20080430 201.50 201.50 197.60 197.80 8334800
20080501 199.40 203.25 198.60 200.75 2548900
20080502 203.00 207.25 203.00 206.00 6375800
20080506 204.50 205.50 202.00 203.50 4633000
20080507 203.50 211.50 203.50 211.00 7974300
20080508 215.00 228.00 211.75 226.50 14262200
20080509 224.50 224.75 212.75 213.75 12824900
20080512 214.00 220.00 213.50 218.00 8111300
20080513 218.75 220.75 217.50 219.00 6391000
20080514 218.75 225.75 218.00 225.00 8968600
20080515 223.75 224.25 218.75 220.00 4738300
20080516 221.00 225.75 221.00 224.00 5028100
20080519 223.50 228.50 222.00 227.75 5050000
20080520 226.75 228.25 219.75 219.75 6601100
20080521 221.00 223.75 215.75 216.75 5407800
20080522 215.25 223.00 215.00 221.50 4832300
20080523 221.75 222.75 217.75 217.75 3469300
20080527 218.25 222.25 215.75 220.75 4560400
20080528 222.50 226.25 222.50 225.75 5729400
20080529 226.75 227.25 224.25 225.00 4208700
20080530 226.75 229.00 224.50 225.00 4829200
20080602 224.00 228.00 222.25 227.00 3922700
20080603 226.00 227.50 221.25 223.50 6641200
20080604 222.50 226.00 220.50 224.75 4354600
20080605 225.75 229.50 224.75 225.75 5119200
20080606 227.00 228.75 221.50 221.75 4279000
20080610 217.75 220.25 215.50 216.00 7757400
20080611 217.00 218.00 212.75 215.25 5371500
20080612 214.50 221.75 214.50 221.75 3538100
20080613 221.25 223.25 219.00 222.75 5207700
20080616 223.00 224.25 218.50 219.25 3729700
20080617 221.25 226.00 220.75 220.75 5417300
20080618 219.25 220.25 214.25 216.00 6455000
20080619 214.00 217.50 211.75 212.25 7224300
20080620 213.25 215.25 209.00 209.75 9977000
20080623 207.75 211.50 207.50 210.50 3833600
20080624 210.00 211.50 204.25 210.00 5419700
20080625 209.50 215.00 209.50 215.00 3744700
20080626 213.75 214.25 207.00 207.50 5519000
20080627 207.75 209.75 204.50 208.00 5331200
20080630 207.50 210.50 205.75 209.00 4346900
20080701 206.75 208.50 202.25 206.25 5513300
20080702 206.75 206.75 197.50 197.50 10376000
20080703 196.40 198.00 191.20 191.20 13640600
20080704 194.50 195.90 192.80 193.50 7783100
20080707 196.00 198.70 192.60 198.70 6417300
20080708 194.20 198.60 191.90 197.80 7082700
20080709 200.75 203.00 198.10 202.25 4464100
20080710 198.90 205.00 198.60 200.50 7864700
20080711 201.00 202.25 191.10 191.20 6431800
20080714 194.40 197.70 193.30 195.20 3859300
20080715 194.30 196.00 187.10 193.10 7866200
20080716 193.30 199.80 193.20 199.20 6339100
20080717 204.00 210.00 201.00 209.00 8421900
20080718 208.50 212.75 205.75 207.75 8662700
20080721 208.25 208.25 203.50 204.75 5496900
20080722 201.75 205.25 196.60 204.00 9559200
20080723 208.00 208.00 200.75 204.00 8947800
20080724 205.00 205.50 199.60 201.50 4319200
20080725 198.10 202.25 197.50 201.00 5246500
20080728 197.40 197.80 193.20 194.20 9790200
20080729 191.50 200.25 190.60 199.50 4630100
20080730 201.00 202.50 197.00 201.75 4068700
20080731 200.50 201.50 195.10 195.90 7300900
20080801 195.50 199.30 193.90 197.90 6458800
20080804 200.50 202.50 196.00 197.70 7620700
20080805 199.20 205.00 197.00 200.75 5132200
20080806 201.75 205.00 197.80 200.75 6073900
20080807 200.75 203.25 198.60 199.00 5707000
20080808 198.60 203.00 197.70 202.00 2798700
20080811 201.00 204.75 200.50 204.75 4007600
20080812 203.50 205.75 202.00 203.00 3476600
20080813 202.00 203.00 199.80 199.80 3938600
20080814 200.75 204.50 198.20 204.00 4850600
20080815 205.50 208.00 202.75 206.00 5788800
20080818 205.00 205.50 202.25 202.75 2834400
20080819 201.50 201.75 199.20 200.50 3378000
20080820 200.00 203.75 199.40 202.50 4836000
20080821 200.00 204.50 199.80 202.75 5642700
20080822 204.00 205.75 202.00 205.50 4549400
20080826 203.75 206.25 202.00 204.75 3986600
20080827 204.00 207.50 203.25 206.00 5698700
20080828 205.75 208.50 203.75 207.00 7187700
20080829 208.00 211.50 204.75 210.00 6215800
20080901 211.00 211.00 205.75 210.00 2052900
20080902 209.50 219.50 209.50 216.50 8166100
20080903 213.50 218.00 212.00 213.25 8552800
20080904 212.75 214.25 205.75 206.50 7648500
20080905 206.00 210.25 203.00 205.50 6404800
20080908 213.00 213.00 202.00 207.75 2103800
20080909 207.75 208.50 203.25 205.75 9371800
20080910 204.25 207.75 202.50 202.75 5574800
20080911 203.00 205.75 199.50 204.75 6008600
20080912 207.00 210.50 203.00 210.50 4578700
20080915 207.00 207.00 201.00 205.00 10854400
20080916 203.00 207.50 201.00 203.75 10120500
20080917 200.75 209.00 200.00 208.00 13063600
20080918 207.00 209.50 203.75 205.00 11978100
20080919 202.00 221.00 202.00 220.50 6918700
20080922 227.00 227.00 210.75 212.75 6065600
20080923 211.75 213.00 204.75 206.50 11340400
20080924 209.50 209.50 204.50 204.50 5002000
20080925 205.50 210.00 205.00 208.50 3066000
20080926 207.75 207.75 201.00 201.50 4574900
20080929 200.25 202.25 195.20 195.80 2247000
20080930 189.40 198.60 189.10 195.30 11272200
20081001 198.70 200.50 194.00 196.20 6842300
20081002 199.90 205.50 195.30 196.40 4223200
20081003 197.70 201.00 191.60 195.90 6351600
20081006 191.20 193.80 186.30 188.00 6017300
20081007 190.60 194.50 165.20 182.50 10308500
20081008 175.40 183.40 166.50 166.90 9952100
20081009 171.30 178.30 168.80 175.80 8524600
20081010 162.90 176.90 158.90 168.20 9794600
20081013 185.40 190.40 173.20 180.80 8994100
20081014 187.00 190.40 167.40 172.80 7811500
20081015 173.40 173.40 160.20 161.90 10496200
20081016 156.50 164.90 153.30 157.70 7364600
20081017 161.60 169.60 156.90 167.90 11840500
20081020 170.20 173.70 164.00 169.10 10691000
20081021 172.10 175.80 166.30 172.50 8155000
20081022 171.30 171.80 158.30 159.40 7987300
20081023 160.30 162.30 153.10 161.20 6587500
20081024 153.80 157.50 145.80 154.10 11577500
20081027 148.90 157.80 143.50 154.30 8180800
20081028 156.60 160.40 150.80 156.70 6355200
20081029 164.50 168.60 163.00 167.00 7701600
20081030 171.50 171.50 163.40 167.10 7125100
20081031 166.10 174.50 162.30 173.00 6825000
20081103 174.40 178.90 172.50 178.90 4524500
20081104 177.80 179.20 170.30 177.80 9735500
20081105 178.40 180.90 171.80 174.10 6456600
20081106 171.00 176.50 167.70 168.30 7661100
20081107 169.30 178.90 169.30 174.40 5827400
20081110 177.90 182.10 171.20 172.40 4123300
20081111 170.90 170.90 164.00 165.90 5324200
20081112 168.70 170.10 159.70 161.20 4091400
20081113 160.20 163.40 158.00 161.70 4279300
20081114 167.00 169.90 157.90 158.90 4388300
20081117 157.80 161.60 156.60 158.50 3345800
20081118 159.60 161.20 155.80 159.50 5027100
20081119 159.60 163.80 153.20 155.10 7414500
20081120 152.20 157.70 149.00 151.90 7323300
20081121 153.20 154.60 146.00 148.40 6592900
20081124 150.10 156.40 147.10 156.20 8672200
20081125 156.60 162.40 154.80 159.30 7954200
20081126 159.10 165.00 156.00 160.70 6847400
20081127 162.70 163.50 158.10 162.20 4031000
20081128 163.40 167.30 161.80 166.10 4124900
20081201 165.50 167.90 163.00 165.80 9704500
20081202 164.50 164.50 155.70 157.80 5367700
20081203 162.30 169.00 150.00 167.80 9201900
20081204 169.30 176.00 164.70 167.00 6632300
20081205 164.20 170.60 161.60 162.50 5655400
20081208 170.10 179.30 169.60 177.70 5902200
20081209 175.90 181.50 172.00 177.60 8238200
20081210 177.70 187.50 176.80 178.70 9652800
20081211 177.90 177.90 172.20 173.20 4558700
20081212 166.10 175.50 164.50 173.30 4073100
20081215 173.20 176.90 168.60 172.50 4550300
20081216 173.60 179.00 171.00 174.50 3356200
20081217 176.70 176.70 166.00 167.60 7911800
20081218 166.70 172.00 166.10 168.30 4878700
20081219 165.30 173.30 165.30 170.20 7046700
20081222 168.80 172.10 165.00 165.20 2399700
20081223 166.10 167.30 164.30 164.30 3449700
20081224 159.50 167.00 157.70 162.00 524600
20081229 164.60 165.60 160.20 165.60 2200900
20081230 168.30 173.90 167.70 169.90 2472600
20081231 174.80 175.80 168.20 170.00 1017200
20090102 172.00 176.20 169.40 174.10 1418400
20090105 176.40 180.10 175.00 179.40 2159400
20090106 180.10 185.40 179.00 182.50 4751700
20090107 183.20 185.30 177.90 181.00 4396600
20090108 180.50 186.10 177.50 184.70 4764000
20090109 186.00 187.40 177.10 179.70 4213200
20090112 179.30 183.90 178.30 182.50 3082600
20090113 181.00 181.40 176.50 180.60 3772200
20090114 181.90 181.90 169.50 171.50 7105900
20090115 171.00 178.00 165.90 170.40 7916300
20090116 173.00 174.40 169.50 169.70 6287700
20090119 171.00 179.10 169.50 178.40 5472300
20090120 178.50 182.60 175.10 177.30 14628500
20090121 175.00 182.40 173.80 181.70 8063400
20090122 184.70 186.00 175.00 176.90 7498600
20090123 175.80 179.30 169.00 177.60 5891400
20090126 178.20 184.30 175.10 183.00 5335400
20090127 184.30 186.10 181.60 183.80 5476100
20090128 186.80 186.80 184.40 184.90 4596100
20090129 183.80 185.60 182.40 183.40 3687800
20090130 183.40 184.80 178.80 181.10 5763300
20090202 181.10 181.10 174.60 176.90 7238200
20090203 177.90 186.50 175.00 185.60 6446600
20090204 181.10 181.10 174.40 176.50 9697900
20090205 172.50 180.00 172.40 177.20 7100500
20090206 178.30 180.90 172.50 178.40 7713900
20090209 179.10 179.10 174.90 176.00 3743800
20090210 175.50 179.90 172.90 176.20 11674900
20090211 175.30 178.30 173.00 177.30 12157300
20090212 176.50 178.40 173.40 176.60 4705200
20090213 177.90 178.70 170.40 172.10 6216200
