20060710 245.00 245.00 239.00 242.50 171420192
20060711 243.00 244.00 238.75 240.00 47202800
20060712 241.75 249.00 241.75 249.00 34237300
20060713 251.00 251.00 241.00 241.00 23501200
20060714 240.50 241.00 238.00 239.00 18226800
20060717 241.00 241.00 235.75 240.25 11756100
20060718 240.25 242.00 237.25 240.50 15409900
20060719 243.50 243.50 238.25 243.25 10697300
20060720 244.50 251.00 241.00 250.75 32109200
20060721 251.00 254.25 247.00 249.00 110550000
20060724 251.50 252.00 243.75 252.00 12994600
20060725 251.50 251.50 247.75 250.00 15288700
20060726 250.00 250.00 246.00 247.00 7540900
20060727 247.75 248.00 247.00 248.00 4196800
20060728 249.00 249.00 246.50 249.00 12146900
20060731 249.50 253.00 248.25 250.00 14850100
20060801 254.00 260.00 251.00 252.50 35302300
20060802 254.00 258.00 253.00 258.00 6104900
20060804 259.00 259.00 255.00 258.75 5634700
20060807 259.00 259.00 252.00 253.00 4912800
20060808 248.50 255.00 248.50 251.00 9579300
20060809 254.00 259.00 249.00 252.00 9854700
20060810 251.50 251.50 247.00 251.25 4735700
20060811 253.75 253.75 247.00 249.75 4262500
20060814 251.50 251.50 247.00 248.00 4540900
20060815 249.00 250.00 244.00 250.00 7352300
20060816 250.00 250.00 245.50 248.00 3507600
20060817 250.00 252.00 245.00 250.50 7066000
20060818 250.50 251.00 248.00 249.00 9106400
20060821 254.00 254.00 248.75 249.50 3229800
20060822 253.00 257.00 250.25 254.75 10872600
20060823 255.50 258.50 254.25 256.50 7896300
20060824 253.75 258.50 253.75 258.50 4381700
20060825 256.75 259.00 254.75 258.00 8944700
20060829 259.25 260.00 255.00 258.00 6333000
20060830 259.00 261.50 258.50 260.50 9159800
20060831 267.00 267.00 258.00 263.00 6161100
20060901 264.50 269.00 261.25 266.50 6566000
20060904 265.00 268.75 264.00 267.00 3853700
20060905 267.00 269.00 265.50 268.50 5794800
20060906 271.00 271.00 267.00 267.50 16236100
20060907 267.50 267.50 263.00 266.00 14909800
20060908 269.75 269.75 265.50 267.50 8067200
20060911 265.25 275.00 265.25 273.75 19385700
20060912 273.00 274.50 266.00 271.00 30526600
20060913 274.00 274.00 268.00 271.00 35603900
20060914 271.75 271.75 265.00 270.00 33059900
20060915 269.25 273.75 264.50 270.00 179028896
20060918 268.00 268.50 265.75 267.00 27113400
20060919 265.75 267.00 265.00 265.25 10115300
20060920 265.00 267.50 265.00 267.50 18552300
20060921 269.25 269.50 265.25 268.00 7691800
20060922 266.00 268.75 265.00 268.00 7883000
20060925 268.00 271.75 266.00 269.00 23652600
20060926 270.75 272.75 269.00 271.25 14117400
20060927 268.50 271.00 263.50 268.00 42517900
20060928 267.00 272.00 266.75 272.00 14485300
20060929 272.00 272.75 268.00 270.75 9394100
20061002 272.00 272.00 269.00 269.50 6647700
20061003 268.25 269.50 267.25 268.00 19227100
20061004 269.25 269.25 265.00 266.25 15954600
20061005 267.50 271.25 266.00 267.25 11514900
20061006 266.00 267.50 265.00 266.50 5839600
20061009 265.50 267.50 263.25 266.00 5263500
20061011 267.00 270.50 266.75 269.75 13053600
20061012 269.25 278.50 269.00 278.50 26390300
20061013 277.50 283.00 275.50 281.50 12550500
20061016 281.50 286.50 280.50 286.25 8157300
20061017 286.00 289.25 281.75 283.00 5527100
20061018 283.50 292.50 282.00 288.75 9678000
20061019 287.00 291.00 285.00 289.50 4082500
20061020 289.50 291.50 284.75 286.00 27314300
20061023 286.25 287.50 283.00 284.25 8902800
20061024 284.75 285.25 282.50 284.00 7110900
20061025 283.00 285.50 280.00 283.75 4032300
20061026 283.50 285.50 281.50 284.00 7019900
20061027 285.25 285.50 282.25 283.00 5760000
20061030 285.00 292.00 285.00 287.50 16220300
20061031 287.75 287.75 283.50 284.50 9527400
20061101 283.25 289.25 283.25 284.75 7414300
20061102 284.75 288.75 283.00 286.50 3586000
20061103 289.00 289.00 281.00 282.25 5791500
20061106 284.00 287.75 282.75 287.75 3383900
20061107 289.75 294.00 287.00 293.00 7669600
20061108 289.00 295.00 286.25 292.25 6246700
20061109 290.25 294.50 288.00 290.75 6067100
20061110 290.00 292.25 285.00 286.50 7850000
20061113 289.50 291.00 286.00 287.50 4519900
20061114 286.50 292.50 286.50 289.75 4602300
20061115 292.00 292.50 289.50 291.50 2859400
20061116 290.00 291.00 288.00 290.25 1366100
20061117 291.00 291.00 285.25 286.50 2040300
20061120 284.25 289.50 283.00 288.00 2643600
20061121 289.50 289.50 284.75 288.00 7013400
20061122 288.00 293.75 288.00 290.50 10868500
20061123 291.00 291.00 288.00 290.00 2935500
20061124 290.00 290.00 285.25 287.50 5083500
20061127 290.00 290.00 284.50 284.50 4677900
20061128 285.00 286.00 282.00 283.00 5676300
20061129 282.25 285.75 282.00 283.25 5187200
20061130 284.00 285.75 282.75 284.50 4851100
20061201 286.00 287.50 276.00 282.00 5566700
20061204 281.75 285.50 281.75 285.00 3222000
20061205 284.50 286.25 283.75 285.00 7383100
20061206 284.00 286.25 282.75 283.50 3610300
20061207 282.50 286.00 281.50 285.25 4539600
20061208 284.00 287.25 282.75 286.00 7812900
20061211 286.25 289.75 285.50 287.00 3992900
20061212 288.00 288.50 285.75 287.25 4505400
20061213 288.00 290.25 286.50 288.50 5092100
20061214 288.50 289.50 287.75 289.50 3799900
20061215 289.00 300.00 288.25 296.50 14191900
20061218 297.75 308.75 294.00 303.00 7081600
20061219 302.75 303.75 297.00 299.50 5271900
20061220 301.00 301.75 297.00 297.50 1989700
20061221 298.00 298.25 294.00 294.50 2854500
20061222 290.25 297.75 290.25 290.25 1688500
20061227 291.50 300.25 291.50 300.25 869300
20061228 304.00 305.00 296.50 300.00 3158800
20061229 300.00 301.75 293.75 295.75 2667000
20070102 297.25 306.00 296.75 306.00 2548600
20070103 305.75 305.75 298.75 303.00 5749500
20070104 303.00 304.00 299.25 302.00 2251200
20070105 302.50 302.50 295.50 295.50 6438900
20070108 295.50 299.00 295.50 296.25 3297500
20070109 298.25 298.75 296.50 297.50 5080400
20070110 295.00 298.00 294.75 296.50 5294500
20070111 296.00 298.75 291.00 297.75 14224300
20070112 298.75 301.00 294.75 295.00 7903800
20070115 296.50 298.50 295.25 296.00 2465700
20070116 294.25 298.75 292.50 292.50 3380500
20070117 293.50 295.75 291.00 291.25 2876100
20070118 291.75 297.00 291.75 296.25 2902900
20070119 294.25 299.75 290.75 296.00 3864000
20070122 295.25 298.00 295.00 296.50 2872900
20070123 297.75 298.00 292.00 293.25 4065000
20070124 294.50 300.50 292.75 300.50 8624000
20070125 302.50 303.75 298.00 302.50 10363000
20070126 302.00 303.00 299.00 299.00 13939500
20070129 299.75 305.00 298.25 300.00 3919400
20070130 300.00 300.00 296.75 297.50 4889200
20070131 296.75 297.75 293.25 294.00 9142000
20070201 298.00 300.00 295.00 300.00 3918600
20070202 301.00 309.00 299.00 309.00 10868800
20070205 308.75 311.50 304.00 304.75 16835700
20070206 306.00 307.25 302.75 304.50 4844900
20070207 305.50 312.50 302.00 312.50 15502800
20070208 313.00 313.00 307.75 309.50 2802000
20070209 313.00 314.00 310.00 313.25 7812300
20070212 313.00 314.00 310.00 312.25 2699000
20070213 314.75 316.50 313.25 315.00 9686300
20070214 314.50 319.25 314.50 319.25 3560300
20070215 320.00 320.00 316.25 317.25 6651800
20070216 318.00 319.75 315.50 318.50 3728700
20070220 319.75 320.00 315.00 317.50 5236000
20070221 319.00 320.25 313.25 316.00 3008000
20070222 319.25 320.00 316.25 316.50 2686000
20070223 319.50 319.50 313.75 315.50 2909100
20070226 316.75 319.75 316.25 319.50 2328000
20070227 316.00 316.50 301.00 301.00 9527800
20070228 295.00 303.25 291.00 301.50 12706100
20070301 302.25 308.00 291.00 298.50 14949400
20070302 299.00 300.50 289.50 291.50 10169000
20070305 284.00 287.00 278.75 285.00 11965900
20070306 287.75 298.25 287.25 298.25 15045500
20070307 297.50 303.75 295.50 301.00 8931500
20070308 303.25 305.00 300.50 305.00 2900900
20070309 305.00 313.00 303.50 311.00 7622300
20070312 313.25 313.75 309.75 310.50 4413800
20070313 310.50 313.50 305.50 305.50 14182100
20070314 302.25 302.25 296.25 296.25 10492900
20070315 299.50 301.25 296.50 299.00 14687300
20070316 299.50 300.00 292.25 293.75 17178200
20070319 296.50 300.00 295.75 299.75 9777200
20070320 299.50 302.50 298.25 301.25 5051900
20070321 300.00 307.75 298.25 307.00 4121600
20070322 313.00 313.00 301.25 305.25 6841800
20070323 302.50 310.00 301.25 309.50 4773000
20070326 308.75 312.00 308.25 310.00 5561200
20070327 310.00 313.75 309.00 310.75 10440500
20070328 307.00 311.25 304.25 310.00 4555900
20070329 311.25 316.50 308.75 316.00 7132700
20070330 315.25 318.50 313.25 316.00 5670800
20070402 314.50 319.75 311.75 312.50 4284800
20070403 313.75 316.50 310.50 316.00 3803200
20070404 316.00 323.00 315.00 318.75 5413900
20070405 318.00 320.00 316.50 319.25 1600600
20070410 319.25 322.75 316.00 317.50 4369300
20070411 316.25 319.75 313.00 316.75 11672000
20070412 316.75 316.75 314.50 315.75 1981600
20070413 315.00 315.50 312.25 314.50 5659800
20070416 315.00 316.50 313.00 316.50 4355500
20070417 315.50 318.50 312.75 316.50 6820300
20070418 313.75 317.75 313.75 314.50 3843000
20070419 311.00 316.50 311.00 316.25 4308000
20070420 317.50 321.25 316.50 320.50 3421200
20070423 320.50 323.00 317.50 320.25 1755600
20070424 319.75 322.50 316.00 317.25 1841600
20070426 325.75 329.00 322.25 323.25 3099200
20070427 321.50 324.00 318.75 319.00 2581600
20070430 319.75 325.25 319.00 325.00 3574500
20070501 321.00 334.50 321.00 330.75 7225900
20070502 331.00 336.25 328.50 334.75 3346800
20070503 333.00 337.75 329.50 336.75 5952500
20070504 336.50 337.75 331.00 334.75 6743700
20070508 332.00 335.25 332.00 332.00 6016400
20070509 335.00 337.75 332.75 334.25 14530500
20070510 333.50 339.50 330.25 335.25 11297900
20070511 333.00 334.75 329.50 333.00 7328100
20070514 334.75 335.00 331.75 332.75 1779400
20070515 333.00 334.50 330.50 334.00 5292300
20070516 334.00 344.00 331.00 338.25 8840800
20070517 338.00 345.25 338.00 345.25 3704100
20070518 344.75 350.00 343.00 349.50 8015400
20070521 349.25 352.00 346.25 348.00 5382200
20070522 349.50 351.50 345.25 347.00 10447100
20070523 349.50 349.50 345.00 346.25 2267800
20070524 343.25 346.25 341.00 341.50 7594200
20070525 339.50 342.50 339.25 340.75 8852800
20070529 343.75 343.75 338.75 340.00 3672100
20070530 337.00 343.75 334.25 342.75 6926000
20070531 343.75 351.00 341.75 343.75 32574300
20070604 341.50 342.25 338.00 338.00 9560700
20070605 343.00 357.25 336.25 340.00 15001600
20070606 341.25 341.75 333.75 336.00 6412100
20070607 337.75 340.00 329.00 331.50 4150500
20070608 330.50 333.00 324.75 329.25 6784500
20070611 329.00 334.00 329.00 331.00 3561800
20070612 330.50 333.75 328.25 331.00 6707800
20070613 329.25 338.00 329.25 337.00 4046300
20070614 338.50 343.50 338.25 343.50 3692200
20070615 345.25 349.25 343.75 348.75 8241300
20070618 348.75 351.00 342.75 345.00 2995300
20070619 344.25 347.00 340.00 340.00 5744900
20070620 342.00 356.50 341.00 349.00 10864000
20070621 347.75 347.75 343.00 345.00 5031500
20070622 346.50 347.25 341.75 342.50 2558000
20070625 341.75 345.75 338.50 345.25 5350700
20070626 342.75 344.50 339.25 339.75 2260900
20070627 339.75 339.75 332.25 335.25 4301600
20070628 337.50 338.00 335.50 335.75 6333200
20070629 335.00 338.75 327.25 330.25 11697200
20070702 328.00 330.00 325.00 325.00 5404700
20070703 326.50 329.00 325.00 328.50 19157300
20070704 327.75 332.75 327.00 332.00 7910300
20070705 333.75 334.50 331.50 332.75 15903800
20070706 331.25 333.50 328.75 331.50 3733600
20070709 334.00 335.00 330.75 332.75 5956600
20070710 331.25 331.25 323.50 325.00 9208300
20070711 322.75 324.00 320.00 321.00 8457800
20070712 323.75 326.75 320.00 326.00 10101800
20070713 327.75 330.50 326.25 330.25 5634400
20070716 330.50 331.00 327.50 328.25 7480800
20070717 328.50 329.25 323.00 327.00 5236900
20070718 323.00 325.75 321.75 322.00 5800900
20070719 323.25 324.00 320.50 322.50 6908000
20070720 321.75 328.00 320.25 323.50 7608700
20070723 326.25 335.75 321.50 325.75 9681900
20070724 323.25 324.00 317.50 318.00 14667800
20070725 317.50 319.00 313.50 315.00 7518600
20070726 316.25 316.25 291.25 295.50 12738200
20070727 294.00 300.00 285.50 290.25 14390600
20070730 289.50 291.25 285.50 290.00 16887100
20070731 291.50 310.00 290.25 308.50 11064400
20070801 300.00 314.00 296.00 312.00 13506700
20070802 313.00 317.75 313.00 316.25 12088000
20070803 318.00 318.00 305.00 305.75 5763100
20070806 301.00 317.50 299.75 315.00 17056600
20070807 320.00 327.00 316.50 326.00 16384400
20070808 327.25 348.50 327.25 341.00 30666300
20070809 336.00 337.75 311.00 318.75 17317700
20070810 313.25 327.00 308.50 315.25 16157000
20070813 313.25 317.50 307.75 311.50 8428600
20070815 305.00 305.00 295.00 298.50 6559300
20070816 292.00 295.50 285.50 285.50 10938900
20070817 290.00 310.00 283.75 305.50 13267100
20070820 308.50 311.75 300.75 300.75 6142900
20070821 301.25 302.00 292.50 295.00 8329700
20070822 295.75 303.00 295.75 302.75 7084400
20070823 303.00 310.25 298.75 298.75 7736000
20070824 299.25 300.50 296.00 297.25 3987700
20070828 296.25 297.75 284.00 284.50 7983400
20070829 287.75 292.75 284.00 290.50 9690200
20070830 293.50 293.75 285.50 291.50 7065400
20070831 294.00 300.25 288.75 300.25 8325900
20070903 300.00 310.75 298.75 304.00 9617500
20070904 303.00 309.00 299.00 304.25 9803600
20070905 302.00 302.00 292.25 293.50 7777600
20070906 297.00 298.25 291.00 295.50 3946400
20070907 291.00 296.00 285.25 285.50 4840100
20070910 286.75 290.00 285.00 285.00 4561800
20070911 287.00 292.75 286.25 292.25 4197100
20070912 290.75 290.75 286.00 287.75 3537300
20070913 288.00 291.00 286.75 290.00 5426500
20070914 287.50 287.50 281.00 282.75 8088500
20070917 281.50 281.50 269.00 270.00 10615400
20070918 270.00 276.50 270.00 274.75 15402800
20070919 280.00 298.25 269.50 277.00 29311800
20070920 276.00 277.50 268.00 274.00 18207600
20070921 272.00 276.75 269.00 275.25 25803700
20070924 273.50 280.25 271.00 273.00 6877300
20070925 273.00 276.25 269.50 273.75 10077200
20070926 276.50 279.50 274.25 275.00 7685800
20070927 278.00 291.25 275.75 291.25 8734700
20070928 291.75 291.75 285.00 288.50 5647600
20071001 286.00 291.75 283.00 291.75 4277300
20071002 291.25 298.25 291.25 296.00 5810100
20071003 298.00 300.00 292.50 299.00 3378500
20071004 297.50 302.50 294.00 301.25 6764400
20071005 303.00 303.50 296.50 298.00 3136400
20071008 297.50 299.00 293.75 294.00 3512100
20071009 294.25 299.00 290.25 298.00 5447300
20071010 299.00 299.00 291.25 295.00 4599500
20071011 296.75 299.00 293.00 296.50 8709000
20071012 292.25 294.00 287.00 289.25 8212600
20071015 287.25 292.25 279.50 280.00 4437800
20071016 281.00 285.25 279.50 282.50 10426100
20071017 283.50 288.00 281.50 288.00 8742400
20071018 288.00 288.00 280.75 284.00 6293100
20071019 283.75 289.50 283.75 285.00 6711900
20071022 279.50 281.00 274.50 276.00 5137000
20071023 279.75 279.75 273.25 278.75 5825800
20071024 277.25 281.25 274.00 279.75 7147500
20071025 282.00 285.75 267.75 276.25 24154200
20071026 274.00 289.25 265.75 278.50 30842600
20071029 281.00 281.00 271.75 276.00 12043600
20071030 276.00 285.25 272.25 276.00 15147300
20071031 277.00 287.50 276.00 284.50 10133200
20071101 280.25 285.25 275.25 278.50 7545900
20071102 274.25 279.50 267.75 272.25 6592500
20071105 271.50 273.50 265.00 268.75 3827500
20071106 271.75 273.50 268.25 269.00 4225700
20071107 270.50 271.25 258.25 260.25 6224500
20071108 260.00 260.25 250.00 253.75 5978400
20071109 255.75 255.75 238.00 243.75 9150100
20071112 259.00 279.00 255.75 259.50 16801400
20071113 258.75 259.00 253.25 256.00 5090100
20071114 259.75 261.25 249.75 257.50 7841200
20071115 258.00 259.00 249.00 252.75 5851400
20071116 252.00 255.75 247.50 251.25 5605800
20071119 251.25 251.25 235.75 238.25 6437000
20071120 241.00 246.00 233.75 246.00 8151700
20071121 248.75 249.00 229.25 232.75 7036300
20071122 234.75 242.00 228.75 241.75 4892100
20071123 246.50 250.75 237.50 243.75 6427900
20071126 246.00 250.25 242.50 244.00 6209800
20071127 242.50 245.50 235.50 241.00 4891300
20071128 243.00 252.75 238.00 252.00 5818900
20071129 255.75 255.75 248.25 250.25 3473400
20071130 251.00 264.00 251.00 262.50 12172500
20071203 262.00 268.00 260.75 266.00 9440300
20071204 266.75 267.75 260.50 263.00 7303200
20071205 259.00 270.50 258.50 270.25 5055600
20071206 266.00 274.25 259.75 262.50 8226500
20071207 264.50 266.75 259.50 266.00 4515200
20071210 263.25 271.50 262.25 268.50 4337100
20071211 269.00 270.75 263.00 269.00 3912100
20071212 265.75 273.25 262.00 269.00 4234800
20071213 266.50 269.75 255.75 256.50 7655500
20071214 261.50 263.00 251.50 258.00 5927200
20071217 253.25 253.50 239.50 249.00 7679300
20071218 247.00 258.00 245.50 254.50 5673700
20071219 256.25 256.25 251.00 253.50 3392800
20071220 255.25 255.50 250.00 253.75 5925900
20071221 257.75 259.00 252.50 257.75 6568300
20071224 255.00 259.00 255.00 259.00 344900
20071227 259.00 260.75 255.75 257.50 2481100
20071228 256.50 256.50 251.00 253.00 3151200
20071231 250.50 255.50 250.50 252.75 863400
20080102 250.50 256.00 248.75 251.75 2359500
20080103 251.50 255.75 244.25 255.75 4286600
20080104 256.75 256.75 246.50 246.75 4025900
20080107 246.00 246.50 239.75 243.50 5664700
20080108 244.00 245.75 238.25 239.00 5089100
20080109 237.00 239.00 225.00 231.00 8532700
20080110 231.00 237.25 224.00 225.00 6466600
20080111 227.00 230.00 222.25 225.75 7954300
20080114 227.50 239.75 226.50 235.75 5416000
20080115 233.75 236.25 227.25 228.25 6376600
20080116 228.00 231.25 219.25 227.75 8362700
20080117 231.00 232.75 225.00 226.00 4142300
20080118 224.00 225.25 210.00 211.75 10122000
20080121 203.00 208.25 193.30 203.50 11485900
20080122 196.00 226.00 185.20 220.50 15270800
20080123 226.50 231.00 216.75 225.25 16265100
20080124 233.00 236.50 223.50 234.25 8589000
20080125 237.00 239.00 224.25 226.75 6832000
20080128 227.75 230.25 221.50 225.50 4865900
20080129 226.25 230.50 220.75 228.00 5834300
20080130 224.00 226.50 217.75 224.00 8289200
20080131 225.00 228.75 210.75 215.50 13955500
20080201 224.00 227.00 216.50 226.00 9932500
20080204 226.25 228.50 222.25 227.25 5304100
20080205 225.00 225.75 214.50 215.25 5329900
20080206 213.00 215.75 208.00 213.75 4557100
20080207 212.00 214.25 203.00 203.00 9829000
20080208 206.50 208.25 201.75 205.50 4902800
20080211 203.00 204.00 195.50 198.00 7323400
20080212 199.00 208.25 192.70 208.25 12434100
20080213 207.00 210.25 203.75 207.25 6593900
20080214 208.25 216.00 206.50 210.75 11360700
20080215 211.75 211.75 200.75 205.50 8357300
20080218 206.25 212.50 204.75 211.25 6367400
20080219 209.75 213.25 205.75 209.00 7035400
20080220 205.75 212.50 205.00 209.75 6050300
20080221 212.75 216.75 209.00 214.00 6460100
20080222 213.75 214.25 208.00 208.75 6350700
20080225 211.25 220.50 211.25 220.25 7137600
20080226 221.75 234.50 219.25 233.75 9193200
20080227 236.00 236.00 225.75 227.50 9550900
20080228 227.00 230.50 222.75 223.50 5861700
20080229 222.00 224.25 217.25 219.00 6985200
20080303 215.00 217.00 209.75 210.25 11530400
20080304 210.00 214.00 205.25 207.75 6087100
20080305 211.00 217.50 209.00 216.00 7195700
20080306 216.00 216.25 208.00 209.25 6316800
20080307 206.25 210.25 202.50 207.50 7214500
20080310 207.25 212.75 205.75 207.50 5779200
20080311 209.50 220.00 205.00 218.75 12613100
20080312 231.00 249.50 228.75 247.00 25635300
20080313 240.75 243.50 236.75 240.50 15691200
20080314 239.00 241.00 228.50 234.50 14987400
20080318 235.00 244.25 233.25 242.25 9630300
20080319 238.75 239.50 233.50 237.00 9305800
20080320 235.00 238.75 232.25 234.75 9352700
20080325 250.00 253.25 243.00 252.50 12965400
20080326 252.50 252.50 242.75 244.25 7381400
20080327 245.00 251.00 244.50 249.00 9165000
20080328 248.00 250.00 242.75 244.75 3773800
20080331 245.00 246.50 240.75 246.25 6269700
20080401 244.00 259.00 243.50 258.00 7791500
20080402 257.75 264.50 257.75 264.00 7397800
20080403 263.00 265.00 256.50 257.50 6689800
20080404 257.50 261.75 253.25 261.50 5175700
20080407 260.25 274.50 260.00 272.00 11420300
20080408 269.00 269.25 263.00 265.00 9216400
20080409 265.00 265.50 252.50 253.25 9070600
20080410 251.00 253.00 244.25 245.00 10565100
20080411 246.25 251.25 242.25 245.75 8280100
20080414 244.00 247.25 240.75 245.50 4648400
20080415 248.00 248.00 240.75 245.50 5091300
20080416 249.00 250.00 243.75 247.50 7363500
20080417 249.50 249.50 243.25 245.25 6653500
20080418 247.50 253.00 245.50 252.00 6752600
20080421 253.00 255.50 246.00 249.50 6446200
20080422 247.00 250.00 243.75 245.25 6089800
20080423 246.50 248.50 239.25 247.25 5866800
20080424 247.00 250.50 242.00 249.50 3951100
20080425 252.00 254.00 247.75 253.25 3791200
20080428 255.25 255.25 248.50 249.25 3310500
20080429 250.00 250.75 246.00 247.75 2907000
20080430 250.00 252.75 246.00 250.50 6309200
20080501 249.50 254.00 246.25 252.75 2054300
20080502 256.75 265.75 256.00 263.75 5431500
20080506 273.00 273.00 255.50 261.50 5102200
20080507 261.00 263.50 257.25 261.25 5277400
20080508 259.00 260.25 254.75 259.75 4478300
20080509 257.25 257.75 251.50 257.00 2858600
20080512 264.00 266.50 257.75 260.75 3806000
20080513 261.75 263.50 252.25 255.50 4478600
20080514 257.50 257.50 252.00 255.50 3157400
20080515 255.50 258.25 252.50 257.00 3528800
20080516 259.25 262.50 256.50 258.50 4904400
20080519 258.75 259.00 254.25 258.50 2488200
20080520 257.50 262.25 251.00 251.00 4170500
20080521 251.50 255.00 238.50 242.50 8944500
20080522 239.00 241.75 235.25 240.50 5992700
20080523 241.50 243.00 238.75 239.00 4993300
20080527 240.75 241.25 235.00 240.00 4612500
20080528 240.50 246.00 239.25 242.25 3118900
20080529 241.25 243.50 237.75 242.50 4577500
20080530 244.50 254.50 243.75 251.00 15689500
20080602 248.75 254.75 244.25 252.50 11473400
20080603 252.25 262.75 249.50 262.50 7203800
20080604 261.25 269.75 260.25 268.50 12885500
20080605 269.75 272.50 260.50 262.25 8965600
20080606 261.00 261.00 246.75 246.75 11316300
20080610 246.00 246.75 241.00 245.00 7398500
20080611 245.00 247.00 233.25 235.50 8987800
20080612 234.25 245.00 233.00 242.25 15801800
20080613 242.00 243.00 236.75 242.50 4396100
20080616 242.75 246.25 235.00 237.00 7834300
20080617 236.50 245.75 236.50 242.50 5085800
20080618 243.50 243.50 235.75 236.50 7577500
20080619 233.75 237.75 228.75 230.00 10587400
20080620 230.00 231.25 220.50 223.50 9596200
20080623 224.50 225.75 221.50 222.75 4270700
20080624 221.75 224.00 216.25 221.50 9399400
20080625 223.75 224.50 218.75 223.75 4001200
20080626 223.75 223.75 212.50 212.50 9652300
20080627 212.50 214.00 207.25 210.00 6511900
20080630 210.25 211.50 205.00 209.75 5071800
20080701 209.00 209.00 198.20 201.00 8830400
20080702 201.00 210.50 198.10 204.25 9170100
20080703 201.75 212.75 200.00 210.25 7805600
20080704 213.00 213.00 201.00 201.00 5151700
20080707 204.25 208.00 202.50 208.00 5915000
20080708 202.25 211.50 201.25 209.75 9146800
20080709 212.25 217.25 212.25 214.50 7796500
20080710 211.00 214.00 207.75 208.75 5623800
20080711 214.75 214.75 198.00 200.00 7724600
20080714 202.25 210.25 202.25 205.25 5095700
20080715 203.00 203.00 195.50 196.60 13442800
20080716 198.00 203.25 189.80 200.50 10381100
20080717 205.00 210.00 202.00 207.50 10166300
20080718 206.50 218.50 204.25 217.25 8283000
20080721 215.75 220.75 210.00 219.75 6609400
20080722 218.00 218.00 209.25 217.00 6031200
20080723 225.75 233.50 224.00 232.50 12411000
20080724 235.75 237.25 226.00 228.00 10194200
20080725 225.25 225.25 213.00 221.25 12093900
20080728 220.00 220.25 213.75 214.75 4393500
20080729 209.75 219.25 208.75 215.25 3176700
20080730 221.25 226.50 217.75 224.25 3661800
20080731 228.50 233.25 218.50 227.75 7449000
20080801 226.25 229.00 221.00 222.75 6325200
20080804 226.00 226.75 219.50 223.25 3240700
20080805 225.00 246.75 222.50 244.25 7511800
20080806 244.25 246.00 228.75 243.25 11358800
20080807 242.75 248.50 234.75 248.00 11779500
20080808 246.50 254.25 242.50 253.50 7087000
20080811 255.25 255.25 247.75 249.00 5393700
20080812 249.75 253.00 245.50 249.00 5790500
20080813 248.25 248.25 238.50 240.25 7174100
20080814 242.75 245.25 238.25 242.50 4744500
20080815 243.50 246.75 239.50 241.50 4436000
20080818 242.25 243.50 237.25 240.50 3183200
20080819 236.50 237.25 225.50 225.75 5691300
20080820 226.00 232.50 225.25 232.25 3365100
20080821 228.75 234.00 225.75 232.25 5676400
20080822 232.00 246.25 230.25 246.25 6221400
20080826 240.00 244.50 238.50 243.75 5926000
20080827 242.00 246.25 238.50 245.75 4753500
20080828 245.50 255.25 241.50 253.50 5905100
20080829 254.75 255.75 249.50 251.00 5578100
20080901 247.50 254.75 244.50 253.25 3648600
20080902 253.75 261.25 247.00 258.50 6142600
20080903 257.75 257.75 249.75 252.00 5263400
20080904 251.50 253.25 239.75 240.25 4050200
20080905 237.00 240.00 229.00 233.25 9258700
20080908 242.50 268.00 242.50 259.00 5117400
20080909 260.00 260.00 248.25 251.25 10614400
20080910 250.00 252.00 240.75 241.50 9858500
20080911 240.50 243.75 236.50 242.75 5886400
20080912 246.25 246.25 236.25 240.25 5100100
20080915 234.00 238.00 226.00 233.00 10391400
20080916 227.25 240.00 224.25 232.00 14783000
20080917 232.50 246.50 227.75 229.75 12097000
20080918 230.50 239.25 222.50 222.50 10329500
20080919 260.00 276.00 246.00 246.00 22772300
20080922 253.25 259.00 243.50 243.75 4091000
20080923 247.75 248.75 238.25 244.75 4017600
20080924 254.75 254.75 228.25 235.00 4269600
20080925 242.00 247.25 227.00 243.00 5559200
20080926 247.75 247.75 228.50 234.50 5249100
20080929 229.75 237.00 225.00 225.00 2208400
20080930 230.50 247.00 212.25 240.00 8499700
20081001 245.00 261.00 237.50 257.00 6271500
20081002 262.00 262.00 241.25 241.75 4947300
20081003 246.50 255.00 237.00 250.00 2580100
20081006 250.00 254.75 230.25 232.00 2985600
20081007 227.50 260.25 227.50 255.00 3173300
20081008 320.00 320.00 235.25 256.50 6498100
20081009 260.00 262.25 216.50 241.50 6137700
20081010 206.50 251.75 182.30 215.75 5116300
20081013 226.50 260.00 210.75 260.00 4484100
20081014 260.00 260.00 235.00 260.00 4086100
20081015 256.50 257.50 230.50 235.50 4086500
20081016 216.75 226.75 210.00 210.00 6048500
20081017 220.00 225.00 185.00 225.00 9122000
20081020 220.50 235.00 205.25 235.00 4917700
20081021 235.00 237.50 218.75 224.25 3233100
20081022 220.00 230.00 209.75 209.75 3550700
20081023 210.00 212.00 190.80 203.75 4298900
20081024 190.50 199.10 180.00 192.00 5361600
20081027 192.00 195.30 174.00 190.00 1749500
20081028 197.00 200.25 177.00 177.00 2887700
20081029 203.00 203.00 176.50 200.00 4375600
20081030 204.75 213.00 184.90 213.00 6972300
20081031 220.00 238.75 197.50 238.75 3655000
20081103 242.00 247.75 224.25 236.50 3109200
20081104 245.00 254.50 232.25 247.25 4216200
20081105 240.00 249.00 234.50 242.75 3217700
20081106 221.00 246.75 221.00 237.25 5903800
20081107 237.25 243.50 230.50 243.50 1846600
20081110 250.00 250.00 234.00 239.50 2288900
20081111 232.00 232.50 222.00 225.50 3184800
20081112 230.00 231.00 206.25 213.25 2460900
20081113 204.00 218.50 204.00 217.75 3857400
20081114 229.75 230.50 218.75 229.00 3167000
20081117 224.50 230.00 220.00 229.00 2299900
20081118 234.75 234.75 226.00 232.00 3783900
20081119 230.75 237.00 230.75 233.25 3157100
20081120 216.50 231.25 216.50 224.50 7032200
20081121 218.00 240.00 210.00 226.75 2567000
20081124 236.00 266.50 224.25 266.50 5462200
20081125 262.50 273.00 253.75 273.00 8510900
20081126 260.75 265.75 253.25 261.25 4206200
20081127 266.50 266.50 251.75 254.75 5362600
20081128 255.00 262.00 252.00 262.00 2964400
20081201 269.00 269.00 246.00 250.00 2270000
20081202 246.75 250.00 241.00 250.00 4723900
20081203 251.25 260.00 250.00 255.00 3123200
20081204 257.50 268.50 247.00 262.00 6619300
20081205 258.25 265.00 246.75 262.00 3686300
20081208 270.00 278.00 262.75 270.50 3835500
20081209 265.00 285.00 260.50 285.00 4286200
20081210 284.75 288.00 270.00 287.00 2531000
20081211 283.00 283.00 265.00 268.00 4403800
20081212 254.75 265.00 237.25 255.00 5039800
20081215 246.00 265.00 246.00 265.00 3731500
20081216 265.00 268.50 254.00 266.00 3698000
20081217 275.00 275.00 255.25 260.00 4595500
20081218 255.00 260.25 234.00 235.00 4672700
20081219 234.00 237.00 215.25 215.25 7847800
20081222 218.25 224.75 213.00 213.00 4222500
20081223 211.75 215.25 205.00 205.00 2709500
20081224 215.00 215.00 203.50 209.75 1575000
20081229 207.50 207.75 201.75 206.00 1846100
20081230 203.50 209.00 201.50 203.50 2198700
20081231 203.75 203.75 201.00 202.00 1914200
20090102 200.00 205.75 200.00 204.00 7649100
20090105 210.00 214.00 201.00 201.25 3551200
20090106 203.50 227.50 203.00 226.25 7040800
20090107 228.50 230.25 222.00 230.00 5352800
20090108 230.00 231.75 208.50 227.00 4941600
20090109 229.25 232.75 219.50 222.25 2173800
20090112 220.25 232.50 220.00 232.50 2145500
20090113 228.00 228.00 216.00 226.75 3791400
20090114 232.00 232.00 210.00 212.00 3737300
20090115 210.00 216.25 201.00 212.75 8203400
20090116 216.25 216.25 206.50 208.25 6170200
20090119 214.25 214.25 192.40 195.10 5729900
20090120 194.90 199.60 177.50 182.00 6815600
20090121 180.10 189.50 165.60 189.50 8544900
20090122 191.40 197.30 191.40 194.00 7350200
20090123 192.80 195.90 183.60 190.00 8112400
20090126 186.90 203.75 186.90 202.00 7409600
20090127 203.00 208.50 202.00 206.75 6329700
20090128 212.00 226.75 212.00 223.00 9247200
20090129 220.00 221.25 211.00 217.75 4473100
20090130 218.00 224.75 213.50 219.75 3817600
20090202 214.00 217.50 194.20 200.75 6616000
20090203 201.25 213.50 199.00 213.25 4541000
20090204 216.75 222.50 212.00 218.75 3752800
20090205 213.00 216.00 204.75 210.75 3986500
20090206 212.75 222.50 209.75 212.50 5035300
20090209 215.00 218.75 211.00 217.00 3534000
20090210 214.00 215.25 205.25 205.25 4216800
20090211 200.00 205.75 196.50 204.00 4222800
20090212 203.50 203.50 192.10 201.00 4222800
20090213 203.75 207.75 195.80 198.50 3796200
