20010119 710.71 710.71 688.97 692.30 15162394
20010122 669.19 728.21 669.19 720.90 7384440
20010123 721.89 736.86 713.58 729.54 5129516
20010124 729.54 729.54 729.54 729.54 0
20010125 724.89 736.86 718.24 722.89 4143400
20010126 722.89 722.89 722.89 722.89 0
20010129 734.20 741.51 720.90 729.54 4986215
20010130 729.71 751.16 709.41 750.16 7986214
20010131 748.66 750.16 719.57 741.51 8414313
20010201 739.35 739.35 704.94 704.94 19164898
20010202 711.59 731.67 698.29 698.29 6149464
20010205 696.29 706.93 696.29 702.61 4205502
20010206 706.27 728.21 698.98 714.91 13910427
20010207 721.56 729.54 706.93 708.93 9119991
20010208 702.44 718.24 702.44 711.59 6853339
20010209 708.93 713.91 703.61 707.26 8112072
20010212 680.99 719.40 680.99 716.24 3259986
20010213 716.24 720.90 701.61 711.59 8333565
20010214 708.26 708.93 692.30 698.29 6662371
20010215 704.94 704.94 691.63 691.63 5510248
20010216 683.32 693.96 671.68 684.32 5642272
20010219 667.69 693.96 666.36 678.33 4978395
20010220 674.34 684.98 664.37 668.36 6011877
20010221 671.68 707.93 665.03 698.29 28845464
20010222 684.32 696.46 678.33 685.65 6322087
20010223 686.98 704.94 683.84 694.96 6954837
20010226 676.34 692.96 669.36 691.63 13568038
20010227 690.97 717.57 675.01 676.01 15829277
20010228 668.36 692.30 662.71 675.01 14429498
20010301 728.88 728.88 667.03 667.69 24962350
20010302 667.69 671.02 645.08 658.05 6103452
20010305 669.02 671.68 649.74 669.02 4822012
20010306 670.02 684.98 667.69 678.33 20388446
20010307 680.00 699.62 663.70 680.00 3862963
20010308 678.33 688.97 673.51 675.01 3787478
20010309 667.03 676.34 652.73 658.38 5080195
20010312 657.05 667.25 630.45 638.43 5716253
20010313 625.13 632.52 603.85 605.85 11624677
20010314 605.85 605.85 605.85 605.85 0
20010315 546.99 646.41 574.09 598.53 16327598
20010316 603.19 624.25 575.25 595.21 12704021
20010319 595.87 613.16 575.92 578.58 8621220
20010320 584.56 593.27 577.25 593.21 14170714
20010321 571.26 577.42 561.95 572.59 7144752
20010322 576.58 576.58 520.06 528.70 12311109
20010323 555.97 555.97 504.10 515.40 12709134
20010326 523.71 559.96 523.38 558.63 11561523
20010327 556.63 571.93 549.32 563.28 10279331
20010328 559.79 595.21 555.30 571.93 11921354
20010329 565.28 572.59 555.30 557.30 9751539
20010330 573.92 582.57 557.30 566.61 6111120
20010402 575.25 585.89 563.28 579.24 3656808
20010403 581.90 581.90 534.69 550.65 7714648
20010404 548.65 576.58 538.68 571.26 4826523
20010405 571.60 596.54 569.93 588.55 4398725
20010406 597.87 597.87 569.93 578.58 6414263
20010409 578.58 588.55 570.60 577.25 2733546
20010410 575.92 609.17 575.92 598.53 5674451
20010411 619.81 619.81 591.21 606.51 6567639
20010412 608.84 621.14 605.18 612.50 7591196
20010413 612.50 612.50 612.50 612.50 0
20010416 612.50 612.50 612.50 612.50 0
20010417 594.54 607.84 591.21 605.18 3899202
20010418 605.85 665.70 602.52 661.71 6548542
20010419 656.39 667.29 647.08 648.41 10731188
20010420 649.07 651.73 643.09 645.08 7147158
20010423 643.75 646.25 617.15 620.48 9890930
20010424 626.46 641.09 620.48 635.11 5018845
20010425 619.15 641.42 618.48 627.79 4287754
20010426 630.62 635.11 619.81 625.80 5740613
20010427 626.46 659.71 626.46 649.74 7037991
20010430 650.40 662.71 648.41 658.38 4504434
20010501 653.73 671.68 645.75 665.03 8551900
20010502 670.35 683.65 659.71 666.36 9800709
20010503 664.04 671.02 659.05 665.70 16655852
20010504 658.38 669.69 658.38 662.37 10448346
20010507 662.37 662.37 662.37 662.37 0
20010508 657.05 671.68 655.06 667.03 5112975
20010509 667.03 667.03 659.05 661.04 10819004
20010510 661.04 681.66 660.38 673.01 4237079
20010511 684.98 684.98 649.74 652.40 9174274
20010514 645.08 654.73 632.45 632.45 8361533
20010515 639.10 645.08 627.13 631.12 7954486
20010516 629.12 631.78 610.50 629.12 16994482
20010517 640.43 641.09 611.17 617.82 27705370
20010518 619.05 640.43 617.82 639.10 9258330
20010521 638.76 643.75 633.11 633.11 2574456
20010522 633.11 656.39 633.11 650.40 6481778
20010523 649.07 651.73 643.09 647.08 2717306
20010524 643.09 653.06 643.09 645.08 2777003
20010525 641.76 650.40 634.44 650.40 7039194
20010528 650.40 650.40 650.40 650.40 0
20010529 665.03 665.03 638.43 647.08 4437520
20010530 639.76 645.08 631.78 631.78 6765223
20010531 636.44 647.08 628.46 644.42 7170616
20010601 651.07 651.73 637.10 641.76 4392109
20010604 647.74 655.06 642.42 647.74 922509
20010605 647.74 662.37 642.42 655.06 3747781
20010606 643.09 679.66 643.09 666.36 7978846
20010607 664.37 680.33 664.37 670.35 4242042
20010608 670.35 675.34 666.91 671.68 8159288
20010611 665.70 672.68 655.06 655.06 4749535
20010612 655.72 656.39 631.78 631.78 7399777
20010613 641.76 641.76 631.78 637.77 4340082
20010614 631.12 650.40 622.14 636.44 7853438
20010615 633.11 641.76 621.14 628.46 14080944
20010618 624.47 632.26 614.49 625.80 5034784
20010619 627.13 634.44 613.16 620.48 4714800
20010620 620.48 624.13 606.01 611.83 7956441
20010621 592.54 627.13 592.54 621.14 4580070
20010622 624.47 638.43 620.48 630.45 5193422
20010625 629.12 635.77 617.82 617.82 4917647
20010626 616.49 625.13 596.54 611.83 8151769
20010627 606.51 628.79 606.51 619.15 7216328
20010628 624.47 625.13 611.83 621.81 3472456
20010629 627.13 629.12 605.85 605.85 4748181
20010702 611.83 641.09 606.86 635.77 6234573
20010703 635.11 635.11 618.79 623.80 2669790
20010704 620.48 635.77 614.49 617.15 1141446
20010705 625.13 625.13 607.84 620.48 7343239
20010706 607.18 608.51 588.55 601.86 5065910
20010709 599.20 599.86 577.25 581.90 6120293
20010710 581.90 587.22 571.26 581.24 11593852
20010711 571.93 571.93 540.51 547.32 12113976
20010712 567.51 567.51 555.30 562.62 8800158
20010713 562.62 562.62 562.62 562.62 0
20010716 559.29 573.59 556.96 569.93 5408900
20010717 559.29 571.46 547.32 550.65 8793993
20010718 554.44 557.44 544.00 548.65 4770586
20010719 549.98 549.98 530.03 540.67 7345945
20010720 543.45 546.66 536.02 545.33 6249309
20010723 538.68 556.63 538.68 546.66 3974536
20010724 545.33 595.21 538.01 542.67 8089968
20010725 544.00 544.66 529.37 529.37 9481928
20010726 532.69 538.68 520.72 524.05 19143396
20010727 522.72 542.00 522.72 540.67 6107060
20010730 537.35 544.66 531.83 540.67 4422183
20010731 539.34 542.67 535.35 538.68 9620718
20010801 530.70 568.26 520.72 555.97 22120238
20010802 556.63 581.24 555.47 566.61 16749532
20010803 565.28 583.90 558.63 570.60 15281485
20010806 568.60 585.89 565.94 571.26 9445389
20010807 567.27 571.26 547.99 571.26 10587887
20010808 573.17 573.17 558.99 565.07 11831717
20010809 553.59 565.07 553.40 554.26 14397673
20010810 560.34 565.74 554.94 563.72 11407490
20010813 561.02 600.85 548.86 556.29 7687498
20010814 560.34 575.87 556.97 573.84 11963104
20010815 573.84 577.22 564.39 569.79 11709367
20010816 564.39 566.42 555.61 562.37 13401538
20010817 564.05 567.98 552.91 553.59 12889917
20010820 553.59 566.42 551.56 558.32 2159206
20010821 559.19 573.51 555.61 571.82 5720409
20010822 567.09 580.59 556.29 564.39 6532870
20010823 565.74 571.82 546.84 556.97 6091608
20010824 555.41 574.52 555.41 569.12 3877003
20010827 569.12 569.12 569.12 569.12 0
20010828 569.12 584.64 569.12 578.57 11611161
20010829 583.97 600.17 577.22 594.10 7342961
20010830 583.97 596.80 573.84 573.84 11524212
20010831 573.84 582.62 563.72 565.07 12976569
20010903 570.47 570.47 555.45 561.69 2687565
20010904 567.09 576.54 553.59 570.47 5747219
20010905 560.34 573.17 559.14 566.42 4074897
20010906 572.49 572.49 546.84 548.19 4563707
20010907 546.84 555.18 526.59 526.59 9954539
20010910 526.59 532.66 507.68 523.88 10653241
20010911 526.59 537.39 438.82 443.55 8196305
20010912 438.82 479.33 425.32 472.58 10183836
20010913 441.52 518.00 441.52 465.83 11518287
20010914 472.58 472.58 428.69 432.07 14992984
20010917 431.39 448.95 416.54 448.95 7554483
20010918 443.55 452.32 415.19 431.39 11345722
20010919 441.52 464.14 412.49 419.24 9029504
20010920 422.62 423.97 392.24 401.69 14363753
20010921 396.96 398.31 357.13 382.11 10649390
20010924 391.56 421.94 366.58 416.20 9234211
20010925 380.57 423.97 380.57 422.28 18366216
20010926 426.67 459.07 417.89 434.77 10575920
20010927 458.33 458.33 431.39 441.52 8007298
20010928 441.52 441.52 441.52 441.52 0
20011001 455.70 463.80 432.74 433.42 5862608
20011002 436.80 441.52 421.27 438.82 6002141
20011003 432.07 452.32 424.31 442.20 9094086
20011004 455.70 465.15 419.24 446.25 16078883
20011005 443.55 476.63 439.50 465.83 17185074
20011008 467.51 472.58 457.05 463.80 9091568
20011009 461.10 475.95 453.67 468.86 16626350
20011010 465.83 475.95 465.83 473.93 10958970
20011011 479.33 504.98 473.25 492.83 16976960
20011012 524.56 524.56 482.70 492.83 6735356
20011015 473.93 539.86 473.93 479.33 5436306
20011016 479.33 479.33 479.33 479.33 0
20011017 486.08 505.42 486.08 500.93 3622525
20011018 484.05 490.80 457.05 457.72 24848280
20011019 464.48 465.83 450.64 452.32 17516132
20011022 468.53 468.53 448.95 457.05 5004376
20011023 460.42 471.73 459.75 468.19 13021303
20011024 459.07 479.33 443.55 446.25 14669777
20011025 451.51 479.33 448.95 475.95 21563182
20011026 475.95 475.95 475.95 475.95 0
20011029 483.38 483.72 472.58 476.29 7379252
20011030 478.65 478.65 464.48 468.86 8074399
20011031 469.20 471.90 462.45 463.80 12060718
20011101 463.12 472.58 458.06 471.56 3094611
20011102 467.24 483.72 467.24 479.67 5992068
20011105 460.09 497.89 455.70 494.85 7844954
20011106 499.58 502.96 482.16 502.96 10776036
20011107 512.75 512.75 481.69 498.91 4580741
20011108 504.98 518.48 499.92 513.08 11188710
20011109 502.96 516.46 500.26 503.63 3525504
20011112 507.68 509.71 483.38 492.15 3155638
20011113 507.68 515.78 499.92 515.78 4188360
20011114 515.78 538.74 512.72 533.00 12191067
20011115 529.96 541.44 521.18 523.88 14096537
20011116 540.09 563.04 521.18 540.09 17893996
20011119 580.59 616.83 540.09 583.29 18998856
20011120 577.89 587.34 562.37 563.72 12818521
20011121 563.72 573.51 551.56 565.74 15836107
20011122 567.09 571.14 550.21 553.59 8281921
20011123 550.21 566.42 545.02 555.28 9037947
20011126 563.04 588.70 550.05 588.70 13755407
20011127 577.22 596.10 573.84 573.84 12248687
20011128 567.77 580.59 549.54 556.97 10610137
20011129 560.34 589.37 550.21 569.45 26401808
20011130 561.02 578.23 543.46 543.46 10866985
20011203 546.84 573.17 540.76 569.12 11559317
20011204 563.72 579.58 559.67 565.40 7301635
20011205 570.47 586.06 568.44 585.32 8336282
20011206 587.34 612.32 581.56 601.52 13752888
20011207 600.85 607.60 588.02 591.40 8094988
20011210 573.84 590.38 564.05 567.77 7715790
20011211 567.77 569.75 554.26 561.69 10744190
20011212 550.21 567.09 550.21 554.94 8671636
20011213 557.64 557.64 534.01 547.18 7515674
20011214 542.79 556.29 541.10 552.91 5919784
20011217 546.84 568.10 546.84 555.95 8991288
20011218 556.97 563.04 541.92 542.79 7537745
20011219 542.79 555.28 534.69 536.04 6753279
20011220 543.46 561.69 542.11 546.84 7442501
20011221 547.51 562.91 541.78 548.53 6942285
20011224 548.53 560.02 548.53 553.59 700479
20011225 553.59 553.59 553.59 553.59 0
20011226 553.59 553.59 553.59 553.59 0
20011227 558.99 563.72 549.88 558.32 2286297
20011228 556.97 573.84 556.97 560.00 1052126
20011231 560.00 563.04 553.59 553.59 741806
20020101 553.59 553.59 553.59 553.59 0
20020102 557.30 566.42 555.05 563.04 3754948
20020103 558.65 577.89 558.65 572.49 4346705
20020104 577.22 585.32 572.36 575.87 6370970
20020107 580.59 586.33 568.32 576.54 4363295
20020108 564.73 579.24 564.39 573.84 10359067
20020109 572.49 574.60 564.73 573.17 5076809
20020110 565.40 573.84 565.07 566.42 2950486
20020111 567.09 567.09 544.14 557.64 7664243
20020114 553.59 566.08 544.14 547.18 9286351
20020115 549.88 557.64 543.46 550.21 3606380
20020116 550.89 552.91 538.06 547.51 5747367
20020117 549.88 555.50 543.46 546.84 5079771
20020118 539.75 551.90 539.75 547.85 4549190
20020121 546.84 553.59 546.84 550.21 3633783
20020122 548.53 562.16 548.19 552.24 6945544
20020123 548.86 550.21 529.96 534.69 15566225
20020124 534.35 543.13 528.61 529.29 14490991
20020125 536.04 536.04 510.26 516.46 14866931
20020128 522.20 531.99 518.16 531.31 8250814
20020129 533.34 537.39 519.16 519.16 10769815
20020130 499.58 520.02 506.67 515.78 6908069
20020131 515.78 528.61 513.27 527.60 7004053
20020201 528.27 536.04 523.88 526.59 7766152
20020204 524.22 526.40 509.20 519.83 4852401
20020205 513.08 520.33 500.26 509.71 9273612
20020206 505.99 506.33 487.43 496.54 6217958
20020207 493.84 509.71 492.70 505.66 7129070
20020208 509.71 511.73 505.66 506.67 4974011
20020211 516.46 522.37 510.22 519.83 5972812
20020212 523.55 528.61 517.13 523.21 11423932
20020213 523.21 525.10 515.11 519.16 12712020
20020214 524.22 526.92 519.34 521.18 12911987
20020215 540.09 540.09 512.41 517.47 7043750
20020218 513.08 520.17 513.08 515.11 4463575
20020219 511.73 517.81 494.18 495.53 22999394
20020220 498.23 508.69 478.31 499.92 34262612
20020221 515.11 520.27 481.86 499.58 11878969
20020222 494.18 501.61 490.13 492.83 10544370
20020225 485.74 497.22 485.74 494.85 8525733
20020226 496.21 502.96 489.79 493.50 14989133
20020227 505.53 512.56 492.17 499.90 11480186
20020228 492.52 501.22 476.70 485.84 21040726
20020301 485.84 497.79 483.03 495.68 10412626
20020304 509.75 537.87 495.52 528.73 16492003
20020305 523.81 545.60 513.26 530.84 12716144
20020306 528.73 551.93 528.20 539.28 8023486
20020307 542.09 553.34 539.36 552.64 15297717
20020308 548.42 559.31 535.76 554.04 11181081
20020311 548.42 555.80 547.01 548.77 4115071
20020312 547.71 552.99 544.20 548.42 5741302
20020313 547.01 558.41 544.20 550.53 9989641
20020314 549.12 557.21 541.39 555.45 3666201
20020315 536.82 562.48 536.82 557.21 6274371
20020318 555.45 567.05 555.45 564.59 8841579
20020319 562.83 580.76 558.26 569.51 11398405
20020320 563.18 569.51 556.15 563.88 12260731
20020321 561.07 563.88 554.04 561.78 6673604
20020322 562.48 562.48 544.20 550.53 12774457
20020325 551.93 558.32 540.01 542.44 5047373
20020326 541.39 544.75 524.16 528.03 16624701
20020327 532.95 534.35 525.21 532.95 10844713
20020328 532.95 532.95 532.95 532.95 0
20020329 532.95 532.95 532.95 532.95 0
20020401 532.95 532.95 532.95 532.95 0
20020402 541.39 547.01 533.65 537.87 9487008
20020403 541.03 558.24 538.06 544.55 11403810
20020404 541.39 544.36 527.32 529.43 8856229
20020405 530.14 541.95 529.25 537.87 8998030
20020408 544.90 551.23 528.80 537.17 6685978
20020409 537.17 561.10 537.17 544.20 9101429
20020410 542.79 551.93 541.39 549.47 6159451
20020411 551.23 559.31 542.79 544.20 8786111
20020412 544.20 557.56 544.20 553.69 6425985
20020415 564.24 564.59 549.65 550.88 9112665
20020416 544.20 569.51 544.20 569.51 12728233
20020417 565.99 590.25 565.99 577.95 14931197
20020418 579.35 586.38 572.67 575.84 8721255
20020419 570.92 591.48 570.92 584.98 14036727
20020422 600.45 600.45 578.65 578.65 8248632
20020423 576.54 590.60 577.95 580.76 16035452
20020424 576.54 600.80 576.54 597.63 9148933
20020425 596.58 597.63 584.63 595.52 12551018
20020426 596.93 598.34 588.49 594.12 13791669
20020429 592.71 597.42 587.79 595.52 7133141
20020430 596.93 601.50 586.38 594.12 7792224
20020501 594.12 594.12 575.13 580.06 11351612
20020502 590.60 603.96 580.76 603.26 14145105
20020503 603.26 631.38 598.34 612.40 9110532
20020506 612.40 612.40 612.40 612.40 0
20020507 613.10 613.10 594.82 606.07 5920366
20020508 605.37 614.16 603.26 610.29 9862774
20020509 602.56 607.48 590.60 602.20 9171832
20020510 483.73 608.18 593.38 608.18 11304108
20020513 605.02 616.62 598.34 610.29 3348607
20020514 611.70 616.97 602.03 607.13 3232264
20020515 608.18 614.51 606.07 613.45 3109522
20020516 608.18 616.86 601.15 601.15 1942687
20020517 606.07 613.10 594.82 597.63 3151337
20020520 597.63 603.26 575.13 582.17 15506650
20020521 576.54 588.49 569.51 577.60 6091893
20020522 575.13 581.46 553.69 563.53 8356583
20020523 563.18 575.84 559.78 571.62 7366394
20020524 573.38 584.27 565.29 568.10 2142943
20020527 570.56 580.11 567.40 575.13 1344762
20020528 576.19 579.35 560.02 564.59 1930170
20020529 559.67 569.51 559.31 564.59 1749115
20020530 560.02 568.10 559.67 563.18 2275073
20020531 560.37 571.97 558.96 568.81 2844836
20020603 568.81 568.81 568.81 568.81 0
20020604 568.81 568.81 568.81 568.81 0
20020605 562.48 569.40 551.93 562.48 2584560
20020606 562.48 628.57 551.93 551.93 4694222
20020607 561.07 562.48 543.50 544.90 3784676
20020610 541.39 551.23 538.20 540.33 4114502
20020611 550.53 550.53 538.57 545.60 2734894
20020612 543.14 543.14 530.84 530.84 4541185
20020613 530.84 536.66 518.89 526.62 4055051
20020614 524.86 525.21 504.82 514.32 7009830
20020617 514.67 532.60 511.55 522.75 3078943
20020618 522.40 525.92 506.23 515.37 3391986
20020619 507.99 519.13 500.61 500.61 4448311
20020620 502.01 513.96 488.65 493.22 2840712
20020621 490.76 504.82 484.43 497.79 3999725
20020624 497.44 502.72 486.90 486.90 2690235
20020625 494.98 502.01 492.17 497.79 3488416
20020626 488.65 494.98 478.81 489.00 4095444
20020627 492.17 496.39 471.08 491.47 4167269
20020628 495.68 501.31 488.30 492.17 4089186
20020701 492.17 502.72 489.71 494.98 3690237
20020702 489.00 495.08 480.22 480.22 3300960
20020703 481.62 488.65 459.12 465.10 4284322
20020704 471.08 480.57 457.01 465.45 3717829
20020705 474.59 486.54 465.36 484.43 4210648
20020708 483.73 485.14 468.26 476.00 3554268
20020709 477.05 486.54 460.53 471.08 4362547
20020710 470.37 478.11 458.42 471.08 5689246
20020711 462.99 468.97 445.76 453.50 5663788
20020712 459.12 465.45 442.95 453.50 4443048
20020715 458.07 461.58 431.00 443.66 6370517
20020716 425.37 455.96 423.27 435.92 7634351
20020717 431.00 463.34 415.00 457.37 6352312
20020718 458.07 487.25 432.67 466.15 6333111
20020719 460.53 466.86 454.20 460.53 5169689
20020722 458.07 465.45 451.04 452.80 5752680
20020723 453.15 467.56 434.51 437.68 4730775
20020724 433.11 437.33 400.77 416.59 6945827
20020725 431.35 436.93 416.67 431.00 5408631
20020726 431.00 446.47 420.77 442.25 4623393
20020729 446.47 461.23 426.78 454.20 2868731
20020730 466.51 466.51 444.36 455.61 3024470
20020731 455.26 470.72 452.09 457.37 4322581
20020801 461.23 467.56 441.19 442.95 4822938
20020802 443.66 443.66 420.45 425.37 8327284
20020805 425.37 436.27 421.16 421.16 4584849
20020806 418.34 425.37 400.06 428.19 7793362
20020807 460.53 472.48 455.96 471.08 14477206
20020808 474.59 496.04 468.97 491.47 9487720
20020809 479.16 500.25 474.59 501.31 4968864
20020812 500.61 502.72 490.06 494.28 4402798
20020813 511.86 511.86 488.65 511.86 4561808
20020814 509.06 523.04 504.40 516.23 6340021
20020815 538.46 540.25 523.40 538.46 7476586
20020816 544.19 548.49 536.30 544.19 6765553
20020819 559.25 562.12 535.59 559.25 3734248
20020820 555.66 557.46 544.91 555.66 4669972
20020821 559.61 565.70 551.00 559.61 5355760
20020822 556.38 559.97 545.27 554.23 5260500
20020823 543.47 553.51 537.74 543.47 5525917
20020826 543.47 543.47 543.47 543.47 0
20020827 558.53 562.47 540.25 558.53 3902452
20020828 547.06 561.76 545.27 547.06 9041751
20020829 549.57 549.57 521.25 528.42 6989128
20020830 530.57 532.00 521.97 530.57 3878602
20020902 519.81 530.57 519.10 519.81 3138420
20020903 510.13 519.81 503.32 510.13 8064604
20020904 506.91 516.95 495.44 506.91 9749019
20020905 499.02 509.06 483.61 499.02 6718550
20020906 516.95 526.98 497.23 511.57 4152248
20020909 507.27 510.49 499.02 505.47 1943555
20020910 512.64 522.68 511.93 520.17 2727951
20020911 524.47 534.15 516.95 530.57 4064659
20020912 521.61 528.42 514.08 514.08 3984044
20020913 505.47 511.93 490.78 510.49 4499815
20020916 510.49 510.49 494.36 499.38 3061152
20020917 512.64 520.53 498.66 501.17 4253506
20020918 494.72 498.30 483.25 483.61 5624804
20020919 483.61 490.06 468.19 469.63 6486886
20020920 466.04 479.30 446.32 475.00 12824815
20020923 473.57 483.25 460.30 467.47 4507904
20020924 470.34 470.34 447.76 457.44 5360921
20020925 453.13 473.21 448.12 453.85 7601972
20020926 462.46 480.38 454.57 480.38 3998270
20020927 479.66 498.30 475.36 482.17 2831300
20020930 473.21 474.64 454.93 469.63 4788524
20021001 465.68 479.30 462.46 466.04 4686011
20021002 473.93 488.63 468.19 468.19 6253687
20021003 487.55 487.55 459.59 472.13 4010544
20021004 468.91 480.38 454.93 464.61 6942823
20021007 452.42 473.93 450.98 469.98 4435657
20021008 473.21 479.66 458.87 461.02 4634546
20021009 466.04 476.08 455.29 458.15 5476962
20021010 460.30 464.61 435.93 458.51 9879426
20021011 458.87 479.30 457.44 478.59 6209335
20021014 458.87 497.59 458.87 496.87 5242229
20021015 501.89 511.93 492.93 510.49 6499857
20021016 508.70 528.42 498.30 516.23 7790818
20021017 516.23 543.47 516.23 542.76 7671987
20021018 542.76 545.98 531.29 540.61 10075385
20021021 544.55 544.55 526.27 533.44 5733453
20021022 523.40 554.59 523.04 547.42 8346479
20021023 542.76 550.64 535.23 535.23 11648779
20021024 541.68 550.29 526.63 526.98 9492807
20021025 519.10 522.68 499.74 507.63 18439438
20021028 516.95 530.57 511.93 527.70 13158016
20021029 518.74 525.19 512.64 514.08 6840171
20021030 516.23 518.38 508.70 516.23 10828679
20021031 512.64 533.44 510.49 533.44 9806900
20021101 530.57 535.59 524.47 532.00 6223700
20021104 543.47 562.12 543.47 559.25 5079604
20021105 556.38 566.42 545.98 559.25 7198198
20021106 564.27 567.85 550.64 554.59 4447792
20021107 552.08 564.98 549.21 553.51 9413447
20021108 551.36 554.23 532.72 532.72 7195827
20021111 532.72 533.80 519.10 529.13 7294016
20021112 504.04 539.89 504.04 534.87 5438468
20021113 526.98 533.44 519.81 530.21 5437771
20021114 518.02 545.63 516.23 542.76 6354108
20021115 544.91 557.46 537.38 543.12 7920389
20021118 544.91 561.40 542.40 556.38 4280703
20021119 559.25 559.25 542.04 542.76 4517110
20021120 542.76 547.06 536.30 544.55 3406487
20021121 543.47 556.02 543.47 554.23 4302879
20021122 555.30 558.53 537.74 552.08 5480310
20021125 550.29 552.08 537.74 540.61 2953060
20021126 541.32 547.78 526.27 529.49 3897571
20021127 534.51 536.30 520.89 536.30 6214635
20021128 539.89 563.55 534.15 563.19 6068188
20021129 561.40 565.70 554.59 555.66 4539565
20021202 572.87 574.30 554.95 562.83 5223959
20021203 566.42 566.42 544.19 549.21 4792429
20021204 546.34 547.42 535.95 537.74 3547354
20021205 540.61 547.06 526.63 534.87 1964057
20021206 534.87 539.89 518.38 533.44 3279845
20021209 544.91 544.91 519.81 520.53 3180680
20021210 520.53 532.72 509.42 512.29 4669693
20021211 516.95 540.61 508.34 530.93 9114556
20021212 533.44 533.44 510.85 513.72 7458454
20021213 511.21 514.80 494.00 504.76 6734450
20021216 480.38 526.98 480.38 526.27 4680432
20021217 521.97 523.40 506.19 509.06 4876113
20021218 501.89 513.36 496.87 499.02 3926860
20021219 503.32 512.64 492.57 499.74 5341674
20021220 499.74 511.21 495.80 510.85 2758077
20021223 501.17 515.51 501.17 514.44 1577996
20021224 512.64 515.87 511.21 514.08 349519
20021225 514.08 514.08 514.08 514.08 0
20021226 514.08 514.08 514.08 514.08 0
20021227 500.10 516.23 496.15 496.51 1623186
20021230 505.47 508.70 495.44 506.91 918429
20021231 498.30 509.42 498.30 506.19 774074
20030101 506.19 506.19 506.19 506.19 0
20030102 505.12 517.66 501.89 514.44 3856845
20030103 514.08 524.47 512.29 516.23 3663814
20030106 513.00 521.25 505.47 516.59 3444144
20030107 517.30 523.40 510.49 514.80 3502026
20030108 514.08 515.51 509.06 513.00 2687922
20030109 513.00 518.74 509.06 516.59 2973144
20030110 513.36 528.78 513.00 522.68 2721256
20030113 528.42 534.15 519.10 523.76 5547675
20030114 527.70 527.70 514.80 519.81 3699101
20030115 522.65 524.83 506.19 507.98 5047804
20030116 507.98 511.21 504.76 508.70 3035349
20030117 504.04 506.19 498.30 498.30 5564691
20030120 498.30 504.76 491.85 495.80 2681925
20030121 496.87 501.53 491.13 491.85 3660885
20030122 504.04 504.04 477.15 480.38 6164703
20030123 487.55 487.91 471.42 471.42 6361500
20030124 472.49 484.68 466.40 472.49 6307245
20030127 472.49 477.51 458.87 464.61 7583980
20030128 467.47 477.15 454.93 456.72 6404318
20030129 455.29 458.87 437.72 439.87 8359868
20030130 445.96 458.51 443.10 456.00 9683466
20030131 448.12 453.85 445.96 447.40 5254921
20030203 453.85 471.06 453.13 468.91 7298618
20030204 476.08 476.08 455.29 458.15 5510436
20030205 458.15 470.34 451.70 469.63 3752379
20030206 471.78 471.78 452.78 455.29 5940989
20030207 454.57 464.61 450.98 459.59 6118538
20030210 460.30 462.46 449.55 450.98 3324337
20030211 448.12 464.61 448.12 462.46 5437073
20030212 461.02 466.04 454.57 461.38 6681730
20030213 461.74 472.49 456.00 466.04 6610877
20030214 468.19 473.57 461.74 466.04 5110009
20030217 476.80 478.95 466.76 473.93 3373710
20030218 470.34 489.34 470.34 475.00 7187319
20030219 476.08 510.49 476.08 507.63 20900716
20030220 506.91 506.91 495.80 504.04 12127172
20030221 501.89 507.27 496.15 506.91 6731661
20030224 505.47 516.23 504.40 509.06 6135554
20030225 504.04 506.19 494.00 500.46 5851866
20030226 514.68 525.21 510.16 516.93 5398354
20030227 516.93 522.95 502.64 507.90 5887422
20030228 509.03 525.21 504.14 524.46 5004973
20030303 524.46 535.37 519.19 528.22 4810675
20030304 526.72 526.72 516.93 519.57 3862840
20030305 513.92 521.45 513.92 518.44 5410182
20030306 522.95 523.33 511.67 514.68 4798183
20030307 510.16 515.43 499.25 511.67 6014739
20030310 511.67 511.67 497.37 500.38 3052821
20030311 492.86 503.77 492.86 496.62 5609398
20030312 501.89 501.89 466.52 475.55 5862304
20030313 484.20 507.53 483.07 504.14 8029620
20030314 506.40 531.61 506.40 529.73 7943236
20030317 520.70 552.30 514.68 533.49 8899045
20030318 538.38 541.77 523.33 530.48 13465851
20030319 526.72 551.17 522.95 539.51 10047292
20030320 538.00 548.16 532.36 545.53 6407190
20030321 544.02 566.97 542.89 559.07 8742357
20030324 553.80 553.80 543.27 544.02 5784160
20030325 526.72 545.53 526.72 538.00 8044903
20030326 532.74 542.89 529.73 542.89 8537826
20030327 534.99 542.14 527.84 528.60 3817654
20030328 530.48 533.49 518.06 520.32 5724754
20030331 517.69 517.69 499.63 506.78 5731000
20030401 511.67 513.92 501.51 506.40 7801831
20030402 510.16 516.93 506.40 512.04 11611246
20030403 516.18 519.57 507.15 512.04 10110419
20030404 513.55 516.93 508.66 511.67 6937058
20030407 519.19 539.88 519.19 534.99 8918315
20030408 526.72 536.12 524.08 525.21 3942313
20030409 521.45 524.08 509.41 509.41 7255617
20030410 509.41 517.69 506.78 507.90 5849413
20030411 510.16 521.45 506.40 511.67 5379217
20030414 511.67 523.33 509.79 517.69 3924106
20030415 521.45 537.63 521.45 530.10 6242927
20030416 534.24 543.65 528.97 531.23 7427056
20030417 531.23 542.52 522.58 541.77 6220467
20030418 541.77 541.77 541.77 541.77 0
20030421 541.77 541.77 541.77 541.77 0
20030422 535.75 539.51 527.47 533.11 5900180
20030423 534.24 536.50 517.31 522.58 10405587
20030424 518.44 518.44 499.25 499.25 12723477
20030425 496.24 500.38 488.34 493.23 13980834
20030428 507.15 518.82 489.85 518.82 7958785
20030429 521.45 539.51 519.94 530.10 11123507
20030430 532.74 532.74 519.57 525.21 6069759
20030501 524.46 524.46 514.30 517.69 2249048
20030502 516.18 532.74 514.68 532.74 4008763
20030505 532.74 532.74 532.74 532.74 0
20030506 542.89 548.54 518.44 547.78 8049289
20030507 544.40 558.32 539.13 545.53 7041649
20030508 549.67 549.67 535.37 538.00 7594907
20030509 538.38 559.45 538.38 556.44 7295752
20030512 556.81 560.20 550.42 558.70 7130160
20030513 555.31 563.21 555.31 560.20 5778711
20030514 550.79 555.69 536.87 536.87 12506055
20030515 534.24 538.00 528.60 531.23 10355617
20030516 535.37 549.67 534.24 540.26 7542014
20030519 536.50 539.51 528.97 530.48 3211901
20030520 528.22 536.50 525.21 527.84 6272032
20030521 523.71 529.35 522.95 526.72 7143184
20030522 530.85 531.61 524.83 528.97 4532385
20030523 530.10 534.24 527.47 531.23 3220008
20030526 531.23 531.23 531.23 531.23 0
20030527 530.48 541.39 528.97 538.00 4564015
20030528 544.02 558.32 542.52 555.69 7243257
20030529 550.79 558.32 550.79 554.93 4484807
20030530 548.54 558.70 543.65 549.67 5887156
20030602 555.31 569.98 554.18 566.60 4987298
20030603 563.59 566.22 557.19 560.58 3359286
20030604 568.10 568.10 555.31 556.81 4308051
20030605 562.08 562.46 551.17 552.30 3959856
20030606 552.30 566.22 552.30 562.08 3940719
20030609 556.06 562.08 553.43 558.32 1561961
20030610 558.32 562.08 553.80 555.31 3163526
20030611 554.56 559.07 547.78 554.93 4360281
20030612 554.93 568.10 554.93 564.34 5596772
20030613 565.84 577.88 565.47 573.37 6829011
20030616 571.11 577.88 569.23 574.50 4413041
20030617 577.88 584.28 574.87 580.52 7009886
20030618 579.39 587.29 575.63 585.41 6343265
20030619 587.66 587.66 571.49 571.86 4350446
20030620 570.73 579.76 565.84 578.26 2542622
20030623 575.25 578.26 567.35 571.86 3481553
20030624 579.76 579.76 563.21 568.10 4267251
20030625 564.34 578.64 563.59 563.96 9508918
20030626 562.83 566.60 554.56 556.81 7624278
20030627 564.71 569.61 559.45 560.95 3397295
20030630 557.19 566.97 549.67 553.80 4283598
20030701 542.52 559.45 537.25 540.26 4461948
20030702 547.78 551.55 542.14 544.77 4762433
20030703 536.12 550.79 536.12 542.14 5080327
20030704 543.65 553.05 542.14 553.05 3075414
20030707 553.43 571.49 553.43 568.10 5353168
20030708 571.86 579.01 567.35 576.00 4704090
20030709 574.87 577.88 570.36 573.37 3955205
20030710 574.50 575.25 569.61 573.37 4267916
20030711 572.62 583.90 568.48 580.14 3618040
20030714 582.40 595.94 578.26 593.31 3578170
20030715 592.93 601.59 587.29 597.07 5935266
20030716 600.83 604.59 583.53 589.92 6068165
20030717 589.92 590.67 579.76 583.53 3814465
20030718 591.05 591.05 582.40 583.15 1879722
20030721 587.29 589.17 580.14 581.27 2127977
20030722 585.03 587.29 579.39 585.03 1835068
20030723 586.54 590.67 582.77 586.54 3264662
20030724 587.66 590.67 583.90 588.04 2608008
20030725 585.41 590.67 579.39 587.29 3579101
20030728 590.67 596.69 588.42 592.18 2897329
20030729 593.68 600.46 587.66 590.67 1855534
20030730 593.68 597.82 589.55 595.57 2615982
20030731 600.46 607.23 594.44 604.22 4244658
20030801 604.97 606.48 591.43 591.43 3755590
20030804 592.18 613.25 590.30 597.82 8735579
20030805 600.83 603.84 590.67 601.96 3576044
20030806 601.96 601.96 571.86 582.77 12958044
20030807 585.41 592.56 580.89 592.18 7598894
20030808 594.81 606.48 589.55 602.34 5235154
20030811 605.72 615.88 605.72 612.12 4492116
20030812 615.51 624.91 607.98 620.77 5742695
20030813 632.67 638.42 627.30 635.73 8449035
20030814 635.73 663.34 634.97 659.51 10959243
20030815 657.21 665.26 653.37 653.37 7675108
20030818 654.91 655.67 646.85 652.22 6716274
20030819 657.97 657.97 639.57 644.94 6570486
20030820 641.10 644.94 631.90 638.80 7703535
20030821 643.40 652.22 641.87 644.17 5309253
20030822 644.94 659.51 644.17 651.45 5077792
20030825 651.45 651.45 651.45 651.45 0
20030826 648.39 653.37 643.02 643.02 4276221
20030827 650.30 654.52 646.85 652.99 5238055
20030828 652.61 662.19 652.61 657.97 5293214
20030829 664.11 665.26 645.70 648.77 6570095
20030901 654.14 656.82 648.77 651.07 3927139
20030902 656.06 656.06 642.64 645.70 6416874
20030903 654.52 665.64 649.92 657.59 6611171
20030904 657.21 657.97 643.40 645.70 5438480
20030905 648.00 650.69 640.34 646.47 5639297
20030908 646.47 657.17 645.62 653.76 3764138
20030909 655.29 656.63 641.10 648.00 6149814
20030910 646.85 647.62 639.18 641.10 6503460
20030911 640.34 650.69 637.27 639.18 5299734
20030912 645.70 653.76 638.80 646.09 6277868
20030915 648.00 651.07 644.17 648.39 3982950
20030916 649.92 659.51 646.47 656.44 4030807
20030917 660.66 663.34 653.37 653.37 2752231
20030918 656.82 669.09 652.22 669.09 6682239
20030919 667.18 667.94 650.69 654.14 4266963
20030922 650.30 659.51 643.02 652.99 4336727
20030923 655.67 658.36 651.45 651.84 7593217
20030924 657.97 674.08 656.44 669.86 11755599
20030925 664.88 672.16 664.49 667.56 10560218
20030926 663.34 667.94 655.67 657.21 7130034
20030929 657.97 661.42 649.92 652.22 4724668
20030930 657.97 657.97 639.18 644.55 5313296
20031001 659.51 659.51 642.64 655.29 6388969
20031002 663.34 666.79 655.67 665.26 6210320
20031003 663.72 685.96 663.72 683.66 6184240
20031006 684.05 686.35 679.06 682.51 2911711
20031007 682.51 684.81 678.68 681.75 4316645
20031008 681.75 695.17 679.45 687.50 5283303
20031009 687.50 707.82 684.05 704.75 7697798
20031010 704.75 709.74 699.00 708.59 5728621
20031013 709.35 723.16 709.35 721.24 5023155
20031014 722.39 722.39 707.05 717.02 9142244
20031015 719.32 737.73 718.94 731.98 10154803
20031016 740.03 755.37 738.11 740.03 12453762
20031017 744.63 744.63 723.16 727.76 7158331
20031020 727.37 741.56 724.69 735.43 4369196
20031021 737.34 745.01 737.34 738.11 4750487
20031022 738.49 739.26 718.56 725.07 5217190
20031023 717.41 718.17 707.44 715.87 4084793
20031024 717.79 717.79 707.05 714.72 1860292
20031027 720.09 725.46 713.57 718.17 2743625
20031028 718.56 725.46 717.02 719.32 4311690
20031029 720.09 728.14 720.09 726.61 2503036
20031030 724.31 736.19 721.24 730.06 4684766
20031031 729.29 730.44 721.24 722.77 3239537
20031103 723.16 744.63 723.16 743.10 4155079
20031104 742.71 746.16 735.81 742.33 4258617
20031105 737.34 741.56 725.46 728.53 3934963
20031106 728.14 738.88 725.07 731.98 4644863
20031107 735.81 751.91 735.04 738.11 6551578
20031110 736.96 741.18 728.91 734.66 2561064
20031111 735.43 735.43 725.07 730.06 4468562
20031112 728.53 733.89 719.71 725.46 3768833
20031113 734.28 734.28 720.09 726.99 3318691
20031114 727.76 734.66 714.72 714.72 5508896
20031117 705.52 714.72 698.62 705.52 4638995
20031118 710.12 718.56 709.35 710.12 4640821
20031119 702.45 705.52 695.93 698.62 5568750
20031120 705.52 705.52 689.41 699.77 5417486
20031121 700.15 704.37 692.87 697.85 4120914
20031124 697.85 718.17 697.85 709.74 6538147
20031125 716.64 717.79 703.99 711.27 4925224
20031126 711.65 717.79 705.52 707.05 5536541
20031127 708.59 709.35 697.08 704.37 2845076
20031128 704.37 707.05 694.02 703.22 2720544
20031201 706.67 717.02 700.15 715.87 2959177
20031202 708.59 713.95 703.99 706.67 3499947
20031203 704.75 713.19 704.75 713.19 3549499
20031204 703.60 719.32 703.60 707.44 3896234
20031205 708.59 708.59 690.95 700.53 3229497
20031208 697.85 700.92 691.72 699.77 2300002
20031209 705.52 720.09 701.68 710.50 4960562
20031210 708.59 708.59 693.25 694.02 4014768
20031211 701.68 713.19 684.43 695.93 6741702
20031212 695.17 713.19 695.17 699.00 4924441
20031215 705.52 705.52 695.55 695.55 4303083
20031216 695.55 703.22 693.63 698.62 4786739
20031217 697.08 705.90 694.02 694.02 3412709
20031218 694.02 702.45 692.10 701.30 3287655
20031219 702.84 705.52 697.47 700.53 3524462
20031222 695.17 705.52 695.17 702.45 2017164
20031223 703.22 707.82 701.68 707.82 1621007
20031224 709.35 712.04 706.29 707.05 777056
20031225 707.05 707.05 707.05 707.05 0
20031226 707.05 707.05 707.05 707.05 0
20031229 702.45 711.65 702.45 708.20 939274
20031230 709.35 713.57 706.29 707.44 1071239
20031231 711.65 712.42 707.05 707.44 377248
20040101 707.44 707.44 707.44 707.44 0
20040102 707.44 718.94 707.05 713.95 1280141
20040105 694.02 720.86 694.02 718.56 2375504
20040106 716.06 721.24 713.95 718.94 2740234
20040107 716.64 720.47 700.92 701.68 6574529
20040108 702.84 714.72 702.84 711.65 3822819
20040109 714.72 720.09 696.32 699.77 6713666
20040112 692.87 701.68 692.87 692.87 3522637
20040113 691.33 697.08 676.76 676.76 7317550
20040114 674.46 687.88 674.46 685.20 7091957
20040115 687.88 703.60 684.43 701.68 8142854
20040116 701.68 715.11 697.47 709.74 5695630
20040119 707.05 725.07 707.05 718.56 5039715
20040120 718.56 724.31 713.95 717.02 4713323
20040121 720.09 720.09 697.47 708.59 7063791
20040122 713.19 713.19 695.55 696.32 6327159
20040123 697.08 700.15 686.73 693.63 5658726
20040126 697.85 701.68 687.11 687.11 3624349
20040127 691.72 695.93 682.13 682.90 5183417
20040128 684.43 692.87 688.65 688.65 5531716
20040129 678.90 688.26 674.08 675.99 4561146
20040130 684.43 690.95 679.06 687.11 7936170
20040202 684.05 693.25 669.09 672.16 5805036
20040203 675.61 680.98 669.86 680.21 5028631
20040204 680.98 680.98 670.24 675.99 3306302
20040205 676.76 680.21 669.48 675.23 4640038
20040206 682.13 692.48 687.11 687.88 4484992
20040209 686.35 705.52 685.96 703.22 6634774
20040210 698.62 708.20 697.85 703.22 7401267
20040211 703.22 706.29 695.55 700.15 4101745
20040212 698.23 700.92 686.73 690.95 2978476
20040213 695.93 704.37 692.10 699.38 2555196
20040216 697.85 705.52 691.72 705.52 3308128
20040217 707.05 718.94 702.45 713.19 10742387
20040218 713.19 726.22 703.99 711.27 11556868
20040219 707.44 711.65 701.68 710.12 9299898
20040220 709.35 717.79 705.14 708.97 4222105
20040223 717.02 739.64 715.49 732.36 12697090
20040224 726.22 738.88 726.22 728.53 7934866
20040225 749.65 751.25 739.28 745.66 5669208
20040226 740.48 746.06 730.11 742.47 3873850
20040227 740.88 754.44 740.08 740.08 4271091
20040301 742.47 749.65 740.08 748.06 3401374
20040302 749.65 750.05 737.29 744.47 2976547
20040303 740.88 750.05 738.49 745.66 3636108
20040304 749.65 770.78 747.26 768.39 6693784
20040305 765.60 771.98 760.42 764.80 5039491
20040308 771.18 771.18 759.62 762.01 2484887
20040309 752.84 762.01 752.84 759.22 3604258
20040310 752.04 761.21 752.04 757.63 5137798
20040311 748.45 752.44 733.70 740.48 6624944
20040312 733.70 744.87 744.87 744.87 4256796
20040315 735.69 742.47 735.69 737.69 2878491
20040316 735.30 743.27 735.30 740.88 2635106
20040317 738.49 753.64 738.49 750.05 4394351
20040318 744.47 748.85 733.30 733.70 3660810
20040319 740.88 740.88 724.53 726.92 5668080
20040322 720.14 721.74 706.98 714.56 4574539
20040323 720.14 728.52 719.35 721.34 4079994
20040324 723.33 728.92 711.37 718.55 4608771
20040325 718.55 726.12 715.76 723.33 4232972
20040326 728.92 728.92 717.35 718.15 2796861
20040329 716.95 734.10 716.95 731.31 3631217
20040330 729.71 733.70 726.92 730.11 1949088
20040331 727.32 726.52 722.54 726.52 2629212
20040401 726.52 728.12 722.93 728.12 2825952
20040402 738.49 741.68 725.73 740.88 3647017
20040405 739.28 741.68 735.30 738.88 2032097
20040406 740.08 741.28 733.70 738.09 1055547
20040407 736.89 742.47 719.35 719.35 4682627
20040408 729.71 732.11 722.54 724.93 3460810
20040409 724.93 724.93 724.93 724.93 0
20040412 724.93 724.93 724.93 724.93 0
20040413 737.69 737.69 726.92 728.52 2287520
20040414 723.33 727.72 719.35 720.94 2824698
20040415 721.74 722.93 698.61 706.59 5565384
20040416 706.59 710.57 700.21 706.19 8212277
20040419 706.19 706.59 699.41 703.00 3886389
20040420 708.98 720.14 707.38 715.36 5609020
20040421 709.78 712.97 707.38 708.18 4588583
20040422 709.78 712.17 700.60 708.98 6940304
20040423 712.97 724.53 712.97 715.36 11352712
20040426 711.37 721.34 711.37 711.77 3660935
20040427 712.97 716.55 708.98 716.16 1923257
20040428 709.78 715.76 703.40 704.19 3662314
20040429 704.99 706.98 694.22 701.00 8501180
20040430 705.79 705.79 687.84 689.04 6479489
20040503 689.04 689.04 689.04 689.04 0
20040504 691.43 700.60 690.64 696.62 6919740
20040505 695.82 697.41 689.44 694.62 4674852
20040506 694.62 695.82 680.27 681.86 6129772
20040507 689.04 689.04 671.50 677.88 5016545
20040510 666.71 673.09 662.72 664.72 6199239
20040511 666.71 689.84 666.71 689.84 9215661
20040512 687.84 697.81 684.65 686.25 8788201
20040513 688.24 693.83 686.65 690.64 3015544
20040514 690.24 691.43 681.86 685.85 8370521
20040517 677.88 677.88 668.31 669.90 8760740
20040518 670.70 683.06 666.71 681.46 6236229
20040519 683.46 707.38 683.46 704.99 9009392
20040520 701.80 701.80 691.43 693.43 4039743
20040521 701.80 714.56 701.80 712.17 8647010
20040524 732.90 732.90 710.97 711.37 6258424
20040525 691.43 711.77 691.43 709.78 3728772
20040526 719.74 720.54 707.78 713.76 4675730
20040527 716.95 726.92 712.17 720.54 3062441
20040528 721.74 725.33 712.97 718.15 3745825
20040531 718.15 718.15 718.15 718.15 0
20040601 724.13 724.13 713.36 720.94 2981061
20040602 723.33 730.91 719.35 724.13 7092028
20040603 728.12 728.12 715.36 721.34 3313224
20040604 723.73 730.91 724.53 728.12 2729526
20040607 737.69 740.08 729.31 732.90 5234350
20040608 733.70 736.49 727.72 734.50 3323381
20040609 739.68 739.68 726.52 727.32 6000242
20040610 731.71 732.90 723.33 725.73 4561874
20040611 719.35 725.73 715.36 716.16 5530651
20040614 712.57 714.96 703.79 707.38 4106828
20040615 737.69 737.69 705.79 714.16 3546327
20040616 715.76 724.13 714.56 715.36 2562504
20040617 712.17 720.54 712.17 716.16 2452786
20040618 711.37 714.96 708.18 708.98 4091154
20040621 710.97 716.16 702.60 707.38 3018930
20040622 705.79 708.18 692.23 694.22 6918360
20040623 695.02 714.96 694.22 707.38 8714972
20040624 709.78 716.16 708.98 714.56 4602251
20040625 712.17 720.54 712.17 716.55 3372283
20040628 715.36 720.94 714.56 719.74 3351218
20040629 717.75 719.74 708.98 712.17 1789590
20040630 711.37 724.53 711.37 716.16 5464318
20040701 716.16 720.54 703.40 703.40 3182064
20040702 703.40 704.19 697.81 701.00 2031094
20040705 701.80 707.78 700.21 700.60 1076738
20040706 701.80 702.60 691.43 692.63 2118116
20040707 695.02 697.81 689.84 690.64 2432347
20040708 688.24 694.22 682.66 692.23 2736422
20040709 682.66 695.82 682.66 695.82 1512474
20040712 694.62 697.81 689.84 693.03 2178805
20040713 690.24 701.80 690.24 697.81 3015920
20040714 693.83 701.00 688.24 699.81 2602629
20040715 696.62 698.21 691.83 692.23 2778679
20040716 694.62 700.21 692.23 693.03 3021438
20040719 693.03 699.41 690.64 695.42 2764008
20040720 693.03 700.21 691.03 698.61 2473100
20040721 700.21 714.96 700.21 710.97 2973162
20040722 704.19 704.19 692.23 692.63 3748458
20040723 693.83 707.38 693.83 698.61 5373786
20040726 700.21 701.00 691.03 696.22 2864447
20040727 694.62 712.57 694.62 712.57 3888019
20040728 713.76 720.54 709.78 714.56 2786077
20040729 714.56 727.32 714.56 724.93 2879243
20040730 720.94 728.12 719.35 725.33 2083758
20040802 723.33 740.88 720.94 734.50 3974916
20040803 733.70 734.50 724.93 727.72 2486642
20040804 726.12 742.87 736.49 736.89 15565245
20040805 737.69 750.85 737.69 746.86 5065322
20040806 743.27 750.85 737.69 740.08 5156858
20040809 740.08 743.27 732.11 735.30 3062190
20040810 733.70 748.06 732.50 748.06 5262312
20040811 758.26 758.26 748.92 752.17 2696871
20040812 751.35 760.29 751.35 757.04 3986337
20040813 755.01 755.01 747.70 750.14 2354622
20040816 748.92 755.42 741.20 755.42 3880954
20040817 751.76 759.07 747.29 755.82 3415225
20040818 755.82 757.85 751.76 757.45 4581210
20040819 757.85 762.73 755.01 759.48 3102646
20040820 759.88 760.70 752.17 760.29 2145949
20040823 756.23 765.16 756.23 764.35 1875843
20040824 761.91 773.69 761.91 770.04 3282634
20040825 770.44 774.50 766.79 767.60 2645657
20040826 772.47 774.10 769.22 774.10 2571914
20040827 772.47 778.16 766.79 774.91 2446710
20040830 774.91 774.91 774.91 774.91 0
20040831 768.01 773.69 764.76 765.97 3630053
20040901 772.07 777.75 770.44 776.53 1701887
20040902 778.16 787.09 770.85 778.16 4284758
20040903 775.72 783.84 770.04 781.00 4306795
20040906 782.22 793.19 782.22 791.97 3228096
20040907 788.72 791.56 784.66 787.91 6121945
20040908 787.91 791.16 782.22 783.44 3456713
20040909 778.16 783.84 770.04 770.04 4567545
20040910 771.25 779.38 768.01 770.44 3213199
20040913 772.47 778.97 771.66 777.75 1873012
20040914 775.72 776.13 769.22 772.47 2045121
20040915 772.07 784.66 772.07 773.69 3167279
20040916 775.72 776.94 772.88 775.72 2226218
20040917 770.44 783.84 770.44 781.00 3434553
20040920 782.63 782.63 771.25 772.88 3154598
20040921 772.88 776.53 772.07 775.72 2733558
20040922 773.29 784.66 770.04 777.35 3836634
20040923 773.69 774.10 756.63 770.04 7416828
20040924 768.41 778.57 776.53 778.16 3088365
20040927 771.66 776.53 764.76 765.97 1865502
20040928 763.13 774.50 763.13 774.50 2503956
20040929 771.66 783.03 768.41 779.38 4144535
20040930 779.38 783.84 769.63 770.44 2478595
20041001 771.25 791.16 771.25 790.34 2463453
20041004 791.97 800.09 788.72 798.87 2134131
20041005 798.87 805.78 790.75 802.53 3850053
20041006 802.53 805.37 795.62 801.71 2462960
20041007 797.65 807.81 797.65 802.53 1544798
20041008 798.47 811.46 798.47 806.18 2814319
20041011 802.53 817.55 802.53 813.49 2996893
20041012 806.59 808.21 797.65 800.90 2881661
20041013 813.09 813.09 795.62 795.62 3212707
20041014 788.72 796.03 785.06 789.94 3880461
20041015 789.94 791.16 783.84 787.50 2307471
20041018 787.91 794.40 785.06 788.31 2268937
20041019 791.16 802.53 787.50 796.03 4705306
20041020 792.37 795.62 785.88 791.16 3932907
20041021 796.03 800.90 785.47 792.78 4801086
20041022 794.40 807.81 794.40 800.50 3858917
20041025 793.19 797.25 787.91 795.22 2821214
20041026 797.65 797.65 787.91 792.78 3598414
20041027 795.22 795.22 785.47 792.78 2857531
20041028 800.90 800.90 789.12 794.40 4192179
20041029 796.03 797.65 790.75 790.75 1847774
20041101 789.12 799.68 788.72 798.06 1911792
20041102 797.65 809.03 792.78 805.37 2742546
20041103 807.40 816.34 806.18 809.43 3343574
20041104 809.43 813.90 805.78 813.90 2478226
20041105 824.46 837.05 824.46 829.74 6661418
20041108 832.58 832.99 824.05 830.14 3200642
20041109 827.30 833.39 822.83 830.14 3230065
20041110 831.77 834.21 826.08 829.33 4595491
20041111 827.30 833.80 826.90 830.14 3377676
20041112 828.11 843.14 826.08 839.08 1876828
20041115 840.70 842.33 832.58 841.11 5023056
20041116 838.27 838.27 825.27 826.90 4365273
20041117 826.90 834.61 823.24 825.27 4103662
20041118 824.46 827.30 821.21 824.05 3146596
20041119 826.90 840.70 826.90 826.90 7853380
20041122 828.11 828.11 816.34 821.21 3559388
20041123 820.40 832.58 817.55 820.40 6671021
20041124 821.21 822.43 813.90 816.34 3781480
20041125 815.52 818.77 813.90 818.77 2117264
20041126 818.77 819.99 813.90 818.77 905605
20041129 815.52 835.83 815.52 824.86 3052786
20041130 824.86 826.90 810.65 813.49 4161893
20041201 812.27 822.83 810.65 817.55 3093658
20041202 824.46 826.90 809.03 811.87 7117052
20041203 810.65 810.65 795.62 804.56 4321569
20041206 804.15 809.43 800.09 805.37 1988982
20041207 805.37 807.81 796.84 797.65 5315075
20041208 796.84 793.59 774.91 780.60 12401350
20041209 783.84 787.09 773.29 781.00 3324245
20041210 782.63 784.25 772.07 773.29 3532057
20041213 779.38 779.38 770.04 773.29 3828262
20041214 778.57 783.03 770.44 772.07 3458806
20041215 769.22 789.12 769.22 779.78 4982798
20041216 784.66 784.66 773.29 773.69 5418612
20041217 777.75 777.75 770.04 770.04 4139733
20041220 774.91 777.75 770.85 774.91 3560373
20041221 772.88 778.16 772.47 777.35 2251578
20041222 779.78 802.53 777.35 785.06 4612234
20041223 788.72 792.37 780.19 786.69 2622635
20041224 791.97 793.19 783.84 791.16 869410
20041227 791.16 791.16 791.16 791.16 0
20041228 791.16 791.16 791.16 791.16 0
20041229 796.03 796.03 787.09 790.75 1087932
20041230 793.59 793.59 786.69 787.91 479025
20041231 787.91 789.53 784.66 786.69 331907
20050103 786.69 786.69 786.69 786.69 0
20050104 783.84 801.71 783.84 796.03 2995170
20050105 786.28 794.40 779.78 788.31 3353669
20050106 783.84 783.84 774.50 776.94 5659909
20050107 772.88 781.81 770.44 774.10 5862427
20050110 753.79 758.66 744.86 754.20 21953048
20050111 759.48 767.60 757.85 761.51 22964898
20050112 761.51 762.32 756.63 761.10 15208776
20050113 763.54 765.97 757.85 759.48 10586200
20050114 758.66 762.73 755.42 761.10 4621960
20050117 764.35 779.38 760.29 778.16 8931218
20050118 773.29 777.35 770.04 776.53 6055835
20050119 774.10 778.57 767.19 767.60 4726850
20050120 767.60 767.60 758.26 764.76 11160390
20050121 765.97 769.63 760.70 761.51 4598938
20050124 755.82 759.07 753.79 756.23 7798965
20050125 760.29 769.22 757.85 768.01 4291776
20050126 768.01 768.41 758.26 759.88 4952267
20050127 768.41 779.38 776.13 776.13 10682596
20050128 783.84 783.84 768.01 769.22 6861351
20050131 777.35 796.03 775.32 791.97 11904104
20050201 791.97 809.43 787.50 799.28 8812169
20050202 802.53 803.34 793.59 794.40 4949928
20050203 794.40 802.12 794.40 797.25 3824569
20050204 797.65 800.09 793.19 797.65 4049370
20050207 804.15 815.52 801.71 804.15 6756583
20050208 802.53 815.93 802.53 814.31 3410177
20050209 811.87 821.62 811.06 817.15 3915671
20050210 814.71 820.40 810.65 812.68 2801639
20050211 815.93 826.49 812.27 823.65 3378045
20050214 821.21 825.68 818.77 825.27 1933952
20050215 826.08 830.55 814.31 817.55 4874830
20050216 815.12 823.65 802.53 808.21 7998774
20050217 807.81 809.03 792.78 798.47 10565764
20050218 800.50 813.49 799.68 812.27 7936110
20050221 814.31 821.21 808.21 814.31 4086426
20050222 817.96 818.77 804.56 810.65 4271955
20050223 833.88 833.88 812.72 822.45 5096159
20050224 819.91 821.60 808.06 809.75 4424396
20050225 809.75 818.64 809.75 812.72 3418937
20050228 817.37 824.57 805.94 808.06 4536022
20050301 812.29 814.83 804.67 812.72 4202090
20050302 816.53 816.53 808.91 812.72 3249550
20050303 812.29 821.60 808.91 819.49 3332472
20050304 824.99 824.99 810.60 819.06 2431551
20050307 824.57 824.99 817.80 819.49 2190463
20050308 823.30 826.68 821.18 822.03 3440908
20050309 826.26 827.53 817.80 822.45 4782426
20050310 816.95 833.03 816.53 817.80 5321773
20050311 822.87 822.87 807.64 812.72 4164054
20050314 810.60 816.10 809.33 812.72 3149500
20050315 815.68 816.10 810.60 814.83 2093248
20050316 810.60 813.14 791.55 794.51 5630782
20050317 792.40 798.75 780.12 783.93 10865853
20050318 783.93 793.24 779.70 782.66 5609047
20050321 785.20 789.01 782.24 783.51 3111346
20050322 784.78 787.32 777.16 784.78 5437651
20050323 775.04 794.09 775.04 788.59 7757813
20050324 786.47 803.40 786.47 802.13 6441102
20050325 802.13 802.13 802.13 802.13 0
20050328 802.13 802.13 802.13 802.13 0
20050329 802.98 819.49 794.51 814.41 10867743
20050330 807.64 819.91 805.10 811.02 4132988
20050331 817.80 817.80 805.94 805.94 4951813
20050401 809.33 811.87 802.13 809.75 4436681
20050404 809.33 813.14 805.52 809.75 3577340
20050405 808.48 821.60 808.48 819.49 4339230
20050406 821.18 824.57 813.14 818.22 2484588
20050407 822.03 828.80 817.80 823.30 3489693
20050408 828.80 828.80 818.22 824.14 2627044
20050411 830.07 830.07 817.80 824.99 1125353
20050412 821.18 824.99 813.56 816.10 1982804
20050413 821.18 825.84 819.06 821.60 2670041
20050414 820.76 827.11 819.06 825.41 2780485
20050415 819.49 819.49 805.94 807.21 3096935
20050418 789.86 794.51 784.78 791.97 3378303
20050419 790.70 797.48 788.16 794.09 2346385
20050420 800.44 800.44 790.70 794.09 3904893
20050421 793.67 801.71 789.43 790.28 3684595
20050422 798.75 805.52 794.94 801.71 3811695
20050425 797.05 803.40 797.05 800.86 1646037
20050426 802.98 808.48 800.02 807.64 4065186
20050427 802.98 810.18 791.97 792.82 5353902
20050428 800.02 800.02 783.93 785.20 4382227
20050429 785.20 800.44 783.09 795.78 4595674
20050502 795.78 795.78 795.78 795.78 0
20050503 800.02 820.33 795.78 819.49 5750440
20050504 821.18 827.11 817.37 826.26 5322482
20050505 825.41 833.46 825.41 829.65 3182811
20050506 833.88 833.88 821.60 829.65 2493093
20050509 829.22 830.49 820.33 822.03 3591987
20050510 820.33 827.95 815.68 816.95 2775170
20050511 816.10 833.46 813.99 823.72 6843663
20050512 832.19 836.00 826.68 829.65 3258763
20050513 829.65 829.65 822.45 828.80 3371452
20050516 828.80 836.42 824.99 833.88 2621729
20050517 834.30 834.30 826.68 827.11 3910327
20050518 828.38 844.89 828.38 843.62 3671129
20050519 841.50 846.16 836.42 836.42 5260586
20050520 836.42 838.11 832.19 834.30 1961896
20050523 834.30 841.92 833.46 837.27 1211110
20050524 834.30 839.81 829.22 832.61 2010917
20050525 832.61 833.03 823.72 829.65 2328312
20050526 825.41 848.70 825.41 846.16 5705435
20050527 843.19 849.54 836.42 848.27 3047678
20050530 848.27 848.27 848.27 848.27 0
20050531 843.62 851.23 841.92 844.04 2790762
20050601 847.00 856.74 839.81 856.74 2075648
20050602 853.35 858.43 844.46 844.89 2453050
20050603 844.89 844.89 844.89 844.89 0
20050606 846.58 855.04 843.19 853.77 3252385
20050607 855.04 879.60 855.04 877.06 6696365
20050608 869.01 882.98 869.01 879.17 4158030
20050609 881.71 892.29 875.36 882.98 4941064
20050610 882.98 886.37 880.02 882.56 2156326
20050613 880.44 887.21 875.36 878.33 2757570
20050614 879.17 886.37 874.94 880.44 3514735
20050615 882.98 882.98 871.13 871.55 6122053
20050616 874.09 878.33 869.44 876.21 2793479
20050617 874.52 886.37 874.09 877.90 6073977
20050620 874.52 878.75 871.13 876.21 1739944
20050621 880.44 882.98 872.82 879.60 3120206
20050622 882.98 882.98 863.51 866.05 5969321
20050623 868.59 878.75 866.05 876.21 4620480
20050624 874.52 875.36 866.05 866.90 1691868
20050627 860.97 868.59 854.20 855.89 3138515
20050628 861.82 866.05 855.04 856.74 4102394
20050629 865.20 876.21 860.97 873.67 3526901
20050630 872.82 876.21 858.43 863.51 3720977
20050701 865.20 885.52 856.74 882.14 3667113
20050704 885.52 888.91 877.90 882.98 1749040
20050705 878.75 884.67 877.90 882.98 1623239
20050706 882.98 900.76 877.06 898.22 4463377
20050707 896.53 896.53 857.58 880.44 4770613
20050708 893.99 895.68 883.83 893.99 1831017
20050711 897.37 905.84 897.37 903.30 1463065
20050712 903.30 904.15 894.83 901.61 2631533
20050713 902.45 914.30 902.45 910.92 1502163
20050714 916.00 926.16 914.30 922.77 7007027
20050715 925.31 927.85 917.69 921.92 3953324
20050718 920.23 927.00 913.46 916.84 6918435
20050719 921.08 930.39 919.38 925.31 12509528
20050720 929.54 948.17 925.31 935.47 11317081
20050721 934.62 966.79 931.24 965.10 18604768
20050722 965.95 977.80 959.17 973.57 7626461
20050725 980.34 982.88 954.09 961.71 9679549
20050726 954.94 958.33 947.32 952.40 11147457
20050727 956.63 956.63 941.40 947.32 10020214
20050728 953.25 953.25 941.40 944.78 6854649
20050729 950.71 955.79 936.32 939.70 5801469
20050801 940.55 954.09 939.70 950.71 5327443
20050802 954.09 968.49 951.55 965.10 8929825
20050803 967.64 976.11 954.09 972.72 12243752
20050804 973.57 976.11 965.95 970.18 4271546
20050805 964.25 970.18 951.55 952.40 6463427
20050808 959.17 1037.06 954.09 1025.21 27823520
20050809 1023.51 1060.76 1020.13 1049.76 17125520
20050810 1048.91 1066.69 1039.60 1055.68 7013996
20050811 1056.53 1056.53 1030.29 1037.06 9486418
20050812 1040.45 1047.22 1029.44 1040.45 5894431
20050815 1040.45 1047.22 1037.06 1037.06 4079597
20050816 1038.75 1042.14 1019.28 1024.36 9800979
20050817 1032.05 1038.07 1021.73 1028.61 5876697
20050818 1034.63 1038.93 1009.69 1015.71 8238097
20050819 1016.57 1023.45 1007.11 1013.99 7485574
20050822 1020.87 1024.31 1013.99 1018.29 4747914
20050823 1020.01 1031.19 1019.15 1031.19 14130143
20050824 1029.47 1036.35 1023.45 1029.47 8592383
20050825 1020.01 1035.49 1020.01 1031.19 5927160
20050826 1027.75 1045.81 1027.75 1038.07 7473133
20050829 1038.07 1038.07 1038.07 1038.07 0
20050830 1038.07 1043.23 1027.75 1032.91 5682288
20050831 1036.35 1038.07 1019.15 1019.15 6566781
20050901 1028.61 1038.07 1020.87 1022.59 7546851
20050902 1022.59 1030.33 1021.73 1021.73 3020670
20050905 1027.75 1028.61 1018.29 1026.89 2758008
20050906 1024.31 1049.25 1024.31 1044.95 4407465
20050907 1051.83 1070.75 1041.51 1050.97 7836488
20050908 1046.67 1056.13 1038.07 1043.23 3462742
20050909 1050.11 1050.11 1031.19 1040.65 3772495
20050912 1050.97 1063.87 1031.19 1035.49 3233683
20050913 1038.07 1038.93 1019.15 1024.31 3539134
20050914 1021.73 1030.33 1013.99 1027.75 4141198
20050915 1026.89 1030.33 1013.13 1019.15 5868326
20050916 1014.85 1019.15 1008.83 1019.15 10572405
20050919 1020.01 1026.03 1014.85 1020.87 3002415
20050920 1023.45 1044.95 1023.45 1038.93 9363044
20050921 1033.77 1033.77 1017.43 1024.31 4925696
20050922 1017.43 1032.05 1011.41 1020.87 6317723
20050923 1020.87 1038.07 1017.43 1027.75 3204266
20050926 1041.51 1049.25 1033.77 1039.79 6313305
20050927 1032.91 1038.07 1019.15 1023.45 5664382
20050928 1031.19 1066.45 1031.19 1066.45 11282255
20050929 1061.29 1073.33 1056.13 1063.87 6679566
20050930 1067.31 1075.05 1041.51 1051.83 6947577
20051003 1059.57 1072.47 1052.69 1069.89 5391488
20051004 1069.89 1072.47 1060.43 1063.87 4172592
20051005 1063.87 1064.73 1036.35 1038.07 5391255
20051006 1027.75 1039.79 1013.13 1028.61 11822113
20051007 1025.17 1063.01 1025.17 1043.23 4139687
20051010 1042.37 1061.29 1039.79 1056.99 7281979
20051011 1054.41 1056.13 1033.77 1035.49 10401715
20051012 1029.47 1030.33 1019.15 1023.45 7864626
20051013 1023.45 1027.75 998.51 1008.83 6437485
20051014 1012.27 1013.99 988.19 995.93 8047641
20051017 1001.09 1001.09 977.87 986.47 5778795
20051018 998.51 998.51 977.01 983.89 5124756
20051019 976.15 981.31 956.37 961.53 12610331
20051020 971.85 989.91 954.65 963.25 9107591
20051021 961.53 972.71 957.23 963.25 7019318
20051024 970.13 977.01 960.67 975.29 2517322
20051025 973.57 986.47 967.55 969.27 5855652
20051026 976.15 1001.09 976.15 998.51 9935923
20051027 991.63 994.21 976.15 979.59 4130734
20051028 974.43 985.61 966.69 983.03 3453091
20051031 996.79 1022.59 989.91 1020.01 11683166
20051101 1023.45 1050.97 1020.87 1041.51 11649679
20051102 1033.77 1055.27 1033.77 1050.97 6162149
20051103 1059.57 1069.89 1050.11 1068.17 6256796
20051104 1071.61 1077.63 1059.57 1069.03 5721356
20051107 1059.57 1072.47 1049.25 1056.99 8461342
20051108 1063.01 1063.01 1037.21 1049.25 9711748
20051109 1056.13 1057.85 1036.35 1040.65 4847909
20051110 1049.25 1056.13 1039.79 1045.81 7818117
20051111 1061.29 1071.61 1056.13 1067.31 7422554
20051114 1066.45 1074.19 1051.83 1067.31 7477435
20051115 1069.03 1075.05 1063.87 1066.45 6209123
20051116 1069.89 1071.61 1054.41 1071.61 3996554
20051117 1074.19 1082.79 1061.29 1069.03 7123382
20051118 1078.49 1110.31 1071.61 1103.43 11929782
20051121 1109.45 1112.89 1087.09 1095.69 6092966
20051122 1093.11 1107.73 1084.51 1104.29 3430186
20051123 1104.29 1112.89 1095.69 1106.01 2723242
20051124 1096.55 1099.99 1079.35 1087.09 4986507
20051125 1092.25 1096.55 1081.93 1086.23 3239729
20051128 1096.55 1101.71 1073.33 1087.09 5278935
20051129 1089.67 1099.99 1074.19 1093.97 5645894
20051130 1096.55 1097.41 1064.73 1064.73 6130290
20051201 1068.17 1084.51 1064.73 1073.33 11196329
20051202 1078.49 1093.97 1076.77 1092.25 10206841
20051205 1092.25 1102.57 1086.23 1088.81 4251775
20051206 1083.65 1092.25 1071.61 1077.63 5893208
20051207 1076.77 1080.21 1040.65 1044.95 13647375
20051208 1030.33 1043.23 1007.97 1026.89 31642800
20051209 1020.87 1040.65 1020.87 1032.91 6731424
20051212 1030.33 1044.95 1023.45 1026.03 5768796
20051213 1026.03 1044.95 1026.03 1037.21 8064617
20051214 1040.65 1054.41 1028.61 1051.83 9622915
20051215 1052.69 1063.01 1046.67 1057.85 8461459
20051216 1057.85 1086.23 1053.55 1082.79 9416762
20051219 1079.35 1098.27 1079.35 1084.51 8133451
20051220 1081.93 1100.85 1075.91 1095.69 9239329
20051221 1095.69 1099.13 1081.07 1091.39 8013921
20051222 1093.11 1105.15 1089.67 1101.71 5035458
20051223 1098.27 1098.27 1091.39 1093.11 1873399
20051226 1093.11 1093.11 1093.11 1093.11 0
20051227 1093.11 1093.11 1093.11 1093.11 0
20051228 1096.55 1110.31 1083.65 1106.87 4954532
20051229 1105.15 1113.75 1105.15 1111.17 6476785
20051230 1102.57 1115.47 1102.57 1113.75 1149945
20060102 1113.75 1113.75 1113.75 1113.75 0
20060103 1122.35 1133.53 1117.19 1130.09 4438161
20060104 1139.55 1161.92 1133.53 1155.03 7537898
20060105 1156.75 1159.34 1124.93 1132.67 8016945
20060106 1135.25 1138.69 1124.07 1136.11 6703984
20060109 1148.15 1153.31 1139.55 1143.85 8705168
20060110 1145.57 1145.57 1110.31 1114.61 10767628
20060111 1118.91 1124.07 1107.73 1120.63 12788928
20060112 1121.49 1141.27 1121.49 1137.83 7367906
20060113 1135.25 1147.29 1124.93 1139.55 6016109
20060116 1187.72 1238.46 1167.94 1204.92 17466962
20060117 1192.88 1198.90 1167.08 1178.26 11191329
20060118 1165.36 1189.44 1155.89 1179.98 7592779
20060119 1193.74 1215.24 1192.88 1209.22 6826187
20060120 1202.34 1210.08 1194.60 1201.48 7671728
20060123 1190.30 1198.04 1177.40 1181.70 5955647
20060124 1181.70 1187.72 1165.36 1168.80 7633358
20060125 1173.96 1187.72 1169.66 1187.72 8608196
20060126 1190.30 1210.94 1184.28 1195.46 5695543
20060127 1204.06 1211.80 1188.58 1196.32 3708196
20060130 1198.90 1206.64 1167.94 1197.18 4336422
20060131 1180.84 1204.92 1180.84 1199.76 5364978
20060201 1191.16 1240.18 1189.44 1223.84 10786232
20060202 1217.82 1221.26 1200.62 1204.06 8885276
20060203 1204.06 1208.36 1181.70 1198.90 3806563
20060206 1205.78 1220.40 1196.32 1198.04 3299029
20060207 1206.64 1211.80 1192.02 1201.48 3356003
20060208 1191.16 1210.94 1186.86 1201.48 4096782
20060209 1209.22 1243.62 1208.36 1240.18 8996898
20060210 1242.76 1263.40 1242.76 1251.36 5862512
20060213 1261.68 1270.28 1247.92 1259.10 3921092
20060214 1270.28 1272.86 1253.94 1258.24 5435556
20060215 1264.26 1270.28 1250.50 1261.68 5146383
20060216 1265.98 1272.00 1257.38 1270.28 3718893
20060217 1269.42 1273.72 1259.96 1270.28 3690638
20060220 1290.06 1301.24 1265.98 1272.86 3472393
20060221 1287.48 1287.48 1260.82 1265.98 5757517
20060222 1262.54 1271.14 1256.52 1268.56 8535990
20060223 1275.44 1275.44 1247.92 1257.38 7308490
20060224 1265.12 1273.72 1255.66 1259.96 4764541
20060227 1264.26 1280.60 1263.40 1279.74 3056715
20060228 1284.90 1286.62 1272.86 1281.46 6755028
20060301 1281.46 1281.46 1257.38 1265.12 6307026
20060302 1272.00 1333.92 1259.96 1313.28 25086716
20060303 1308.98 1374.35 1272.86 1278.88 15321017
20060306 1278.88 1314.14 1278.88 1300.38 31111080
20060307 1297.80 1297.80 1244.48 1246.20 20071372
20060308 1267.56 1271.99 1246.25 1254.24 13386783
20060309 1260.45 1271.11 1240.93 1246.25 7906772
20060310 1245.36 1286.20 1245.36 1274.66 12503434
20060313 1286.20 1295.96 1271.11 1273.77 7980450
20060314 1266.67 1293.30 1266.67 1287.08 7978084
20060315 1273.77 1308.39 1271.99 1302.17 7141825
20060316 1301.29 1324.37 1301.29 1322.59 9260580
20060317 1322.59 1353.66 1322.59 1349.22 11380348
20060320 1356.32 1405.14 1350.11 1360.76 11341707
20060321 1365.20 1366.97 1355.43 1366.97 5525750
20060322 1366.08 1369.64 1350.11 1362.53 5677838
20060323 1373.19 1378.51 1340.34 1346.56 9306094
20060324 1340.34 1367.86 1339.46 1358.98 5031633
20060327 1366.08 1376.74 1349.22 1352.77 9900589
20060328 1331.47 1335.90 1290.63 1315.49 41673004
20060329 1318.15 1320.81 1285.31 1293.30 24395248
20060330 1293.30 1303.06 1282.65 1292.41 30075902
20060331 1295.07 1295.07 1265.78 1271.11 10087263
20060403 1276.43 1311.05 1276.43 1304.84 20154924
20060404 1303.06 1330.58 1295.96 1324.37 29752800
20060405 1318.15 1350.99 1318.15 1345.67 6270868
20060406 1346.56 1358.10 1345.67 1352.77 9960748
20060407 1355.43 1361.65 1325.25 1328.80 12131776
20060410 1328.80 1328.80 1316.38 1325.25 6435011
20060411 1320.81 1324.37 1284.42 1287.08 5751291
20060412 1279.98 1293.30 1274.66 1279.98 8690307
20060413 1276.43 1299.51 1276.43 1295.07 4253506
20060414 1295.07 1295.07 1295.07 1295.07 0
20060417 1295.07 1295.07 1295.07 1295.07 0
20060418 1279.10 1313.71 1279.10 1291.52 2772282
20060419 1304.84 1315.49 1288.86 1292.41 4215991
20060420 1289.75 1295.07 1263.12 1267.56 14993959
20060421 1271.11 1279.10 1259.57 1271.99 7717056
20060424 1271.99 1271.99 1243.59 1256.90 4111106
20060425 1266.67 1280.87 1258.68 1262.23 7949131
20060426 1262.23 1275.54 1255.13 1268.44 8848591
20060427 1268.44 1276.43 1248.03 1256.02 7691032
20060428 1256.02 1346.56 1256.02 1292.41 15981517
20060501 1292.41 1292.41 1292.41 1292.41 0
20060502 1285.31 1341.23 1277.32 1303.06 9369295
20060503 1307.50 1308.39 1270.22 1271.11 6291259
20060504 1271.11 1291.52 1271.11 1280.87 5837136
20060505 1290.63 1296.85 1280.87 1295.07 3882974
20060508 1303.06 1316.38 1295.96 1307.50 5466943
20060509 1307.50 1321.70 1295.96 1308.39 5047405
20060510 1300.40 1304.84 1283.53 1287.08 4838988
20060511 1283.53 1333.24 1279.98 1291.52 8819412
20060512 1282.65 1290.63 1250.69 1251.58 6976444
20060515 1245.36 1255.24 1194.87 1225.84 12710161
20060516 1223.17 1230.07 1206.27 1216.07 16616343
20060517 1222.29 1224.95 1194.77 1194.77 37128280
20060518 1191.22 1205.42 1166.36 1179.68 11431946
20060519 1176.13 1189.92 1171.30 1180.57 7705002
20060522 1176.13 1172.10 1138.85 1143.29 7394404
20060523 1141.51 1180.57 1135.30 1169.92 12815045
20060524 1153.05 1161.93 1125.53 1142.40 16307886
20060525 1153.05 1153.63 1125.05 1145.95 9732278
20060526 1153.94 1183.71 1153.94 1180.57 12250292
20060529 1180.57 1180.57 1180.57 1180.57 0
20060530 1171.69 1204.20 1135.98 1140.62 5830039
20060531 1129.97 1177.02 1123.76 1165.48 6753156
20060601 1155.71 1174.42 1152.98 1167.25 6680492
20060602 1182.34 1188.08 1167.25 1167.25 9127081
20060605 1167.25 1171.35 1151.68 1156.60 3023734
20060606 1145.95 1145.95 1117.34 1123.76 8565932
20060607 1127.31 1151.27 1116.66 1138.85 27785346
20060608 1118.43 1132.84 1093.80 1100.68 10421969
20060609 1113.11 1129.08 1112.22 1122.87 14668828
20060612 1121.09 1120.11 1108.26 1113.11 4766549
20060613 1096.24 1097.31 1061.62 1078.49 11764962
20060614 1084.70 1105.80 1076.33 1093.58 12670618
20060615 1094.47 1142.40 1096.16 1138.85 9213039
20060616 1155.71 1169.23 1119.81 1140.62 18821394
20060619 1154.83 1166.36 1145.95 1150.39 2965828
20060620 1145.95 1165.75 1145.95 1164.59 7194324
20060621 1167.25 1168.14 1149.50 1160.15 4993104
20060622 1175.24 1181.45 1153.05 1165.48 5588162
20060623 1161.04 1171.69 1146.61 1159.26 5808859
20060626 1161.93 1169.92 1147.72 1154.83 7971550
20060627 1160.15 1172.99 1146.75 1148.61 3711059
20060628 1148.61 1162.74 1134.08 1135.30 8576860
20060629 1143.29 1162.81 1142.40 1160.15 5489024
20060630 1177.90 1179.68 1159.26 1171.69 5968382
20060703 1179.68 1185.01 1170.80 1177.90 2214626
20060704 1172.58 1185.89 1166.36 1176.13 4079675
20060705 1168.14 1173.47 1153.94 1156.60 5652039
20060706 1156.60 1185.01 1152.16 1182.34 3010102
20060707 1184.12 1192.99 1164.59 1169.92 7323204
20060710 1175.24 1179.68 1167.25 1174.35 2661652
20060711 1167.25 1171.69 1137.96 1142.40 6945125
20060712 1146.84 1157.49 1137.07 1141.51 6680379
20060713 1136.18 1139.74 1098.90 1108.67 11307121
20060714 1098.02 1118.43 1088.25 1090.03 8813442
20060717 1097.13 1109.56 1074.94 1109.56 9141501
20060718 1110.44 1127.31 1110.44 1115.77 5568785
20060719 1126.42 1153.05 1122.87 1150.39 7537029
20060720 1158.38 1161.93 1140.62 1146.84 8537205
20060721 1145.06 1146.84 1122.87 1133.52 9179354
20060724 1131.75 1178.79 1129.08 1174.35 9145331
20060725 1169.92 1200.98 1161.93 1197.43 10661817
20060726 1200.09 1207.20 1191.22 1202.76 8675436
20060727 1211.63 1214.30 1200.09 1212.52 6140749
20060728 1209.86 1224.06 1202.76 1216.96 5520230
20060731 1216.96 1218.74 1199.21 1201.87 4365150
20060801 1201.87 1206.31 1173.47 1178.79 6035076
20060802 1183.23 1192.99 1179.68 1189.44 3647294
20060804 1168.14 1188.56 1162.81 1183.23 1719608
20060807 1165.48 1176.13 1161.04 1162.81 2888432
20060808 1179.68 1197.43 1129.08 1130.86 52163356
20060809 1130.86 1164.59 1117.54 1156.60 9416498
20060810 1143.29 1152.16 1121.09 1146.84 5817421
20060811 1155.71 1163.70 1144.17 1158.38 2992640
20060814 1171.69 1172.58 1160.15 1172.58 2484779
20060815 1174.35 1183.23 1149.50 1179.68 4841129
20060816 1193.95 1201.17 1174.12 1196.66 4878251
20060817 1202.07 1205.68 1190.35 1198.46 4389993
20060818 1199.36 1211.09 1192.15 1199.36 3349826
20060821 1201.17 1201.17 1180.43 1186.74 3710003
20060822 1187.64 1193.95 1169.61 1186.74 2398816
20060823 1184.03 1184.03 1156.98 1161.49 4575294
20060824 1170.51 1170.51 1146.16 1161.49 7341051
20060825 1165.10 1186.74 1148.87 1181.33 7709102
20060829 1191.25 1196.66 1178.62 1180.43 3929680
20060830 1181.33 1199.36 1181.33 1191.25 6189216
20060831 1192.15 1200.27 1182.23 1185.84 8938118
20060901 1187.64 1211.99 1184.03 1202.97 10721262
20060904 1202.97 1221.01 1199.36 1216.50 12552976
20060905 1214.70 1215.60 1198.46 1202.97 4826686
20060906 1205.68 1205.68 1182.23 1187.64 5948248
20060907 1184.94 1189.45 1172.31 1173.21 6110483
20060908 1175.02 1195.76 1175.02 1189.45 3158204
20060911 1185.84 1190.35 1174.12 1179.53 3383537
20060912 1187.64 1208.38 1173.21 1206.58 9599589
20060913 1215.60 1215.60 1189.45 1192.15 4528941
20060914 1201.17 1215.60 1191.25 1194.86 5245081
20060915 1201.17 1227.32 1200.27 1216.50 9466186
20060918 1216.50 1220.11 1205.68 1207.48 4926045
20060919 1205.68 1209.28 1187.64 1190.35 8469932
20060920 1194.86 1230.03 1187.64 1223.71 8355159
20060921 1221.01 1257.98 1214.70 1256.18 13717121
20060922 1241.75 1265.19 1234.53 1236.34 19362522
20060925 1239.94 1261.59 1239.94 1248.06 36654580
20060926 1248.96 1264.29 1245.36 1257.98 4445328
20060927 1258.88 1267.90 1237.24 1247.16 6837712
20060928 1252.57 1278.72 1234.53 1259.78 9321805
20060929 1238.14 1256.18 1226.42 1233.63 31402512
20061002 1252.57 1252.57 1224.61 1228.22 10283349
20061003 1223.71 1228.22 1211.99 1224.61 11451930
20061004 1229.12 1239.94 1224.61 1230.03 12260887
20061005 1253.47 1259.78 1238.14 1252.57 15285799
20061006 1252.57 1264.29 1239.04 1252.57 7656206
20061009 1262.49 1269.70 1246.26 1265.19 10257401
20061011 1288.64 1295.86 1271.51 1274.21 7977350
20061012 1282.33 1294.95 1271.51 1284.13 8098444
20061013 1285.03 1306.68 1278.72 1301.27 6589869
20061016 1312.09 1318.40 1294.05 1296.76 4580616
20061017 1299.46 1299.46 1265.19 1268.80 3811691
20061018 1280.53 1294.05 1271.51 1278.72 6315966
20061019 1273.31 1286.84 1268.80 1276.92 3529693
20061020 1284.13 1294.05 1276.92 1285.03 4213564
20061023 1303.97 1328.32 1303.07 1320.20 8373789
20061024 1323.81 1331.93 1309.38 1311.19 8584706
20061025 1326.52 1340.94 1311.19 1316.60 6695105
20061026 1335.53 1341.85 1319.30 1326.52 5156700
20061027 1338.24 1351.77 1319.30 1328.32 6841594
20061030 1313.89 1326.52 1310.28 1320.20 4541361
20061031 1321.10 1350.86 1318.40 1330.12 6817419
20061101 1321.10 1353.57 1321.10 1341.85 7416125
20061102 1340.94 1349.06 1328.32 1334.63 9041470
20061103 1336.44 1341.85 1325.61 1330.12 5589845
20061106 1330.12 1352.67 1326.52 1348.16 4335656
20061107 1353.57 1354.47 1331.02 1340.94 9308609
20061108 1339.14 1343.65 1327.42 1340.04 4837886
20061109 1344.55 1345.45 1332.83 1339.14 4007748
20061110 1335.53 1354.47 1330.12 1346.35 7439634
20061113 1350.86 1369.80 1342.75 1349.06 4805838
20061114 1358.08 1367.10 1347.26 1359.88 9818490
20061115 1368.90 1375.21 1340.04 1350.86 6355998
20061116 1339.14 1363.49 1322.91 1358.98 10430947
20061117 1363.49 1373.41 1349.06 1352.67 7081897
20061120 1340.94 1368.00 1333.73 1363.49 6522225
20061121 1374.31 1377.92 1346.35 1347.26 8507303
20061122 1348.16 1384.23 1348.16 1362.59 12591567
20061123 1369.80 1372.51 1343.65 1353.57 8045992
20061124 1357.18 1368.00 1331.02 1343.65 6717062
20061127 1343.65 1348.16 1311.19 1312.99 7587343
20061128 1318.40 1324.71 1298.56 1307.58 6955591
20061129 1318.40 1331.93 1309.38 1317.50 4607341
20061130 1317.50 1347.26 1314.79 1315.69 11242898
20061201 1316.60 1329.22 1299.46 1310.28 9018959
20061204 1313.89 1322.01 1306.68 1317.50 4499776
20061205 1317.50 1340.94 1309.38 1312.09 7282389
20061206 1304.87 1321.10 1299.46 1309.38 10621459
20061207 1312.99 1338.24 1307.58 1332.83 9342209
20061208 1323.81 1350.86 1323.81 1349.96 5863970
20061211 1361.69 1362.59 1335.53 1347.26 5373272
20061212 1340.94 1363.49 1320.20 1352.67 13997567
20061213 1345.45 1360.78 1343.65 1358.08 7911369
20061214 1361.69 1376.11 1354.47 1360.78 6511135
20061215 1358.08 1381.52 1358.08 1375.21 11207967
20061218 1368.90 1377.92 1357.18 1361.69 29988418
20061219 1346.35 1352.67 1336.44 1344.55 6847582
20061220 1357.18 1358.08 1339.14 1345.45 5309399
20061221 1341.85 1349.06 1324.71 1337.34 8288402
20061222 1350.86 1350.86 1332.83 1339.14 1984523
20061227 1349.96 1349.96 1338.24 1345.45 5137405
20061228 1350.86 1359.88 1339.14 1345.45 4377684
20061229 1343.65 1356.27 1335.53 1345.45 2844047
20070102 1358.98 1361.69 1345.45 1357.18 4240067
20070103 1353.57 1366.19 1353.57 1358.08 9015077
20070104 1354.47 1359.88 1346.35 1351.77 4667334
20070105 1349.96 1350.86 1335.53 1335.53 3543665
20070108 1331.93 1340.94 1319.30 1321.10 5168011
20070109 1333.73 1337.34 1316.60 1331.93 6821300
20070110 1327.42 1327.42 1308.48 1313.89 13924378
20070111 1320.20 1344.55 1300.36 1341.85 7599652
20070112 1341.85 1346.35 1329.22 1335.53 11385062
20070115 1347.26 1352.67 1336.44 1338.24 8569513
20070116 1332.83 1347.26 1316.60 1319.30 6636443
20070117 1322.01 1327.42 1308.48 1313.89 7397495
20070118 1320.20 1331.93 1309.38 1317.50 5833585
20070119 1316.60 1334.63 1308.48 1331.93 6513242
20070122 1331.02 1345.45 1322.91 1322.91 5498580
20070123 1330.12 1333.73 1313.89 1316.60 5718590
20070124 1320.20 1335.53 1314.79 1330.12 7079346
20070125 1328.32 1341.85 1323.81 1324.71 5101254
20070126 1311.19 1333.73 1308.48 1323.81 8183387
20070129 1322.01 1333.73 1317.50 1319.30 3667531
20070130 1319.30 1324.71 1312.09 1316.60 14651497
20070131 1315.69 1321.10 1304.87 1316.60 10203285
20070201 1321.10 1346.35 1321.10 1340.04 10647519
20070202 1352.67 1381.52 1350.86 1371.60 18505770
20070205 1366.19 1369.80 1362.59 1369.80 9914523
20070206 1367.10 1390.54 1367.10 1380.62 10641752
20070207 1379.72 1386.03 1370.70 1375.21 5336345
20070208 1383.33 1391.44 1364.39 1369.80 8685839
20070209 1379.72 1399.56 1379.72 1399.56 12389632
20070212 1391.44 1398.66 1374.31 1379.72 4562985
20070213 1394.15 1394.15 1366.19 1376.11 5360853
20070214 1382.43 1389.64 1367.10 1389.64 4682526
20070215 1386.03 1388.74 1368.90 1373.41 7838402
20070216 1378.82 1381.52 1366.19 1366.19 5003004
20070220 1386.03 1386.03 1371.60 1380.62 4796301
20070221 1381.52 1396.85 1355.37 1359.88 6192543
20070222 1359.88 1377.92 1356.27 1362.59 5850995
20070223 1372.51 1372.51 1349.96 1365.29 6854568
20070226 1372.51 1381.52 1352.67 1360.78 32371930
20070227 1370.70 1370.70 1296.76 1307.58 40210220
20070228 1285.03 1305.77 1237.24 1287.74 33296660
20070301 1281.43 1297.66 1235.44 1257.08 24342240
20070302 1273.31 1276.92 1241.75 1257.08 23054006
20070305 1231.83 1254.37 1191.25 1245.36 24100828
20070306 1271.51 1278.72 1248.96 1266.10 18694730
20070307 1297.16 1313.99 1289.67 1308.38 10385108
20070308 1325.21 1345.79 1318.67 1337.37 10493745
20070309 1341.11 1360.75 1328.02 1357.01 14718403
20070312 1356.07 1361.69 1337.37 1337.37 7868170
20070313 1327.08 1332.69 1306.51 1306.51 11255167
20070314 1281.26 1297.16 1274.71 1277.52 11100766
20070315 1291.54 1303.70 1285.93 1297.16 10054278
20070316 1290.61 1307.44 1284.06 1304.64 11169092
20070319 1318.67 1345.79 1317.73 1335.50 10268345
20070320 1333.63 1354.20 1331.76 1338.31 13503399
20070321 1330.82 1350.46 1330.82 1341.11 9930351
20070322 1352.33 1368.23 1348.59 1364.49 9190742
20070323 1370.10 1382.26 1355.14 1375.71 9138455
20070326 1370.10 1376.65 1355.14 1365.43 9585086
20070327 1366.36 1375.71 1357.94 1363.56 7671319
20070328 1355.14 1361.69 1348.59 1356.07 6003697
20070329 1363.56 1370.10 1355.14 1369.17 5141657
20070330 1364.49 1378.52 1357.94 1369.17 6360296
20070402 1365.43 1370.10 1349.53 1356.07 4064695
20070403 1369.17 1372.91 1351.40 1371.97 6482940
20070404 1371.04 1383.20 1366.36 1368.23 6665463
20070405 1372.91 1381.33 1359.82 1375.71 2758698
20070410 1375.71 1392.55 1371.97 1384.13 6493419
20070411 1379.46 1400.97 1372.91 1395.35 8658890
20070412 1390.68 1393.48 1378.52 1388.81 4747954
20070413 1384.13 1392.55 1376.65 1383.20 5052908
20070416 1392.55 1410.32 1392.55 1410.32 5477726
20070417 1402.84 1410.32 1383.20 1390.68 8654399
20070418 1393.48 1393.48 1378.52 1380.39 4020321
20070419 1372.91 1379.46 1364.49 1374.78 7184056
20070420 1380.39 1444.92 1379.46 1429.02 14355174
20070423 1428.09 1436.50 1408.45 1421.54 5383203
20070424 1421.54 1447.73 1421.54 1431.83 8499036
20070426 1456.14 1473.91 1451.47 1457.08 10067430
20070427 1458.95 1480.46 1447.73 1458.95 6223644
20070430 1450.53 1466.43 1444.92 1456.14 5277667
20070501 1449.60 1456.14 1428.09 1449.60 4849321
20070502 1456.14 1461.75 1431.83 1437.44 9731040
20070503 1436.50 1449.60 1424.35 1444.92 9638121
20070504 1444.92 1458.95 1440.24 1455.21 8682521
20070508 1448.66 1460.82 1441.18 1452.40 6668885
20070509 1451.47 1466.43 1439.31 1458.95 6202152
20070510 1457.08 1457.08 1437.44 1443.05 5717134
20070511 1441.18 1546.86 1420.60 1501.03 29143720
20070514 1492.62 1498.23 1472.98 1482.33 7750551
20070515 1467.37 1495.42 1467.37 1489.81 9091728
20070516 1493.55 1501.03 1472.98 1490.75 8821632
20070517 1487.94 1497.29 1472.98 1475.78 7695698
20070518 1477.65 1506.65 1477.65 1501.03 9736707
20070521 1501.97 1507.58 1491.68 1498.23 5851754
20070522 1498.23 1584.27 1498.23 1537.51 22261838
20070523 1550.60 1564.63 1527.22 1527.22 7523119
20070524 1527.22 1538.44 1510.39 1522.54 21448236
20070525 1522.54 1534.70 1516.00 1529.09 23824246
20070529 1529.09 1575.85 1519.74 1571.18 11319002
20070530 1549.67 1574.92 1546.86 1573.98 8467599
20070531 1588.95 1616.07 1582.40 1599.23 15238920
20070604 1624.48 1629.16 1598.30 1606.71 5687943
20070605 1600.17 1648.80 1567.44 1580.53 9334130
20070606 1590.82 1601.10 1523.48 1535.64 13042440
20070607 1550.60 1556.21 1507.58 1524.41 8165639
20070608 1520.67 1529.09 1485.14 1522.54 11788943
20070611 1526.29 1546.86 1526.29 1544.05 5607107
20070612 1541.25 1550.60 1519.74 1528.16 6146336
20070613 1520.67 1533.77 1509.45 1522.54 9414966
20070614 1531.90 1545.92 1525.35 1545.92 10799555
20070615 1552.47 1588.95 1549.67 1576.79 13888334
20070618 1588.01 1607.65 1574.92 1581.46 7872233
20070619 1576.79 1590.82 1557.15 1558.08 6865202
20070620 1574.92 1576.79 1529.09 1550.60 17516450
20070621 1555.28 1577.72 1537.51 1566.50 10231990
20070622 1567.44 1567.44 1533.77 1539.38 12930809
20070625 1539.38 1554.34 1522.54 1547.80 7108673
20070626 1553.41 1553.41 1523.48 1529.09 9159626
20070627 1520.67 1522.54 1465.50 1485.14 18030338
20070628 1501.03 1507.58 1485.14 1501.03 6374624
20070629 1498.23 1530.03 1488.88 1524.41 7448485
20070702 1518.80 1529.09 1506.65 1510.39 6686956
20070703 1523.48 1528.16 1509.45 1522.54 3390953
20070704 1521.61 1548.73 1521.61 1540.31 3296002
20070705 1543.12 1546.86 1508.52 1514.13 6983569
20070706 1519.74 1533.77 1511.32 1525.35 4080307
20070709 1541.25 1552.47 1532.83 1534.70 4940529
20070710 1534.70 1545.92 1516.00 1520.67 10863176
20070711 1514.13 1515.06 1491.68 1511.32 4895085
20070712 1511.32 1536.57 1501.03 1535.64 5351446
20070713 1544.99 1585.20 1541.25 1580.53 9194591
20070716 1571.18 1595.49 1564.63 1589.88 5105195
20070717 1596.43 1599.23 1580.53 1597.36 10093093
20070718 1575.85 1605.78 1573.05 1574.92 5780648
20070719 1589.88 1589.88 1544.05 1562.76 7780063
20070720 1571.18 1575.85 1530.03 1533.77 4714593
20070723 1541.25 1549.67 1532.83 1549.67 4857447
20070724 1551.54 1583.33 1537.51 1543.12 7823047
20070725 1542.18 1561.82 1503.84 1525.35 8861088
20070726 1529.09 1543.12 1477.65 1480.46 9164224
20070727 1463.63 1473.91 1414.99 1446.79 15982271
20070730 1462.69 1487.01 1442.11 1467.37 14269633
20070731 1493.55 1519.74 1477.65 1516.93 11347766
20070801 1487.94 1501.03 1462.69 1476.72 8678779
20070802 1503.84 1524.41 1494.49 1510.39 6407557
20070803 1521.61 1521.61 1478.59 1488.88 5194585
20070806 1467.37 1480.46 1458.01 1468.30 8409111
20070807 1487.01 1531.90 1479.52 1531.90 15945168
20070808 1557.15 1604.84 1557.15 1594.56 20710124
20070809 1588.95 1596.43 1529.09 1552.47 20058622
20070810 1518.80 1545.92 1444.92 1468.30 25926094
20070813 1496.36 1544.05 1490.75 1533.77 10868308
20070815 1476.96 1489.30 1440.92 1481.71 12039574
20070816 1440.92 1440.92 1339.42 1369.77 23715980
20070817 1376.41 1517.75 1351.75 1479.81 25312128
20070820 1479.81 1514.91 1437.12 1442.82 17694032
20070821 1460.84 1466.53 1436.18 1461.79 9374585
20070822 1474.12 1505.42 1465.58 1494.04 11765591
20070823 1517.75 1530.09 1476.02 1490.25 26858096
20070824 1475.07 1479.81 1414.36 1417.20 21248336
20070828 1419.10 1428.59 1386.85 1394.44 17017982
20070829 1394.44 1403.92 1374.52 1388.75 46527152
20070830 1403.92 1435.23 1387.80 1427.64 15737458
20070831 1434.28 1459.89 1412.46 1451.35 10658060
20070903 1451.35 1482.66 1440.92 1476.02 7443627
20070904 1445.66 1475.07 1439.97 1473.17 15716269
20070905 1479.81 1479.81 1437.12 1439.02 6425281
20070906 1446.61 1448.51 1381.16 1408.67 19456636
20070907 1408.67 1418.15 1366.93 1370.72 11323569
20070910 1370.72 1396.33 1365.03 1373.57 7802262
20070911 1382.11 1421.95 1375.47 1421.00 7368463
20070912 1415.31 1431.43 1407.72 1421.00 8813967
20070913 1421.00 1442.82 1409.61 1437.12 6656253
20070914 1420.05 1428.59 1378.31 1417.20 13670405
20070917 1412.46 1412.46 1364.08 1393.49 9276862
20070918 1383.05 1455.15 1383.05 1451.35 14789110
20070919 1523.45 1565.18 1511.11 1541.47 22415006
20070920 1517.75 1525.34 1495.94 1505.42 12610523
20070921 1490.25 1503.53 1481.71 1487.40 11947965
20070924 1481.71 1516.81 1473.17 1513.01 12672931
20070925 1494.04 1551.90 1494.04 1522.50 22877268
20070926 1518.70 1550.96 1518.70 1534.83 32920842
20070927 1542.42 1557.60 1512.06 1515.86 18793656
20070928 1527.24 1539.57 1498.78 1517.75 17515558
20071001 1494.04 1527.24 1494.04 1506.37 15505115
20071002 1517.75 1565.18 1517.75 1534.83 23245602
20071003 1548.11 1566.13 1518.70 1523.45 15496365
20071004 1522.50 1544.32 1508.27 1517.75 17077542
20071005 1517.75 1550.01 1504.47 1533.88 10148149
20071008 1572.77 1575.62 1549.06 1555.70 15649960
20071009 1560.44 1612.61 1552.85 1606.92 12266752
20071010 1626.84 1630.64 1599.33 1625.89 11002674
20071011 1631.59 1646.76 1618.31 1642.97 11281191
20071012 1628.74 1641.07 1598.39 1634.43 7454380
20071015 1625.89 1641.07 1597.44 1606.92 5035860
20071016 1603.13 1603.13 1565.18 1572.77 9467248
20071017 1587.95 1612.61 1569.93 1612.61 7553052
20071018 1608.82 1627.79 1566.13 1573.72 8836527
20071019 1569.93 1592.69 1549.06 1562.34 7276749
20071022 1517.75 1546.21 1512.06 1517.75 9103026
20071023 1528.19 1563.29 1522.50 1550.96 12464307
20071024 1563.29 1599.33 1545.26 1568.03 10560231
20071025 1571.82 1642.97 1562.34 1632.53 9957551
20071026 1620.20 1733.09 1607.87 1712.22 18486256
20071029 1717.91 1730.24 1691.35 1717.91 8694001
20071030 1711.27 1722.65 1681.86 1712.22 8642029
20071031 1713.17 1771.98 1711.27 1770.08 9688628
20071101 1753.01 1775.77 1671.43 1707.47 7234687
20071102 1679.02 1693.24 1660.99 1685.66 7613773
20071105 1660.04 1669.53 1608.82 1639.18 7178709
20071106 1644.87 1688.50 1644.87 1660.04 4697149
20071107 1664.79 1679.02 1622.10 1629.69 4193141
20071108 1600.28 1627.79 1571.82 1574.67 12134451
20071109 1597.44 1603.13 1517.75 1588.90 8997291
20071112 1568.98 1654.35 1563.29 1641.07 9871319
20071113 1628.74 1664.79 1618.31 1655.30 7581831
20071114 1680.91 1705.58 1644.87 1679.02 6551994
20071115 1681.86 1692.30 1628.74 1636.33 5592050
20071116 1630.64 1630.64 1564.24 1578.46 7131166
20071119 1636.33 1679.96 1587.95 1592.69 9329782
20071120 1607.87 1638.23 1567.08 1627.79 8023115
20071121 1611.67 1627.79 1543.37 1562.34 8258515
20071122 1576.57 1581.31 1543.37 1570.88 5604384
20071123 1588.90 1629.69 1577.52 1623.05 6563485
20071126 1636.33 1640.12 1587.00 1602.18 5657093
20071127 1577.52 1657.20 1572.77 1636.33 8272957
20071128 1641.07 1688.50 1584.16 1677.12 14011962
20071129 1697.04 1713.17 1653.40 1703.68 7609346
20071130 1724.55 1815.61 1712.22 1815.61 28932318
20071203 1784.31 1792.85 1743.52 1769.13 14977282
20071204 1760.60 1760.60 1709.37 1752.06 8811332
20071205 1774.82 1807.08 1714.11 1795.69 12015117
20071206 1821.31 1844.07 1773.88 1808.97 7573187
20071207 1828.89 1845.02 1805.18 1845.02 5489688
20071210 1821.31 1870.63 1808.03 1859.25 4747012
20071211 1872.53 1873.48 1799.49 1808.03 5708327
20071212 1773.88 1840.28 1745.42 1807.08 7786449
20071213 1798.54 1799.49 1741.62 1759.65 6717186
20071214 1793.80 1815.61 1741.62 1798.54 5283067
20071217 1762.49 1783.36 1719.81 1735.93 7858977
20071218 1729.29 1753.01 1711.27 1716.01 6251761
20071219 1738.78 1741.62 1705.58 1720.75 4129363
20071220 1733.09 1734.98 1707.47 1716.96 5324918
20071221 1750.16 1750.16 1724.55 1740.67 8611247
20071224 1740.67 1773.88 1736.88 1764.39 1068842
20071227 1781.46 1786.21 1749.21 1761.54 2679221
20071228 1747.32 1762.49 1738.78 1755.85 1313413
20071231 1749.21 1754.90 1730.24 1749.21 797072
20080102 1771.98 1781.46 1729.29 1738.78 2297288
20080103 1745.42 1756.80 1705.58 1731.19 4236574
20080104 1749.21 1766.29 1690.40 1709.37 4817010
20080107 1714.11 1729.29 1680.91 1715.06 5655617
20080108 1731.19 1772.93 1716.96 1757.75 7507616
20080109 1739.73 1769.13 1719.81 1731.19 7053050
20080110 1742.57 1754.90 1700.83 1710.32 3979457
20080111 1714.11 1720.75 1667.63 1683.76 11416443
20080114 1660.04 1680.91 1651.51 1659.10 7140337
20080115 1645.82 1662.89 1587.95 1596.49 7166375
20080116 1571.82 1580.36 1527.24 1546.21 11643094
20080117 1569.93 1592.69 1531.98 1545.26 11555385
20080118 1551.90 1557.60 1502.58 1516.81 9878487
20080121 1486.45 1491.19 1394.44 1405.82 11737022
20080122 1356.49 1464.63 1274.91 1455.15 26180358
20080123 1494.99 1529.14 1423.84 1494.04 21403512
20080124 1546.21 1580.36 1534.83 1568.03 12280035
20080125 1598.39 1633.48 1582.26 1604.08 12408330
20080128 1556.65 1574.67 1528.19 1556.65 6557792
20080129 1574.67 1593.64 1565.18 1593.64 5054624
20080130 1579.41 1591.75 1550.96 1567.08 5491164
20080131 1540.52 1600.28 1462.74 1579.41 13441329
20080201 1579.41 1649.61 1570.88 1615.46 8954491
20080204 1623.05 1642.97 1604.08 1622.10 4014562
20080205 1621.15 1621.15 1534.83 1546.21 7626634
20080206 1517.75 1534.83 1500.68 1513.01 8452381
20080207 1493.09 1509.22 1463.68 1469.38 6428865
20080208 1477.91 1494.04 1459.89 1486.45 6583936
20080211 1484.55 1513.01 1412.46 1441.87 11883133
20080212 1442.82 1525.34 1414.36 1519.65 8377638
20080213 1497.83 1545.26 1474.12 1517.75 6356864
20080214 1527.24 1550.96 1501.63 1514.91 5464388
20080215 1513.96 1521.55 1443.76 1452.30 6557687
20080218 1462.74 1538.62 1462.74 1536.73 4698836
20080219 1523.45 1553.80 1499.73 1506.37 6406094
20080220 1495.94 1511.11 1447.56 1477.91 8398195
20080221 1490.25 1528.19 1473.17 1484.55 5309633
20080222 1469.38 1501.63 1456.10 1476.02 5622621
20080225 1483.61 1527.24 1474.12 1498.78 5695044
20080226 1498.78 1622.10 1498.78 1616.41 15046437
20080227 1605.03 1617.36 1581.31 1610.72 5593315
20080228 1612.61 1637.28 1592.69 1598.39 8277069
20080229 1602.18 1613.56 1565.18 1587.95 8267581
20080303 1574.67 1588.90 1531.98 1547.16 6996546
20080304 1556.65 1578.46 1508.27 1533.88 6363294
20080305 1577.35 1635.33 1552.78 1633.37 6553607
20080306 1623.54 1652.04 1598.97 1614.69 6968759
20080307 1591.11 1612.73 1564.57 1584.23 8814559
20080310 1581.28 1603.88 1539.02 1550.81 7488004
20080311 1557.69 1626.49 1557.69 1597.99 9974035
20080312 1621.57 1663.83 1609.78 1627.47 7662409
20080313 1584.23 1602.90 1558.68 1596.02 7185391
20080314 1589.14 1634.35 1551.80 1578.33 7618147
20080318 1505.61 1591.11 1481.04 1588.16 10370871
20080319 1595.04 1660.88 1582.26 1639.26 11425948
20080320 1611.75 1666.78 1598.97 1652.04 10696684
20080325 1723.78 1768.99 1693.32 1759.16 10426835
20080326 1744.42 1760.14 1719.85 1727.71 5163559
20080327 1730.66 1770.95 1718.87 1764.08 6743478
20080328 1773.90 1774.89 1731.64 1734.59 5965779
20080331 1719.85 1729.68 1663.83 1692.33 9358429
20080401 1676.61 1787.66 1676.61 1774.89 7246239
20080402 1780.78 1816.16 1768.99 1805.35 8787696
20080403 1806.33 1808.30 1768.99 1775.87 5293599
20080404 1788.64 1796.51 1755.23 1774.89 4890759
20080407 1788.64 1788.64 1755.23 1773.90 5799820
20080408 1768.01 1768.99 1737.54 1767.02 4332745
20080409 1768.01 1768.01 1734.59 1739.51 4187238
20080410 1739.51 1750.32 1683.49 1702.16 6150563
20080411 1723.78 1729.68 1670.71 1686.44 5013066
20080414 1677.59 1680.54 1636.32 1638.28 5158166
20080415 1652.04 1669.73 1637.30 1651.06 3884218
20080416 1683.49 1689.38 1659.90 1686.44 6619746
20080417 1700.20 1700.20 1657.94 1665.80 4906327
20080418 1680.54 1730.66 1650.07 1720.83 6499270
20080421 1730.66 1735.58 1668.75 1688.40 3479342
20080422 1680.54 1711.99 1678.57 1697.25 3456855
20080423 1715.92 1735.58 1677.59 1728.70 5014287
20080424 1729.68 1752.28 1700.20 1751.30 4251750
20080425 1759.16 1795.52 1750.32 1770.95 4760311
20080428 1782.75 1800.44 1757.20 1763.09 2661045
20080429 1741.47 1770.95 1717.89 1739.51 3525945
20080430 1750.32 1773.90 1739.51 1763.09 4203112
20080501 1768.99 1807.32 1750.32 1798.47 2473921
20080502 1808.30 1851.54 1806.33 1847.61 6828034
20080506 1836.80 1864.32 1808.30 1851.54 5121738
20080507 1870.21 1870.21 1821.08 1827.96 7610719
20080508 1805.35 1830.90 1789.63 1807.32 6758334
20080509 1786.68 1804.37 1746.39 1802.40 4453933
20080512 1795.52 1824.02 1785.70 1803.39 2335638
20080513 1829.92 1832.87 1775.87 1818.13 6282842
20080514 1827.96 1827.96 1768.01 1778.82 4362864
20080515 1787.66 1812.23 1775.87 1796.51 4235266
20080516 1812.23 1836.80 1798.47 1825.99 4125576
20080519 1836.80 1847.61 1809.28 1844.66 3043738
20080520 1826.97 1844.66 1797.49 1797.49 4308019
20080521 1804.37 1805.35 1754.25 1762.11 4219189
20080522 1758.18 1787.66 1738.52 1772.92 4300795
20080523 1765.06 1784.71 1745.40 1748.35 4839984
20080527 1776.85 1800.44 1763.09 1799.46 6927040
20080528 1797.49 1821.08 1780.78 1800.44 4951810
20080529 1827.96 1827.96 1781.77 1806.33 5672222
20080530 1824.02 1863.34 1819.11 1843.68 27562756
20080602 1827.96 1834.83 1788.64 1793.56 7408841
20080603 1786.68 1788.64 1762.11 1775.87 7630153
20080604 1796.51 1796.51 1705.11 1723.78 11372833
20080605 1739.51 1744.42 1688.40 1710.02 8837250
20080606 1726.73 1733.61 1624.52 1628.45 11472755
20080610 1616.66 1646.14 1587.18 1607.81 7558519
20080611 1628.45 1648.11 1489.88 1498.73 13351014
20080612 1530.18 1602.90 1505.61 1601.92 13584537
20080613 1596.02 1632.38 1560.64 1611.75 9957449
20080616 1627.47 1637.30 1597.00 1611.75 6402809
20080617 1621.57 1626.49 1576.37 1583.25 7692426
20080618 1569.49 1590.12 1511.50 1523.30 7752766
20080619 1528.21 1546.88 1469.24 1473.17 7125458
20080620 1493.81 1503.64 1434.85 1474.16 13574260
20080623 1479.07 1512.49 1467.28 1493.81 7427563
20080624 1484.97 1500.69 1441.73 1467.28 7958205
20080625 1493.81 1542.95 1474.16 1541.97 6586066
20080626 1531.16 1579.31 1426.00 1427.97 15635267
20080627 1439.76 1464.33 1400.45 1423.05 12040537
20080630 1429.93 1449.59 1383.74 1405.36 8856583
20080701 1399.47 1419.12 1345.41 1377.85 11114686
20080702 1390.62 1431.90 1342.47 1370.97 8486711
20080703 1342.47 1430.92 1335.59 1421.09 10002220
20080704 1436.81 1444.67 1364.09 1371.95 4374159
20080707 1398.48 1421.09 1369.98 1411.26 4609615
20080708 1365.07 1390.62 1340.50 1379.81 6916051
20080709 1406.35 1453.52 1397.50 1439.76 8123147
20080710 1410.28 1453.52 1405.36 1429.93 6888374
20080711 1442.71 1452.54 1308.07 1317.90 10175404
20080714 1353.28 1405.36 1343.45 1355.24 6055729
20080715 1333.62 1336.57 1264.83 1312.00 8036250
20080716 1314.95 1334.60 1238.29 1324.78 10863763
20080717 1364.09 1479.07 1359.17 1446.64 14671870
20080718 1420.11 1540.00 1407.33 1515.43 18859516
20080721 1518.38 1566.54 1491.85 1536.07 8142989
20080722 1516.42 1530.18 1470.23 1516.42 7274527
20080723 1560.64 1603.88 1542.95 1598.97 11092504
20080724 1602.90 1642.21 1558.68 1569.49 12085104
20080725 1527.23 1554.74 1482.02 1527.23 8867572
20080728 1530.18 1530.18 1471.21 1478.09 5071879
20080729 1427.97 1473.17 1409.29 1452.54 6054813
20080730 1493.81 1542.95 1482.02 1525.26 4671277
20080731 1523.30 1559.66 1492.83 1523.30 5879798
20080801 1512.49 1515.43 1443.69 1467.28 12032295
20080804 1462.36 1483.99 1386.69 1398.48 8962101
20080805 1425.02 1520.35 1412.24 1515.43 15789016
20080806 1542.95 1554.74 1493.81 1515.43 13299934
20080807 1503.64 1571.45 1491.85 1544.92 9634078
20080808 1541.97 1573.42 1527.23 1571.45 4439993
20080811 1587.18 1587.18 1540.00 1571.45 4438466
20080812 1558.68 1559.66 1451.55 1464.33 8543998
20080813 1481.00 1485.00 1388.00 1392.00 10065700
20080814 1405.00 1453.00 1393.00 1444.00 5589100
20080815 1459.00 1481.00 1412.00 1425.00 6348700
20080818 1453.00 1459.00 1400.00 1413.00 3502500
20080819 1412.00 1437.00 1321.00 1326.00 8370000
20080820 1360.00 1386.00 1327.00 1348.00 7305700
20080821 1338.00 1364.00 1324.00 1355.00 5430900
20080822 1360.00 1411.00 1356.00 1411.00 6192100
20080826 1377.00 1416.00 1360.00 1401.00 5886300
20080827 1393.00 1459.00 1392.00 1446.00 6397500
20080828 1444.00 1499.00 1423.00 1485.00 6699500
20080829 1491.00 1495.00 1457.00 1491.00 4459100
20080901 1475.00 1498.00 1452.00 1486.00 2511800
20080902 1485.00 1502.00 1470.00 1493.00 5370700
20080903 1483.00 1497.00 1447.00 1489.00 5989200
20080904 1499.00 1505.00 1413.00 1415.00 3501300
20080905 1412.00 1423.00 1362.00 1374.00 10719200
20080908 1450.00 1522.00 1450.00 1502.00 7560400
20080909 1505.00 1538.00 1485.00 1510.00 12091200
20080910 1515.00 1515.00 1450.00 1456.00 8319900
20080911 1460.00 1460.00 1385.00 1425.00 8311900
20080912 1452.00 1467.00 1426.00 1440.00 9755000
20080915 1390.00 1407.00 1320.00 1385.00 12653200
20080916 1345.00 1429.00 1311.00 1386.00 9645900
20080917 1427.00 1446.00 1339.00 1364.00 9305500
20080918 1337.00 1401.00 1320.00 1338.00 11935200
20080919 1550.00 1750.00 1455.00 1565.00 16067800
20080922 1545.00 1563.00 1480.00 1490.00 5114200
20080923 1518.00 1518.00 1370.00 1460.00 6120000
20080924 1485.00 1500.00 1433.00 1460.00 4045000
20080925 1400.00 1466.00 1391.00 1443.00 5446700
20080926 1439.00 1442.00 1370.00 1400.00 4034000
20080929 1433.00 1433.00 1227.00 1245.00 7870200
20080930 1245.00 1439.00 1245.00 1345.00 9008600
20081001 1370.00 1430.00 1324.00 1389.00 5561400
20081002 1390.00 1440.00 1356.00 1360.00 3468800
20081003 1376.00 1435.00 1326.00 1398.00 3115000
20081006 1336.00 1371.00 1242.00 1262.00 2904100
20081007 1290.00 1392.00 1234.00 1311.00 1949200
20081008 1254.00 1305.00 1117.00 1160.00 10499700
20081009 1191.00 1247.00 1150.00 1163.00 4335500
20081010 1065.00 1128.00 965.00 999.50 5712200
20081013 1099.00 1205.00 1077.00 1200.00 7933000
20081014 1250.00 1331.00 1241.00 1326.00 4855800
20081015 1308.00 1308.00 1127.00 1168.00 6983900
20081016 1170.00 1171.00 1000.00 1017.00 3977600
20081017 1077.00 1090.00 1000.00 1082.00 5983600
20081020 1087.00 1147.00 1058.00 1130.00 5678100
20081021 1150.00 1150.00 1021.00 1037.00 3482600
20081022 1058.00 1082.00 882.50 946.00 8642700
20081023 935.00 974.00 821.50 900.00 8958600
20081024 850.00 864.00 736.00 758.00 12273500
20081027 795.00 850.00 678.00 680.00 10361100
20081028 734.00 782.50 697.00 700.00 10853300
20081029 780.00 910.00 735.00 910.00 10444000
20081030 928.00 983.00 910.00 965.50 8010900
20081031 979.50 1049.00 935.50 1015.00 6405700
20081103 1040.00 1070.00 980.00 1004.00 4465100
20081104 1006.00 1090.00 995.50 1066.00 5008700
20081105 1080.00 1087.00 1003.00 1020.00 3742700
20081106 985.00 1038.00 941.00 946.00 7304000
20081107 969.50 979.50 927.50 940.00 3645400
20081110 970.00 970.00 876.50 895.50 3533700
20081111 860.00 868.50 822.00 860.00 4851900
20081112 900.00 910.00 765.50 795.50 8451700
20081113 800.00 800.50 716.00 730.00 6084800
20081114 789.50 810.00 760.50 776.50 6404800
20081117 788.00 804.50 719.50 722.00 4456200
20081118 721.00 744.00 664.50 734.50 8830000
20081119 749.00 764.00 711.50 735.00 3767600
20081120 715.00 739.00 703.50 737.00 5370700
20081121 750.00 778.00 703.00 759.50 3153500
20081124 728.00 740.00 695.00 725.00 6540400
20081125 713.50 898.50 713.50 840.00 8590000
20081126 803.00 837.50 780.00 784.50 4733700
20081127 713.00 785.50 699.50 766.00 6815200
20081128 800.00 851.00 774.00 843.50 6935200
20081201 860.00 862.00 715.00 726.00 7327100
20081202 720.00 771.00 690.00 750.50 6385500
20081203 765.50 769.00 701.50 763.50 6762500
20081204 779.00 800.00 711.00 760.00 9668600
20081205 778.50 778.50 712.50 768.00 7574400
20081208 800.00 811.00 723.00 790.00 15055500
20081209 784.00 813.00 766.00 798.00 8162500
20081210 790.00 815.50 745.50 750.00 11748600
20081211 772.00 792.00 760.00 780.00 11131400
20081212 766.00 769.50 732.00 745.50 8287200
20081215 767.50 767.50 719.00 749.00 5407600
20081216 768.00 778.50 736.00 747.00 5764000
20081217 771.00 779.50 725.50 761.00 5758700
20081218 770.00 796.00 717.50 748.00 9225700
20081219 740.00 760.00 704.50 740.00 7588600
20081222 750.00 760.00 716.00 751.00 3528100
20081223 755.00 768.00 738.00 768.00 2724700
20081224 766.00 775.00 746.50 755.00 900100
20081229 770.00 809.00 752.00 809.00 2141000
20081230 800.50 860.50 800.50 834.00 2509800
20081231 820.50 875.50 820.50 875.00 1077500
20090102 875.00 892.50 850.00 869.50 1360900
20090105 895.00 946.50 885.00 923.00 4555000
20090106 937.00 999.00 927.50 999.00 6373700
20090107 995.00 995.00 913.50 920.00 6387200
20090108 905.00 938.50 835.50 860.00 6631600
20090109 885.00 903.50 854.00 865.50 3822900
20090112 875.00 887.00 855.00 875.00 4900200
20090113 865.00 875.00 821.00 835.00 3979700
20090114 853.00 854.00 735.50 745.50 6906100
20090115 769.00 792.00 741.50 766.50 5140300
20090116 784.00 793.00 749.50 768.00 11699800
20090119 795.00 798.00 658.50 706.00 10667800
20090120 740.00 753.00 668.00 689.50 11695100
20090121 680.00 770.00 675.00 766.00 13498700
20090122 800.00 845.50 783.50 800.00 10211100
20090123 796.00 807.50 716.50 754.00 8253300
20090126 731.00 818.00 728.50 795.00 5923400
20090127 782.00 798.00 765.50 798.00 4893800
20090128 821.00 899.00 809.50 878.50 9719800
20090129 855.00 873.00 826.00 844.50 7094500
20090130 842.00 906.00 835.00 876.00 10488300
20090202 846.50 850.00 811.00 830.00 6348300
20090203 837.00 864.00 813.00 852.00 7328500
20090204 855.00 881.00 815.00 873.00 6489000
20090205 835.00 857.00 808.00 857.00 8122900
20090206 867.00 888.50 852.00 857.50 16173300
20090209 861.00 904.50 852.00 894.00 7012400
20090210 876.00 896.00 838.00 846.00 6424800
20090211 849.50 854.50 823.00 825.00 4745000
20090212 826.00 846.00 807.00 816.00 5863200
20090213 840.00 840.00 771.50 790.50 9288900
