20030101 1041.00 1041.00 1041.00 1041.00 0
20030102 1025.25 1049.25 1020.00 1032.00 356700
20030103 1032.00 1032.00 1016.25 1017.00 444800
20030106 1017.00 1022.25 1008.00 1019.25 863800
20030107 1020.00 1020.00 991.50 1014.75 816500
20030108 1014.75 1016.25 1003.50 1011.75 1245000
20030109 1005.00 1031.25 1005.00 1024.50 759900
20030110 1014.00 1040.25 1013.25 1032.75 537000
20030113 1027.14 1040.25 1005.00 1024.50 610700
20030114 1033.50 1039.50 1020.75 1037.25 733900
20030115 1029.15 1074.00 1036.50 1072.50 1557000
20030116 1065.00 1077.75 1057.50 1077.00 1430000
20030117 1077.00 1079.25 1064.25 1074.75 594300
20030120 1064.25 1081.50 1057.50 1066.50 502200
20030121 1077.00 1083.00 1050.75 1056.00 582400
20030122 1050.00 1066.50 1045.50 1051.50 937600
20030123 1062.00 1062.00 1032.00 1032.00 1038200
20030124 1042.50 1054.50 1026.75 1035.00 719800
20030127 1038.00 1038.00 1007.25 1007.25 869600
20030128 1029.00 1029.00 1001.25 1005.75 954700
20030129 1005.75 1018.50 960.00 968.25 1287100
20030130 975.00 1040.25 947.25 1012.50 903700
20030131 1004.25 1042.50 990.00 1032.00 1601200
20030203 1045.50 1065.00 1021.50 1044.75 1017000
20030204 1018.50 1044.00 1018.50 1029.00 1042900
20030205 1020.75 1056.75 999.00 1047.00 919400
20030206 1035.00 1053.00 1024.50 1041.75 450000
20030207 1029.00 1041.75 1029.00 1035.00 613400
20030210 1050.00 1080.00 1027.50 1068.00 1415200
20030211 1053.75 1089.00 1035.00 1081.50 1177800
20030212 1076.25 1084.50 1063.50 1071.00 535100
20030213 1057.50 1079.25 1047.75 1074.00 579900
20030214 1076.25 1109.25 1073.25 1081.50 534800
20030217 1095.00 1107.00 1079.25 1098.75 574800
20030218 1095.00 1110.00 1080.00 1101.00 436400
20030219 1096.50 1096.50 1084.50 1085.25 749000
20030220 1080.00 1094.25 1067.25 1079.25 938000
20030221 1075.50 1095.00 1065.75 1085.25 1324300
20030224 1086.00 1110.00 1078.50 1104.75 666500
20030225 1101.75 1101.75 1073.25 1086.00 800500
20030226 1098.00 1098.00 1047.00 1047.00 746800
20030227 1062.00 1065.00 1034.25 1038.00 581100
20030228 1033.50 1061.25 1018.50 1056.00 728100
20030303 1065.00 1088.25 1050.00 1071.75 697100
20030304 1080.00 1080.00 1055.25 1064.25 463000
20030305 1044.00 1075.50 1044.00 1066.50 688900
20030306 1065.00 1074.75 1042.50 1065.75 379900
20030307 1063.50 1063.50 1028.25 1053.75 645000
20030310 1053.75 1062.75 1018.50 1029.75 462000
20030311 1031.25 1058.25 1020.00 1050.00 535400
20030312 1057.50 1065.00 995.25 1020.00 875300
20030313 1063.50 1076.25 1021.50 1054.50 808600
20030314 1077.75 1077.75 1023.75 1056.00 1227900
20030317 1035.00 1116.75 1035.00 1095.00 678900
20030318 1084.50 1108.50 1071.00 1084.50 664300
20030319 1095.00 1101.75 1054.50 1065.00 789600
20030320 1061.25 1089.00 1048.50 1082.25 452400
20030321 1087.50 1095.00 1061.25 1095.00 698800
20030324 1095.00 1095.00 1068.75 1069.50 444500
20030325 1058.25 1091.25 1058.25 1077.75 293100
20030326 1077.00 1101.75 1077.00 1095.00 681800
20030327 1075.50 1095.00 1072.50 1095.00 449000
20030328 1095.00 1095.00 1076.25 1091.25 376500
20030331 1072.50 1087.50 1054.50 1074.00 594700
20030401 1080.00 1107.00 1068.75 1103.25 852800
20030402 1107.00 1137.75 1104.75 1125.00 784900
20030403 1139.25 1139.25 1097.25 1102.50 664300
20030404 1110.00 1136.25 1102.50 1125.00 483700
20030407 1140.00 1151.25 1117.50 1127.25 851200
20030408 1116.75 1128.00 1107.75 1112.25 642300
20030409 1110.00 1125.00 1098.75 1125.00 638800
20030410 1110.00 1151.25 1108.50 1131.00 591900
20030411 1138.50 1148.25 1088.25 1117.50 588700
20030414 1155.00 1155.00 1114.50 1122.00 547000
20030415 1128.00 1131.75 1110.75 1114.50 866700
20030416 1117.50 1125.00 1089.00 1112.25 663100
20030417 1117.50 1137.00 1116.00 1131.00 406200
20030418 1131.00 1131.00 1131.00 1131.00 0
20030421 1131.00 1131.00 1131.00 1131.00 0
20030422 1153.50 1153.50 1113.75 1130.25 509100
20030423 1134.75 1139.25 1102.50 1113.75 651400
20030424 1107.75 1134.75 1107.75 1117.50 830600
20030425 1117.50 1117.50 1083.75 1084.50 558300
20030428 1084.50 1104.00 1084.50 1093.50 493700
20030429 1097.25 1097.25 1057.50 1074.00 846800
20030430 1063.50 1085.25 1063.50 1072.50 1146800
20030501 1079.25 1082.25 1059.75 1079.25 391900
20030502 1086.00 1086.00 1060.50 1079.25 387000
20030505 1079.25 1079.25 1079.25 1079.25 0
20030506 1095.00 1095.00 1057.50 1077.75 595400
20030507 1072.50 1080.00 1059.00 1065.75 730700
20030508 1042.50 1077.00 1028.25 1050.00 995600
20030509 1060.50 1071.00 1045.50 1056.75 375400
20030512 1068.75 1069.50 1050.00 1065.75 344700
20030513 1065.75 1065.75 1050.00 1059.00 677000
20030514 1059.75 1082.25 1041.00 1080.00 1777500
20030515 1092.75 1095.00 1074.75 1089.00 597500
20030516 1095.00 1110.00 1083.00 1098.75 992300
20030519 1081.50 1104.75 1065.75 1081.50 596700
20030520 1074.75 1110.00 1058.25 1096.50 462500
20030521 1102.50 1129.50 1067.25 1081.50 644700
20030522 1077.75 1125.00 1077.75 1101.00 507000
20030523 1102.50 1122.75 1084.50 1091.25 468200
20030526 1091.25 1091.25 1091.25 1091.25 0
20030527 1068.00 1108.50 1068.00 1106.25 643400
20030528 1106.25 1114.50 1087.50 1098.75 509000
20030529 1100.25 1110.00 1095.00 1098.75 333300
20030530 1095.00 1122.00 1068.75 1122.00 1090900
20030602 1107.75 1122.00 1095.75 1110.00 594400
20030603 1114.50 1131.00 1086.75 1107.00 669700
20030604 1100.25 1105.50 1086.00 1094.25 778200
20030605 1099.50 1105.50 1091.25 1104.75 523900
20030606 1116.75 1116.75 1067.25 1080.00 708200
20030609 1083.75 1101.75 1074.00 1080.00 956500
20030610 1078.50 1080.00 1064.25 1066.50 1745400
20030611 1066.50 1075.50 1022.25 1050.75 2149400
20030612 1071.00 1090.50 1057.50 1071.00 1502200
20030613 1068.00 1083.00 1060.50 1075.50 916300
20030616 1069.50 1127.25 1069.50 1091.25 905200
20030617 1097.25 1111.50 1092.75 1101.00 905100
20030618 1065.00 1065.75 1047.75 1059.00 1410100
20030619 1057.50 1059.00 1018.50 1044.75 776400
20030620 1042.50 1058.25 1023.00 1053.00 867000
20030623 1063.50 1063.50 1031.25 1043.25 452100
20030624 1043.25 1045.50 1020.75 1033.50 1250700
20030625 1041.00 1041.00 1013.25 1019.25 1017700
20030626 1032.75 1035.75 1008.00 1032.75 874300
20030627 1039.50 1039.50 1025.25 1028.25 321300
20030630 1024.50 1059.00 1013.25 1026.00 767000
20030701 1035.00 1042.50 1014.75 1020.00 614700
20030702 1035.00 1037.25 1009.50 1015.50 418900
20030703 1037.25 1037.25 1005.00 1015.50 794800
20030704 1012.50 1016.25 991.50 1014.00 388900
20030707 1014.00 1039.50 1014.00 1026.00 634900
20030708 1024.50 1041.75 1021.50 1027.50 995700
20030709 1029.00 1029.00 1003.50 1012.50 1145000
20030710 1014.75 1047.00 1014.00 1038.75 1366700
20030711 1041.00 1044.75 1035.00 1041.75 850900
20030714 1047.00 1056.75 1041.00 1054.50 787300
20030715 1053.75 1053.75 1038.00 1041.00 425200
20030716 1044.00 1047.00 1021.50 1030.50 1055500
20030717 1032.00 1040.25 1022.25 1026.00 732300
20030718 1030.50 1035.00 1020.75 1027.50 658200
20030721 1025.25 1031.25 1014.75 1020.75 743900
20030722 1022.25 1047.75 1015.50 1033.50 768100
20030723 1032.00 1041.00 1023.75 1035.75 885700
20030724 1043.25 1047.75 1035.00 1040.25 582900
20030725 1038.75 1044.75 1015.50 1028.25 560600
20030728 1023.00 1023.00 986.25 1002.00 1127900
20030729 990.00 1020.00 990.00 1017.00 839800
20030730 1016.25 1031.25 1016.25 1020.00 612800
20030731 1024.50 1024.50 998.25 1008.75 551000
20030801 1011.75 1043.25 999.00 1000.50 695200
20030804 1000.50 1011.00 985.50 993.75 322500
20030805 993.75 1005.00 987.00 993.75 619400
20030806 1005.00 1005.00 973.50 981.75 1012200
20030807 952.50 997.50 952.50 990.00 761400
20030808 997.50 1009.50 990.00 997.50 857000
20030811 1002.00 1003.50 983.25 996.75 628900
20030812 1000.50 1012.50 994.50 999.75 818400
20030813 990.00 1011.75 985.50 990.75 1132000
20030814 994.50 1013.25 994.50 1012.50 979300
20030815 1012.50 1012.50 997.50 1005.75 440100
20030818 1003.50 1014.75 995.25 1003.50 403900
20030819 1006.50 1007.25 988.50 997.50 631600
20030820 995.25 1001.25 976.50 994.50 1398800
20030821 990.00 999.75 986.25 991.50 682000
20030822 990.00 990.00 978.00 979.50 490400
20030825 979.50 979.50 979.50 979.50 0
20030826 985.50 986.25 968.25 975.75 479100
20030827 973.50 998.25 973.50 978.75 766400
20030828 981.00 982.50 955.50 965.25 876400
20030829 965.25 985.50 956.25 960.00 883500
20030901 974.25 980.25 966.00 971.25 530800
20030902 977.25 989.25 972.00 982.50 1055800
20030903 990.00 990.00 961.50 966.00 1028300
20030904 964.50 983.25 964.50 982.50 1114500
20030905 977.25 1002.00 952.50 992.25 1010500
20030908 987.00 994.65 984.90 991.50 859900
20030909 988.50 994.50 976.41 978.00 594100
20030910 975.00 989.92 975.08 987.00 861700
20030911 987.00 990.00 975.75 983.25 611200
20030912 992.25 1004.25 973.50 995.25 1074800
20030915 996.75 1003.50 986.25 991.50 729900
20030916 996.00 1004.25 982.50 997.50 379000
20030917 997.50 1008.00 984.00 986.25 545500
20030918 973.50 1000.50 973.50 995.25 456900
20030919 999.00 1002.00 990.00 995.25 542600
20030922 992.25 998.25 982.50 991.50 725600
20030923 1011.00 1006.50 990.75 1003.50 1027800
20030924 1005.00 1022.25 1000.50 1020.00 803600
20030925 1020.00 1027.50 1013.25 1026.75 1334300
20030926 1023.75 1023.75 1008.75 1013.25 918300
20030929 1028.37 1032.00 1006.50 1017.00 1136500
20030930 1017.00 1018.50 1002.75 1007.25 801800
20031001 1007.25 1024.50 990.75 1006.50 944700
20031002 1012.50 1012.50 992.25 1005.75 813700
20031003 1008.00 1023.00 996.00 1014.00 517000
20031006 1015.50 1023.75 1005.00 1018.50 322200
20031007 1018.50 1022.25 1011.75 1017.00 324600
20031008 1017.00 1022.25 1008.75 1018.50 434500
20031009 1026.75 1026.75 1008.00 1014.00 824500
20031010 1018.50 1018.50 1005.00 1011.75 789600
20031013 1012.50 1017.00 1010.25 1014.75 369000
20031014 1024.50 1024.50 1011.00 1013.25 474200
20031015 1017.00 1018.50 1009.50 1014.75 630000
20031016 1008.00 1035.00 1008.00 1024.50 1122100
20031017 1015.50 1038.75 1015.50 1034.25 783700
20031020 1029.00 1041.75 1026.00 1029.00 664000
20031021 1035.00 1038.75 1026.00 1032.75 1232100
20031022 1023.75 1041.00 1023.75 1032.00 744600
20031023 1020.00 1056.75 1020.00 1050.00 1598900
20031024 1047.00 1054.50 1041.00 1047.75 837100
20031027 1050.75 1051.50 1041.00 1045.50 477500
20031028 1044.00 1058.25 1027.50 1049.25 417500
20031029 1046.25 1053.75 1035.00 1046.25 774500
20031030 1042.50 1062.00 1036.50 1053.75 767700
20031031 1054.50 1077.00 1053.00 1062.00 561500
20031103 1062.00 1072.50 1055.25 1070.25 461300
20031104 1062.00 1077.00 1057.50 1072.50 986900
20031105 1066.50 1089.00 1066.50 1076.25 945100
20031106 1077.00 1080.00 1068.00 1074.00 645000
20031107 1068.75 1077.00 1063.50 1073.25 1210900
20031110 1068.00 1083.00 1067.25 1069.50 924400
20031111 1065.75 1072.50 1058.25 1066.50 816100
20031112 1062.00 1080.00 1057.50 1077.00 672400
20031113 1070.25 1077.00 1056.00 1063.50 763400
20031114 1062.00 1077.75 1062.00 1070.25 942900
20031117 1062.00 1074.75 1062.00 1072.50 1082900
20031118 1078.50 1079.25 1066.50 1072.50 722100
20031119 1070.25 1086.00 1068.75 1082.25 1565500
20031120 1083.75 1091.25 1069.50 1089.00 1234700
20031121 1091.25 1091.25 1071.75 1081.50 985700
20031124 1069.50 1081.50 1069.50 1078.50 796700
20031125 1078.50 1082.25 1066.50 1073.25 1419500
20031126 1065.00 1079.25 1041.00 1071.00 1120600
20031127 1071.00 1089.00 1057.50 1085.25 678200
20031128 1084.50 1093.50 1077.75 1083.75 794700
20031201 1086.00 1099.50 1067.25 1094.25 577700
20031202 1083.00 1101.00 1083.00 1096.50 875200
20031203 1094.25 1124.25 1076.25 1087.50 1155700
20031204 1089.00 1097.25 1079.25 1089.00 993900
20031205 1090.50 1090.50 1068.75 1087.50 786600
20031208 1093.50 1107.75 1079.25 1084.50 614900
20031209 1101.75 1124.25 1087.50 1096.50 912500
20031210 1096.50 1110.75 1087.50 1107.00 880500
20031211 1109.25 1120.50 1098.75 1119.00 1221200
20031212 1118.25 1142.25 1118.25 1139.25 1045200
20031215 1154.25 1153.50 1131.75 1141.50 790300
20031216 1143.00 1149.00 1119.75 1129.50 1535800
20031217 1116.75 1140.00 1101.75 1116.75 763700
20031218 1113.75 1131.00 1104.00 1110.00 707300
20031219 1117.50 1134.75 1107.75 1124.25 1034200
20031222 1113.75 1140.00 1105.50 1107.75 498900
20031223 1107.75 1131.75 1105.50 1125.00 354900
20031224 1126.50 1134.75 1117.50 1118.25 131600
20031225 1118.25 1118.25 1118.25 1118.25 0
20031226 1118.25 1118.25 1118.25 1118.25 0
20031229 1116.00 1125.00 1107.75 1120.50 147800
20031230 1117.50 1129.50 1117.50 1124.25 288400
20031231 1131.00 1133.25 1119.00 1123.50 78200
20040101 1123.50 1123.50 1123.50 1123.50 0
20040102 1177.50 1177.50 1124.25 1143.75 399800
20040105 1137.00 1141.50 1119.00 1122.00 552600
20040106 1134.75 1134.75 1101.00 1107.75 1091500
20040107 1107.75 1109.25 1097.25 1103.25 468600
20040108 1104.00 1108.50 1077.75 1086.00 1488900
20040109 1088.25 1092.00 1081.50 1085.25 1070200
20040112 1082.25 1088.25 1079.25 1082.25 556700
20040113 1086.00 1086.00 1069.50 1077.00 538100
20040114 1071.00 1077.75 1057.50 1074.75 530100
20040115 1078.50 1078.50 1062.75 1065.00 542900
20040116 1067.25 1070.25 1056.75 1061.25 710900
20040119 1063.50 1074.00 1053.00 1071.75 376700
20040120 1060.50 1080.75 1058.25 1076.25 502200
20040121 1077.00 1087.50 1077.00 1085.25 847000
20040122 1087.50 1087.50 1073.25 1073.25 700700
20040123 1071.00 1078.50 1057.50 1061.25 994300
20040126 1071.00 1072.50 1050.75 1054.50 706900
20040127 1051.50 1057.50 1047.00 1050.00 676600
20040128 1050.75 1074.00 1044.00 1071.00 1074300
20040129 1063.50 1070.25 1059.00 1065.75 524900
20040130 1071.00 1071.00 1051.50 1058.25 755800
20040202 1062.00 1068.75 1054.50 1065.00 540700
20040203 1064.25 1090.50 1060.50 1080.75 1281600
20040204 1080.75 1083.00 1071.00 1078.50 757900
20040205 1081.50 1081.50 1068.75 1073.25 629400
20040206 1078.50 1078.50 1063.50 1065.75 471900
20040209 1053.00 1076.25 1053.00 1069.50 314200
20040210 1067.25 1074.00 1062.75 1072.50 476000
20040211 1074.00 1074.00 1059.00 1062.75 559800
20040212 1067.25 1074.00 1061.25 1071.00 576600
20040213 1080.00 1080.00 1070.25 1075.50 506800
20040216 1078.50 1089.75 1077.00 1086.00 322300
20040217 1088.25 1104.00 1085.25 1099.50 1177200
20040218 1106.25 1106.25 1093.50 1093.50 821400
20040219 1095.75 1107.00 1093.50 1099.50 446100
20040220 1101.75 1104.00 1094.25 1102.50 566800
20040223 1110.75 1110.75 1083.75 1095.75 563200
20040224 1097.25 1114.50 1095.00 1108.50 662600
20040225 1103.25 1114.50 1091.25 1097.25 1001600
20040226 1104.00 1113.00 1088.25 1108.50 653900
20040227 1113.00 1116.00 1104.00 1111.50 547000
20040301 1113.00 1136.25 1110.00 1134.00 735800
20040302 1146.75 1146.75 1110.00 1116.00 472900
20040303 1110.00 1130.25 1110.00 1113.00 491400
20040304 1110.00 1125.75 1107.00 1119.00 384600
20040305 1121.25 1121.25 1110.00 1120.50 549800
20040308 1117.50 1129.50 1117.50 1124.25 652700
20040309 1131.75 1137.75 1121.25 1137.00 638300
20040310 1122.00 1142.25 1122.00 1136.25 922300
20040311 1128.00 1134.75 1112.25 1122.00 1191000
20040312 1138.50 1138.50 1107.75 1119.75 566100
20040315 1117.50 1125.00 1108.50 1109.25 620400
20040316 1111.50 1111.50 1100.25 1104.00 395400
20040317 1119.00 1123.50 1105.50 1120.50 760200
20040318 1122.75 1122.75 1106.25 1107.00 596300
20040319 1112.25 1119.00 1110.00 1116.00 301400
20040322 1109.25 1115.25 1104.00 1111.50 573600
20040323 1110.75 1113.75 1103.25 1107.00 410100
20040324 1105.50 1111.50 1101.00 1104.75 382600
20040325 1105.50 1107.75 1089.75 1098.00 675900
20040326 1099.50 1104.75 1092.75 1101.75 406700
20040329 1089.75 1134.75 1089.75 1118.25 552100
20040330 1128.75 1132.50 1114.50 1128.00 646900
20040331 1098.00 1149.75 1098.00 1141.50 1000900
20040401 1167.75 1191.75 1137.75 1151.25 687800
20040402 1155.00 1176.00 1150.50 1164.00 1217000
20040405 1172.25 1176.75 1149.00 1164.75 1027000
20040406 1158.75 1173.00 1136.25 1143.00 1549200
20040407 1136.25 1147.50 1136.25 1143.00 709500
20040408 1143.00 1162.50 1138.50 1151.25 497300
20040409 1151.25 1151.25 1151.25 1151.25 0
20040412 1151.25 1151.25 1151.25 1151.25 0
20040413 1147.50 1152.00 1140.75 1144.50 368600
20040414 1149.00 1152.00 1138.50 1147.50 712400
20040415 1147.50 1151.25 1135.50 1146.00 586100
20040416 1155.00 1168.50 1144.50 1161.00 820400
20040419 1162.50 1168.50 1148.25 1165.50 577600
20040420 1164.00 1181.25 1172.25 1176.75 737500
20040421 1164.00 1178.25 1162.50 1173.75 802300
20040422 1170.00 1191.75 1164.75 1188.75 447600
20040423 1179.75 1191.75 1172.25 1179.75 534600
20040426 1190.25 1190.25 1168.50 1182.75 326800
20040427 1173.75 1180.50 1165.50 1170.00 451100
20040428 1164.75 1179.00 1163.25 1173.75 538400
20040429 1182.00 1182.00 1175.25 1177.50 596200
20040430 1177.50 1182.00 1171.50 1174.50 789100
20040503 1174.50 1174.50 1174.50 1174.50 0
20040504 1155.00 1195.50 1155.00 1191.75 680500
20040505 1188.75 1206.00 1188.75 1200.00 651400
20040506 1200.00 1236.75 1191.75 1196.25 725400
20040507 1200.75 1226.25 1200.00 1216.50 1378800
20040510 1207.50 1230.00 1201.50 1209.75 2169700
20040511 1191.75 1221.00 1191.75 1218.75 1137600
20040512 1214.25 1215.75 1203.00 1210.50 1231800
20040513 1212.75 1224.00 1212.75 1222.50 637500
20040514 1227.75 1247.25 1215.00 1233.00 714400
20040517 1230.00 1241.25 1219.50 1240.50 1382600
20040518 1240.50 1253.25 1223.25 1227.00 1138800
20040519 1221.00 1241.25 1221.00 1233.00 753800
20040520 1236.00 1236.00 1223.25 1225.50 785300
20040521 1223.25 1236.00 1221.00 1227.75 592400
20040524 1231.50 1233.75 1227.00 1229.25 418500
20040525 1260.00 1260.00 1216.50 1230.00 1078300
20040526 1233.00 1244.25 1227.00 1233.00 583900
20040527 1233.75 1249.50 1230.00 1231.50 904300
20040528 1222.50 1244.25 1212.00 1212.00 1506800
20040531 1212.00 1212.00 1212.00 1212.00 0
20040601 1222.50 1225.50 1209.00 1217.25 919400
20040602 1221.00 1227.00 1218.75 1218.75 837300
20040603 1226.25 1227.75 1215.00 1224.75 536500
20040604 1230.00 1230.00 1218.75 1227.00 756000
20040607 1224.00 1232.25 1218.00 1224.00 864200
20040608 1210.50 1227.75 1209.75 1212.00 1547000
20040609 1221.00 1233.00 1213.50 1229.25 1778500
20040610 1228.50 1242.75 1225.50 1236.75 1536100
20040611 1230.00 1244.25 1230.00 1233.75 716900
20040614 1242.00 1242.00 1227.75 1227.75 666600
20040615 1233.75 1248.75 1232.25 1246.50 1725000
20040616 1200.00 1203.75 1191.00 1196.25 1966300
20040617 1199.25 1201.50 1195.50 1200.00 661400
20040618 1191.75 1226.25 1191.75 1206.00 848500
20040621 1209.00 1218.00 1204.50 1210.50 722600
20040622 1214.25 1216.50 1203.00 1207.50 667400
20040623 1245.00 1245.00 1195.50 1200.75 1212000
20040624 1198.50 1198.50 1185.75 1189.50 889500
20040625 1185.00 1201.50 1185.00 1197.75 674300
20040628 1196.25 1215.00 1192.50 1201.50 795300
20040629 1206.75 1206.75 1200.00 1200.75 306700
20040630 1206.75 1206.75 1194.00 1194.00 812600
20040701 1197.00 1203.75 1185.00 1189.50 987700
20040702 1179.00 1197.00 1179.00 1194.00 767500
20040705 1191.00 1203.00 1185.75 1191.75 873400
20040706 1194.00 1202.25 1188.00 1200.75 994000
20040707 1202.25 1206.00 1179.75 1197.75 703300
20040708 1200.00 1211.25 1206.00 1209.00 723500
20040709 1209.75 1221.75 1204.50 1221.75 545600
20040712 1210.50 1224.75 1203.00 1218.00 657400
20040713 1223.25 1230.00 1216.50 1224.75 744500
20040714 1227.00 1227.75 1204.50 1225.50 446300
20040715 1216.50 1227.00 1215.75 1222.50 374300
20040716 1215.00 1227.75 1215.00 1227.75 417600
20040719 1230.75 1230.75 1219.50 1224.75 628000
20040720 1220.25 1230.00 1203.00 1224.00 470000
20040721 1228.50 1228.50 1207.50 1209.75 862900
20040722 1203.75 1208.25 1194.00 1194.00 542700
20040723 1203.75 1203.75 1184.25 1190.25 829300
20040726 1180.50 1195.50 1174.50 1180.50 647500
20040727 1186.50 1203.00 1182.00 1200.75 594800
20040728 1207.50 1207.50 1188.75 1192.50 503000
20040729 1197.75 1200.00 1167.00 1191.00 758000
20040730 1191.00 1202.25 1185.00 1195.50 628500
20040802 1203.00 1203.00 1180.50 1183.50 1006900
20040803 1198.50 1200.00 1184.25 1197.00 996900
20040804 1167.75 1202.25 1167.75 1194.00 697600
20040805 1188.00 1227.00 1188.00 1217.25 1637400
20040806 1209.00 1219.50 1156.50 1218.00 1060000
20040809 1221.00 1228.50 1211.25 1223.25 1493400
20040810 1200.75 1240.50 1200.75 1240.50 1008800
20040811 1233.00 1254.75 1202.25 1245.00 1039100
20040812 1267.50 1294.50 1234.50 1282.50 2174400
20040813 1281.75 1281.75 1256.25 1260.75 1329100
20040816 1252.50 1273.50 1251.75 1262.25 625200
20040817 1275.00 1275.00 1256.25 1263.75 742100
20040818 1266.75 1268.25 1261.50 1266.00 925000
20040819 1275.00 1275.00 1253.25 1259.25 813300
20040820 1263.00 1263.00 1253.25 1262.25 811100
20040823 1275.00 1275.00 1253.25 1265.25 674000
20040824 1265.25 1272.00 1257.00 1269.75 480000
20040825 1281.00 1282.50 1256.25 1281.00 1104300
20040826 1290.00 1290.00 1261.50 1278.75 551100
20040827 1282.50 1304.25 1276.50 1299.75 545300
20040830 1299.75 1299.75 1299.75 1299.75 0
20040831 1303.50 1303.50 1275.75 1299.00 808900
20040901 1320.00 1320.00 1293.00 1306.50 799900
20040902 1314.00 1314.00 1300.50 1306.50 896000
20040903 1312.50 1312.50 1287.00 1301.25 822300
20040906 1301.25 1301.25 1290.75 1292.25 715200
20040907 1296.75 1296.75 1268.25 1276.50 1073200
20040908 1273.50 1283.25 1269.75 1275.75 749600
20040909 1279.50 1288.50 1272.00 1288.50 1028400
20040910 1278.75 1299.75 1264.50 1264.50 1104500
20040913 1269.00 1296.75 1268.25 1271.25 979400
20040914 1270.50 1278.75 1264.50 1272.00 486600
20040915 1276.50 1278.75 1264.50 1267.50 402400
20040916 1272.00 1273.50 1238.25 1266.75 802100
20040917 1266.00 1278.00 1250.25 1272.00 604700
20040920 1278.00 1278.00 1264.50 1273.50 560600
20040921 1268.25 1277.25 1264.50 1274.25 469200
20040922 1279.50 1279.50 1269.00 1273.50 442000
20040923 1277.25 1288.50 1269.00 1283.25 773600
20040924 1287.00 1302.75 1282.50 1302.75 1000600
20040927 1290.00 1311.75 1289.25 1300.50 736000
20040928 1302.75 1314.00 1277.25 1311.75 510000
20040929 1306.50 1332.75 1306.50 1332.00 879700
20040930 1332.00 1338.00 1313.25 1317.00 936200
20041001 1325.25 1338.75 1317.00 1332.75 1000400
20041004 1323.00 1341.75 1317.75 1321.50 757200
20041005 1327.50 1334.25 1320.00 1326.75 770500
20041006 1331.25 1362.75 1324.50 1335.00 921300
20041007 1334.25 1393.50 1323.75 1341.00 768900
20041008 1342.50 1349.25 1338.00 1339.50 425400
20041011 1350.00 1350.00 1330.50 1340.25 426300
20041012 1335.75 1344.00 1330.50 1344.00 398500
20041013 1324.50 1380.00 1324.50 1353.00 651100
20041014 1354.50 1354.50 1341.00 1346.25 325800
20041015 1350.00 1351.50 1343.25 1348.50 434800
20041018 1352.25 1365.75 1347.00 1359.00 653300
20041019 1365.00 1389.00 1359.00 1383.75 893100
20041020 1380.00 1388.25 1374.00 1379.25 408500
20041021 1385.25 1386.00 1355.25 1356.75 1536500
20041022 1363.50 1371.00 1353.75 1359.75 424600
20041025 1363.50 1370.25 1344.75 1353.75 298000
20041026 1361.25 1362.00 1344.00 1352.25 697500
20041027 1362.00 1381.50 1346.25 1380.75 527900
20041028 1386.00 1392.00 1377.00 1389.00 726900
20041029 1395.00 1395.00 1338.00 1373.25 526000
20041101 1368.75 1402.50 1368.75 1394.25 380600
20041102 1395.75 1395.75 1383.75 1389.75 326100
20041103 1394.25 1400.25 1366.50 1392.00 413400
20041104 1393.50 1400.25 1382.25 1396.50 353100
20041105 1407.00 1415.25 1370.25 1372.50 621800
20041108 1383.75 1383.75 1368.00 1377.00 547800
20041109 1380.00 1389.00 1371.00 1374.75 474800
20041110 1372.50 1372.50 1345.50 1353.75 821200
20041111 1357.50 1364.25 1338.75 1348.50 358000
20041112 1351.50 1351.50 1315.50 1327.50 1001500
20041115 1332.00 1332.00 1314.75 1317.75 649800
20041116 1319.25 1320.00 1306.50 1308.75 861900
20041117 1317.00 1319.25 1312.50 1314.00 998900
20041118 1319.25 1326.75 1309.50 1320.75 638500
20041119 1324.50 1329.00 1316.25 1322.25 551300
20041122 1297.50 1327.50 1284.75 1327.50 946800
20041123 1332.00 1341.00 1327.50 1334.25 1002900
20041124 1335.00 1338.00 1328.25 1333.50 401000
20041125 1337.25 1346.25 1330.50 1344.00 444400
20041126 1343.25 1343.25 1336.50 1340.25 416600
20041129 1347.00 1347.00 1299.75 1332.75 588300
20041130 1341.75 1356.00 1330.50 1334.25 623600
20041201 1335.75 1359.75 1335.75 1356.75 1374000
20041202 1368.75 1421.25 1368.75 1414.50 1921300
20041203 1407.75 1419.00 1401.00 1404.75 950000
20041206 1410.00 1410.00 1399.50 1407.00 549700
20041207 1411.50 1422.00 1401.00 1410.75 936500
20041208 1405.50 1435.50 1404.75 1431.75 1041700
20041209 1438.50 1446.00 1415.25 1422.75 807800
20041210 1434.75 1441.50 1425.00 1429.50 865100
20041213 1427.25 1440.75 1427.25 1440.75 527200
20041214 1446.00 1446.00 1429.50 1429.50 789200
20041215 1395.75 1420.50 1395.00 1419.00 952800
20041216 1426.50 1428.75 1412.25 1416.00 803900
20041217 1423.50 1423.50 1384.50 1398.75 969900
20041220 1404.00 1431.75 1401.75 1430.25 541000
20041221 1435.50 1439.25 1422.00 1435.50 681800
20041222 1440.00 1440.75 1410.75 1438.50 448900
20041223 1432.50 1441.50 1430.25 1437.00 275900
20041224 1437.00 1447.50 1437.00 1447.50 69100
20041227 1447.50 1447.50 1447.50 1447.50 0
20041228 1447.50 1447.50 1447.50 1447.50 0
20041229 1455.00 1457.25 1440.75 1448.25 293500
20041230 1452.00 1458.00 1440.00 1455.75 277600
20041231 1461.00 1461.00 1446.75 1450.50 36400
20050103 1450.50 1450.50 1450.50 1450.50 0
20050104 1460.25 1470.00 1453.50 1465.50 725700
20050105 1465.50 1473.75 1446.00 1467.75 527400
20050106 1471.50 1471.50 1446.00 1451.25 636400
20050107 1446.75 1458.75 1430.25 1434.00 800300
20050110 1435.50 1419.00 1414.50 1418.25 902100
20050111 1422.00 1422.00 1395.00 1404.00 1127200
20050112 1401.00 1426.50 1389.00 1419.75 1117100
20050113 1416.75 1424.25 1410.75 1417.50 789600
20050114 1412.25 1423.50 1410.75 1421.25 508400
20050117 1416.00 1416.00 1396.50 1416.00 495700
20050118 1419.00 1419.00 1380.00 1404.00 837900
20050119 1411.50 1434.75 1404.00 1416.75 594800
20050120 1417.50 1427.25 1416.00 1420.50 910800
20050121 1425.00 1425.00 1410.00 1419.75 653400
20050124 1417.50 1417.50 1398.75 1408.50 644500
20050125 1412.25 1422.75 1403.25 1417.50 677500
20050126 1421.25 1423.50 1394.25 1401.00 719600
20050127 1422.75 1422.75 1380.75 1386.00 612900
20050128 1390.50 1399.50 1379.25 1383.75 615700
20050131 1384.50 1396.50 1381.50 1383.00 541100
20050201 1390.50 1399.50 1382.25 1396.50 1172400
20050202 1394.25 1410.00 1389.00 1407.00 731000
20050203 1410.00 1420.50 1392.75 1404.00 716200
20050204 1401.75 1430.25 1394.25 1420.50 733800
20050207 1425.00 1425.00 1410.00 1419.75 578800
20050208 1417.50 1422.00 1408.50 1419.75 643700
20050209 1416.00 1434.75 1416.00 1430.25 578300
20050210 1419.75 1428.00 1407.00 1422.75 515100
20050211 1425.00 1436.25 1416.75 1434.75 410000
20050214 1437.00 1440.00 1425.75 1434.00 443600
20050215 1436.25 1440.00 1431.00 1438.50 530300
20050216 1444.50 1449.75 1425.00 1443.75 870100
20050217 1449.75 1449.75 1426.50 1431.75 793200
20050218 1434.75 1434.75 1407.75 1413.00 758200
20050221 1419.00 1419.75 1362.75 1368.75 1188000
20050222 1375.50 1386.00 1347.00 1377.75 1079200
20050223 1378.50 1398.75 1370.25 1373.25 1454500
20050224 1381.50 1383.00 1363.50 1371.00 721000
20050225 1380.00 1380.75 1367.25 1374.00 960900
20050228 1374.00 1387.50 1362.00 1368.75 651300
20050301 1373.25 1383.75 1349.25 1376.25 426400
20050302 1382.25 1382.25 1332.75 1347.00 1393600
20050303 1351.50 1351.50 1321.50 1328.25 945300
20050304 1331.25 1361.25 1322.25 1356.00 949800
20050307 1353.75 1375.50 1353.75 1363.50 723300
20050308 1370.25 1370.25 1337.25 1351.50 860800
20050309 1351.50 1353.75 1329.75 1335.75 950200
20050310 1336.50 1346.25 1323.00 1337.25 553700
20050311 1346.25 1346.25 1327.50 1329.75 605600
20050314 1335.00 1339.50 1326.75 1330.50 368500
20050315 1323.75 1344.00 1323.75 1340.25 677500
20050316 1341.00 1342.50 1330.50 1335.00 558300
20050317 1327.50 1343.25 1327.50 1332.75 1262900
20050318 1335.00 1344.75 1327.50 1332.00 1520700
20050321 1337.25 1359.75 1330.50 1357.50 990300
20050322 1356.75 1392.75 1353.00 1386.75 1954100
20050323 1378.50 1383.75 1371.00 1376.25 1012500
20050324 1382.25 1394.25 1371.00 1389.00 736000
20050325 1389.00 1389.00 1389.00 1389.00 0
20050328 1389.00 1389.00 1389.00 1389.00 0
20050329 1396.50 1396.50 1373.25 1378.50 894100
20050330 1367.25 1380.00 1367.25 1372.50 897800
20050331 1385.25 1392.00 1372.50 1372.50 770300
20050401 1365.00 1406.25 1361.25 1376.25 562000
20050404 1377.75 1377.75 1355.25 1374.75 491500
20050405 1380.00 1398.00 1371.75 1395.75 529300
20050406 1389.75 1418.25 1389.75 1411.50 668800
20050407 1416.00 1407.00 1399.50 1412.25 656500
20050408 1419.00 1419.00 1394.25 1413.75 602800
20050411 1416.75 1416.75 1398.75 1401.75 469300
20050412 1395.75 1407.00 1392.00 1398.00 491700
20050413 1401.00 1416.00 1400.25 1403.25 463300
20050414 1402.50 1413.00 1396.50 1409.25 649900
20050415 1403.25 1434.00 1403.25 1423.50 1297400
20050418 1398.75 1409.25 1384.50 1390.50 1041600
20050419 1389.75 1394.25 1379.25 1392.75 484800
20050420 1390.50 1392.75 1380.00 1382.25 756700
20050421 1378.50 1407.00 1378.50 1389.75 548700
20050422 1405.50 1411.50 1392.00 1407.75 428800
20050425 1404.00 1420.50 1395.00 1418.25 553600
20050426 1424.25 1424.25 1400.25 1411.50 650900
20050427 1407.75 1428.00 1401.75 1426.50 1109900
20050428 1425.75 1443.00 1420.50 1438.50 679900
20050429 1431.00 1459.50 1431.00 1453.50 1207600
20050502 1453.50 1453.50 1453.50 1453.50 0
20050503 1465.50 1465.50 1448.25 1458.75 1005300
20050504 1465.50 1465.50 1446.00 1458.00 865400
20050505 1456.50 1482.00 1456.50 1479.75 922200
20050506 1482.75 1482.75 1469.25 1474.50 550500
20050509 1473.00 1474.50 1458.75 1462.50 606000
20050510 1464.00 1466.25 1449.00 1461.75 608700
20050511 1465.50 1479.75 1463.25 1465.50 616200
20050512 1473.75 1475.25 1453.50 1457.25 472700
20050513 1447.50 1485.00 1447.50 1483.50 568800
20050516 1487.25 1487.25 1470.00 1471.50 330300
20050517 1471.50 1474.50 1467.00 1474.50 674000
20050518 1483.50 1485.00 1467.75 1480.50 743600
20050519 1484.25 1530.00 1477.50 1504.50 1475400
20050520 1512.75 1512.75 1485.00 1500.75 476700
20050523 1492.50 1527.75 1485.75 1502.25 850700
20050524 1495.50 1515.00 1495.50 1515.00 949900
20050525 1521.75 1521.75 1505.25 1519.50 283000
20050526 1515.00 1549.50 1513.50 1545.00 957600
20050527 1536.75 1548.00 1521.75 1534.50 756600
20050530 1534.50 1534.50 1534.50 1534.50 0
20050531 1526.25 1532.25 1500.00 1517.25 1376900
20050601 1516.50 1521.00 1504.50 1519.50 761200
20050602 1516.50 1521.75 1509.00 1515.00 457500
20050603 1515.00 1515.00 1515.00 1515.00 0
20050606 1516.50 1543.50 1506.75 1513.50 413800
20050607 1513.50 1515.00 1476.75 1503.75 1273800
20050608 1492.50 1524.00 1491.00 1513.50 1258600
20050609 1518.00 1545.00 1518.00 1535.25 1015600
20050610 1535.25 1590.00 1529.25 1541.25 884200
20050613 1531.50 1568.25 1531.50 1568.25 831400
20050614 1560.75 1596.00 1560.00 1587.00 927500
20050615 1583.25 1600.50 1536.00 1542.00 883900
20050616 1543.50 1568.25 1527.00 1536.75 986500
20050617 1531.50 1572.00 1523.25 1536.00 1275000
20050620 1540.50 1555.50 1522.50 1551.00 1358800
20050621 1548.00 1557.00 1539.00 1549.50 589100
20050622 1518.00 1518.00 1494.00 1497.00 766600
20050623 1507.50 1539.00 1494.00 1507.50 782100
20050624 1504.50 1509.00 1495.50 1500.00 430300
20050627 1485.00 1503.00 1485.00 1486.50 545400
20050628 1494.00 1516.50 1491.00 1510.50 991500
20050629 1506.00 1530.00 1503.00 1512.00 669100
20050630 1507.50 1525.50 1498.50 1525.50 610800
20050701 1533.00 1570.50 1515.00 1545.00 1253000
20050704 1534.50 1549.50 1518.00 1527.00 1082200
20050705 1533.00 1533.00 1504.50 1515.00 654900
20050706 1513.50 1521.00 1489.50 1495.50 1217000
20050707 1500.00 1500.00 1419.00 1468.50 1882900
20050708 1485.00 1495.50 1459.50 1467.00 1024000
20050711 1480.50 1483.50 1467.00 1474.50 876700
20050712 1482.00 1485.00 1471.50 1477.50 1018500
20050713 1479.00 1482.00 1453.50 1459.50 1113200
20050714 1470.00 1470.00 1422.00 1429.50 4014100
20050715 1426.50 1456.50 1426.50 1449.00 3000300
20050718 1453.50 1471.50 1438.50 1441.50 1309400
20050719 1452.00 1452.00 1431.00 1437.00 1556200
20050720 1435.50 1459.50 1435.50 1455.00 1470500
20050721 1468.50 1471.50 1435.50 1459.50 2775700
20050722 1465.50 1465.50 1429.50 1458.00 1851100
20050725 1452.00 1474.50 1452.00 1467.00 1434200
20050726 1465.50 1479.00 1458.00 1462.50 1640400
20050727 1471.50 1483.50 1464.00 1465.50 1712400
20050728 1470.00 1473.00 1450.50 1464.00 1739900
20050729 1464.00 1479.00 1459.50 1467.00 655100
20050801 1465.50 1477.50 1455.00 1458.00 1029600
20050802 1456.50 1467.00 1452.00 1456.50 1036700
20050803 1462.50 1473.00 1456.50 1462.50 978500
20050804 1467.00 1474.50 1462.50 1471.50 3778400
20050805 1465.50 1483.50 1465.50 1473.00 5513400
20050808 1470.00 1480.50 1462.50 1470.00 777800
20050809 1465.50 1473.00 1422.00 1434.00 3968200
20050810 1428.00 1462.50 1428.00 1452.00 1619700
20050811 1444.50 1449.00 1437.00 1437.00 577400
20050812 1446.00 1446.00 1434.00 1437.00 817200
20050815 1432.50 1437.00 1425.00 1426.50 779400
20050816 1431.00 1440.00 1422.00 1425.00 1581900
20050817 1417.50 1425.00 1408.50 1414.50 962800
20050818 1420.50 1440.00 1420.50 1432.50 1779400
20050819 1435.50 1438.50 1426.50 1438.50 856400
20050822 1437.00 1440.00 1429.50 1434.00 513200
20050823 1434.00 1443.00 1432.50 1437.00 770500
20050824 1432.50 1453.50 1432.50 1444.50 3613100
20050825 1438.50 1449.00 1435.50 1444.50 756400
20050826 1447.50 1480.50 1447.50 1452.00 2329300
20050829 1452.00 1452.00 1452.00 1452.00 0
20050830 1465.50 1468.50 1449.00 1450.50 729100
20050831 1450.50 1459.50 1444.50 1459.50 775500
20050901 1462.50 1476.00 1461.00 1470.00 2965100
20050902 1464.00 1497.00 1464.00 1492.50 3135800
20050905 1500.00 1527.00 1495.50 1525.50 1171700
20050906 1536.00 1549.50 1522.50 1548.00 1849900
20050907 1548.00 1554.00 1522.50 1534.50 1519800
20050908 1528.50 1539.00 1515.00 1516.50 1022400
20050909 1515.00 1537.50 1515.00 1536.00 568700
20050912 1536.00 1548.00 1519.50 1519.50 712500
20050913 1515.00 1534.50 1515.00 1528.50 778200
20050914 1534.50 1536.00 1510.50 1518.00 1181200
20050915 1513.50 1522.50 1492.50 1506.00 1934200
20050916 1501.50 1537.50 1489.50 1519.50 1253300
20050919 1506.00 1530.00 1506.00 1528.50 638300
20050920 1527.00 1534.50 1509.00 1522.50 611500
20050921 1513.50 1546.50 1503.00 1506.00 1077400
20050922 1507.50 1519.50 1494.00 1516.50 942500
20050923 1527.00 1527.00 1500.00 1515.00 1195700
20050926 1531.50 1531.50 1500.00 1504.50 993900
20050927 1495.50 1504.50 1492.50 1504.50 1115700
20050928 1506.00 1509.00 1485.00 1497.00 1559500
20050929 1500.00 1506.00 1485.00 1486.50 833000
20050930 1492.50 1500.00 1482.00 1486.50 1429400
20051003 1488.00 1504.50 1480.50 1504.50 705000
20051004 1500.00 1524.00 1492.50 1524.00 893100
20051005 1518.00 1528.50 1506.00 1524.00 1330300
20051006 1504.50 1516.50 1480.50 1480.50 2022400
20051007 1473.00 1531.50 1473.00 1492.50 1192300
20051010 1489.50 1509.00 1482.00 1500.00 955300
20051011 1497.00 1497.00 1477.50 1482.00 1028000
20051012 1474.50 1480.50 1458.00 1468.50 1357600
20051013 1462.50 1462.50 1441.50 1453.50 1358200
20051014 1450.50 1474.50 1426.50 1434.00 1999100
20051017 1435.50 1458.00 1431.00 1455.00 1477700
20051018 1450.50 1455.00 1438.50 1447.50 661700
20051019 1441.50 1446.00 1425.00 1434.00 1729500
20051020 1455.00 1461.00 1422.00 1426.50 829600
20051021 1426.50 1432.50 1408.50 1414.50 1169100
20051024 1423.50 1444.50 1419.00 1435.50 550800
20051025 1450.50 1450.50 1425.00 1435.50 959800
20051026 1459.50 1459.50 1411.50 1414.50 1863500
20051027 1408.50 1428.00 1389.00 1422.00 2334800
20051028 1420.50 1443.00 1414.50 1440.00 1543500
20051031 1447.50 1461.00 1422.00 1435.50 2879700
20051101 1429.50 1440.00 1420.50 1438.50 1426600
20051102 1432.50 1440.00 1404.00 1438.50 1456100
20051103 1438.50 1461.00 1431.00 1461.00 1520700
20051104 1455.00 1459.50 1440.00 1447.50 970900
20051107 1456.50 1500.00 1447.50 1479.00 1704900
20051108 1485.00 1485.00 1455.00 1465.50 1560700
20051109 1476.00 1476.00 1459.50 1465.50 1596200
20051110 1470.00 1486.50 1465.50 1482.00 1593800
20051111 1489.50 1512.00 1489.50 1512.00 1740900
20051114 1507.50 1518.00 1489.50 1500.00 1711200
20051115 1503.00 1513.50 1489.50 1501.50 2006400
20051116 1506.00 1510.50 1488.00 1510.50 1325100
20051117 1500.00 1531.50 1500.00 1518.00 1045300
20051118 1521.00 1533.00 1495.50 1503.00 1383700
20051121 1510.50 1530.00 1507.50 1519.50 726500
20051122 1518.00 1530.00 1507.50 1530.00 531800
20051123 1536.00 1542.00 1522.50 1540.50 930600
20051124 1536.00 1540.50 1522.50 1537.50 861500
20051125 1533.00 1545.00 1533.00 1542.00 758600
20051128 1542.00 1552.50 1524.00 1530.00 694400
20051129 1534.50 1537.50 1512.00 1516.50 892900
20051130 1509.00 1530.00 1506.00 1506.00 1398100
20051201 1512.00 1527.00 1509.00 1524.00 976000
20051202 1527.00 1527.00 1503.00 1521.00 1142300
20051205 1524.00 1546.50 1521.00 1528.50 874900
20051206 1540.50 1560.00 1530.00 1557.00 1499200
20051207 1561.50 1573.50 1548.00 1563.00 1648100
20051208 1563.00 1593.00 1555.50 1584.00 3083500
20051209 1588.50 1588.50 1566.00 1567.50 2661400
20051212 1563.00 1596.00 1563.00 1588.50 1999300
20051213 1588.50 1615.50 1573.50 1612.50 1894400
20051214 1591.50 1591.50 1549.50 1557.00 2812300
20051215 1554.00 1563.00 1530.00 1542.00 2404100
20051216 1537.50 1560.00 1525.50 1558.50 2458300
20051219 1560.00 1561.50 1542.00 1552.50 981200
20051220 1551.00 1584.00 1545.00 1579.50 1454400
20051221 1581.00 1593.00 1569.00 1587.00 892200
20051222 1582.50 1611.00 1582.50 1609.50 1833200
20051223 1606.50 1612.50 1599.00 1599.00 221400
20051226 1599.00 1599.00 1599.00 1599.00 0
20051227 1599.00 1599.00 1599.00 1599.00 0
20051228 1611.00 1630.50 1611.00 1629.00 683300
20051229 1624.50 1627.50 1612.50 1618.50 335300
20051230 1590.00 1636.50 1590.00 1626.00 504400
20060102 1626.00 1626.00 1626.00 1626.00 0
20060103 1623.00 1636.50 1618.50 1627.50 777000
20060104 1635.00 1641.00 1618.50 1627.50 966500
20060105 1624.50 1624.50 1590.00 1594.50 2287900
20060106 1590.00 1603.50 1588.50 1603.50 1772400
20060109 1600.50 1611.00 1587.00 1590.00 1943000
20060110 1590.00 1611.00 1584.00 1603.50 2798700
20060111 1615.50 1645.50 1608.00 1645.50 2081700
20060112 1639.50 1662.00 1615.50 1621.50 1199600
20060113 1629.00 1633.50 1618.50 1629.00 677800
20060116 1621.50 1668.00 1621.50 1660.50 1743500
20060117 1644.00 1683.00 1644.00 1665.00 2024300
20060118 1654.50 1696.50 1642.50 1690.50 2025700
20060119 1692.00 1701.00 1666.50 1687.50 2451500
20060120 1683.00 1692.00 1660.50 1666.50 1086100
20060123 1650.00 1669.50 1647.00 1663.50 1218000
20060124 1663.50 1677.00 1650.00 1672.50 857100
20060125 1687.50 1687.50 1663.50 1681.50 558900
20060126 1692.00 1704.00 1681.50 1690.50 1846700
20060127 1708.50 1708.50 1677.00 1696.50 1351300
20060130 1687.50 1720.50 1687.50 1714.50 1753400
20060131 1695.00 1726.50 1695.00 1719.00 1100600
20060201 1714.50 1726.50 1707.00 1722.00 951800
20060202 1722.00 1753.50 1711.50 1738.50 2980900
20060203 1741.50 1761.00 1726.50 1737.00 1499800
20060206 1731.00 1761.00 1731.00 1758.00 1094500
20060207 1771.50 1786.50 1729.50 1738.50 3077000
20060208 1719.00 1788.00 1719.00 1774.50 1344700
20060209 1786.50 1786.50 1744.50 1753.50 2618900
20060210 1747.50 1755.00 1726.50 1749.00 1536600
20060213 1758.00 1758.00 1732.50 1758.00 1625100
20060214 1758.00 1759.50 1743.00 1750.50 2519800
20060215 1758.00 1762.50 1726.50 1740.00 1949900
20060216 1749.00 1759.50 1725.00 1755.00 1009300
20060217 1752.00 1764.00 1738.50 1762.50 826100
20060220 1620.00 1753.50 1620.00 1738.50 1198400
20060221 1749.00 1794.00 1740.00 1753.50 1101100
20060222 1747.50 1753.50 1723.50 1740.00 2064000
20060223 1747.50 1749.00 1723.50 1738.50 1920600
20060224 1749.00 1767.00 1735.50 1753.50 1049800
20060227 1767.00 1809.00 1753.50 1773.00 842000
20060228 1764.00 1767.00 1720.50 1731.00 1219700
20060301 1716.00 1740.00 1716.00 1737.00 814500
20060302 1726.50 1749.00 1719.00 1735.50 943200
20060303 1725.00 1735.50 1710.00 1720.50 1806300
20060306 1705.50 1741.50 1704.00 1740.00 685100
20060307 1725.00 1740.00 1672.50 1734.00 2485700
20060308 1726.50 1737.00 1695.00 1698.00 1001300
20060309 1701.00 1704.00 1668.00 1675.50 1652700
20060310 1668.00 1744.50 1668.00 1699.50 1924700
20060313 1701.00 1723.50 1689.00 1723.50 1284400
20060314 1714.50 1744.50 1714.50 1734.00 1532200
20060315 1731.00 1746.00 1704.00 1729.50 1176100
20060316 1726.50 1735.50 1714.50 1729.50 1100500
20060317 1729.50 1761.00 1723.50 1744.50 1227100
20060320 1761.00 1761.00 1731.00 1752.00 1178700
20060321 1746.00 1758.00 1723.50 1753.50 714000
20060322 1744.50 1753.50 1728.00 1732.50 710900
20060323 1740.00 1770.00 1704.00 1737.00 1467400
20060324 1737.00 1744.50 1717.50 1743.00 631200
20060327 1734.00 1755.00 1726.50 1738.50 1334900
20060328 1738.50 1762.50 1711.50 1717.50 1514000
20060329 1723.50 1732.50 1704.00 1726.50 1089400
20060330 1723.50 1737.00 1695.00 1717.50 1708800
20060331 1707.00 1713.00 1669.50 1675.50 2933500
20060403 1680.00 1693.50 1654.50 1689.00 2055700
20060404 1762.50 1830.00 1725.00 1795.50 4547000
20060405 1815.00 1836.00 1771.50 1786.50 3148100
20060406 1797.00 1797.00 1768.50 1780.50 1741000
20060407 1786.50 1815.00 1731.00 1749.00 2665100
20060410 1740.00 1755.00 1729.50 1741.50 2190800
20060411 1735.50 1755.00 1729.50 1734.00 1456300
20060412 1723.50 1731.00 1699.50 1710.00 1844600
20060413 1702.50 1716.00 1702.50 1711.50 1642100
20060414 1711.50 1711.50 1711.50 1711.50 0
20060417 1711.50 1711.50 1711.50 1711.50 0
20060418 1707.00 1725.00 1707.00 1714.50 1485600
20060419 1732.50 1755.00 1731.00 1743.00 1623400
20060420 1738.50 1776.00 1737.00 1773.00 1743500
20060421 1780.50 1804.50 1767.00 1770.00 2152500
20060424 1762.50 1770.00 1747.50 1764.00 771400
20060425 1779.00 1804.50 1758.00 1777.50 1416600
20060426 1780.50 1809.00 1762.50 1768.50 1186400
20060427 1764.00 1770.00 1734.00 1738.50 1569400
20060428 1734.00 1753.50 1731.00 1735.50 2259200
20060501 1735.50 1735.50 1735.50 1735.50 0
20060502 1740.00 1758.00 1723.50 1741.50 1189700
20060503 1737.00 1785.00 1737.00 1773.00 2707100
20060504 1768.50 1777.50 1756.50 1771.50 1366900
20060505 1767.00 1782.00 1761.00 1777.50 1142200
20060508 1785.00 1792.50 1777.50 1788.00 1251800
20060509 1780.50 1798.50 1779.00 1788.00 2414500
20060510 1783.50 1789.50 1771.50 1785.00 4139700
20060511 1779.00 1786.50 1765.50 1770.00 2180300
20060512 1759.50 1773.00 1728.00 1731.00 1164700
20060515 1722.00 1750.89 1671.17 1738.50 1605700
20060516 1734.00 1764.34 1723.76 1753.50 1820800
20060517 1749.00 1761.00 1677.00 1687.50 1629800
20060518 1684.50 1699.89 1637.54 1672.50 3221400
20060519 1660.50 1684.50 1653.00 1675.50 1623700
20060522 1675.50 1689.00 1650.00 1659.00 1705700
20060523 1678.50 1696.50 1656.00 1687.50 1980100
20060524 1672.50 1684.50 1651.50 1662.00 1276900
20060525 1653.00 1698.46 1642.26 1692.00 1547000
20060526 1713.00 1740.00 1669.50 1738.50 1612500
20060529 1738.50 1738.50 1738.50 1738.50 0
20060530 1725.00 1736.08 1679.19 1680.00 1493800
20060531 1659.00 1699.50 1641.00 1689.00 1309000
20060601 1669.50 1728.00 1669.50 1728.00 1795600
20060602 1740.00 1740.75 1710.03 1732.50 1800500
20060605 1732.50 1738.50 1707.00 1735.50 1944200
20060606 1735.50 1831.50 1731.17 1803.00 6148700
20060607 1818.00 1853.95 1794.30 1845.00 3813800
20060608 1803.00 1827.92 1779.00 1779.00 4011600
20060609 1792.50 1797.00 1776.00 1783.50 1683800
20060612 1782.00 1782.00 1749.00 1765.50 920100
20060613 1734.00 1753.88 1740.38 1750.50 2353800
20060614 1759.50 1839.84 1704.00 1741.50 1484900
20060615 1744.50 1797.00 1714.50 1785.00 3271900
20060616 1800.00 1809.45 1765.67 1770.00 1923500
20060619 1776.00 1789.12 1764.17 1767.00 2256500
20060620 1759.50 1766.83 1741.50 1765.50 1886200
20060621 1765.50 1789.50 1753.50 1785.00 1805200
20060622 1807.50 1804.65 1768.67 1783.50 1279300
20060623 1776.00 1800.00 1774.12 1786.50 1194300
20060626 1783.50 1783.33 1749.75 1774.50 2566900
20060627 1777.50 1777.67 1752.00 1758.00 1154600
20060628 1717.50 1761.26 1702.50 1702.50 2036700
20060629 1708.50 1737.00 1704.00 1734.00 1472200
20060630 1752.00 1773.00 1740.00 1755.00 1220000
20060703 1759.50 1768.50 1743.00 1765.50 1209800
20060704 1773.00 1794.00 1764.00 1792.50 1247000
20060705 1780.50 1795.50 1779.00 1791.00 1410500
20060706 1789.50 1807.50 1788.00 1803.00 707200
20060707 1792.50 1822.50 1785.00 1816.50 1143000
20060710 1807.50 1825.50 1794.00 1809.00 977200
20060711 1807.50 1822.50 1794.00 1803.00 906800
20060712 1810.50 1819.50 1795.50 1804.50 562900
20060713 1801.50 1819.50 1783.50 1791.00 1131000
20060714 1759.50 1803.00 1759.50 1777.50 1460500
20060717 1777.50 1804.50 1761.00 1791.00 1511700
20060718 1800.00 1845.00 1800.00 1831.50 3261100
20060719 1833.00 1854.00 1810.50 1848.00 1529700
20060720 1848.00 1864.50 1827.00 1836.00 774100
20060721 1834.50 1855.50 1831.50 1848.00 1023300
20060724 1854.00 1879.50 1845.00 1875.00 1754200
20060725 1872.00 1882.50 1863.00 1876.50 1118500
20060726 1873.50 1918.50 1873.50 1900.50 2062000
20060727 1902.00 1924.50 1885.50 1917.00 866200
20060728 1917.00 1917.00 1887.00 1909.50 1268300
20060731 1987.50 2029.50 1911.00 1947.00 3258700
20060801 1939.50 1942.50 1894.50 1903.50 1218200
20060802 1920.00 1941.00 1914.00 1941.00 901400
20060803 1941.00 1941.00 1941.00 1941.00 0
20060804 1894.50 1921.50 1872.00 1915.50 833300
20060807 1891.50 1927.50 1885.50 1914.00 1025700
20060808 1924.50 1932.00 1873.50 1881.00 1403100
20060809 1882.50 1915.50 1852.50 1905.00 2338300
20060810 1890.00 1920.00 1875.00 1912.50 879300
20060811 1908.00 1920.00 1900.50 1917.00 877400
20060814 1939.50 1953.00 1921.50 1950.00 689600
20060815 1942.50 1984.50 1938.00 1980.00 1390100
20060816 1974.00 1974.00 1938.00 1960.50 1114900
20060817 1957.50 1957.50 1926.00 1935.00 923200
20060818 1942.50 1950.00 1924.50 1929.00 730900
20060821 1926.00 1926.00 1903.50 1917.00 1492900
20060822 1915.50 1920.00 1887.00 1906.50 1695200
20060823 1915.50 1915.50 1893.00 1906.50 739400
20060824 1902.00 1938.00 1893.00 1932.00 845000
20060825 1926.00 1930.50 1915.50 1924.50 702700
20060828 1924.50 1924.50 1924.50 1924.50 0
20060829 1933.50 1959.00 1930.50 1951.50 1139200
20060830 1950.00 1959.00 1945.50 1956.00 610600
20060831 1956.00 1978.50 1945.50 1972.50 1450900
20060901 1969.50 2007.00 1969.50 1990.50 1249600
20060904 1987.50 2013.00 1986.00 1996.50 1106000
20060905 1984.50 1987.50 1954.50 1965.00 1491500
20060906 1975.50 1981.50 1947.00 1954.50 782300
20060907 1945.50 1954.50 1926.00 1944.00 557400
20060908 1944.00 1962.00 1944.00 1956.00 745400
20060911 1980.00 1980.00 1942.50 1951.50 445800
20060912 1945.50 1965.00 1935.00 1962.00 1625100
20060913 1980.00 1992.00 1959.00 1978.50 2304700
20060914 2005.50 2062.50 2001.00 2022.00 5380200
20060915 2029.50 2040.00 2002.50 2007.00 1755200
20060918 1999.50 2025.00 1984.50 2022.00 1036700
20060919 2016.00 2020.50 1992.00 2008.50 809300
20060920 2017.50 2026.50 2002.50 2025.00 1072800
20060921 2034.00 2034.00 2002.50 2010.00 1398000
20060922 2008.50 2008.50 1977.00 1978.50 1438300
20060925 1978.50 1996.50 1966.50 1978.50 1105000
20060926 1981.50 1992.00 1962.00 1984.50 1398200
20060927 1983.00 2011.50 1983.00 2004.00 1284600
20060928 2010.00 2023.50 1999.50 2008.50 7063000
20060929 2016.00 2029.50 1995.00 2004.00 2073600
20061002 2019.00 2070.00 2010.00 2044.50 2380600
20061003 2068.50 2068.50 2032.50 2046.00 1225300
20061004 2062.50 2074.50 2035.50 2059.50 2418900
20061005 2061.00 2086.50 2038.50 2076.00 7566300
20061006 2086.50 2187.00 2080.50 2125.50 5032400
20061009 1410.00 1490.00 1400.00 1482.00 3335700
20061010 1475.00 1499.00 1447.00 1464.00 4627100
20061011 1473.00 1485.00 1458.00 1479.00 3924500
20061012 1482.00 1525.00 1471.00 1480.00 4674500
20061013 1490.00 1490.00 1465.00 1477.00 1303900
20061016 1488.00 1490.00 1476.00 1480.00 1988600
20061017 1480.00 1480.00 1433.00 1437.00 3230100
20061018 1450.00 1467.00 1431.00 1462.00 2433400
20061019 1474.00 1474.00 1433.00 1441.00 1793800
20061020 1438.00 1460.00 1437.00 1459.00 1548300
20061023 1460.00 1460.00 1430.00 1440.00 1392700
20061024 1432.00 1451.00 1432.00 1445.00 1551200
20061025 1440.00 1460.00 1436.00 1455.00 1423600
20061026 1455.00 1460.00 1385.00 1430.00 2387400
20061027 1430.00 1448.00 1420.00 1435.00 1328100
20061030 1444.00 1444.00 1416.00 1419.00 1733800
20061031 1424.00 1424.00 1383.00 1396.00 6585800
20061101 1409.00 1423.00 1389.00 1413.00 15038500
20061102 1414.00 1419.00 1398.00 1411.00 4556900
20061103 1418.00 1426.00 1402.00 1404.00 1489500
20061106 1418.00 1418.00 1398.00 1416.00 3814500
20061107 1412.00 1422.00 1397.00 1400.00 2319100
20061108 1388.00 1440.00 1388.00 1431.00 2667300
20061109 1428.00 1445.00 1416.00 1427.00 1234600
20061110 1423.00 1435.00 1400.00 1423.00 2357500
20061113 1416.00 1440.00 1416.00 1438.00 1107100
20061114 1447.00 1447.00 1414.00 1415.00 1357100
20061115 1424.00 1441.00 1420.00 1433.00 1449900
20061116 1439.00 1448.00 1430.00 1439.00 1945400
20061117 1447.00 1450.00 1424.00 1428.00 1505300
20061120 1437.00 1456.00 1415.00 1447.00 1087500
20061121 1455.00 1473.00 1440.00 1462.00 2433900
20061122 1472.00 1479.00 1449.00 1455.00 2034500
20061123 1460.00 1462.00 1426.00 1451.00 994100
20061124 1456.00 1479.00 1436.00 1471.00 1671800
20061127 1478.00 1478.00 1448.00 1452.00 1260800
20061128 1452.00 1458.00 1433.00 1445.00 1686100
20061129 1444.00 1472.00 1440.00 1463.00 1195500
20061130 1457.00 1475.00 1454.00 1462.00 1567000
20061201 1474.00 1481.00 1452.00 1455.00 1408900
20061204 1470.00 1481.00 1463.00 1475.00 1607700
20061205 1489.00 1496.00 1465.00 1478.00 1185900
20061206 1474.00 1487.00 1464.00 1479.00 1556700
20061207 1475.00 1475.00 1424.00 1450.00 4065000
20061208 1454.00 1457.00 1431.00 1450.00 2252600
20061211 1451.00 1503.00 1451.00 1490.00 2696000
20061212 1496.00 1499.00 1469.00 1469.00 1895900
20061213 1459.00 1468.00 1445.00 1468.00 1906200
20061214 1479.00 1480.00 1462.00 1465.00 1838400
20061215 1474.00 1480.00 1456.00 1463.00 2888600
20061218 1465.00 1467.00 1449.00 1456.00 1294800
20061219 1456.00 1477.00 1452.00 1452.00 2156200
20061220 1466.00 1475.00 1449.00 1451.00 2019200
20061221 1453.00 1459.00 1444.00 1453.00 2687700
20061222 1461.00 1462.00 1446.00 1456.00 350400
20061225 1456.00 1456.00 1456.00 1456.00 0
20061226 1456.00 1456.00 1456.00 1456.00 0
20061227 1503.00 1503.00 1456.00 1469.00 774900
20061228 1482.00 1487.00 1468.00 1478.00 1785900
20061229 1488.00 1488.00 1465.00 1470.00 408700
20070101 1470.00 1470.00 1470.00 1470.00 0
20070102 1487.00 1498.00 1475.00 1493.00 2110600
20070103 1485.00 1502.00 1485.00 1492.00 1334700
20070104 1488.00 1495.00 1482.00 1485.00 1739300
20070105 1477.00 1481.00 1446.00 1447.00 1268000
20070108 1445.00 1457.00 1431.00 1438.00 1263000
20070109 1448.00 1448.00 1426.00 1428.00 1866400
20070110 1432.00 1432.00 1403.00 1407.00 2139400
20070111 1407.00 1414.00 1398.00 1407.00 4547000
20070112 1410.00 1420.00 1400.00 1415.00 2974000
20070115 1415.00 1426.00 1408.00 1420.00 1547500
20070116 1427.00 1435.00 1409.00 1412.00 1810700
20070117 1408.00 1416.00 1377.00 1388.00 3934800
20070118 1393.00 1405.00 1390.00 1405.00 3603000
20070119 1399.00 1408.00 1381.00 1389.00 3184700
20070122 1399.00 1405.00 1389.00 1397.00 1375700
20070123 1400.00 1403.00 1394.00 1396.00 1637000
20070124 1406.00 1423.00 1406.00 1422.00 1454300
20070125 1427.00 1434.00 1403.00 1403.00 1962300
20070126 1401.00 1403.00 1389.00 1397.00 1614200
20070129 1391.00 1406.00 1387.00 1406.00 1867000
20070130 1408.00 1414.00 1399.00 1404.00 1405400
20070131 1408.00 1425.00 1398.00 1415.00 3648900
20070201 1416.00 1437.00 1416.00 1435.00 2538100
20070202 1433.00 1461.00 1433.00 1459.00 3924000
20070205 1462.00 1466.00 1451.00 1461.00 2043400
20070206 1461.00 1484.00 1457.00 1470.00 3228500
20070207 1465.00 1475.00 1462.00 1464.00 1847200
20070208 1460.00 1469.00 1453.00 1469.00 1966800
20070209 1476.00 1482.00 1467.00 1469.00 1544100
20070212 1459.00 1470.00 1454.00 1466.00 1565000
20070213 1462.00 1471.00 1447.00 1458.00 2475100
20070214 1468.00 1472.00 1457.00 1469.00 2804800
20070215 1463.00 1469.00 1452.00 1461.00 1569300
20070216 1464.00 1471.00 1452.00 1452.00 832300
20070219 1460.00 1460.00 1447.00 1456.00 685500
20070220 1462.00 1462.00 1427.00 1435.00 4124900
20070221 1435.00 1442.00 1429.00 1432.00 2772400
20070222 1442.00 1449.00 1432.00 1439.00 1336700
20070223 1446.00 1447.00 1427.00 1439.00 1269700
20070226 1442.00 1459.00 1437.00 1449.00 1384600
20070227 1445.00 1445.00 1406.00 1415.00 3366700
20070228 1389.00 1412.00 1377.00 1381.00 3890300
20070301 1381.00 1400.00 1345.00 1362.00 3221900
20070302 1368.00 1394.00 1357.00 1389.00 3790400
20070305 1361.00 1387.00 1360.00 1372.00 2657100
20070306 1374.00 1381.00 1357.00 1375.00 2777700
20070307 1399.00 1420.00 1389.00 1403.00 3185900
20070308 1401.00 1432.00 1401.00 1429.00 1833600
20070309 1429.00 1434.00 1419.00 1425.00 1429100
20070312 1430.00 1435.00 1417.00 1420.00 798700
20070313 1412.00 1430.00 1399.00 1399.00 1320100
20070314 1386.00 1386.00 1360.00 1360.00 4314500
20070315 1373.00 1391.00 1361.00 1389.00 1338000
20070316 1379.00 1402.00 1379.00 1402.00 1289500
20070319 1413.00 1420.00 1399.00 1417.00 1968800
20070320 1410.00 1435.00 1410.00 1433.00 1825400
20070321 1435.00 1440.00 1425.00 1435.00 1063200
20070322 1448.00 1450.00 1435.00 1450.00 1011400
20070323 1435.00 1452.00 1435.00 1445.00 1698100
20070326 1448.00 1451.00 1427.00 1435.00 1219900
20070327 1432.00 1441.00 1423.00 1435.00 2072600
20070328 1437.00 1452.00 1431.00 1433.00 1614900
20070329 1444.00 1444.00 1418.00 1429.00 3050100
20070330 1434.00 1439.00 1425.00 1434.00 1120400
20070402 1430.00 1454.00 1424.00 1445.00 1585800
20070403 1460.00 1467.00 1447.00 1462.00 1464800
20070404 1472.00 1472.00 1454.00 1460.00 2866500
20070405 1464.00 1464.00 1444.00 1459.00 1206600
20070406 1459.00 1459.00 1459.00 1459.00 0
20070409 1459.00 1459.00 1459.00 1459.00 0
20070410 1466.00 1467.00 1448.00 1465.00 2032500
20070411 1472.00 1491.00 1472.00 1480.00 2122700
20070412 1475.00 1478.00 1459.00 1471.00 1433500
20070413 1476.00 1487.00 1468.00 1476.00 1354200
20070416 1488.00 1488.00 1420.00 1486.00 1781400
20070417 1480.00 1488.00 1465.00 1475.00 1888800
20070418 1474.00 1477.00 1455.00 1467.00 2073100
20070419 1447.00 1461.00 1432.00 1458.00 2262600
20070420 1469.00 1480.00 1455.00 1460.00 1588200
20070423 1468.00 1470.00 1454.00 1467.00 1204500
20070424 1464.00 1472.00 1447.00 1455.00 1999700
20070425 1466.00 1473.00 1457.00 1471.00 1233700
20070426 1478.00 1481.00 1450.00 1464.00 1958900
20070427 1475.00 1475.00 1460.00 1465.00 1709600
20070430 1470.00 1494.00 1466.00 1490.00 2503400
20070501 1495.00 1495.00 1481.00 1485.00 2006000
20070502 1485.00 1502.00 1485.00 1493.00 2388000
20070503 1489.00 1512.00 1486.00 1510.00 2492900
20070504 1502.00 1536.00 1502.00 1524.00 1854600
20070507 1524.00 1524.00 1524.00 1524.00 0
20070508 1512.00 1515.00 1494.00 1510.00 2201700
20070509 1505.00 1525.00 1502.00 1505.00 3098800
20070510 1502.00 1509.00 1490.00 1498.00 3374800
20070511 1493.00 1509.00 1482.00 1503.00 2104000
20070514 1512.00 1521.00 1496.00 1518.00 1896300
20070515 1524.00 1526.00 1509.00 1516.00 3118800
20070516 1519.00 1530.00 1509.00 1520.00 4117500
20070517 1531.00 1535.00 1515.00 1517.00 2107600
20070518 1524.00 1529.00 1507.00 1517.00 3356700
20070521 1528.00 1543.00 1517.00 1535.00 2695200
20070522 1542.00 1542.00 1525.00 1536.00 3864500
20070523 1538.00 1575.00 1538.00 1556.00 2206300
20070524 1555.00 1569.00 1547.00 1556.00 2762400
20070525 1560.00 1560.00 1538.00 1555.00 1500100
20070528 1555.00 1555.00 1555.00 1555.00 0
20070529 1557.00 1579.00 1549.00 1564.00 1122000
20070530 1560.00 1579.00 1546.00 1577.00 1669400
20070531 1595.00 1599.00 1561.00 1571.00 2014300
20070601 1571.00 1571.00 1571.00 1571.00 0
20070604 1575.00 1575.00 1554.00 1556.00 1778500
20070605 1550.00 1577.00 1550.00 1563.00 2252800
20070606 1563.00 1564.00 1513.00 1521.00 2531300
20070607 1538.00 1538.00 1495.00 1501.00 3264100
20070608 1486.00 1500.00 1454.00 1487.00 4343200
20070611 1492.00 1507.00 1483.00 1501.00 2439100
20070612 1494.00 1506.00 1486.00 1493.00 2393000
20070613 1482.00 1490.00 1465.00 1478.00 2446100
20070614 1496.00 1496.00 1461.00 1473.00 4666500
20070615 1475.00 1504.00 1473.00 1497.00 3285000
20070618 1495.00 1510.00 1485.00 1487.00 2250300
20070619 1495.00 1498.00 1468.00 1471.00 2381600
20070620 1470.00 1485.00 1458.00 1458.00 1799900
20070621 1450.00 1458.00 1435.00 1450.00 2442000
20070622 1456.00 1465.00 1444.00 1452.00 2464600
20070625 1449.00 1453.00 1435.00 1445.00 2158100
20070626 1439.00 1444.00 1431.00 1434.00 2898700
20070627 1399.00 1399.00 1345.00 1390.00 4020900
20070628 1399.00 1399.00 1379.00 1393.00 3948100
20070629 1400.00 1400.00 1368.00 1383.00 6188000
20070702 1382.00 1383.00 1370.00 1381.00 2373600
20070703 1385.00 1388.00 1373.00 1382.00 5519700
20070704 1378.00 1386.00 1376.00 1383.00 2356800
20070705 1386.00 1387.00 1370.00 1375.00 4225900
20070706 1381.00 1381.00 1355.00 1368.00 2775800
20070709 1375.00 1380.00 1348.00 1360.00 2975500
20070710 1367.00 1367.00 1334.00 1340.00 3188600
20070711 1335.00 1348.00 1333.00 1341.00 2713900
20070712 1350.00 1369.00 1334.00 1368.00 4775600
20070713 1377.00 1382.00 1356.00 1362.00 2351300
20070716 1366.00 1366.00 1352.00 1355.00 1208400
20070717 1371.00 1372.00 1340.00 1343.00 5867600
20070718 1336.00 1380.00 1336.00 1370.00 5456500
20070719 1385.00 1399.00 1375.00 1378.00 7082800
20070720 1374.00 1392.00 1374.00 1378.00 2643300
20070723 1381.00 1383.00 1364.00 1383.00 2180200
20070724 1372.00 1377.00 1350.00 1352.00 2837600
20070725 1352.00 1370.00 1327.00 1336.00 2440800
20070726 1345.00 1345.00 1304.00 1307.00 3171500
20070727 1295.00 1322.00 1285.00 1301.00 3378400
20070730 1299.00 1302.00 1281.00 1289.00 3356400
20070731 1292.00 1301.00 1281.00 1290.00 4935600
20070801 1267.00 1289.00 1264.00 1279.00 4636600
20070802 1287.00 1330.00 1266.00 1317.00 8897300
20070803 1320.00 1321.00 1297.00 1312.00 3457400
20070806 1293.00 1328.00 1293.00 1313.00 5080600
20070807 1330.00 1364.00 1316.00 1362.00 3814200
20070808 1376.00 1376.00 1320.00 1336.00 4712000
20070809 1326.00 1440.00 1296.00 1323.00 6780500
20070810 1306.00 1329.00 1269.00 1275.00 4123700
20070813 1325.00 1325.00 1281.00 1295.00 3040700
20070814 1281.00 1307.00 1268.00 1282.00 2721900
20070815 1266.00 1284.00 1266.00 1274.00 2942200
20070816 1253.00 1271.00 1244.00 1244.00 4393100
20070817 1229.00 1275.00 1223.00 1269.00 5080600
20070820 1269.00 1288.00 1264.00 1279.00 1199500
20070821 1275.00 1276.00 1257.00 1269.00 1434300
20070822 1280.00 1303.00 1276.00 1303.00 1882400
20070823 1319.00 1321.00 1294.00 1296.00 1691900
20070824 1297.00 1312.00 1297.00 1310.00 852600
20070827 1310.00 1310.00 1310.00 1310.00 0
20070828 1316.00 1325.00 1300.00 1305.00 1344700
20070829 1304.00 1348.00 1288.00 1342.00 3198000
20070830 1358.00 1360.00 1330.00 1350.00 2207800
20070831 1364.00 1367.00 1344.00 1365.00 2354500
20070903 1378.00 1380.00 1351.00 1359.00 1580700
20070904 1364.00 1376.00 1348.00 1365.00 2118900
20070905 1354.00 1373.00 1342.00 1351.00 1880500
20070906 1354.00 1355.00 1325.00 1339.00 2304600
20070907 1341.00 1344.00 1315.00 1319.00 1781100
20070910 1324.00 1345.00 1316.00 1320.00 1549100
20070911 1328.00 1345.00 1326.00 1339.00 1461400
20070912 1344.00 1357.00 1338.00 1350.35 449900
20070913 1358.00 1381.00 1341.00 1375.00 999100
20070914 1364.00 1378.00 1349.00 1362.00 1078400
20070917 1352.00 1364.00 1323.00 1327.00 2077600
20070918 1319.00 1362.00 1318.00 1353.00 2125600
20070919 1378.00 1388.00 1366.00 1378.00 2565000
20070920 1368.00 1394.00 1368.00 1388.00 2038800
20070921 1386.00 1396.00 1366.00 1375.00 2451900
20070924 1368.00 1394.00 1364.00 1387.00 1269800
20070925 1385.00 1400.00 1382.00 1390.00 1820900
20070926 1399.00 1418.00 1392.00 1399.00 1875400
20070927 1410.00 1419.00 1408.00 1408.00 1385900
20070928 1418.00 1422.00 1388.00 1410.00 2533100
20071001 1403.00 1423.00 1390.00 1411.00 1384000
20071002 1428.00 1428.00 1398.00 1402.00 1802400
20071003 1414.00 1420.00 1402.00 1414.00 1100500
20071004 1418.00 1432.00 1406.00 1430.00 1206400
20071005 1439.00 1450.00 1418.00 1448.00 1723600
20071008 1450.00 1450.00 1428.00 1433.00 2149300
20071009 1450.00 1478.00 1443.00 1466.00 4694800
20071010 1473.00 1477.00 1447.00 1461.00 1548200
20071011 1456.00 1466.00 1439.00 1457.00 2373800
20071012 1454.00 1462.00 1427.00 1455.00 1833900
20071015 1461.00 1466.00 1433.00 1435.00 813800
20071016 1431.00 1436.00 1406.00 1414.00 2559200
20071017 1412.00 1442.00 1412.00 1433.00 1473500
20071018 1437.00 1445.00 1420.00 1424.00 1547500
20071019 1426.00 1434.00 1382.00 1388.00 2670900
20071022 1373.00 1392.00 1366.00 1387.00 1534600
20071023 1401.00 1429.00 1388.00 1414.00 2509400
20071024 1412.00 1429.00 1403.00 1413.00 1050200
20071025 1414.00 1440.00 1414.00 1433.00 975300
20071026 1435.00 1442.00 1418.00 1438.00 1163500
20071029 1454.00 1454.00 1439.00 1453.00 1615300
20071030 1440.00 1459.00 1440.00 1449.00 1095000
20071031 1446.00 1459.00 1441.00 1450.00 1339100
20071101 1443.00 1465.00 1418.00 1427.00 1433100
20071102 1412.00 1434.00 1407.00 1428.00 1716000
20071105 1421.00 1441.00 1417.00 1431.00 756000
20071106 1437.00 1448.00 1393.00 1403.00 2080200
20071107 1406.00 1410.00 1386.00 1403.00 1575100
20071108 1403.00 1403.00 1367.00 1369.00 1980700
20071109 1371.00 1384.00 1354.00 1365.00 1256700
20071112 1353.00 1390.00 1353.00 1390.00 1211000
20071113 1374.00 1392.00 1370.00 1380.00 1524500
20071114 1387.00 1420.00 1377.00 1416.00 1130100
20071115 1411.00 1429.00 1397.00 1399.00 1198600
20071116 1392.00 1427.00 1386.00 1409.00 1346100
20071119 1409.00 1431.00 1400.00 1400.00 1574100
20071120 1404.00 1421.00 1393.00 1401.00 1499400
20071121 1385.00 1397.00 1367.00 1369.00 1335700
20071122 1375.00 1495.00 1353.00 1446.00 3607100
20071123 1452.00 1490.00 1433.00 1469.00 2990700
20071126 1489.00 1517.00 1459.00 1462.00 2055000
20071127 1459.00 1523.00 1459.00 1507.00 3220600
20071128 1502.00 1567.00 1498.00 1566.00 3243800
20071129 1563.00 1572.00 1510.00 1561.00 1657500
20071130 1564.00 1570.00 1536.00 1567.00 1498400
20071203 1567.00 1579.00 1549.00 1555.00 2164700
20071204 1555.00 1569.00 1525.00 1537.00 2913300
20071205 1531.00 1546.00 1507.00 1537.00 2500800
20071206 1537.00 1539.00 1517.00 1533.00 1383400
20071207 1534.00 1554.00 1529.00 1533.00 1384400
20071210 1529.00 1543.00 1515.00 1520.00 679300
20071211 1520.00 1531.00 1507.00 1528.00 1337400
20071212 1519.00 1549.00 1512.00 1528.00 1360100
20071213 1513.00 1524.00 1493.00 1500.00 1554200
20071214 1508.00 1531.00 1500.00 1528.00 864800
20071217 1509.00 1522.00 1498.00 1498.00 1550700
20071218 1494.00 1528.00 1492.00 1511.00 1310100
20071219 1511.00 1521.00 1502.00 1513.00 883400
20071220 1520.00 1546.00 1503.00 1537.00 1379600
20071221 1554.00 1578.00 1538.00 1568.00 1512000
20071224 1578.00 1578.00 1536.00 1548.00 258200
20071225 1548.00 1548.00 1548.00 1548.00 0
20071226 1548.00 1548.00 1548.00 1548.00 0
20071227 1535.00 1585.00 1535.00 1582.00 628300
20071228 1575.00 1591.00 1548.00 1559.00 707800
20071231 1549.00 1562.00 1525.00 1526.00 349400
20080101 1526.00 1526.00 1526.00 1526.00 0
20080102 1529.00 1577.00 1523.00 1561.00 1133400
20080103 1561.00 1583.00 1539.00 1556.00 1354200
20080104 1548.00 1568.00 1510.00 1515.00 1193400
20080107 1511.00 1553.00 1508.00 1520.00 1229000
20080108 1526.00 1545.00 1511.00 1517.00 1429300
20080109 1511.00 1528.00 1499.00 1504.00 1338800
20080110 1509.00 1526.00 1485.00 1492.00 1965800
20080111 1499.00 1499.00 1465.00 1481.00 1243000
20080114 1469.00 1520.00 1469.00 1510.00 1456200
20080115 1499.00 1516.00 1483.00 1488.00 2013400
20080116 1488.00 1518.00 1482.00 1495.00 2741700
20080117 1503.00 1524.00 1486.00 1488.00 2609200
20080118 1495.00 1524.00 1484.00 1493.00 1653600
20080121 1476.00 1507.00 1426.00 1443.00 2536300
20080122 1409.00 1455.00 1358.00 1428.00 2679900
20080123 1454.00 1454.00 1370.00 1382.00 3293300
20080124 1415.00 1419.00 1380.00 1405.00 2467900
20080125 1432.00 1465.00 1400.00 1448.00 1836300
20080128 1436.00 1453.00 1410.00 1412.00 1651000
20080129 1413.00 1433.00 1398.00 1422.00 1837000
20080130 1407.00 1414.00 1381.00 1410.00 2394400
20080131 1414.00 1432.00 1388.00 1422.00 1634400
20080201 1433.00 1447.00 1411.00 1447.00 1882500
20080204 1458.00 1458.00 1425.00 1436.00 1124500
20080205 1435.00 1451.00 1402.00 1404.00 1225500
20080206 1398.00 1452.00 1398.00 1445.00 1443200
20080207 1436.00 1445.00 1410.00 1413.00 1922600
20080208 1432.00 1432.00 1409.00 1427.00 1305600
20080211 1418.00 1438.00 1410.00 1429.00 1036500
20080212 1442.00 1477.00 1430.00 1473.00 1666600
20080213 1456.00 1470.00 1441.00 1451.00 1623600
20080214 1460.00 1462.00 1444.00 1458.00 1216000
20080215 1456.00 1465.00 1405.00 1426.00 1396500
20080218 1434.00 1467.00 1427.00 1460.00 924300
20080219 1449.00 1468.00 1432.00 1448.00 946400
20080220 1439.00 1443.00 1424.00 1436.00 880900
20080221 1444.00 1450.00 1399.00 1411.00 1074800
20080222 1396.00 1415.00 1379.00 1403.00 901200
20080225 1410.00 1427.00 1400.00 1423.00 1490100
20080226 1443.00 1459.00 1409.00 1425.00 2088800
20080227 1424.00 1456.00 1408.00 1450.00 1584100
20080228 1453.00 1468.00 1439.00 1443.00 1535400
20080229 1444.00 1447.00 1418.00 1421.00 1599000
20080303 1409.00 1424.00 1392.00 1396.00 1849200
20080304 1397.00 1414.00 1370.00 1391.00 1393300
20080305 1401.00 1411.00 1388.00 1396.00 1022000
20080306 1402.00 1441.00 1391.00 1400.00 1211700
20080307 1381.00 1402.00 1367.00 1379.00 2156900
20080310 1380.00 1393.00 1365.00 1375.00 1457800
20080311 1381.00 1397.00 1370.00 1390.00 1282500
20080312 1407.00 1410.00 1387.00 1405.00 1087600
20080313 1387.00 1404.00 1382.00 1395.00 906800
20080314 1399.00 1409.00 1380.00 1389.00 913400
20080317 1361.00 1389.00 1352.00 1360.00 1140500
20080318 1375.00 1414.00 1367.00 1411.00 1170900
20080319 1427.00 1428.00 1388.00 1403.00 1734100
20080320 1397.00 1419.00 1384.00 1384.00 1807600
20080321 1384.00 1384.00 1384.00 1384.00 0
20080324 1384.00 1384.00 1384.00 1384.00 0
20080325 1410.00 1428.00 1400.00 1412.00 1250100
20080326 1405.00 1420.00 1394.00 1398.00 905600
20080327 1402.00 1425.00 1387.00 1417.00 872300
20080328 1424.00 1425.00 1395.00 1402.00 883200
20080331 1385.00 1427.00 1382.00 1419.00 906100
20080401 1420.00 1472.00 1412.00 1468.00 1050600
20080402 1453.00 1467.00 1403.00 1414.00 2826200
20080403 1430.00 1456.00 1419.00 1453.00 1417200
20080404 1460.00 1463.00 1428.00 1438.00 1050400
20080407 1454.00 1458.00 1441.00 1444.00 632200
20080408 1444.00 1465.00 1434.00 1445.00 1347200
20080409 1447.00 1463.00 1440.00 1446.00 1483000
20080410 1450.00 1478.00 1447.00 1466.00 1819000
20080411 1480.00 1480.00 1434.00 1443.00 1265200
20080414 1434.00 1456.00 1423.00 1441.00 1205800
20080415 1451.00 1457.00 1436.00 1441.00 800800
20080416 1451.00 1460.00 1436.00 1460.00 660300
20080417 1458.00 1470.00 1449.00 1460.00 660400
20080418 1466.00 1481.00 1440.00 1445.00 1051700
20080421 1451.00 1457.00 1415.00 1420.00 1480200
20080422 1416.00 1442.00 1410.00 1438.00 1276400
20080423 1438.00 1460.00 1436.00 1457.00 1212100
20080424 1457.00 1495.00 1455.00 1490.00 1211300
20080425 1495.00 1510.00 1487.00 1503.00 1161500
20080428 1509.00 1520.00 1493.00 1496.00 888300
20080429 1495.00 1498.00 1463.00 1484.00 903700
20080430 1482.00 1486.00 1447.00 1461.00 1385600
20080501 1466.00 1466.00 1440.00 1459.00 436100
20080502 1464.00 1475.00 1432.00 1447.00 1488300
20080506 1439.00 1442.00 1420.00 1430.00 1084600
20080507 1431.00 1441.00 1422.00 1429.00 1300300
20080508 1424.00 1448.00 1423.00 1434.00 1547900
20080509 1430.00 1435.00 1419.00 1428.00 890400
20080512 1427.00 1433.00 1415.00 1428.00 866900
20080513 1432.00 1433.00 1400.00 1413.00 1289100
20080514 1417.00 1426.00 1410.00 1426.00 746200
20080515 1426.00 1426.00 1403.00 1404.00 1281900
20080516 1408.00 1430.00 1407.00 1413.00 1472900
20080519 1415.00 1439.00 1406.00 1438.00 1017400
20080520 1434.00 1443.00 1402.00 1404.00 973000
20080521 1406.00 1420.00 1402.00 1404.00 1218500
20080522 1401.00 1429.00 1401.00 1418.00 1389900
20080523 1421.00 1421.00 1395.00 1395.00 841300
20080527 1399.00 1416.00 1394.00 1411.00 1026500
20080528 1414.00 1440.00 1402.00 1430.00 885300
20080529 1432.00 1440.00 1424.00 1437.00 1072900
20080530 1440.00 1465.00 1437.00 1457.00 1213000
20080602 1455.00 1455.00 1420.00 1439.00 994900
20080603 1439.00 1468.00 1438.00 1466.00 1213200
20080604 1462.00 1466.00 1438.00 1450.00 986500
20080605 1451.00 1491.00 1451.00 1473.00 1290100
20080606 1475.00 1492.00 1435.00 1447.00 1662400
20080610 1443.00 1497.00 1441.00 1478.00 1875300
20080611 1479.00 1482.00 1448.00 1448.00 1266700
20080612 1446.00 1457.00 1415.00 1417.00 1405500
20080613 1417.00 1430.00 1392.00 1426.00 1308900
20080616 1427.00 1428.00 1394.00 1398.00 1147400
20080617 1402.00 1446.00 1400.00 1427.00 1175700
20080618 1398.00 1405.00 1357.00 1359.00 1981800
20080619 1346.00 1372.00 1345.00 1361.00 2683600
20080620 1365.00 1366.00 1329.00 1329.00 1630000
20080623 1325.00 1332.00 1307.00 1328.00 1406000
20080624 1332.00 1332.00 1303.00 1312.00 1341000
20080625 1310.00 1322.00 1305.00 1315.00 3255900
20080626 1311.00 1311.00 1288.00 1288.00 4206000
20080627 1284.00 1300.00 1271.00 1282.00 4476200
20080630 1285.00 1293.00 1273.00 1284.00 1692000
20080701 1279.00 1286.00 1254.00 1272.00 2714700
20080702 1276.00 1310.00 1272.00 1300.00 3196500
20080703 1293.00 1317.00 1280.00 1304.00 1847900
20080704 1308.00 1308.00 1287.00 1297.00 1117500
20080707 1304.00 1335.00 1301.00 1335.00 1271000
20080708 1309.00 1340.00 1303.00 1334.00 1252600
20080709 1349.00 1349.00 1330.00 1338.00 871300
20080710 1316.00 1323.00 1300.00 1301.00 1481500
20080711 1304.00 1310.00 1267.00 1267.00 1706600
20080714 1287.00 1295.00 1275.00 1287.00 1032500
20080715 1273.00 1301.00 1263.00 1270.00 1848700
20080716 1277.00 1321.00 1260.00 1313.00 1757400
20080717 1338.00 1338.00 1278.00 1290.00 2583600
20080718 1284.00 1304.00 1270.00 1303.00 2259700
20080721 1308.00 1355.00 1291.00 1347.00 1740600
20080722 1329.00 1405.00 1329.00 1398.00 2274200
20080723 1408.00 1413.00 1383.00 1387.00 2057400
20080724 1394.00 1395.00 1360.00 1383.00 2095600
20080725 1366.00 1386.00 1351.00 1367.00 1425400
20080728 1367.00 1381.00 1342.00 1344.00 2095000
20080729 1335.00 1351.00 1326.00 1333.00 785500
20080730 1343.00 1353.00 1332.00 1351.00 491400
20080731 1344.00 1356.00 1322.00 1331.00 1036000
20080801 1323.00 1378.00 1323.00 1358.00 2460100
20080804 1351.00 1388.00 1351.00 1375.00 1343600
20080805 1381.00 1395.00 1374.00 1391.00 1385800
20080806 1398.00 1401.00 1357.00 1373.00 1413500
20080807 1369.00 1398.00 1360.00 1381.00 1727100
20080808 1369.00 1403.00 1369.00 1391.00 397800
20080811 1399.00 1428.00 1392.00 1424.00 1079500
20080812 1414.00 1431.00 1400.00 1414.00 911300
20080813 1408.00 1425.00 1397.00 1403.00 801500
20080814 1407.00 1415.00 1384.00 1389.00 622700
20080815 1399.00 1424.00 1390.00 1400.00 1523500
20080818 1401.00 1403.00 1378.00 1396.00 797000
20080819 1380.00 1396.00 1364.00 1371.00 1702000
20080820 1373.00 1390.00 1362.00 1384.00 779100
20080821 1374.00 1390.00 1364.00 1372.00 1221400
20080822 1382.00 1405.00 1366.00 1404.00 850900
20080826 1392.00 1417.00 1379.00 1404.00 1229400
20080827 1399.00 1411.00 1389.00 1405.00 725500
20080828 1388.00 1391.00 1361.00 1375.00 1799400
20080829 1379.00 1389.00 1356.00 1364.00 1430600
20080901 1355.00 1379.00 1355.00 1372.00 608800
20080902 1368.00 1381.00 1352.00 1367.00 691900
20080903 1358.00 1361.00 1308.00 1330.00 1163400
20080904 1327.00 1336.00 1309.00 1310.00 804000
20080905 1299.00 1323.00 1280.00 1310.00 2329600
20080908 1331.00 1350.00 1312.00 1336.00 639200
20080909 1340.00 1348.00 1315.00 1335.00 1408000
20080910 1330.00 1337.00 1311.00 1321.00 1800600
20080911 1316.00 1328.00 1302.00 1316.00 1628400
20080912 1328.00 1328.00 1295.00 1325.00 1266600
20080915 1308.00 1330.00 1282.00 1323.00 1621200
20080916 1302.00 1343.00 1292.00 1307.00 1998200
20080917 1301.00 1327.00 1285.00 1303.00 1763500
20080918 1313.00 1389.00 1282.00 1388.00 2954700
20080919 1365.00 1465.00 1335.00 1409.00 1448000
20080922 1385.00 1410.00 1368.00 1375.00 1433100
20080923 1380.00 1380.00 1327.00 1361.00 1981900
20080924 1380.00 1380.00 1348.00 1359.00 1348000
20080925 1359.00 1359.00 1308.00 1340.00 2013400
20080926 1333.00 1346.00 1310.00 1330.00 1012600
20080929 1310.00 1356.00 1298.00 1321.00 2679300
20080930 1298.00 1365.00 1298.00 1354.00 2737700
20081001 1366.00 1366.00 1333.00 1365.00 1349400
20081002 1368.00 1374.00 1346.00 1351.00 895000
20081003 1354.00 1358.00 1315.00 1335.00 1098500
20081006 1319.00 1329.00 1258.00 1263.00 1109000
20081007 1272.00 1293.00 1230.00 1245.00 1560700
20081008 1210.00 1316.00 1179.00 1196.00 2406600
20081009 1203.00 1208.00 1110.00 1124.00 1842200
20081010 1042.00 1118.00 1016.00 1056.00 2840600
20081013 1095.00 1264.00 1095.00 1229.00 3091100
20081014 1245.00 1323.00 1217.00 1312.00 2298100
20081015 1315.00 1321.00 1228.00 1256.00 2774800
20081016 1248.00 1324.00 1207.00 1266.00 1733700
20081017 1315.00 1347.00 1263.00 1335.00 3288100
20081020 1359.00 1410.00 1305.00 1388.00 2736500
20081021 1397.00 1412.00 1316.00 1327.00 1814600
20081022 1318.00 1340.00 1251.00 1256.00 1998400
20081023 1255.00 1286.00 1216.00 1279.00 1863300
20081024 1226.00 1245.00 1171.00 1206.00 3239900
20081027 1159.00 1251.00 1148.00 1238.00 1710500
20081028 1263.00 1265.00 1201.00 1257.00 1572700
20081029 1289.00 1317.00 1257.00 1287.00 1801300
20081030 1299.00 1345.00 1279.00 1341.00 1764700
20081031 1326.00 1399.00 1321.00 1370.00 1584700
20081103 1384.00 1394.00 1339.00 1377.00 2034200
20081104 1375.00 1380.00 1350.00 1378.00 3795300
20081105 1372.00 1393.00 1347.00 1377.00 1296900
20081106 1363.00 1378.00 1318.00 1319.00 1799200
20081107 1325.00 1379.00 1307.00 1353.00 1221900
20081110 1385.00 1395.00 1343.00 1356.00 891300
20081111 1343.00 1350.00 1308.00 1308.00 1124000
20081112 1331.00 1333.00 1283.00 1294.00 1763200
20081113 1271.00 1296.00 1248.00 1273.00 1118400
20081114 1279.00 1293.00 1247.00 1259.00 1777300
20081117 1248.00 1296.00 1243.00 1276.00 1299400
20081118 1276.00 1304.00 1259.00 1304.00 1202300
20081119 1296.00 1316.00 1263.00 1267.00 1019300
20081120 1230.00 1250.00 1155.00 1189.00 3020300
20081121 1183.00 1183.00 1103.00 1117.00 2078800
20081124 1139.00 1212.00 1117.00 1204.00 2132000
20081125 1221.00 1284.00 1197.00 1222.00 3442100
20081126 1200.00 1221.00 1149.00 1154.00 2155800
20081127 1180.00 1185.00 1137.00 1155.00 987900
20081128 1145.00 1155.00 1106.00 1142.00 2016600
20081201 1128.00 1146.00 1085.00 1091.00 1625800
20081202 1080.00 1135.00 1080.00 1135.00 1713900
20081203 1113.00 1123.00 1080.00 1116.00 1520800
20081204 1107.00 1116.00 1072.00 1075.00 2115400
20081205 1060.00 1083.00 1048.00 1052.00 1778100
20081208 1104.00 1114.00 1081.00 1102.00 1962400
20081209 1092.00 1121.00 1075.00 1104.00 1059700
20081210 1100.00 1126.00 1098.00 1118.00 926300
20081211 1109.00 1116.00 1099.00 1109.00 2564500
20081212 1063.00 1112.00 1063.00 1097.00 1513900
20081215 1106.00 1117.00 1085.00 1091.00 782200
20081216 1100.00 1116.00 1092.00 1109.00 927100
20081217 1125.00 1125.00 1083.00 1121.00 1268900
20081218 1131.00 1152.00 1117.00 1147.00 1091600
20081219 1134.00 1160.00 1102.00 1109.00 1762100
20081222 1114.00 1115.00 1093.00 1098.00 651500
20081223 1103.00 1136.00 1098.00 1104.00 712100
20081224 1118.00 1118.00 1100.00 1100.00 91300
20081229 1107.00 1149.00 1104.00 1142.00 529700
20081230 1153.00 1161.00 1140.00 1158.00 381300
20081231 1171.00 1198.00 1166.00 1198.00 273900
20090102 1196.00 1196.00 1164.00 1189.00 338000
20090105 1201.00 1219.00 1195.00 1217.00 512000
20090106 1220.00 1236.00 1207.00 1222.00 1074000
20090107 1225.00 1235.00 1146.00 1167.00 1438900
20090108 1166.00 1197.00 1155.00 1190.00 1140400
20090109 1197.00 1197.00 1158.00 1158.00 589900
20090112 1159.00 1176.00 1137.00 1143.00 528300
20090113 1136.00 1141.00 1117.00 1135.00 671900
20090114 1145.00 1145.00 1094.00 1126.00 1271700
20090115 1118.00 1161.00 1117.00 1144.00 1856600
20090116 1165.00 1170.00 1144.00 1158.00 1316100
20090119 1181.00 1200.00 1155.00 1173.00 1089000
20090120 1182.00 1214.00 1170.00 1188.00 1237700
20090121 1175.00 1207.00 1168.00 1176.00 2183500
20090122 1202.00 1202.00 1158.00 1167.00 1343500
20090123 1160.00 1189.00 1159.00 1170.00 1072100
20090126 1173.00 1198.00 1158.00 1187.00 956300
20090127 1163.00 1163.00 1120.00 1146.00 1897300
20090128 1165.00 1172.00 1137.00 1143.00 1265600
20090129 1133.00 1149.00 1110.00 1124.00 1482600
20090130 1124.00 1127.00 1083.00 1091.00 2510300
20090202 1092.00 1100.00 1070.00 1082.00 951300
20090203 1087.00 1112.00 1069.00 1109.00 1186000
20090204 1108.00 1125.00 1088.00 1112.00 1110000
20090205 1092.00 1124.00 1092.00 1099.00 1646500
20090206 1109.00 1117.00 1092.00 1115.00 1446600
20090209 1113.00 1147.00 1104.00 1142.00 1007000
20090210 1136.00 1155.00 1128.00 1134.00 1214700
20090211 1136.00 1144.00 1107.00 1131.00 1159500
20090212 1128.00 1130.00 1110.00 1128.00 1107700
20090213 1133.00 1155.00 1121.00 1125.00 975500
