20030101 307.52 307.52 307.52 307.52 0
20030102 308.01 310.21 304.84 310.21 155900
20030103 312.40 312.40 302.89 310.45 354310
20030106 307.52 308.50 306.30 307.52 341813
20030107 307.77 314.36 306.79 312.65 708928
20030108 312.16 320.95 312.16 319.24 1511888
20030109 319.24 319.24 308.99 312.89 616739
20030110 318.99 319.24 312.40 317.29 801218
20030113 315.33 326.80 315.33 320.21 762909
20030114 324.61 325.10 316.31 317.29 1247820
20030115 317.29 318.26 306.30 315.82 1219241
20030116 320.21 323.39 314.36 321.68 949232
20030117 318.51 324.85 317.77 323.14 819758
20030120 322.90 324.12 320.21 323.88 466882
20030121 325.10 325.10 319.24 323.88 671335
20030122 320.21 321.92 309.72 313.62 582527
20030123 317.53 317.53 306.55 315.33 390776
20030124 314.36 314.60 301.42 304.59 1728838
20030127 301.91 304.59 298.49 304.11 1449405
20030128 304.59 306.79 295.56 299.71 1049717
20030129 296.05 296.78 286.53 290.68 840245
20030130 292.88 295.56 274.33 275.31 1786507
20030131 270.67 277.99 270.67 276.28 2251545
20030203 282.14 282.14 270.42 272.38 1819592
20030204 271.16 280.92 270.67 279.21 1572527
20030205 277.01 289.95 277.01 284.58 1031177
20030206 286.53 289.46 278.97 283.60 1473476
20030207 280.43 280.43 275.06 278.23 1065799
20030210 274.33 280.19 274.33 278.23 773459
20030211 278.23 278.23 268.47 271.89 1212788
20030212 275.79 275.79 266.52 266.52 961933
20030213 269.20 269.45 260.91 264.08 929565
20030214 262.86 269.45 261.64 266.52 1133711
20030217 267.01 268.47 258.71 262.13 1278549
20030218 260.91 269.94 260.91 266.52 969821
20030219 265.79 277.75 265.79 274.09 824880
20030220 276.28 276.28 263.35 268.47 1205515
20030221 268.72 272.13 267.25 267.74 599019
20030224 273.11 273.60 268.47 269.94 1120088
20030225 272.38 272.38 266.03 270.42 703294
20030226 273.35 274.09 262.86 264.57 695099
20030227 268.47 268.47 262.37 265.06 509698
20030228 273.60 273.84 262.13 271.16 773664
20030303 268.23 280.19 267.25 276.28 1393375
20030304 278.23 278.23 263.35 267.01 780322
20030305 272.38 278.23 267.50 270.42 1130740
20030306 269.20 273.84 267.74 269.69 827134
20030307 270.18 272.38 264.81 266.03 1096221
20030310 269.45 272.13 265.30 270.42 1306820
20030311 273.35 273.60 264.57 269.45 1012432
20030312 266.03 277.01 265.54 277.01 980576
20030313 281.16 281.16 260.91 267.98 1594652
20030314 274.57 277.26 264.32 270.42 1092533
20030317 271.40 274.82 267.74 273.60 828055
20030318 273.35 282.87 271.65 281.65 1983585
20030319 274.33 289.95 253.83 278.23 1238498
20030320 280.92 284.58 274.09 282.14 1531350
20030321 277.01 286.04 275.79 277.50 1419802
20030324 282.38 283.60 275.55 282.87 873945
20030325 278.72 293.61 276.28 290.44 1352197
20030326 289.95 293.86 283.12 286.04 1180420
20030327 281.16 292.88 280.19 288.24 750003
20030328 288.00 293.86 285.07 289.71 433797
20030331 289.71 291.90 286.78 291.90 520556
20030401 305.81 305.81 288.24 288.24 1277115
20030402 287.27 299.22 287.27 294.34 708928
20030403 298.74 300.69 295.56 297.76 1131457
20030404 295.81 298.98 294.83 296.78 455717
20030407 298.98 302.15 291.90 292.88 1416729
20030408 289.95 294.34 284.34 288.97 1363157
20030409 287.51 295.56 286.29 293.86 894636
20030410 292.88 296.78 288.24 291.90 514615
20030411 292.88 293.86 289.46 290.93 700016
20030414 287.02 293.37 287.02 290.93 601477
20030415 292.39 293.61 286.04 289.95 1651297
20030416 290.93 307.28 290.68 305.57 2336154
20030417 303.62 306.79 285.56 298.49 881627
20030418 298.49 298.49 298.49 298.49 0
20030421 298.49 298.49 298.49 298.49 0
20030422 297.52 300.44 297.03 299.71 525985
20030423 294.83 300.69 293.12 293.61 878861
20030424 294.34 296.05 290.44 292.88 1285924
20030425 291.90 294.59 288.24 289.95 507752
20030428 289.95 289.95 282.87 287.02 680247
20030429 289.95 289.95 283.12 288.00 737404
20030430 286.04 291.41 286.04 289.95 1208896
20030501 290.93 290.93 285.07 290.44 452337
20030502 290.44 290.44 276.28 287.02 1056170
20030505 287.02 287.02 287.02 287.02 0
20030506 287.02 292.88 283.12 286.04 1198140
20030507 286.04 292.88 280.68 291.66 631899
20030508 288.00 292.88 265.54 290.93 793741
20030509 292.88 292.88 285.07 285.56 511235
20030512 292.88 292.88 287.51 291.90 753690
20030513 291.90 294.83 287.75 292.88 860219
20030514 295.81 302.64 294.10 297.76 1924277
20030515 297.76 306.55 296.30 304.59 3437189
20030516 302.64 307.52 301.18 307.03 851717
20030519 305.33 307.77 302.64 304.59 721322
20030520 303.62 316.31 303.62 313.87 1209408
20030521 314.84 314.84 310.45 311.43 547086
20030522 314.36 316.31 307.52 307.52 808593
20030523 307.77 312.89 306.55 308.50 467394
20030526 308.50 308.50 308.50 308.50 0
20030527 312.40 312.65 306.55 307.52 509903
20030528 316.31 317.29 310.45 314.36 817607
20030529 312.65 318.75 307.52 308.50 904264
20030530 312.16 312.40 305.81 307.52 1410890
20030602 307.52 311.92 304.11 307.77 1606227
20030603 307.52 316.31 305.57 312.89 1358241
20030604 315.33 316.55 301.42 306.55 1327204
20030605 310.45 321.43 310.45 318.75 2172980
20030606 315.58 321.43 314.84 321.43 619095
20030609 321.43 328.27 318.99 326.80 750515
20030610 326.80 327.29 322.17 325.83 1465282
20030611 325.34 327.05 320.46 325.83 1026772
20030612 321.19 329.73 321.19 327.78 999935
20030613 327.05 328.27 320.46 328.27 884802
20030616 326.07 329.00 323.63 327.05 913586
20030617 329.00 330.22 325.58 329.00 897197
20030618 329.98 329.98 323.14 329.00 817300
20030619 325.34 330.95 325.34 329.00 618890
20030620 328.02 339.74 328.02 337.54 956300
20030623 334.86 334.86 328.76 329.98 742525
20030624 327.05 331.93 324.85 328.02 633026
20030625 330.95 333.39 327.05 329.73 866774
20030626 329.24 341.20 329.00 334.86 1075530
20030627 338.52 339.25 328.76 334.86 1291967
20030630 334.37 339.25 332.91 334.37 604960
20030701 334.37 334.37 325.83 328.02 888080
20030702 328.02 330.95 324.12 324.85 1782921
20030703 324.85 335.83 324.85 335.35 1158704
20030704 333.88 335.59 331.93 332.17 356768
20030707 334.86 338.27 331.93 333.88 714561
20030708 330.46 334.86 327.78 330.95 2013392
20030709 323.14 324.12 315.33 319.24 1268203
20030710 318.51 327.29 318.51 325.10 641733
20030711 326.56 329.00 321.43 325.10 478354
20030714 327.78 330.22 326.32 327.78 831436
20030715 327.05 329.73 322.17 322.65 303811
20030716 326.07 329.98 321.19 325.10 1677724
20030717 328.27 328.27 315.58 321.92 1049103
20030718 324.12 332.17 324.12 329.98 1189741
20030721 326.56 330.95 326.07 328.02 412901
20030722 329.00 330.95 325.10 330.95 487368
20030723 328.02 330.46 324.12 325.58 1302211
20030724 327.78 332.91 326.07 329.98 492900
20030725 332.91 338.03 327.78 332.91 353183
20030728 329.98 333.64 327.05 333.64 534384
20030729 332.91 340.72 332.91 336.81 796097
20030730 335.83 341.69 335.83 336.81 431543
20030731 339.98 340.23 334.61 338.27 686188
20030801 336.81 340.96 334.86 334.86 993380
20030804 332.42 346.33 332.42 338.03 622066
20030805 336.81 343.64 336.32 343.16 559685
20030806 338.76 349.99 338.76 348.53 1183288
20030807 346.57 349.50 343.64 348.53 1123775
20030808 346.33 351.94 346.09 351.45 710669
20030811 349.50 350.23 346.57 347.55 646444
20030812 348.53 349.26 343.40 349.26 646957
20030813 352.67 352.67 345.11 351.70 579147
20030814 351.45 353.41 348.04 351.45 558968
20030815 353.90 353.90 341.69 348.53 891358
20030818 348.04 349.50 342.91 345.60 649210
20030819 346.57 352.43 346.57 350.48 830923
20030820 352.43 355.85 345.60 347.06 687827
20030821 346.57 347.55 337.54 341.20 1239523
20030822 342.67 344.62 339.25 340.96 629031
20030825 340.96 340.96 340.96 340.96 0
20030826 344.13 350.48 341.69 344.13 683320
20030827 342.18 360.24 340.96 346.33 760656
20030828 351.45 355.60 349.26 350.72 839528
20030829 346.82 352.92 344.62 345.11 969308
20030901 349.01 356.09 346.82 350.48 589902
20030902 352.43 355.12 350.72 352.92 524141
20030903 352.67 358.53 351.21 352.43 512362
20030904 355.60 356.09 345.84 347.55 1360699
20030905 344.62 349.99 337.30 338.76 1426767
20030908 338.76 342.38 337.43 340.72 1155734
20030909 341.69 341.26 337.75 338.27 740067
20030910 337.79 337.79 334.86 335.83 909591
20030911 334.86 340.72 334.86 338.76 1338062
20030912 343.89 343.89 333.15 335.83 933867
20030915 336.81 340.23 335.10 336.81 859502
20030916 337.05 339.74 330.46 331.93 1202135
20030917 332.17 332.17 319.48 328.27 993175
20030918 328.27 329.00 326.07 326.07 1029538
20030919 330.46 330.46 320.21 320.70 973303
20030922 322.17 323.14 319.24 321.43 416383
20030923 322.41 322.41 320.95 322.17 790975
20030924 324.12 325.10 319.97 319.97 470365
20030925 317.29 323.63 314.60 319.73 727365
20030926 319.97 321.68 316.31 318.75 550569
20030929 319.24 320.70 316.80 317.29 554256
20030930 319.24 320.46 316.80 317.29 1130433
20031001 318.99 318.99 312.89 316.31 1235937
20031002 321.19 321.19 312.40 313.62 1353119
20031003 311.18 312.16 303.86 304.35 2694869
20031006 308.50 309.72 305.33 308.50 2966722
20031007 302.89 314.11 302.89 312.16 809413
20031008 308.50 313.38 308.50 309.96 861448
20031009 310.94 312.16 308.50 310.45 1021958
20031010 310.94 312.40 305.08 310.21 1036606
20031013 309.72 312.89 308.25 310.45 597482
20031014 311.67 312.40 307.52 307.52 1141496
20031015 309.72 312.65 305.57 308.50 1490480
20031016 305.57 306.79 298.98 306.30 950768
20031017 306.55 306.55 304.11 305.81 717532
20031020 305.57 308.25 302.15 304.84 847415
20031021 303.86 310.70 299.71 309.96 1404642
20031022 304.59 310.21 304.59 307.03 1566381
20031023 307.03 309.48 303.13 306.06 883676
20031024 304.59 306.79 303.62 303.62 1110049
20031027 306.06 309.23 305.33 308.50 603218
20031028 306.55 308.01 304.59 305.57 1230509
20031029 305.57 306.06 299.71 301.91 887158
20031030 301.18 304.59 299.96 301.67 706572
20031031 300.20 305.57 300.20 300.93 931101
20031103 299.47 311.92 299.47 310.94 2046478
20031104 308.50 314.60 305.57 310.21 1701284
20031105 309.48 311.43 305.81 306.55 1201418
20031106 302.64 324.36 302.64 322.17 2391774
20031107 317.29 320.21 314.36 316.80 2965493
20031110 316.55 318.26 316.07 316.31 660682
20031111 321.68 321.68 314.36 319.73 754407
20031112 318.51 322.17 317.77 321.68 535818
20031113 325.58 325.83 318.51 320.21 775508
20031114 321.19 322.41 317.29 321.43 1371454
20031117 320.95 321.68 317.04 318.26 720502
20031118 320.21 322.90 318.26 319.24 1007413
20031119 317.77 319.24 314.36 315.82 942779
20031120 319.97 319.97 309.48 311.92 797121
20031121 313.87 315.33 310.21 312.16 1514449
20031124 319.24 320.70 312.16 314.36 975147
20031125 316.31 316.31 309.96 311.92 1043264
20031126 315.82 315.82 312.16 312.89 771411
20031127 314.84 315.09 312.40 313.38 805828
20031128 313.14 314.11 309.48 312.40 888490
20031201 312.40 314.84 311.92 312.40 743447
20031202 312.65 316.55 309.72 313.38 1182673
20031203 305.81 309.72 302.89 307.03 1553885
20031204 308.50 308.50 302.64 305.33 885212
20031205 307.28 307.28 296.78 301.67 929565
20031208 302.73 308.74 302.89 308.01 916454
20031209 308.01 308.01 299.96 304.11 545345
20031210 302.64 305.57 301.18 304.11 441786
20031211 300.69 303.62 295.81 297.52 1237064
20031212 300.44 302.15 298.00 298.00 993687
20031215 295.32 300.93 295.32 299.96 512054
20031216 304.59 307.77 298.98 301.91 1253761
20031217 300.93 303.86 298.74 300.93 1161367
20031218 298.00 301.91 290.44 294.83 1688172
20031219 296.78 297.52 294.10 294.10 991126
20031222 297.03 297.03 288.24 290.93 833279
20031223 293.86 298.25 292.63 297.76 919424
20031224 302.15 300.20 299.22 299.71 38411
20031225 299.71 299.71 299.71 299.71 0
20031226 299.71 299.71 299.71 299.71 0
20031229 299.71 309.48 299.71 300.44 569109
20031230 302.89 309.23 300.93 303.86 536023
20031231 306.30 306.30 303.13 304.11 83686
20040101 304.11 304.11 304.11 304.11 0
20040102 313.38 313.38 306.79 312.40 599224
20040105 312.40 314.84 311.67 313.87 1089665
20040106 312.89 313.14 308.01 309.72 1676598
20040107 308.25 315.09 308.25 312.89 692948
20040108 313.62 319.24 313.38 313.87 746520
20040109 315.33 315.33 308.50 310.45 738223
20040112 309.90 310.45 307.52 309.48 668057
20040113 310.45 311.92 304.11 305.81 548418
20040114 306.79 311.92 306.06 307.52 1091202
20040115 307.03 308.99 300.93 303.13 1346256
20040116 307.03 307.52 304.59 306.79 1219139
20040119 307.52 308.50 303.86 305.33 643474
20040120 305.57 305.57 301.67 302.64 378279
20040121 302.64 311.92 300.93 306.55 819963
20040122 306.55 314.60 301.18 301.67 1478905
20040123 304.59 304.59 297.03 298.98 1031382
20040126 300.44 300.44 295.81 297.76 729414
20040127 299.22 299.47 295.56 296.30 1104313
20040128 263.59 271.16 263.10 266.52 11481132
20040129 263.10 277.75 263.10 273.11 5017707
20040130 274.33 277.26 267.98 277.26 3785252
20040202 275.79 282.87 274.57 279.94 1781795
20040203 281.16 281.16 273.35 277.26 866262
20040204 277.26 280.19 269.45 270.91 2854457
20040205 270.42 274.33 270.42 271.40 1153992
20040206 272.38 273.35 268.47 270.67 986927
20040209 273.35 273.35 268.72 270.42 1244747
20040210 271.40 274.33 270.42 272.62 1209613
20040211 272.38 276.53 272.38 274.09 1096426
20040212 278.23 278.23 272.87 273.84 1696879
20040213 275.06 275.06 262.86 270.91 2003559
20040216 270.91 276.53 270.42 271.65 1315322
20040217 272.87 275.31 271.65 272.38 1837210
20040218 273.35 275.31 269.69 271.40 1128487
20040219 275.31 275.31 264.81 267.25 3852549
20040220 269.45 275.31 269.45 272.13 1881768
20040223 276.04 277.26 273.84 275.55 1069384
20040224 278.23 282.87 275.79 279.46 3314989
20040225 277.26 285.56 277.26 282.38 2681962
20040226 284.34 285.56 278.23 284.34 1539339
20040227 284.09 284.58 280.68 282.14 2358996
20040301 285.07 288.00 282.38 282.63 1985428
20040302 285.07 288.00 285.07 287.27 1794803
20040303 288.00 296.30 287.02 296.30 3549762
20040304 295.08 295.32 288.97 290.93 3299829
20040305 288.00 293.86 288.00 290.44 1342056
20040308 291.41 294.83 291.17 293.37 2281148
20040309 299.22 300.44 292.63 300.20 2780911
20040310 300.44 304.35 302.40 302.64 2773741
20040311 301.18 307.52 298.25 299.47 2332466
20040312 303.86 303.86 292.88 296.54 1937900
20040315 297.03 303.13 294.59 299.71 2306654
20040316 300.69 301.91 297.76 300.20 2519506
20040317 303.62 306.06 295.81 303.86 1478598
20040318 295.56 302.64 295.56 299.71 1243722
20040319 298.74 300.69 295.81 297.76 1429226
20040322 297.76 300.20 294.83 297.76 2731539
20040323 297.03 297.76 294.83 297.03 1032099
20040324 297.76 298.49 291.90 294.34 997272
20040325 295.81 295.81 286.78 288.00 2254004
20040326 290.19 290.68 287.02 288.00 1036503
20040329 292.39 289.71 286.53 287.51 1832293
20040330 289.95 291.17 288.97 290.44 696943
20040331 300.44 300.44 289.22 290.19 1537803
20040401 295.81 296.78 285.56 289.46 2032957
20040402 292.88 293.61 290.93 292.15 1064365
20040405 299.71 299.71 291.90 295.32 1827582
20040406 301.18 301.18 292.39 297.03 1901025
20040407 299.71 306.55 292.63 302.64 1508508
20040408 305.08 305.08 285.07 297.76 1501645
20040409 297.76 297.76 297.76 297.76 0
20040412 297.76 297.76 297.76 297.76 0
20040413 297.76 302.64 294.83 298.49 1592092
20040414 296.78 300.93 296.30 299.96 1198345
20040415 299.96 301.42 299.22 299.71 638250
20040416 300.69 309.48 300.44 302.15 1735496
20040419 303.62 305.57 297.76 304.11 689261
20040420 305.57 305.57 299.47 303.13 664985
20040421 299.71 307.28 299.47 303.62 427753
20040422 305.08 305.57 302.64 303.37 723063
20040423 301.91 305.57 301.91 304.84 2066657
20040426 314.36 314.36 299.71 304.35 1106669
20040427 304.35 304.84 303.13 303.86 575255
20040428 304.35 304.35 300.69 302.64 759426
20040429 300.93 304.59 298.25 298.49 1071842
20040430 298.98 300.69 296.54 296.78 995428
20040503 296.78 296.78 296.78 296.78 0
20040504 298.74 298.74 295.32 297.52 2526676
20040505 303.37 303.37 296.30 298.25 1643820
20040506 305.08 305.08 297.76 298.00 1207257
20040507 301.42 303.62 298.49 299.96 1356807
20040510 298.98 302.40 284.58 288.73 2116541
20040511 290.93 291.90 287.75 290.68 1383131
20040512 296.78 296.78 287.02 288.49 534897
20040513 287.27 292.88 285.80 286.04 1075632
20040514 288.97 291.90 287.02 287.27 850385
20040517 288.00 289.46 284.82 287.51 1032816
20040518 291.66 291.66 286.04 287.27 1107181
20040519 288.97 289.46 283.36 283.36 1511683
20040520 283.12 285.80 280.43 283.36 1631937
20040521 281.41 286.29 281.41 285.56 548827
20040524 282.14 288.00 282.14 285.31 891256
20040525 288.00 288.00 281.16 285.80 1848682
20040526 285.07 292.88 285.07 288.97 1397267
20040527 297.76 303.62 286.04 299.47 3680567
20040528 299.71 299.71 293.12 294.83 1808222
20040531 294.83 294.83 294.83 294.83 0
20040601 294.83 302.64 292.88 295.32 1480749
20040602 300.20 302.40 293.61 299.71 2363196
20040603 302.64 304.59 297.03 298.49 1190048
20040604 285.07 302.40 285.07 300.69 1430660
20040607 298.98 300.93 296.05 298.25 1730784
20040608 302.64 302.64 298.74 299.71 1085568
20040609 301.91 310.21 301.91 308.74 2495640
20040610 304.59 311.43 304.59 311.43 1586253
20040611 311.43 316.31 311.18 315.33 1360289
20040614 313.87 315.82 312.40 313.87 1461799
20040615 316.07 317.04 312.89 315.33 1594755
20040616 314.36 322.17 314.36 321.68 2366064
20040617 320.95 322.90 317.77 319.24 1722384
20040618 314.36 316.80 308.25 315.82 3435038
20040621 315.33 326.80 315.33 322.17 3073353
20040622 322.17 331.44 320.21 330.22 4290341
20040623 330.46 334.13 320.70 324.61 5018117
20040624 320.21 320.21 311.43 312.16 5761462
20040625 314.11 314.36 302.64 312.89 2601451
20040628 314.36 317.53 312.40 315.82 1770835
20040629 314.36 318.26 314.36 317.29 2285553
20040630 318.75 323.39 317.77 322.17 4724548
20040701 326.07 329.98 322.17 323.39 2585062
20040702 325.10 325.58 317.29 320.95 2068808
20040705 321.68 325.34 320.70 322.17 1731296
20040706 322.65 322.65 319.73 321.19 1053200
20040707 312.40 312.40 304.84 305.57 2413797
20040708 308.25 308.25 301.67 302.64 2393413
20040709 302.64 302.64 298.49 299.22 3982944
20040712 298.74 298.74 294.10 294.34 2493488
20040713 295.81 297.52 294.83 295.81 2320994
20040714 296.54 297.76 290.44 297.76 1951216
20040715 299.22 302.40 298.49 300.69 2419021
20040716 301.67 306.79 300.20 305.57 2686777
20040719 311.43 311.43 302.64 304.35 1497855
20040720 312.40 312.40 304.59 305.57 1796852
20040721 307.03 307.03 300.69 301.67 1436089
20040722 295.81 302.40 295.81 300.20 986824
20040723 299.22 302.64 299.22 300.44 680144
20040726 302.64 302.64 297.03 297.03 951178
20040727 297.76 301.67 296.54 300.20 1038142
20040728 305.57 318.75 304.59 312.40 5103544
20040729 313.38 319.24 312.40 318.26 2530569
20040730 315.09 321.19 315.09 320.21 2104351
20040802 320.21 320.21 315.33 317.77 1219958
20040803 316.31 324.12 316.31 324.12 2256257
20040804 323.14 323.14 312.40 316.80 1445820
20040805 316.80 319.24 316.07 318.26 1303952
20040806 310.45 319.48 310.45 315.58 1116093
20040809 302.64 317.29 302.64 314.11 1741129
20040810 314.36 318.26 314.11 317.29 1702718
20040811 319.48 319.48 313.62 314.84 699606
20040812 315.58 317.77 315.58 316.55 936428
20040813 320.95 326.80 313.62 325.34 2257179
20040816 325.10 327.05 323.14 327.05 2076388
20040817 327.05 328.02 324.12 326.07 1337549
20040818 320.21 329.49 320.21 329.49 982932
20040819 330.46 334.86 325.10 327.29 1266052
20040820 327.29 329.98 324.12 329.24 1686943
20040823 327.05 334.37 327.05 329.73 976991
20040824 329.98 332.66 327.78 330.95 829182
20040825 332.17 334.86 330.46 334.37 1251609
20040826 333.39 337.54 332.66 336.81 1299650
20040827 337.79 339.25 332.17 337.54 1216373
20040830 337.54 337.54 337.54 337.54 0
20040831 335.83 349.50 335.83 349.50 2445653
20040901 345.35 351.45 343.16 349.01 3295219
20040902 351.21 352.43 348.53 351.21 1343388
20040903 348.53 354.63 348.04 349.01 1634293
20040906 351.21 352.67 349.75 352.19 706777
20040907 352.43 354.63 349.99 350.97 1022368
20040908 351.45 351.70 348.53 350.48 1501645
20040909 349.50 354.38 349.01 354.14 2267627
20040910 347.55 347.06 343.40 347.06 3218601
20040913 346.09 349.26 335.10 347.06 1599672
20040914 347.55 348.53 341.20 342.18 3041906
20040915 341.69 349.26 338.76 345.84 2680323
20040916 345.84 346.09 340.96 341.69 1019397
20040917 342.67 344.86 342.42 344.13 1132174
20040920 344.13 347.06 341.45 347.06 1763357
20040921 346.57 354.38 346.57 349.01 2571234
20040922 349.50 356.34 349.50 356.34 2515204
20040923 359.26 364.15 351.45 358.04 5432247
20040924 357.56 366.10 356.34 366.10 2867158
20040927 361.22 370.25 353.90 368.78 3829400
20040928 367.07 371.96 367.07 369.03 1695752
20040929 370.74 375.86 368.30 374.88 2420865
20040930 376.59 380.25 375.13 376.84 2814406
20041001 378.06 379.77 374.64 378.79 1367152
20041004 382.94 391.48 377.57 384.65 1961664
20041005 385.62 388.55 379.77 384.16 2912331
20041006 383.67 385.87 382.21 383.18 1304054
20041007 387.82 388.55 383.67 387.82 1937286
20041008 389.53 391.73 385.38 388.55 1349739
20041011 390.26 394.41 387.82 393.19 1928374
20041012 393.92 393.92 386.11 390.99 2016363
20041013 392.46 395.39 388.06 392.46 2477407
20041014 387.58 393.92 387.58 390.99 1255297
20041015 391.97 394.41 389.28 393.43 926287
20041018 393.43 396.36 390.99 396.12 937759
20041019 393.68 401.00 393.68 399.78 1921306
20041020 398.80 399.29 390.75 392.46 2679402
20041021 390.51 403.20 390.51 402.71 2247551
20041022 405.15 405.15 402.22 403.44 1010998
20041025 403.44 403.68 396.85 402.46 980473
20041026 400.51 405.64 399.29 405.15 1310815
20041027 404.17 414.18 404.17 411.01 1720438
20041028 412.47 415.40 412.47 413.45 1650785
20041029 415.40 417.60 406.86 414.18 908567
20041101 416.13 424.43 413.69 421.01 1902766
20041102 423.70 432.97 415.89 427.85 4092956
20041103 428.82 436.15 427.60 431.02 2789413
20041104 429.07 447.62 423.21 436.63 6587571
20041105 439.32 453.96 438.34 452.01 4562194
20041108 448.10 453.72 443.96 444.44 1846634
20041109 445.18 445.18 435.41 438.59 3068334
20041110 440.05 445.91 437.61 444.20 2271520
20041111 447.62 452.74 444.20 451.03 2278382
20041112 453.47 454.69 450.06 453.23 2451184
20041115 453.96 454.94 451.03 454.45 1233786
20041116 454.69 462.26 452.74 462.26 1925301
20041117 462.26 470.56 462.02 467.63 3480108
20041118 467.63 471.78 463.72 469.63 1464974
20041119 470.31 470.56 468.36 468.61 1044595
20041122 467.39 472.27 462.50 472.27 1920999
20041123 472.27 476.42 470.56 472.76 1700157
20041124 473.00 476.90 471.53 471.53 1090587
20041125 473.49 479.83 471.78 478.61 1267486
20041126 479.59 485.20 478.12 482.27 1165260
20041129 480.81 485.20 483.25 483.25 1411403
20041130 483.74 487.16 477.15 480.57 1943841
20041201 477.88 478.37 460.80 462.75 3524564
20041202 462.99 469.34 460.80 468.61 1811705
20041203 464.95 469.83 464.46 469.34 1159831
20041206 468.61 474.71 466.17 474.22 1776366
20041207 476.42 477.39 469.34 471.29 2794022
20041208 471.29 471.29 461.28 463.72 4040306
20041209 442.25 450.79 432.48 448.59 7983098
20041210 449.32 454.21 447.13 451.52 2111009
20041213 453.96 453.96 446.15 449.32 2412670
20041214 449.32 453.72 447.13 452.74 2544909
20041215 451.03 455.67 451.03 455.18 1198243
20041216 455.91 458.11 449.57 458.11 1988706
20041217 458.11 469.83 446.40 469.83 8415666
20041220 464.46 468.61 464.46 464.95 2298971
20041221 464.70 464.70 460.80 463.72 1539544
20041222 463.72 463.72 458.36 461.77 2537022
20041223 463.24 463.48 459.58 461.77 1341544
20041224 459.82 463.72 459.82 462.99 237128
20041227 462.99 462.99 462.99 462.99 0
20041228 462.99 462.99 462.99 462.99 0
20041229 463.72 473.24 461.28 464.21 1025134
20041230 464.21 465.19 459.82 462.75 742628
20041231 459.82 465.43 459.82 461.53 119537
20050103 461.53 461.53 461.53 461.53 0
20050104 454.69 459.82 444.69 448.84 3665714
20050105 442.25 448.35 440.78 443.22 4435794
20050106 443.22 443.96 440.05 440.54 3292966
20050107 442.25 442.49 439.07 439.81 2317819
20050110 440.78 443.71 434.92 443.22 1658672
20050111 445.66 449.32 441.76 448.10 1661335
20050112 450.55 456.89 449.32 455.67 2410314
20050113 457.13 460.55 432.73 458.11 1817441
20050114 459.82 463.48 458.11 462.26 1261340
20050117 463.72 463.72 458.84 463.72 1159626
20050118 463.72 463.97 460.31 462.99 1185541
20050119 463.72 464.70 455.43 458.60 2857018
20050120 459.58 459.58 449.57 456.65 1326077
20050121 452.25 455.67 450.30 450.55 1043674
20050124 451.03 451.03 445.18 446.15 1290226
20050125 445.18 452.50 442.49 450.55 2034493
20050126 449.32 452.25 444.69 445.42 1198448
20050127 446.15 449.81 441.03 442.74 1151841
20050128 443.22 446.88 431.26 434.44 2634229
20050131 435.41 435.41 425.89 429.56 5010127
20050201 428.09 435.41 428.09 434.44 2619991
20050202 434.44 444.69 434.44 441.03 1763664
20050203 441.76 453.72 441.51 451.52 1864150
20050204 450.55 460.55 450.30 456.89 2879962
20050207 457.13 492.04 456.16 489.11 5221546
20050208 482.27 487.40 475.44 483.74 6090779
20050209 484.47 484.47 473.73 476.90 3946274
20050210 479.10 483.74 477.88 483.25 2691079
20050211 483.25 495.21 483.01 487.64 3142187
20050214 488.13 488.13 483.74 484.71 920039
20050215 489.11 494.97 489.11 493.99 2113058
20050216 493.01 493.74 489.11 493.01 1254785
20050217 492.04 495.45 490.33 494.97 869438
20050218 494.72 501.31 494.72 501.31 2004993
20050221 502.29 503.26 491.55 493.99 1182366
20050222 493.74 507.41 493.74 501.80 1749221
20050223 499.60 503.51 495.45 498.63 1040089
20050224 497.41 503.26 497.41 501.55 1670657
20050225 503.26 503.26 500.58 503.02 898323
20050228 502.78 514.25 500.82 509.12 2551362
20050301 510.59 512.78 503.26 507.17 1518341
20050302 508.63 508.63 498.14 506.19 1207974
20050303 506.68 507.66 502.04 504.00 1594448
20050304 504.00 511.07 498.87 507.17 2402837
20050307 505.70 508.63 502.78 506.68 1190355
20050308 504.73 508.39 504.73 507.41 1278344
20050309 506.19 507.41 502.04 504.73 1028616
20050310 505.70 523.03 503.26 522.06 3121803
20050311 521.57 522.30 509.85 517.66 1615753
20050314 519.86 523.03 517.18 518.40 1219753
20050315 516.93 522.06 515.71 517.18 420071
20050316 519.62 527.91 519.13 522.54 1443976
20050317 524.25 524.25 517.91 523.03 972689
20050318 524.74 535.72 519.62 532.06 2512950
20050321 534.99 534.99 525.23 533.53 1227948
20050322 531.58 535.48 522.30 533.04 2621118
20050323 523.76 527.18 520.35 524.74 2046887
20050324 524.74 535.48 522.79 527.67 1314093
20050325 527.67 527.67 527.67 527.67 0
20050328 527.67 527.67 527.67 527.67 0
20050329 530.60 538.41 524.25 536.46 3507867
20050330 533.04 533.04 513.03 514.98 4357126
20050331 514.98 524.74 512.54 518.88 3200470
20050401 516.44 525.23 512.54 520.84 1693601
20050404 521.81 524.74 515.95 516.93 2204734
20050405 521.32 521.32 509.61 510.10 2990076
20050406 510.59 519.86 510.59 514.98 2171854
20050407 513.03 517.42 495.94 500.33 4314105
20050408 502.78 506.68 499.36 500.33 2484475
20050411 501.80 505.22 498.38 500.82 984878
20050412 498.87 502.29 491.55 493.50 2199100
20050413 497.89 502.29 496.92 498.38 1915775
20050414 496.92 502.78 496.92 501.80 1302928
20050415 500.33 504.24 490.57 495.94 2198896
20050418 490.08 490.08 478.37 483.74 2578609
20050419 483.74 483.74 470.07 478.37 2584550
20050420 478.86 484.23 478.86 479.83 1257448
20050421 476.42 481.79 472.02 474.95 2035313
20050422 476.90 479.34 471.05 472.51 1960640
20050425 473.49 482.27 471.05 481.30 1603462
20050426 480.32 480.32 471.05 472.02 2493079
20050427 473.49 473.49 455.43 457.87 1968118
20050428 454.45 463.72 433.46 442.74 6579991
20050429 440.29 461.77 440.29 453.96 2962317
20050502 453.96 453.96 453.96 453.96 0
20050503 456.40 473.49 454.45 466.17 2346294
20050504 468.12 473.49 457.38 458.84 2192340
20050505 459.82 470.07 455.43 464.70 1424104
20050506 466.65 468.61 457.87 459.82 1189843
20050509 452.99 463.72 433.46 457.87 1192814
20050510 461.28 473.00 458.84 472.51 1506459
20050511 470.07 477.39 466.17 469.58 2733485
20050512 472.02 479.34 467.14 476.42 2302249
20050513 475.44 477.88 465.19 467.63 826109
20050516 468.12 475.93 466.65 472.02 690592
20050517 469.09 474.46 460.31 465.68 1244132
20050518 471.05 471.05 464.70 467.14 890948
20050519 464.21 465.68 456.89 456.89 1880743
20050520 459.33 466.65 434.92 459.33 1557265
20050523 455.43 462.75 454.94 459.82 555690
20050524 460.31 460.31 447.62 452.99 1887811
20050525 453.96 453.96 446.64 449.08 1534525
20050526 451.52 462.75 445.18 460.31 2029167
20050527 459.33 471.05 454.45 459.82 1995467
20050530 459.82 459.82 459.82 459.82 0
20050531 457.38 465.68 455.43 462.26 2688211
20050601 464.21 475.44 461.77 473.49 1762947
20050602 473.49 476.90 445.66 454.45 4193031
20050603 454.45 454.45 454.45 454.45 0
20050606 460.31 476.42 458.84 468.61 3070280
20050607 468.61 471.53 459.33 463.72 1511478
20050608 466.17 468.61 460.80 465.19 1145388
20050609 466.17 471.05 463.24 469.58 974225
20050610 469.58 473.00 467.14 470.07 978835
20050613 470.56 477.39 463.72 476.42 1392350
20050614 474.46 481.79 471.53 474.46 956095
20050615 479.83 479.83 470.07 471.05 1706098
20050616 477.88 477.88 469.09 476.42 856122
20050617 477.88 489.60 473.98 474.95 2248063
20050620 475.44 482.27 470.56 472.51 1249458
20050621 472.51 473.24 463.48 467.39 2382760
20050622 467.63 468.61 462.99 465.68 1922638
20050623 458.84 473.98 444.44 468.61 5471990
20050624 464.21 467.63 458.11 458.84 2290982
20050627 460.31 466.17 455.43 458.60 2088884
20050628 457.38 459.82 454.69 459.82 1612578
20050629 461.77 464.46 455.18 462.02 2262096
20050630 463.24 466.17 460.06 465.68 1916902
20050701 463.72 474.46 462.26 466.90 1761718
20050704 468.36 470.31 466.65 467.39 596151
20050705 464.70 468.36 461.28 463.72 2231674
20050706 452.01 461.04 449.08 453.47 1902561
20050707 453.72 459.82 430.78 452.50 2456408
20050708 457.38 457.38 439.56 443.22 2749260
20050711 449.57 450.06 442.98 445.66 1660004
20050712 447.86 448.84 439.81 441.27 1724228
20050713 444.20 450.55 443.96 444.93 1758235
20050714 448.59 452.25 441.76 443.71 2115824
20050715 443.71 453.72 443.71 449.57 6005044
20050718 452.74 452.99 427.11 442.98 2736046
20050719 446.64 449.81 437.37 439.56 3436985
20050720 442.25 449.57 440.78 446.40 3383311
20050721 450.30 451.77 445.42 450.06 3914725
20050722 451.77 451.77 447.37 450.79 4192929
20050725 452.01 452.01 448.35 448.35 3866172
20050726 444.69 451.77 442.49 448.84 3843228
20050727 450.55 456.65 449.08 452.01 3102443
20050728 449.32 459.33 449.32 455.67 6610926
20050729 457.87 459.09 446.88 452.50 8109600
20050801 454.69 457.62 442.74 448.84 3213172
20050802 449.32 451.77 444.69 446.15 4034979
20050803 444.20 448.35 444.20 444.69 6453284
20050804 442.00 451.28 442.00 445.42 6570875
20050805 441.76 450.55 441.27 444.20 3925685
20050808 446.88 447.62 443.22 445.91 13617750
20050809 444.69 446.15 441.27 446.15 1668403
20050810 448.10 452.99 446.64 451.28 1691860
20050811 447.86 455.91 444.69 454.45 3004314
20050812 457.62 457.62 447.37 453.96 2301634
20050815 459.33 459.33 446.64 446.88 2567649
20050816 450.55 450.55 442.74 444.44 4743805
20050817 441.27 450.06 441.27 445.91 6700144
20050818 444.20 451.77 442.25 444.20 9188818
20050819 443.22 446.64 442.74 445.42 7105158
20050822 447.37 450.55 444.93 446.15 1541593
20050823 443.96 447.62 443.96 445.91 511952
20050824 447.13 448.10 444.20 444.20 2287089
20050825 440.78 444.44 440.78 443.22 1933086
20050826 441.27 458.60 441.27 443.71 1574678
20050829 443.71 443.71 443.71 443.71 0
20050830 448.10 448.10 444.20 444.20 1439776
20050831 445.18 455.43 445.18 449.57 6123659
20050901 444.20 452.99 442.00 451.28 4323017
20050902 448.84 452.74 446.88 447.62 2650209
20050905 450.06 450.06 441.76 442.25 2729388
20050906 444.44 446.40 441.27 444.20 5570120
20050907 447.37 451.77 444.44 451.77 1873881
20050908 452.50 454.45 446.40 448.10 2282787
20050909 450.30 450.55 445.18 447.86 2059896
20050912 449.08 449.08 443.22 445.91 4730387
20050913 444.44 446.88 443.22 445.18 4319432
20050914 447.37 448.84 445.18 448.35 1073379
20050915 448.35 448.35 444.20 447.13 1701591
20050916 445.18 447.13 444.44 445.42 2135491
20050919 444.44 449.57 444.20 447.37 515435
20050920 446.15 447.62 442.74 443.71 3510223
20050921 440.78 445.66 440.78 444.20 6686725
20050922 443.96 456.65 443.96 450.79 7897875
20050923 451.03 453.96 446.15 450.55 3741513
20050926 449.81 457.87 445.66 455.43 3303107
20050927 452.74 463.72 451.28 460.31 3963585
20050928 463.97 463.97 452.01 460.06 3386793
20050929 454.45 465.92 444.93 447.13 9312453
20050930 448.84 450.79 440.78 443.47 6340302
20051003 442.49 448.35 440.54 447.13 3553961
20051004 449.08 451.52 445.18 449.81 1657955
20051005 448.59 453.72 445.66 450.06 2617431
20051006 446.40 450.06 446.15 449.08 5967964
20051007 449.08 449.08 445.18 447.62 3961536
20051010 447.13 450.06 447.13 448.84 3171687
20051011 450.06 466.90 448.10 464.46 12509646
20051012 459.82 464.21 455.18 457.13 5829988
20051013 457.38 463.48 455.18 457.87 6125196
20051014 459.58 462.75 444.20 448.10 3776647
20051017 449.08 456.16 444.93 452.50 3250969
20051018 453.23 457.38 447.86 456.16 3137577
20051019 452.99 455.91 449.08 455.43 5794547
20051020 459.58 459.58 452.25 455.43 1472759
20051021 453.96 453.96 444.20 445.66 3519544
20051024 444.44 447.62 441.76 445.18 3390583
20051025 447.37 448.59 438.34 439.07 3029000
20051026 439.32 448.10 435.17 448.10 2689952
20051027 445.42 448.10 440.29 443.47 5623691
20051028 443.96 446.15 439.07 442.49 3230790
20051031 444.69 455.43 444.20 452.50 2843292
20051101 450.30 456.40 449.81 455.91 1882690
20051102 452.99 459.82 452.99 459.82 3801641
20051103 467.63 493.99 465.43 487.89 13154452
20051104 484.23 487.64 478.12 478.37 5735751
20051107 483.25 486.42 475.68 484.23 2935070
20051108 482.76 491.79 472.51 473.49 4210650
20051109 476.66 493.01 471.53 484.23 7544076
20051110 486.67 488.62 478.61 488.13 3425103
20051111 493.50 495.21 489.11 492.04 1816724
20051114 468.61 492.77 468.61 489.11 2446677
20051115 490.08 493.50 485.69 491.06 4517022
20051116 493.50 493.74 482.76 485.69 4052598
20051117 488.13 491.30 485.20 488.86 5436447
20051118 489.11 494.97 488.86 494.97 5562642
20051121 494.97 502.53 492.52 501.55 3006158
20051122 504.24 507.66 498.38 507.41 5529147
20051123 510.59 515.95 508.14 512.78 4134338
20051124 516.69 516.69 510.34 514.25 1541183
20051125 527.18 559.40 527.18 553.54 10251442
20051128 553.54 553.54 543.78 543.78 10103736
20051129 546.71 546.71 538.41 541.09 6813125
20051130 536.94 538.16 531.82 535.48 8441683
20051201 539.14 549.39 534.02 547.44 5078859
20051202 550.61 564.04 548.42 562.82 10968770
20051205 561.35 574.53 560.86 570.38 6171290
20051206 572.09 575.99 569.89 573.07 3225669
20051207 569.65 573.07 563.06 565.74 5924328
20051208 563.30 563.30 551.10 554.03 10953200
20051209 551.59 559.64 551.59 557.45 5083058
20051212 559.40 564.28 556.47 557.93 4397689
20051213 556.96 558.42 553.30 554.27 6152955
20051214 554.52 559.15 548.66 551.10 3679747
20051215 550.61 554.27 549.15 550.86 2294362
20051216 548.17 558.18 548.17 554.03 2521452
20051219 556.47 556.47 546.22 550.12 995531
20051220 549.64 555.98 547.68 554.52 1086183
20051221 554.03 560.37 551.10 552.56 3109204
20051222 552.56 552.56 539.39 546.71 2181790
20051223 547.68 547.68 543.29 546.22 833587
20051226 546.22 546.22 546.22 546.22 0
20051227 546.22 546.22 546.22 546.22 0
20051228 565.74 565.74 547.68 555.98 1634089
20051229 550.61 559.40 548.17 555.98 1901230
20051230 549.15 556.47 542.80 549.64 1912805
20060102 549.64 549.64 549.64 549.64 0
20060103 553.05 560.37 549.15 557.45 2533846
20060104 559.89 566.72 548.17 565.74 2780706
20060105 564.28 577.95 563.30 567.70 7887631
20060106 571.11 571.11 558.91 562.33 2502810
20060109 566.72 569.16 556.47 559.40 2841038
20060110 556.47 567.21 555.98 565.74 4782217
20060111 565.74 574.53 565.26 574.53 3745918
20060112 575.99 604.79 556.47 558.42 26802624
20060113 562.33 570.14 547.68 552.08 11524665
20060116 536.94 558.42 536.94 555.98 5904046
20060117 557.45 557.93 544.27 556.96 3195861
20060118 552.08 560.37 549.64 559.40 3368356
20060119 562.33 570.63 559.40 568.67 6177846
20060120 564.77 580.88 562.82 573.07 7646610
20060123 571.60 573.07 567.21 572.09 3496292
20060124 568.18 582.34 568.18 577.95 6286833
20060125 577.95 577.95 566.72 577.46 3694088
20060126 577.95 586.25 572.09 575.02 2793100
20060127 572.09 573.55 549.15 559.89 9360391
20060130 554.52 559.89 548.66 549.15 7708786
20060131 549.15 562.33 536.46 562.33 9092226
20060201 558.91 574.04 556.47 567.70 6022662
20060202 563.79 573.55 563.79 570.63 7238011
20060203 573.55 575.51 569.65 573.07 2735944
20060206 569.65 578.92 547.68 573.55 4032931
20060207 573.55 576.48 566.72 575.99 3854598
20060208 567.21 576.97 567.21 573.55 2901985
20060209 572.09 577.46 570.14 576.97 3628736
20060210 571.11 578.92 571.11 577.46 3320930
20060213 576.97 605.28 575.02 601.87 7563846
20060214 595.52 600.40 583.81 589.66 12654484
20060215 588.69 588.69 581.36 582.34 6389776
20060216 580.88 585.76 570.63 572.58 11238472
20060217 575.02 578.44 567.70 575.51 2700912
20060220 572.09 577.46 571.11 575.02 584678
20060221 577.46 577.46 573.07 575.02 954149
20060222 572.09 583.81 572.09 581.85 2943367
20060223 584.29 584.78 578.92 582.83 2096362
20060224 586.73 586.73 575.51 583.32 1881665
20060227 586.25 588.20 581.85 585.76 1731091
20060228 585.76 589.17 578.92 583.81 2845648
20060301 580.39 587.22 577.95 582.83 1962894
20060302 580.88 594.54 580.88 587.22 4684293
20060303 583.81 588.69 575.51 580.88 1264618
20060306 580.39 590.64 576.97 579.41 2922984
20060307 573.55 584.29 561.35 580.39 2012573
20060308 583.32 586.73 575.02 579.90 2483143
20060309 579.90 587.71 571.60 581.85 2292006
20060310 580.39 583.81 575.99 583.32 1861589
20060313 583.32 584.78 578.44 583.32 2801602
20060314 585.27 586.73 584.29 585.76 1616982
20060315 584.29 590.15 569.16 587.71 5478853
20060316 587.71 592.59 585.76 590.64 2762166
20060317 587.22 596.98 585.76 587.22 9459545
20060320 590.64 590.64 581.36 582.34 4015927
20060321 584.78 584.78 577.95 580.39 4463348
20060322 582.34 585.76 578.44 582.83 6811999
20060323 582.83 584.78 575.51 581.85 5013098
20060324 578.92 583.81 573.07 575.99 4216386
20060327 578.92 580.39 575.51 576.97 5579953
20060328 575.02 578.92 567.70 572.09 3661617
20060329 569.16 569.16 547.20 561.84 7655112
20060330 564.28 566.23 553.05 565.26 6738863
20060331 563.30 563.30 551.59 557.45 3350123
20060403 556.96 564.77 554.03 561.84 2562220
20060404 552.08 554.52 541.83 551.10 10534460
20060405 556.47 561.35 550.12 553.05 6709362
20060406 555.49 555.49 549.64 552.08 4797070
20060407 554.52 556.47 548.17 551.59 3366819
20060410 548.17 563.30 548.17 562.33 4112008
20060411 558.91 558.91 547.20 549.15 3283440
20060412 546.71 551.10 542.31 544.27 2685855
20060413 542.31 554.52 542.31 552.56 4258895
20060414 552.56 552.56 552.56 552.56 0
20060417 552.56 552.56 552.56 552.56 0
20060418 550.61 557.93 540.85 542.31 4123890
20060419 539.87 542.31 535.48 541.83 5854572
20060420 539.87 543.78 536.94 540.85 2809592
20060421 539.87 545.73 538.90 544.75 1442747
20060424 544.75 545.24 537.43 540.85 2461223
20060425 541.83 549.15 537.92 545.24 5655343
20060426 546.22 553.54 544.27 545.73 7509250
20060427 543.78 551.10 541.34 548.17 2435410
20060428 546.71 547.68 538.90 541.83 3137987
20060501 541.83 541.83 541.83 541.83 0
20060502 537.92 550.61 536.94 549.64 3897824
20060503 551.59 560.37 549.64 553.54 7881178
20060504 552.56 558.91 547.68 551.10 2070754
20060505 551.10 557.45 548.66 556.47 3370507
20060508 557.93 559.40 549.64 551.10 5773446
20060509 551.59 558.42 551.59 555.98 8499762
20060510 553.54 574.04 553.54 567.21 13954851
20060511 567.21 570.14 563.30 565.26 6721142
20060512 561.35 565.74 555.49 556.96 6281609
20060515 555.49 559.37 523.79 548.17 3398266
20060516 548.17 550.12 541.83 548.66 4056490
20060517 546.71 557.45 537.43 536.94 5277883
20060518 537.43 538.41 525.72 533.53 6467727
20060519 533.04 537.92 527.59 533.53 7807428
20060522 531.58 534.99 523.28 523.76 2774560
20060523 523.76 530.60 523.46 528.65 5195733
20060524 525.23 537.40 519.47 521.32 5359316
20060525 536.94 553.54 537.48 550.61 19564510
20060526 552.08 560.42 545.27 549.64 8604549
20060529 549.64 549.64 549.64 549.64 0
20060530 550.12 554.49 543.18 552.08 8042405
20060531 551.59 560.37 551.59 557.45 9158294
20060601 556.47 563.00 556.47 561.35 8063711
20060602 559.89 563.94 556.96 558.91 8006964
20060605 558.91 563.71 556.73 560.86 3416601
20060606 556.47 556.47 548.17 548.17 6580504
20060607 548.17 551.00 545.83 548.66 3697468
20060608 540.85 542.80 536.94 537.92 7230124
20060609 541.83 549.64 537.92 549.64 3636214
20060612 548.17 557.45 542.97 554.52 10248369
20060613 544.75 557.11 544.75 553.05 8041381
20060614 552.56 555.49 548.32 552.56 10838375
20060615 553.05 564.67 553.05 561.84 19624944
20060616 565.74 569.16 563.55 564.77 13140829
20060619 566.23 567.73 565.16 566.72 7543052
20060620 564.28 568.59 564.16 566.23 12735712
20060621 568.18 567.11 564.31 566.23 5695393
20060622 570.14 578.51 572.09 577.46 11217678
20060623 576.97 580.05 575.16 578.92 11569838
20060626 579.90 578.54 574.11 576.97 3314579
20060627 576.97 586.73 575.66 579.90 7193351
20060628 580.00 596.93 575.03 589.50 7776700
20060629 593.00 599.00 589.50 594.50 4126200
20060630 600.50 608.50 597.50 605.50 6551500
20060703 608.00 624.00 605.00 623.00 9913600
20060704 623.00 624.00 619.00 623.00 6911800
20060705 620.00 626.50 619.00 625.00 4439900
20060706 628.00 629.00 622.50 625.00 3358200
20060707 621.00 633.00 621.00 629.00 8430100
20060710 629.00 641.50 627.50 640.50 11268300
20060711 639.50 640.50 635.00 638.00 11289200
20060712 641.00 645.00 633.00 637.00 18173400
20060713 635.00 635.00 627.00 630.00 5327500
20060714 625.00 635.00 625.00 629.50 4841200
20060717 632.00 635.00 628.00 630.00 4422800
20060718 630.00 632.00 626.00 629.00 5551600
20060719 637.00 651.00 637.00 647.00 25344500
20060720 650.00 671.50 647.00 668.50 12100000
20060721 671.00 674.50 663.00 664.50 8592200
20060724 665.00 671.00 661.00 669.50 3871400
20060725 668.50 672.50 665.50 669.00 3393600
20060726 670.00 673.00 662.00 664.00 7615200
20060727 664.50 671.50 660.00 665.50 9200400
20060728 665.50 668.50 663.00 667.00 4879700
20060731 690.00 706.00 682.00 685.00 7621700
20060801 689.00 697.50 679.50 692.00 6425100
20060802 691.00 702.00 688.50 694.00 4790800
20060803 694.00 694.00 694.00 694.00 0
20060804 689.50 689.50 681.50 683.00 2098800
20060807 679.50 685.50 675.00 683.00 2574700
20060808 689.00 689.50 682.50 684.00 2474200
20060809 689.00 692.50 682.00 688.00 2618400
20060810 684.00 684.50 673.50 680.50 2203200
20060811 681.50 689.00 681.50 689.00 2972000
20060814 696.50 696.50 688.50 691.50 2254100
20060815 692.50 694.00 688.00 692.00 2207200
20060816 696.50 710.00 696.50 701.50 5905400
20060817 705.50 707.00 692.00 695.00 3333500
20060818 694.50 706.00 690.50 701.00 3432700
20060821 703.50 703.50 697.00 702.00 1945400
20060822 709.50 710.00 698.50 704.00 2429600
20060823 704.00 714.50 700.00 711.00 6259000
20060824 715.00 732.00 712.50 726.50 6884700
20060825 725.00 732.50 724.00 730.50 4037000
20060828 730.50 730.50 730.50 730.50 0
20060829 730.50 745.50 724.00 744.00 9633100
20060830 742.00 748.50 734.00 745.00 4171100
20060831 745.00 746.50 732.50 732.50 3220600
20060901 731.00 743.00 731.00 737.00 3028700
20060904 735.50 743.00 734.00 738.50 1230200
20060905 740.00 740.00 732.00 737.00 1213400
20060906 740.00 740.00 720.50 723.50 5036400
20060907 725.50 725.50 714.00 720.00 6295300
20060908 725.00 725.50 718.00 719.00 2855600
20060911 715.50 721.00 715.00 719.50 3156000
20060912 720.00 726.50 718.00 723.50 4719800
20060913 725.50 732.50 719.50 730.00 5270400
20060914 728.50 746.50 728.00 733.00 6237300
20060915 737.00 740.00 733.00 734.50 3882300
20060918 734.50 747.00 734.00 738.50 3307300
20060919 740.00 744.50 731.00 733.50 5138600
20060920 736.50 742.50 731.00 742.00 4931900
20060921 745.00 745.00 734.00 738.00 7604400
20060922 731.00 740.50 726.00 735.50 1511300
20060925 744.00 744.00 738.50 739.00 3520700
20060926 744.50 745.50 736.50 740.50 3930600
20060927 740.50 744.50 726.50 727.50 7965500
20060928 725.50 730.50 721.00 729.50 13115800
20060929 734.50 736.00 690.50 719.50 9382600
20061002 724.00 740.00 724.00 730.50 6659600
20061003 734.00 734.00 712.00 723.00 5869000
20061004 735.00 772.50 731.00 767.00 12430500
20061005 765.00 773.00 760.00 766.00 5618700
20061006 772.00 779.50 766.50 774.00 5165400
20061009 764.50 778.50 764.50 773.00 3074800
20061010 780.00 780.00 768.00 770.00 3723800
20061011 773.50 775.00 764.00 773.50 2363200
20061012 775.00 775.00 757.00 767.50 3387900
20061013 763.50 765.00 753.00 757.50 3659900
20061016 754.00 763.50 754.00 761.00 2671500
20061017 764.50 767.00 757.50 763.00 3383400
20061018 763.00 772.50 761.50 768.00 2270900
20061019 768.00 780.00 758.50 764.50 5134600
20061020 764.00 765.50 754.00 756.00 4793900
20061023 759.50 762.00 753.00 754.50 3278300
20061024 758.00 779.00 758.00 772.00 3285200
20061025 778.00 804.50 777.50 801.00 9428600
20061026 800.00 802.00 792.00 793.50 5774600
20061027 799.00 799.00 787.50 790.50 2963600
20061030 786.50 795.00 783.50 786.50 3300100
20061031 780.50 799.00 780.50 788.00 4445200
20061101 783.50 786.50 769.50 776.00 8490900
20061102 775.50 789.50 772.50 786.50 5553600
20061103 793.00 793.00 772.00 773.00 3702800
20061106 780.50 795.50 777.00 795.00 4298100
20061107 799.00 813.00 794.50 804.00 3388100
20061108 804.00 817.50 802.00 810.00 5970700
20061109 806.00 810.50 799.00 800.00 8643000
20061110 798.00 804.50 795.50 804.00 3782900
20061113 804.00 811.00 798.50 800.00 2607500
20061114 804.00 805.00 798.00 804.00 2975000
20061115 812.50 814.50 801.50 802.50 6591800
20061116 798.00 807.50 798.00 806.00 5836300
20061117 809.00 816.50 800.00 805.50 3589300
20061120 797.00 806.00 795.00 801.50 1898600
20061121 791.00 803.00 784.00 790.50 6357600
20061122 793.00 806.00 792.50 802.00 3901800
20061123 805.00 805.00 791.50 794.00 3189300
20061124 794.00 794.00 775.50 787.50 3989500
20061127 793.00 793.00 777.00 777.00 5190100
20061128 777.00 793.50 771.50 787.50 4773200
20061129 787.50 803.00 787.50 798.50 4758100
20061130 798.00 805.50 792.50 796.00 3437400
20061201 794.50 803.00 774.50 787.00 7042900
20061204 786.50 793.50 786.00 792.00 4491300
20061205 793.00 794.00 780.50 789.50 5581900
20061206 789.50 789.50 776.00 782.50 3737200
20061207 778.00 786.50 777.50 783.50 4159200
20061208 777.00 790.00 777.00 789.00 3245000
20061211 795.50 795.50 783.00 784.50 1757600
20061212 782.50 791.00 779.50 787.00 2398900
20061213 790.00 828.00 790.00 817.50 8150100
20061214 814.50 822.00 809.50 812.00 2871200
20061215 815.00 824.00 808.00 820.50 7174200
20061218 800.00 809.00 774.00 775.50 10021300
20061219 774.50 777.50 756.00 758.50 7852500
20061220 760.00 765.50 755.00 760.00 5924800
20061221 758.00 762.00 751.00 752.00 3724300
20061222 755.00 756.50 746.00 749.00 1381800
20061225 749.00 749.00 749.00 749.00 0
20061226 749.00 749.00 749.00 749.00 0
20061227 760.00 764.00 749.50 763.00 2100900
20061228 769.00 769.00 754.00 764.00 2850100
20061229 769.50 774.50 756.50 768.50 1594600
20070101 768.50 768.50 768.50 768.50 0
20070102 768.50 779.00 763.00 774.50 3179500
20070103 767.00 776.50 767.00 775.00 5909000
20070104 774.00 775.50 768.00 771.50 3514200
20070105 763.50 770.50 756.50 760.50 4850900
20070108 758.00 765.50 752.00 763.50 4094600
20070109 772.00 774.00 757.50 757.50 6778200
20070110 749.00 758.50 749.00 757.50 3901400
20070111 757.50 758.50 735.50 739.00 10250800
20070112 735.00 740.00 731.50 737.00 8494600
20070115 736.50 741.50 731.50 739.00 4298700
20070116 734.00 736.50 711.00 712.50 9619400
20070117 714.00 719.00 705.00 717.00 12153300
20070118 717.00 732.50 714.50 720.50 6411900
20070119 738.00 750.00 725.50 729.00 9378600
20070122 724.50 730.50 719.50 720.00 5252900
20070123 630.00 630.00 601.00 608.00 71438600
20070124 610.50 612.00 602.00 604.00 15681200
20070125 603.00 612.50 602.00 605.50 12290400
20070126 604.50 606.00 595.00 595.00 12552400
20070129 594.50 599.50 581.00 582.50 15387200
20070130 582.50 589.50 579.00 586.50 12590900
20070131 587.00 592.00 583.00 586.00 8753700
20070201 585.00 596.50 582.00 593.00 18033300
20070202 601.00 605.00 596.50 600.00 14129100
20070205 599.00 603.00 591.00 592.00 6993900
20070206 590.00 594.00 586.00 588.00 12464900
20070207 594.50 602.00 590.00 599.00 30207000
20070208 596.00 608.00 593.50 599.00 15164900
20070209 601.50 610.50 599.50 609.50 13141700
20070212 605.00 609.00 602.00 603.00 9680100
20070213 601.50 606.00 595.00 597.50 7847200
20070214 598.00 601.00 590.00 592.50 7814400
20070215 590.50 594.00 587.00 590.00 9156800
20070216 593.00 599.50 589.00 592.50 6875300
20070219 592.50 595.00 588.50 589.50 3276500
20070220 592.00 592.00 585.00 591.00 6678200
20070221 594.00 594.00 580.00 581.50 8648900
20070222 587.00 589.00 583.50 585.00 8796200
20070223 590.50 590.50 585.00 586.00 5820300
20070226 584.00 590.50 584.00 587.50 6388900
20070227 584.00 588.00 570.00 571.00 10521400
20070228 558.00 570.50 558.00 561.50 15174200
20070301 561.00 563.00 548.00 552.00 18564100
20070302 555.00 555.00 543.50 543.50 12737300
20070305 535.00 544.00 525.50 536.50 10031700
20070306 539.00 545.00 533.50 540.00 9990700
20070307 540.00 550.50 539.00 548.00 15025900
20070308 548.00 563.00 548.00 562.50 20479100
20070309 562.50 570.00 559.00 566.00 10996000
20070312 564.50 569.00 550.00 551.50 9937700
20070313 551.50 557.50 545.00 546.50 14246400
20070314 535.00 548.50 535.00 539.00 9108900
20070315 545.50 552.50 545.50 550.00 8989100
20070316 553.00 555.00 542.50 550.00 4549100
20070319 555.50 556.00 542.00 544.00 11316600
20070320 537.50 542.00 528.00 541.00 10271600
20070321 542.00 547.50 540.50 546.00 8854000
20070322 551.00 558.50 547.50 558.00 14597900
20070323 559.50 562.50 553.50 560.00 6887900
20070326 564.00 566.50 549.00 551.00 8940600
20070327 552.50 555.50 546.50 547.50 8466000
20070328 548.00 551.50 543.50 544.50 7648700
20070329 553.00 593.50 548.00 573.50 22796600
20070330 579.50 579.50 568.00 575.00 7412800
20070402 576.00 582.00 572.00 582.00 7650500
20070403 585.00 588.50 581.00 586.50 7353600
20070404 592.00 592.00 585.00 589.00 4304800
20070405 590.00 598.50 587.50 596.50 6041800
20070406 596.50 596.50 596.50 596.50 0
20070409 596.50 596.50 596.50 596.50 0
20070410 601.50 601.50 591.00 593.00 3958500
20070411 593.00 594.50 589.00 591.00 4128000
20070412 594.50 594.50 583.50 589.00 5010800
20070413 592.00 597.00 586.00 594.00 4596000
20070416 596.00 598.00 591.50 595.50 4543400
20070417 596.00 598.00 583.50 589.50 6473100
20070418 591.50 593.00 584.00 590.50 5309500
20070419 589.50 590.50 582.00 589.00 5118900
20070420 594.00 594.00 590.00 590.50 3825500
20070423 596.00 598.50 590.50 596.50 5145900
20070424 597.00 604.00 589.00 599.00 8499200
20070425 604.50 616.00 599.50 616.00 12730400
20070426 625.00 626.50 611.50 622.00 15748100
20070427 623.00 632.50 617.50 626.00 12463000
20070430 621.50 630.50 621.50 624.50 4829800
20070501 634.50 636.50 624.00 629.00 3665500
20070502 629.50 640.00 623.00 635.50 9953200
20070503 642.00 643.00 629.00 632.50 8501600
20070504 632.50 646.50 628.50 643.00 4091800
20070507 643.00 643.00 643.00 643.00 0
20070508 646.00 667.50 640.50 664.50 13938700
20070509 670.00 670.00 649.50 652.50 9017400
20070510 657.00 665.50 655.00 657.50 7007500
20070511 657.00 658.50 640.00 657.00 7569600
20070514 666.00 666.00 650.50 652.00 3166800
20070515 652.00 659.50 652.00 655.00 5791200
20070516 655.50 664.00 654.50 661.50 5562800
20070517 662.50 666.50 656.50 659.00 5795200
20070518 663.50 665.50 658.00 663.50 3171300
20070521 667.00 667.00 650.50 653.00 4884900
20070522 648.50 651.50 642.00 645.00 7158400
20070523 615.50 618.50 586.00 605.00 33327900
20070524 607.00 617.50 601.00 610.50 9242600
20070525 613.50 613.50 601.00 602.00 4249900
20070528 602.00 602.00 602.00 602.00 0
20070529 606.50 612.00 602.50 604.50 4087700
20070530 603.50 610.50 602.00 609.00 2626200
20070531 610.00 615.00 596.50 600.50 8577500
20070601 600.50 600.50 600.50 600.50 0
20070604 601.00 601.50 577.00 589.50 12342000
20070605 592.50 593.00 584.00 586.50 6391100
20070606 587.50 587.50 577.50 581.00 10032900
20070607 589.00 589.00 574.00 576.50 5220800
20070608 574.50 580.50 574.00 577.00 3691100
20070611 577.50 581.50 577.50 580.00 3517700
20070612 583.50 584.00 576.50 576.50 9287300
20070613 578.50 584.00 573.00 581.50 6931600
20070614 583.50 589.00 581.00 584.00 3367800
20070615 580.00 584.50 565.00 582.50 7891000
20070618 583.00 586.50 576.00 578.00 5135500
20070619 582.00 583.50 576.50 577.50 2831000
20070620 579.50 580.00 569.00 570.50 4619800
20070621 568.00 569.50 557.50 564.50 4904200
20070622 568.00 568.00 559.00 559.50 3385800
20070625 554.00 574.00 554.00 572.50 6009000
20070626 573.00 587.50 570.00 584.00 12538100
20070627 569.50 574.00 562.50 566.00 6589600
20070628 568.00 570.00 564.00 568.00 4658000
20070629 571.00 571.00 559.50 567.50 8629000
20070702 565.50 569.00 556.50 562.50 6860300
20070703 567.50 567.50 562.00 565.00 3130200
20070704 564.00 570.50 564.00 567.00 2243400
20070705 568.50 568.50 556.00 558.50 16025300
20070706 561.50 561.50 550.50 554.00 4693300
20070709 564.00 583.00 563.00 580.00 10689700
20070710 580.00 591.00 568.50 571.50 5926200
20070711 568.50 576.00 565.00 570.00 14164800
20070712 571.00 574.50 568.50 573.00 13192100
20070713 579.00 579.00 570.50 572.50 10187600
20070716 574.00 576.00 571.00 572.00 4432100
20070717 590.00 606.50 588.00 600.00 19521700
20070718 591.00 597.00 577.00 583.50 14500300
20070719 589.00 592.50 585.50 590.00 8954900
20070720 588.00 591.50 577.00 577.00 6830400
20070723 580.00 582.50 577.50 582.00 5815900
20070724 584.00 584.00 565.00 571.00 9400600
20070725 566.00 580.50 566.00 577.00 7817300
20070726 578.50 580.50 558.00 560.00 6959600
20070727 570.00 571.00 557.00 563.00 10764700
20070730 562.00 565.00 553.00 560.00 6166900
20070731 561.50 568.50 556.50 568.50 7252200
20070801 559.00 563.00 545.00 559.00 5377000
20070802 566.50 574.50 563.50 567.50 7190300
20070803 570.50 570.50 561.00 565.50 6296800
20070806 557.00 565.50 554.00 560.00 4066000
20070807 569.50 569.50 553.50 558.50 5796600
20070808 565.00 565.00 552.00 555.00 11101900
20070809 556.00 558.00 542.00 548.00 9266700
20070810 545.50 556.50 525.00 549.00 14402300
20070813 556.00 570.00 553.50 564.50 6431200
20070814 559.50 565.50 551.00 553.00 3112500
20070815 547.50 562.00 546.00 556.00 3572500
20070816 545.00 552.00 537.50 538.50 3306300
20070817 540.00 559.00 537.00 558.00 5537900
20070820 565.00 565.00 550.00 551.00 2640600
20070821 556.50 556.50 540.50 546.00 4402100
20070822 552.00 553.00 544.50 550.00 4390300
20070823 556.50 557.50 551.50 553.00 3844200
20070824 553.50 555.50 551.00 554.00 2566100
20070827 554.00 554.00 554.00 554.00 0
20070828 558.00 565.00 538.50 541.00 3628900
20070829 540.50 550.00 533.50 547.50 2342500
20070830 554.50 554.50 543.00 547.50 1770200
20070831 553.50 565.00 546.50 564.50 3425100
20070903 569.50 569.50 561.00 564.00 1699000
20070904 561.00 564.50 550.00 562.00 2528800
20070905 560.00 560.00 530.50 536.50 12275200
20070906 542.00 544.50 527.50 539.00 5291200
20070907 540.00 549.00 535.50 538.00 5101100
20070910 542.50 545.00 537.00 538.50 3090500
20070911 546.00 551.00 540.00 549.00 3356800
20070912 550.00 555.50 546.50 554.50 2051900
20070913 552.50 555.50 547.50 553.50 4058100
20070914 552.50 553.00 541.50 548.00 4449600
20070917 548.00 548.00 534.00 535.00 3981000
20070918 537.00 552.00 530.50 551.00 4098600
20070919 562.00 566.00 549.00 561.50 3737400
20070920 560.00 561.00 553.50 555.00 3603200
20070921 555.00 560.50 547.50 560.50 3924800
20070924 561.50 572.00 559.50 560.50 2318100
20070925 561.00 568.00 552.00 563.50 6151800
20070926 566.50 570.50 557.50 559.50 3553900
20070927 569.50 570.00 557.00 557.50 5459800
20070928 475.00 479.00 376.50 402.50 74941600
20071001 415.00 445.50 405.00 440.25 22958500
20071002 443.00 449.25 431.25 437.00 17553500
20071003 437.00 453.75 435.25 451.25 12047300
20071004 452.50 452.75 435.00 435.00 9689300
20071005 435.00 443.50 423.00 427.25 7496800
20071008 431.75 434.75 425.25 426.25 5010200
20071009 433.50 440.75 426.00 429.25 5852300
20071010 437.75 445.00 429.00 436.50 4200400
20071011 444.75 444.75 433.50 434.00 4034100
20071012 434.00 440.25 428.25 433.00 5119100
20071015 434.00 439.75 433.25 434.50 3580200
20071016 439.00 440.25 419.25 422.75 4653600
20071017 433.00 456.00 427.00 455.00 7608300
20071018 462.00 462.00 448.75 448.75 4123300
20071019 459.00 465.75 452.00 453.25 3735400
20071022 439.50 447.00 431.00 442.50 3161900
20071023 446.50 451.25 432.00 446.00 2430400
20071024 444.50 455.00 444.25 447.00 2957500
20071025 455.50 457.00 443.75 447.00 3747100
20071026 450.75 458.00 443.00 450.75 3197100
20071029 456.00 456.00 440.00 441.25 5087500
20071030 442.25 442.75 425.00 433.00 6605300
20071031 440.00 452.00 429.00 435.50 10447400
20071101 438.75 440.25 424.25 435.25 4981000
20071102 444.00 444.00 429.50 438.50 4451900
20071105 438.75 441.25 436.50 438.50 3458800
20071106 439.00 443.00 430.25 433.25 2937100
20071107 437.00 437.00 415.50 415.50 3699000
20071108 419.50 419.50 405.00 411.00 4343700
20071109 414.25 414.50 403.00 405.00 2707700
20071112 405.00 415.00 401.25 413.75 3313800
20071113 412.00 419.50 405.75 418.25 3551600
20071114 424.50 426.25 415.00 422.00 4223500
20071115 425.00 435.50 417.00 434.00 5972300
20071116 432.50 436.50 426.50 432.25 3509500
20071119 434.75 435.25 424.75 425.75 3017300
20071120 429.75 437.00 423.75 436.00 2901600
20071121 432.00 434.00 414.50 417.50 3968600
20071122 418.75 426.50 409.25 423.00 3092600
20071123 424.50 428.50 419.00 423.50 3176800
20071126 430.00 436.00 419.50 422.75 4117800
20071127 420.00 430.00 419.50 427.75 4587100
20071128 430.25 441.75 427.25 441.75 4898300
20071129 446.75 448.75 438.50 447.00 3726700
20071130 447.25 453.00 441.25 450.00 3879800
20071203 447.00 454.50 441.50 445.75 3903800
20071204 448.50 454.75 439.50 441.50 3038200
20071205 443.75 447.50 437.75 440.75 3477300
20071206 446.00 447.00 434.50 438.00 2599900
20071207 443.75 450.25 437.50 448.25 2192700
20071210 447.25 449.50 440.50 444.25 2890100
20071211 448.00 449.00 434.75 435.50 4067800
20071212 431.50 433.00 423.25 428.00 4687900
20071213 426.50 427.00 420.00 420.75 2927400
20071214 427.25 430.00 420.75 424.25 3337000
20071217 419.00 434.00 416.00 430.25 4173400
20071218 436.50 440.50 423.00 426.25 3908600
20071219 428.00 428.00 421.50 425.75 2910600
20071220 428.25 438.25 425.50 436.25 4040100
20071221 440.00 450.50 432.00 433.75 21003200
20071224 435.25 443.50 435.00 437.75 783200
20071225 437.75 437.75 437.75 437.75 0
20071226 437.75 437.75 437.75 437.75 0
20071227 442.75 442.75 435.00 439.00 2331200
20071228 437.00 441.00 434.00 438.75 1378000
20071231 444.25 446.50 441.75 445.00 766700
20080101 445.00 445.00 445.00 445.00 0
20080102 440.75 470.75 440.75 449.00 2827900
20080103 449.00 463.25 423.00 428.25 6517400
20080104 429.25 438.50 417.00 421.75 3644700
20080107 424.00 425.00 412.00 415.50 3189900
20080108 419.75 423.75 412.50 420.75 3586500
20080109 418.00 441.00 415.25 437.25 6005600
20080110 442.75 453.75 432.75 449.75 6798100
20080111 452.00 469.25 440.25 466.50 8863800
20080114 465.00 479.50 459.75 470.00 7950900
20080115 469.75 487.25 467.50 482.00 8198800
20080116 480.00 492.50 472.00 490.00 8008600
20080117 490.25 507.00 486.00 486.00 5372200
20080118 479.00 499.00 479.00 488.25 4546400
20080121 474.00 485.00 471.00 471.25 4423600
20080122 461.75 475.00 434.50 472.25 6033700
20080123 480.00 483.00 461.25 468.25 4187300
20080124 487.75 497.50 476.75 481.50 3476500
20080125 498.50 498.75 478.25 482.00 3207200
20080128 476.75 486.75 468.50 479.00 2319600
20080129 486.00 486.50 478.25 481.50 2841200
20080130 483.25 484.75 475.50 480.00 3096800
20080131 484.75 488.00 473.50 486.50 3849300
20080201 493.75 507.50 488.00 491.75 4465900
20080204 499.00 499.25 484.75 486.00 3483100
20080205 488.00 488.75 477.50 481.75 6116900
20080206 477.25 482.75 471.75 476.00 4540000
20080207 477.50 488.50 472.00 485.50 3984700
20080208 487.25 494.25 484.00 489.50 4656400
20080211 488.75 494.00 480.00 492.75 2649600
20080212 495.00 505.00 490.50 504.00 4048700
20080213 502.50 509.00 496.50 506.50 2811700
20080214 509.00 516.00 504.50 508.50 6791500
20080215 508.00 524.00 504.00 509.50 7610800
20080218 510.50 527.50 509.50 524.50 2456400
20080219 520.50 523.50 510.50 512.00 4320700
20080220 510.50 510.50 501.50 504.00 4871000
20080221 517.00 517.00 498.75 506.00 2532600
20080222 505.00 511.00 501.00 507.00 3326300
20080225 516.50 522.50 505.00 517.00 3836600
20080226 520.00 535.50 516.00 523.50 4711900
20080227 529.00 529.50 517.00 526.50 3317400
20080228 531.00 531.00 520.00 526.00 2654500
20080229 527.50 532.00 521.50 525.00 3399800
20080303 520.00 529.50 516.50 518.50 2740700
20080304 523.00 526.00 511.00 517.00 2724500
20080305 524.00 524.00 501.50 514.50 4694800
20080306 517.50 523.50 511.50 517.50 1443000
20080307 513.00 517.00 506.50 512.00 1950800
20080310 511.00 517.50 504.50 505.50 3513100
20080311 508.50 513.00 505.50 509.00 4503000
20080312 513.00 513.00 502.50 505.50 4908600
20080313 504.50 510.00 500.00 509.00 2297100
20080314 514.50 516.50 508.50 513.00 2759500
20080317 508.00 512.00 495.00 506.00 3994800
20080318 514.00 525.00 508.50 521.50 3967700
20080319 528.50 533.00 517.50 530.00 4088700
20080320 528.00 530.00 519.50 523.00 4736600
20080321 523.00 523.00 523.00 523.00 0
20080324 523.00 523.00 523.00 523.00 0
20080325 543.00 590.00 525.00 583.00 21987000
20080326 578.00 584.00 553.00 553.50 7607300
20080327 555.50 561.50 546.00 554.50 3608200
20080328 558.00 558.00 544.00 549.50 1803600
20080331 547.00 548.50 534.50 540.00 3118500
20080401 539.00 550.50 535.00 541.50 5023600
20080402 539.00 545.50 532.50 543.50 3880100
20080403 543.00 545.50 529.50 531.00 2541900
20080404 531.00 539.00 527.00 532.50 2254600
20080407 534.00 537.50 522.50 525.00 2817000
20080408 519.00 519.50 510.50 513.50 2461600
20080409 511.00 518.50 506.50 512.50 1861700
20080410 512.50 520.50 508.50 512.00 2466200
20080411 516.00 518.50 504.50 510.50 1848800
20080414 503.50 509.00 500.00 504.00 1440000
20080415 505.00 510.50 500.50 507.00 1544200
20080416 510.50 512.50 502.00 509.00 1633500
20080417 511.50 520.00 508.50 516.50 2222100
20080418 518.50 539.00 518.50 530.50 3517200
20080421 530.50 530.50 519.00 524.00 1548200
20080422 507.50 514.00 491.25 508.00 2556200
20080423 513.00 518.00 508.50 515.50 1839200
20080424 515.50 519.00 506.50 517.50 2681400
20080425 520.50 524.00 512.50 521.50 1886100
20080428 524.00 530.00 519.50 526.50 2239700
20080429 522.00 529.00 519.50 523.00 1610400
20080430 524.50 531.50 523.00 529.50 2187100
20080501 527.50 528.50 519.50 527.50 430500
20080502 530.00 530.00 519.00 522.00 1923200
20080506 514.00 526.00 514.00 524.00 2375000
20080507 527.00 529.50 518.50 521.50 1276600
20080508 520.50 530.00 515.00 529.50 1672800
20080509 528.00 528.00 516.00 526.00 1102600
20080512 528.50 529.00 522.00 523.50 866200
20080513 525.50 527.50 511.00 513.50 1737500
20080514 514.50 516.00 507.00 511.50 1557600
20080515 510.00 512.50 504.00 506.00 1685700
20080516 506.00 508.00 496.75 499.00 3171600
20080519 499.50 514.00 497.50 513.50 2190800
20080520 511.50 515.00 491.00 491.00 2669500
20080521 491.50 495.50 482.50 485.00 3018800
20080522 497.25 497.50 463.50 474.00 4366200
20080523 472.00 475.25 460.75 466.25 4151400
20080527 467.00 474.00 465.00 467.75 4448300
20080528 469.50 469.50 455.00 457.25 3336900
20080529 458.50 462.75 455.25 460.00 3198500
20080530 461.00 468.50 461.00 463.50 5786200
20080602 461.75 461.75 451.00 452.25 1990200
20080603 450.00 456.25 445.00 450.75 2448000
20080604 450.75 454.00 446.00 452.25 2843700
20080605 452.00 456.25 443.00 445.25 3627200
20080606 445.50 448.50 438.25 440.00 2908100
20080610 431.00 433.25 422.25 422.25 3940900
20080611 420.50 426.75 408.75 411.00 3907900
20080612 408.00 421.75 407.75 419.25 4427400
20080613 416.25 426.50 411.75 424.00 3135300
20080616 424.00 425.25 411.50 416.50 2658000
20080617 415.75 432.00 414.00 424.50 4481400
20080618 421.50 424.00 398.00 402.25 4857300
20080619 398.25 401.25 390.50 394.25 3870500
20080620 392.50 396.00 371.25 374.25 16099700
20080623 380.00 398.75 363.75 392.50 9166600
20080624 394.00 398.75 378.75 393.00 10979300
20080625 389.00 400.50 389.00 400.00 4324600
20080626 398.50 401.75 391.00 392.25 3524600
20080627 392.00 401.25 386.50 395.75 4344500
20080630 391.75 397.75 387.25 397.50 4852700
20080701 395.25 428.25 395.25 421.50 7993800
20080702 406.75 423.50 403.00 409.50 7835200
20080703 404.25 410.00 398.00 406.50 4711600
20080704 405.00 406.50 392.25 394.25 3808900
20080707 395.75 403.00 385.25 401.00 3419700
20080708 391.50 400.75 389.75 397.50 3160800
20080709 400.00 420.25 392.25 420.25 3995300
20080710 413.25 413.75 394.75 395.50 3935500
20080711 387.75 393.00 383.00 383.00 3671200
20080714 387.25 396.75 384.50 392.00 3713600
20080715 386.00 393.50 377.00 384.00 3300600
20080716 384.50 399.25 380.75 395.75 6208300
20080717 392.00 412.25 392.00 407.75 1504700
20080718 402.75 416.50 395.50 415.25 3805900
20080721 414.00 438.00 410.00 434.50 4887700
20080722 427.50 445.00 420.00 444.00 6255900
20080723 444.00 444.00 420.00 425.75 6094700
20080724 421.00 421.00 405.00 408.75 6993300
20080725 399.25 401.25 390.50 397.00 4420200
20080728 395.25 400.00 387.25 389.75 2918500
20080729 384.75 393.50 381.50 391.00 2281400
20080730 392.00 400.50 389.25 400.25 2664800
20080731 399.00 403.75 390.25 390.75 2243200
20080801 385.00 392.75 385.00 388.50 1783900
20080804 380.75 395.00 380.75 390.25 1501600
20080805 390.50 407.75 390.50 405.00 2380000
20080806 404.50 412.50 401.00 409.75 2746200
20080807 405.75 415.75 400.75 404.75 2113500
20080808 400.25 417.25 400.25 417.25 1538500
20080811 417.25 435.00 417.00 434.75 2747500
20080812 431.25 438.75 429.25 437.75 2062400
20080813 435.50 435.50 426.75 428.50 2967600
20080814 426.75 433.50 422.50 428.00 1922300
20080815 432.25 445.75 429.50 445.75 2855600
20080818 441.50 442.50 425.25 433.75 1175300
20080819 429.50 436.25 426.00 430.00 1893400
20080820 430.75 432.25 424.50 431.50 1151400
20080821 426.00 433.25 420.00 430.50 2161400
20080822 430.25 449.75 430.25 446.50 1525500
20080826 438.25 445.75 434.50 443.50 1533500
20080827 442.00 444.00 433.25 439.25 1659000
20080828 440.50 443.25 434.50 440.25 1302100
20080829 440.00 449.25 438.25 443.00 1882600
20080901 438.75 444.50 434.00 442.50 1274900
20080902 439.25 461.75 438.25 453.00 2102200
20080903 448.00 455.25 448.00 451.00 1826200
20080904 449.50 458.75 438.00 438.25 2441700
20080905 434.25 448.00 429.25 445.25 2145400
20080908 449.75 453.00 431.00 439.00 442500
20080909 436.75 465.25 436.25 456.50 2892700
20080910 455.25 460.50 444.75 454.50 2040400
20080911 451.25 453.75 438.50 448.00 1862300
20080912 453.75 454.25 438.75 453.50 1816100
20080915 440.25 446.25 426.25 432.25 4767300
20080916 424.00 429.75 407.50 412.50 5469700
20080917 406.25 426.25 400.00 400.00 3736100
20080918 388.00 416.25 373.00 396.00 8953500
20080919 390.00 420.00 386.50 408.00 4409900
20080922 398.00 417.00 398.00 416.00 3924500
20080923 391.50 395.25 344.75 369.50 6900600
20080924 368.00 385.00 366.00 385.00 2995500
20080925 382.75 388.50 376.25 383.50 2475100
20080926 375.00 388.00 375.00 384.25 1927300
20080929 379.25 390.50 377.00 383.50 1409200
20080930 370.00 396.50 370.00 381.00 3619100
20081001 381.75 392.75 381.75 389.75 1908200
20081002 381.75 423.50 381.75 403.25 6102900
20081003 400.50 420.25 393.75 418.75 4196300
20081006 405.00 417.25 399.75 408.00 2689900
20081007 389.00 406.25 385.00 393.00 2286700
20081008 354.00 375.00 344.75 358.50 3384900
20081009 347.75 363.50 345.25 355.25 1832500
20081010 349.75 355.50 321.00 328.50 2913400
20081013 328.50 347.25 322.00 343.75 2111700
20081014 366.00 381.00 356.50 365.50 2220400
20081015 368.50 371.75 348.00 353.00 2463400
20081016 346.00 355.25 333.75 352.75 3400300
20081017 365.50 367.00 347.00 361.25 2900000
20081020 372.00 386.50 360.25 386.50 1742200
20081021 380.25 387.75 368.75 379.75 2273400
20081022 372.00 381.25 358.00 363.25 3426800
20081023 372.00 372.25 346.50 357.00 3975800
20081024 340.25 353.50 330.00 353.25 2715100
20081027 339.75 359.50 339.25 352.75 1665100
20081028 359.25 371.50 348.25 360.50 1704100
20081029 375.00 375.00 351.25 358.25 2076400
20081030 369.75 377.25 358.50 370.50 2402600
20081031 369.25 375.00 359.50 368.25 2297100
20081103 375.75 375.75 351.25 360.25 2745300
20081104 356.50 375.00 356.50 371.25 1868800
20081105 360.25 378.25 360.25 369.75 2368300
20081106 375.00 391.25 375.00 381.75 2359800
20081107 390.00 420.00 381.50 416.00 3982000
20081110 407.75 429.00 407.75 416.75 2021500
20081111 409.25 419.75 409.25 417.00 1757800
20081112 422.00 425.50 408.50 415.25 3327500
20081113 406.25 420.00 404.25 415.00 1524100
20081114 426.50 430.50 410.00 412.75 1930300
20081117 407.75 419.25 402.00 402.75 1435900
20081118 407.75 413.75 400.25 409.75 2341600
20081119 408.00 415.00 396.50 398.00 1879900
20081120 386.00 393.25 379.25 384.75 2570600
20081121 386.50 398.50 364.25 367.00 3546500
20081124 372.75 389.25 366.25 386.00 1650900
20081125 379.00 390.00 362.50 368.25 3675000
20081126 362.25 388.00 355.50 377.75 3736200
20081127 380.00 386.00 370.00 372.50 2040200
20081128 370.25 394.75 370.25 390.50 2632900
20081201 387.75 405.25 375.75 385.00 3892600
20081202 376.25 397.00 372.75 378.25 3272600
20081203 368.25 381.75 359.50 377.50 2811200
20081204 366.25 391.75 366.25 379.75 2257200
20081205 371.00 400.25 371.00 395.00 3022700
20081208 410.00 410.00 391.00 394.00 2591000
20081209 390.00 410.50 379.00 405.75 2382100
20081210 402.00 415.25 401.75 409.75 2805100
20081211 401.75 419.75 397.75 400.00 2658600
20081212 387.50 410.25 366.25 403.50 2323000
20081215 408.00 411.75 395.75 405.25 2644700
20081216 397.25 411.50 382.50 393.50 3630800
20081217 390.50 412.50 385.75 410.50 3995300
20081218 416.00 418.25 405.50 410.75 4904400
20081219 396.25 428.25 396.25 412.75 15832500
20081222 411.75 415.00 400.00 407.25 2712300
20081223 402.00 418.50 402.00 411.25 1731500
20081224 400.25 416.00 400.00 400.00 335200
20081229 400.25 410.25 400.00 401.75 3682500
20081230 405.00 411.75 394.25 396.25 2838100
20081231 393.25 425.00 390.75 400.75 1721700
20090102 399.75 425.00 399.75 422.00 1357700
20090105 422.75 423.50 380.50 386.25 5949900
20090106 385.00 420.00 385.00 414.25 3860700
20090107 411.00 417.75 395.00 399.00 2947600
20090108 398.75 399.75 384.75 393.00 3953400
20090109 390.50 391.00 377.75 384.00 3261700
20090112 381.00 390.00 381.00 386.75 1740500
20090113 384.00 387.25 375.75 379.25 3139600
20090114 384.25 384.25 363.00 376.00 3759500
20090115 372.75 383.50 365.75 373.50 3526400
20090116 377.25 382.75 365.75 369.75 2053100
20090119 359.00 373.50 357.75 363.25 3086600
20090120 363.50 365.00 344.75 347.00 4708700
20090121 340.50 357.00 336.00 338.75 5222900
20090122 343.00 357.75 334.75 352.25 2893400
20090123 350.75 352.25 338.50 349.25 2346400
20090126 347.25 359.25 340.00 356.00 2035000
20090127 354.50 361.25 347.00 352.50 3362700
20090128 345.00 348.25 324.75 344.00 7573800
20090129 338.00 339.25 327.00 333.75 3688300
20090130 334.00 340.00 317.25 332.50 4481700
20090202 326.50 327.00 314.75 321.25 2466500
20090203 321.25 337.50 318.75 335.00 2991100
20090204 336.25 338.25 331.50 334.25 2425900
20090205 327.50 338.50 322.75 336.75 2642800
20090206 338.25 343.00 327.50 339.50 2611000
20090209 337.50 339.50 324.75 329.75 1790600
20090210 329.75 330.25 314.25 320.25 1819500
20090211 318.50 332.00 318.25 329.25 1742300
20090212 329.25 343.75 321.75 337.25 3813400
20090213 339.00 345.00 319.25 322.50 2935200
