20021115 11.00 11.25 11.00 11.25 48300
20030101 11.25 11.25 11.25 11.25 0
20030102 11.25 11.25 11.25 11.25 0
20030103 11.25 11.25 11.25 11.25 0
20030106 11.25 11.25 11.25 11.25 0
20030107 11.25 11.25 11.25 11.25 0
20030108 11.25 11.25 11.25 11.25 0
20030109 11.25 11.25 11.25 11.25 0
20030110 11.25 11.25 11.25 11.25 0
20030113 11.25 11.25 11.25 11.25 0
20030114 11.25 11.25 11.25 11.25 0
20030115 11.25 11.25 11.25 11.25 0
20030116 11.25 11.25 11.25 11.25 0
20030117 11.25 11.25 11.25 11.25 0
20030120 11.25 11.25 11.25 11.25 0
20030121 11.25 11.25 11.25 11.25 0
20030122 11.25 11.25 11.25 11.25 0
20030123 11.25 11.25 11.25 11.25 0
20030124 11.25 11.25 11.25 11.25 0
20030127 11.25 11.25 11.25 11.25 0
20030128 11.25 11.25 11.25 11.25 0
20030129 11.25 11.25 11.25 11.25 0
20030130 11.25 11.25 11.25 11.25 0
20030131 11.25 11.25 11.25 11.25 0
20030203 11.25 11.25 11.25 11.25 0
20030204 11.25 11.25 11.25 11.25 0
20030205 11.25 11.25 11.25 11.25 0
20030206 11.25 11.25 11.25 11.25 0
20030207 11.25 11.25 11.25 11.25 0
20030210 11.25 11.25 11.25 11.25 0
20030211 11.25 11.25 11.25 11.25 0
20030212 11.25 11.25 11.25 11.25 0
20030213 11.25 11.25 11.25 11.25 0
20030214 11.25 11.25 11.25 11.25 0
20030217 11.25 11.25 11.25 11.25 0
20030218 11.25 11.25 11.25 11.25 0
20030219 11.25 11.25 11.25 11.25 0
20030220 11.25 11.25 11.25 11.25 0
20030221 11.25 11.25 11.25 11.25 0
20030224 11.25 11.25 11.25 11.25 0
20030225 11.25 11.25 11.25 11.25 0
20030226 11.25 11.25 11.25 11.25 0
20030227 11.25 11.25 11.25 11.25 0
20030228 11.25 11.25 11.25 11.25 0
20030303 11.25 11.25 11.25 11.25 0
20030304 11.25 11.25 11.25 11.25 0
20030305 11.25 11.25 11.25 11.25 0
20030306 11.25 11.25 11.25 11.25 0
20030307 11.25 11.25 11.25 11.25 0
20030310 11.25 11.25 11.25 11.25 0
20030311 11.25 11.25 11.25 11.25 0
20030312 11.25 11.25 11.25 11.25 0
20030313 11.25 11.25 11.25 11.25 0
20030314 11.25 11.25 11.25 11.25 0
20030317 11.25 11.25 11.25 11.25 0
20030318 11.25 11.25 11.25 11.25 0
20030319 11.25 11.25 11.25 11.25 0
20030320 11.25 11.25 11.25 11.25 0
20030321 11.25 11.25 11.25 11.25 0
20030324 11.25 11.25 11.25 11.25 0
20030325 11.25 11.25 11.25 11.25 0
20030326 11.25 11.25 11.25 11.25 0
20030327 11.25 11.25 11.25 11.25 0
20030328 11.25 11.25 11.25 11.25 0
20030331 11.25 11.25 11.25 11.25 0
20030401 11.25 11.25 11.25 11.25 0
20030402 11.25 11.25 11.25 11.25 0
20030403 11.25 11.25 11.25 11.25 0
20030404 11.25 11.25 11.25 11.25 0
20030407 11.25 11.25 11.25 11.25 0
20030408 11.25 11.25 11.25 11.25 0
20030409 11.25 11.25 11.25 11.25 0
20030410 11.25 11.25 11.25 11.25 0
20030411 11.25 11.25 11.25 11.25 0
20030414 11.25 11.25 11.25 11.25 0
20030415 11.25 11.25 11.25 11.25 0
20030416 11.25 11.25 11.25 11.25 0
20030417 11.25 11.25 11.25 11.25 0
20030418 11.25 11.25 11.25 11.25 0
20030421 11.25 11.25 11.25 11.25 0
20030422 11.25 11.25 11.25 11.25 0
20030423 11.25 11.25 11.25 11.25 0
20030424 11.25 11.25 11.25 11.25 0
20030425 11.25 11.25 11.25 11.25 0
20030428 11.25 11.25 11.25 11.25 0
20030429 11.25 11.25 11.25 11.25 0
20030430 11.25 11.25 11.25 11.25 0
20030501 11.25 11.25 11.25 11.25 0
20030502 11.25 11.25 11.25 11.25 0
20030505 11.25 11.25 11.25 11.25 0
20030506 11.25 11.25 11.25 11.25 0
20030507 11.25 11.25 11.25 11.25 0
20030508 11.25 11.25 11.25 11.25 0
20030509 11.25 11.25 11.25 11.25 0
20030512 11.25 11.25 11.25 11.25 0
20030513 11.25 11.25 11.25 11.25 0
20030514 11.25 11.25 11.25 11.25 0
20030515 11.25 11.25 11.25 11.25 0
20030516 11.25 11.25 11.25 11.25 0
20030519 11.25 11.25 11.25 11.25 0
20030520 11.25 11.25 11.25 11.25 0
20030521 11.25 11.25 11.25 11.25 0
20030522 11.25 11.25 11.25 11.25 0
20030523 11.25 11.25 11.25 11.25 0
20030526 11.25 11.25 11.25 11.25 0
20030527 11.25 11.25 11.25 11.25 0
20030528 11.25 11.25 11.25 11.25 0
20030529 11.25 11.25 11.25 11.25 0
20030530 11.25 11.25 11.25 11.25 0
20030602 11.25 11.25 11.25 11.25 0
20030603 11.25 11.25 11.25 11.25 0
20030604 11.25 11.25 11.25 11.25 0
20030605 11.25 11.25 11.25 11.25 0
20030606 11.25 11.25 11.25 11.25 0
20030609 11.25 11.25 11.25 11.25 0
20030610 11.25 11.25 11.25 11.25 0
20030611 11.25 11.25 11.25 11.25 0
20030612 11.25 11.25 11.25 11.25 0
20030613 11.25 11.25 11.25 11.25 0
20030616 11.25 11.25 11.25 11.25 0
20030617 11.25 11.25 11.25 11.25 0
20030618 11.25 11.25 11.25 11.25 0
20030619 11.25 11.25 11.25 11.25 0
20030620 11.25 11.25 11.25 11.25 0
20030623 11.25 11.25 11.25 11.25 0
20030624 11.25 11.25 11.25 11.25 0
20030625 11.25 11.25 11.25 11.25 0
20030626 11.25 11.25 11.25 11.25 0
20030627 11.25 11.25 11.25 11.25 0
20030630 11.25 11.25 11.25 11.25 0
20030701 11.25 11.25 11.25 11.25 0
20030702 11.25 11.25 11.25 11.25 0
20030703 11.25 11.25 11.25 11.25 0
20030704 11.25 11.25 11.25 11.25 0
20030707 11.25 11.25 11.25 11.25 0
20030708 11.25 11.25 11.25 11.25 0
20030709 11.25 11.25 11.25 11.25 0
20030710 11.25 11.25 11.25 11.25 0
20030711 11.25 11.25 11.25 11.25 0
20030714 11.25 11.25 11.25 11.25 0
20030715 11.25 11.25 11.25 11.25 0
20030716 11.25 11.25 11.25 11.25 0
20030717 11.25 11.25 11.25 11.25 0
20030718 11.25 11.25 11.25 11.25 0
20030721 11.25 11.25 11.25 11.25 0
20030722 11.25 11.25 11.25 11.25 0
20030723 11.25 11.25 11.25 11.25 0
20030724 11.25 11.25 11.25 11.25 0
20030725 11.25 11.25 11.25 11.25 0
20030728 11.25 11.25 11.25 11.25 0
20030729 11.25 11.25 11.25 11.25 0
20030730 11.25 11.25 11.25 11.25 0
20030731 11.25 11.25 11.25 11.25 0
20030801 11.25 11.25 11.25 11.25 0
20030804 11.25 11.25 11.25 11.25 0
20030805 11.25 11.25 11.25 11.25 0
20030806 11.25 11.25 11.25 11.25 0
20030807 11.25 11.25 11.25 11.25 0
20030808 11.25 11.25 11.25 11.25 0
20030811 11.25 11.25 11.25 11.25 0
20030812 11.25 11.25 11.25 11.25 0
20030813 11.25 11.25 11.25 11.25 0
20030814 11.25 11.25 11.25 11.25 0
20030815 11.25 11.25 11.25 11.25 0
20030818 11.25 11.25 11.25 11.25 0
20030819 11.25 11.25 11.25 11.25 0
20030820 11.25 11.25 11.25 11.25 0
20030821 11.25 11.25 11.25 11.25 0
20030822 11.25 11.25 11.25 11.25 0
20030825 11.25 11.25 11.25 11.25 0
20030826 11.25 11.25 11.25 11.25 0
20030827 11.25 11.25 11.25 11.25 0
20030828 11.25 11.25 11.25 11.25 0
20030829 11.25 11.25 11.25 11.25 0
20030901 11.25 11.25 11.25 11.25 0
20030902 11.25 11.25 11.25 11.25 0
20030903 11.25 11.25 11.25 11.25 0
20030904 11.25 11.25 11.25 11.25 0
20030905 11.25 11.25 11.25 11.25 0
20030908 11.25 11.25 11.25 11.25 0
20030909 11.25 11.25 11.25 11.25 0
20030910 11.25 11.25 11.25 11.25 0
20030911 11.25 11.25 11.25 11.25 0
20030912 11.25 11.25 11.25 11.25 0
20030915 11.25 11.25 11.25 11.25 0
20030916 11.25 11.25 11.25 11.25 0
20030917 11.25 11.25 11.25 11.25 0
20030918 11.25 11.25 11.25 11.25 0
20030919 11.25 11.25 11.25 11.25 0
20030922 11.25 11.25 11.25 11.25 0
20030923 11.25 11.25 11.25 11.25 0
20030924 11.25 11.25 11.25 11.25 0
20030925 11.25 11.25 11.25 11.25 0
20030926 11.25 11.25 11.25 11.25 0
20030929 11.25 11.25 11.25 11.25 0
20030930 11.25 11.25 11.25 11.25 0
20031001 11.25 11.25 11.25 11.25 0
20031002 11.25 11.25 11.25 11.25 0
20031003 11.25 11.25 11.25 11.25 0
20031006 11.25 11.25 11.25 11.25 0
20031007 11.25 11.25 11.25 11.25 0
20031008 11.25 11.25 11.25 11.25 0
20031009 11.25 11.25 11.25 11.25 0
20031010 11.25 11.25 11.25 11.25 0
20031013 11.25 11.25 11.25 11.25 0
20031014 11.25 11.25 11.25 11.25 0
20031015 11.25 11.25 11.25 11.25 0
20031016 11.25 11.25 11.25 11.25 0
20031017 11.25 11.25 11.25 11.25 0
20031020 11.25 11.25 11.25 11.25 0
20031021 11.25 11.25 11.25 11.25 0
20031022 11.25 11.25 11.25 11.25 0
20031023 11.25 11.25 11.25 11.25 0
20031024 11.25 11.25 11.25 11.25 0
20031027 11.25 11.25 11.25 11.25 0
20031028 11.25 11.25 11.25 11.25 0
20031029 11.25 11.25 11.25 11.25 0
20031030 11.25 11.25 11.25 11.25 0
20031031 11.25 11.25 11.25 11.25 0
20031103 11.25 11.25 11.25 11.25 0
20031104 11.25 11.25 11.25 11.25 0
20031105 11.25 11.25 11.25 11.25 0
20031106 11.25 11.25 11.25 11.25 0
20031107 11.25 11.25 11.25 11.25 0
20031110 11.25 11.25 11.25 11.25 0
20031111 11.25 11.25 11.25 11.25 0
20031112 11.25 11.25 11.25 11.25 0
20031113 11.25 11.25 11.25 11.25 0
20031114 11.25 11.25 11.25 11.25 0
20031117 11.25 11.25 11.25 11.25 0
20031118 11.25 11.25 11.25 11.25 0
20031119 11.25 11.25 11.25 11.25 0
20031120 11.25 11.25 11.25 11.25 0
20031121 11.25 11.25 11.25 11.25 0
20031124 11.25 11.25 11.25 11.25 0
20031125 11.25 11.25 11.25 11.25 0
20031126 11.25 11.25 11.25 11.25 0
20031127 11.25 11.25 11.25 11.25 0
20031128 11.25 11.25 11.25 11.25 0
20031201 11.25 11.25 11.25 11.25 0
20031202 11.25 11.25 11.25 11.25 0
20031203 11.25 11.25 11.25 11.25 0
20031204 11.25 11.25 11.25 11.25 0
20031205 11.25 11.25 11.25 11.25 0
20031208 11.25 11.25 11.25 11.25 0
20031209 11.25 11.25 11.25 11.25 0
20031210 11.25 11.25 11.25 11.25 0
20031211 11.25 11.25 11.25 11.25 0
20031212 11.25 11.25 11.25 11.25 0
20031215 11.25 11.25 11.25 11.25 0
20031216 11.25 11.25 11.25 11.25 0
20031217 11.25 11.25 11.25 11.25 0
20031218 11.25 11.25 11.25 11.25 0
20031219 11.25 11.25 11.25 11.25 0
20031222 11.25 11.25 11.25 11.25 0
20031223 11.25 11.25 11.25 11.25 0
20031224 11.25 11.25 11.25 11.25 0
20031225 11.25 11.25 11.25 11.25 0
20031226 11.25 11.25 11.25 11.25 0
20031229 11.25 11.25 11.25 11.25 0
20031230 11.25 11.25 11.25 11.25 0
20031231 11.25 11.25 11.25 11.25 0
20040101 11.25 11.25 11.25 11.25 0
20040102 11.25 11.25 11.25 11.25 0
20040105 11.25 11.25 11.25 11.25 0
20040106 11.25 11.25 11.25 11.25 0
20040107 11.25 11.25 11.25 11.25 0
20040108 11.25 11.25 11.25 11.25 0
20040109 11.25 11.25 11.25 11.25 0
20040112 11.25 11.25 11.25 11.25 0
20040113 11.25 11.25 11.25 11.25 0
20040114 11.25 11.25 11.25 11.25 0
20040115 11.25 11.25 11.25 11.25 0
20040116 11.25 11.25 11.25 11.25 0
20040119 11.25 11.25 11.25 11.25 0
20040120 11.25 11.25 11.25 11.25 0
20040121 11.25 11.25 11.25 11.25 0
20040122 11.25 11.25 11.25 11.25 0
20040123 11.25 11.25 11.25 11.25 0
20040126 11.25 11.25 11.25 11.25 0
20040127 11.25 11.25 11.25 11.25 0
20040128 11.25 11.25 11.25 11.25 0
20040129 11.25 11.25 11.25 11.25 0
20040130 11.25 11.25 11.25 11.25 0
20040202 11.25 11.25 11.25 11.25 0
20040203 11.25 11.25 11.25 11.25 0
20040204 11.25 11.25 11.25 11.25 0
20040205 11.25 11.25 11.25 11.25 0
20040206 11.25 11.25 11.25 11.25 0
20040209 11.25 11.25 11.25 11.25 0
20040210 11.25 11.25 11.25 11.25 0
20040211 11.25 11.25 11.25 11.25 0
20040212 11.25 11.25 11.25 11.25 0
20040213 11.25 11.25 11.25 11.25 0
20040216 11.25 11.25 11.25 11.25 0
20040217 11.25 11.25 11.25 11.25 0
20040218 11.25 11.25 11.25 11.25 0
20040219 11.25 11.25 11.25 11.25 0
20040220 11.25 11.25 11.25 11.25 0
20040223 11.25 11.25 11.25 11.25 0
20040224 11.25 11.25 11.25 11.25 0
20040225 11.25 11.25 11.25 11.25 0
20040226 11.25 11.25 11.25 11.25 0
20040227 11.25 11.25 11.25 11.25 0
20040301 11.25 11.25 11.25 11.25 0
20040302 11.25 11.25 11.25 11.25 0
20040303 11.25 11.25 11.25 11.25 0
20040304 11.25 11.25 11.25 11.25 0
20040305 11.25 11.25 11.25 11.25 0
20040308 11.25 11.25 11.25 11.25 0
20040309 11.25 11.25 11.25 11.25 0
20040310 11.25 11.25 11.25 11.25 0
20040311 11.25 11.25 11.25 11.25 0
20040312 11.25 11.25 11.25 11.25 0
20040315 11.25 11.25 11.25 11.25 0
20040316 11.25 11.25 11.25 11.25 0
20040317 11.25 11.25 11.25 11.25 0
20040318 11.25 11.25 11.25 11.25 0
20040319 11.25 11.25 11.25 11.25 0
20040322 11.25 11.25 11.25 11.25 0
20040323 11.25 11.25 11.25 11.25 0
20040324 11.25 11.25 11.25 11.25 0
20040325 11.25 11.25 11.25 11.25 0
20040326 11.25 11.25 11.25 11.25 0
20040329 11.25 11.25 11.25 11.25 0
20040330 11.25 11.25 11.25 11.25 0
20040331 11.25 11.25 11.25 11.25 0
20040401 11.25 11.25 11.25 11.25 0
20040402 11.25 11.25 11.25 11.25 0
20040405 11.25 11.25 11.25 11.25 0
20040406 11.25 11.25 11.25 11.25 0
20040407 11.25 11.25 11.25 11.25 0
20040408 11.25 11.25 11.25 11.25 0
20040409 11.25 11.25 11.25 11.25 0
20040412 11.25 11.25 11.25 11.25 0
20040413 11.25 11.25 11.25 11.25 0
20040414 11.25 11.25 11.25 11.25 0
20040415 11.25 11.25 11.25 11.25 0
20040416 11.25 11.25 11.25 11.25 0
20040419 11.25 11.25 11.25 11.25 0
20040420 11.25 11.25 11.25 11.25 0
20040421 11.25 11.25 11.25 11.25 0
20040422 11.25 11.25 11.25 11.25 0
20040423 11.25 11.25 11.25 11.25 0
20040426 11.25 11.25 11.25 11.25 0
20040427 11.25 11.25 11.25 11.25 0
20040428 11.25 11.25 11.25 11.25 0
20040429 11.25 11.25 11.25 11.25 0
20040430 11.25 11.25 11.25 11.25 0
20040503 11.25 11.25 11.25 11.25 0
20040504 11.25 11.25 11.25 11.25 0
20040505 11.25 11.25 11.25 11.25 0
20040506 11.25 11.25 11.25 11.25 0
20040507 11.25 11.25 11.25 11.25 0
20040510 11.25 11.25 11.25 11.25 0
20040511 11.25 11.25 11.25 11.25 0
20040512 11.25 11.25 11.25 11.25 0
20040513 11.25 11.25 11.25 11.25 0
20040514 11.25 11.25 11.25 11.25 0
20040517 11.25 11.25 11.25 11.25 0
20040518 11.25 11.25 11.25 11.25 0
20040519 11.25 11.25 11.25 11.25 0
20040520 11.25 11.25 11.25 11.25 0
20040521 11.25 11.25 11.25 11.25 0
20040524 11.25 11.25 11.25 11.25 0
20040525 11.25 11.25 11.25 11.25 0
20040526 11.25 11.25 11.25 11.25 0
20040527 11.25 11.25 11.25 11.25 0
20040528 11.25 11.25 11.25 11.25 0
20040531 11.25 11.25 11.25 11.25 0
20040601 11.25 11.25 11.25 11.25 0
20040602 11.25 11.25 11.25 11.25 0
20040603 11.25 11.25 11.25 11.25 0
20040604 11.25 11.25 11.25 11.25 0
20040607 11.25 11.25 11.25 11.25 0
20040608 11.25 11.25 11.25 11.25 0
20040609 11.25 11.25 11.25 11.25 0
20040610 11.25 11.25 11.25 11.25 0
20040611 11.25 11.25 11.25 11.25 0
20040614 11.25 11.25 11.25 11.25 0
20040615 11.25 11.25 11.25 11.25 0
20040616 11.25 11.25 11.25 11.25 0
20040617 11.25 11.25 11.25 11.25 0
20040618 11.25 11.25 11.25 11.25 0
20040621 11.25 11.25 11.25 11.25 0
20040622 11.25 11.25 11.25 11.25 0
20040623 11.25 11.25 11.25 11.25 0
20040624 11.25 11.25 11.25 11.25 0
20040625 11.25 11.25 11.25 11.25 0
20040628 11.25 11.25 11.25 11.25 0
20040629 11.25 11.25 11.25 11.25 0
20040630 11.25 11.25 11.25 11.25 0
20040701 11.25 11.25 11.25 11.25 0
20040702 11.25 11.25 11.25 11.25 0
20040705 11.25 11.25 11.25 11.25 0
20040706 11.25 11.25 11.25 11.25 0
20040707 11.25 11.25 11.25 11.25 0
20040708 11.25 11.25 11.25 11.25 0
20040709 11.25 11.25 11.25 11.25 0
20040712 11.25 11.25 11.25 11.25 0
20040713 11.25 11.25 11.25 11.25 0
20040714 11.25 11.25 11.25 11.25 0
20040715 11.25 11.25 11.25 11.25 0
20040716 11.25 11.25 11.25 11.25 0
20040719 11.25 11.25 11.25 11.25 0
20040720 11.25 11.25 11.25 11.25 0
20040721 11.25 11.25 11.25 11.25 0
20040722 11.25 11.25 11.25 11.25 0
20040723 11.25 11.25 11.25 11.25 0
20040726 11.25 11.25 11.25 11.25 0
20040727 11.25 11.25 11.25 11.25 0
20040728 11.25 11.25 11.25 11.25 0
20040729 11.25 11.25 11.25 11.25 0
20040730 11.25 11.25 11.25 11.25 0
20040802 11.25 11.25 11.25 11.25 0
20040803 11.25 11.25 11.25 11.25 0
20040804 11.25 11.25 11.25 11.25 0
20040805 11.25 11.25 11.25 11.25 0
20040806 11.25 11.25 11.25 11.25 0
20040809 11.25 11.25 11.25 11.25 0
20040810 11.25 11.25 11.25 11.25 0
20040811 11.25 11.25 11.25 11.25 0
20040812 11.25 11.25 11.25 11.25 0
20040813 11.25 11.25 11.25 11.25 0
20040816 11.25 11.25 11.25 11.25 0
20040817 11.25 11.25 11.25 11.25 0
20040818 11.25 11.25 11.25 11.25 0
20040819 11.25 11.25 11.25 11.25 0
20040820 11.25 11.25 11.25 11.25 0
20040823 11.25 11.25 11.25 11.25 0
20040824 11.25 11.25 11.25 11.25 0
20040825 11.25 11.25 11.25 11.25 0
20040826 11.25 11.25 11.25 11.25 0
20040827 11.25 11.25 11.25 11.25 0
20040830 11.25 11.25 11.25 11.25 0
20040831 11.25 11.25 11.25 11.25 0
20040901 11.25 11.25 11.25 11.25 0
20040902 11.25 11.25 11.25 11.25 0
20040903 11.25 11.25 11.25 11.25 0
20040906 11.25 11.25 11.25 11.25 0
20040907 11.25 11.25 11.25 11.25 0
20040908 11.25 11.25 11.25 11.25 0
20040909 11.25 11.25 11.25 11.25 0
20040910 11.25 11.25 11.25 11.25 0
20040913 11.25 11.25 11.25 11.25 0
20040914 11.25 11.25 11.25 11.25 0
20040915 11.25 11.25 11.25 11.25 0
20040916 11.25 11.25 11.25 11.25 0
20040917 11.25 11.25 11.25 11.25 0
20040920 11.25 11.25 11.25 11.25 0
20040921 11.25 11.25 11.25 11.25 0
20040922 11.25 11.25 11.25 11.25 0
20040923 11.25 11.25 11.25 11.25 0
20040924 11.25 11.25 11.25 11.25 0
20040927 11.25 11.25 11.25 11.25 0
20040928 11.25 11.25 11.25 11.25 0
20040929 11.25 11.25 11.25 11.25 0
20040930 11.25 11.25 11.25 11.25 0
20041001 11.25 11.25 11.25 11.25 0
20041004 11.25 11.25 11.25 11.25 0
20041005 11.25 11.25 11.25 11.25 0
20041006 11.25 11.25 11.25 11.25 0
20041007 11.25 11.25 11.25 11.25 0
20041008 11.25 11.25 11.25 11.25 0
20041011 11.25 11.25 11.25 11.25 0
20041012 11.25 11.25 11.25 11.25 0
20041013 11.25 11.25 11.25 11.25 0
20041014 11.25 11.25 11.25 11.25 0
20041015 11.25 11.25 11.25 11.25 0
20041018 11.25 11.25 11.25 11.25 0
20041019 11.25 11.25 11.25 11.25 0
20041020 11.25 11.25 11.25 11.25 0
20041021 11.25 11.25 11.25 11.25 0
20041022 11.25 11.25 11.25 11.25 0
20041025 11.25 11.25 11.25 11.25 0
20041026 11.25 11.25 11.25 11.25 0
20041027 11.25 11.25 11.25 11.25 0
20041028 11.25 11.25 11.25 11.25 0
20041029 11.25 11.25 11.25 11.25 0
20041101 11.25 11.25 11.25 11.25 0
20041102 11.25 11.25 11.25 11.25 0
20041103 11.25 11.25 11.25 11.25 0
20041104 11.25 11.25 11.25 11.25 0
20041105 11.25 11.25 11.25 11.25 0
20041108 11.25 11.25 11.25 11.25 0
20041109 11.25 11.25 11.25 11.25 0
20041110 11.25 11.25 11.25 11.25 0
20041111 11.25 11.25 11.25 11.25 0
20041112 11.25 11.25 11.25 11.25 0
20041115 11.25 11.25 11.25 11.25 0
20041116 11.25 11.25 11.25 11.25 0
20041117 11.25 11.25 11.25 11.25 0
20041118 11.25 11.25 11.25 11.25 0
20041119 11.25 11.25 11.25 11.25 0
20041122 11.25 11.25 11.25 11.25 0
20041123 11.25 11.25 11.25 11.25 0
20041124 11.25 11.25 11.25 11.25 0
20041125 11.25 11.25 11.25 11.25 0
20041126 11.25 11.25 11.25 11.25 0
20041129 11.25 11.25 11.25 11.25 0
20041130 11.25 11.25 11.25 11.25 0
20041201 11.25 11.25 11.25 11.25 0
20041202 11.25 11.25 11.25 11.25 0
20041203 11.25 11.25 11.25 11.25 0
20041206 11.25 11.25 11.25 11.25 0
20041207 11.25 11.25 11.25 11.25 0
20041208 11.25 11.25 11.25 11.25 0
20041209 11.25 11.25 11.25 11.25 0
20041210 11.25 11.25 11.25 11.25 0
20041213 11.25 11.25 11.25 11.25 0
20041214 11.25 11.25 11.25 11.25 0
20041215 11.25 11.25 11.25 11.25 0
20041216 11.25 11.25 11.25 11.25 0
20041217 11.25 11.25 11.25 11.25 0
20041220 11.25 11.25 11.25 11.25 0
20041221 11.25 11.25 11.25 11.25 0
20041222 11.25 11.25 11.25 11.25 0
20041223 11.25 11.25 11.25 11.25 0
20041224 11.25 11.25 11.25 11.25 0
20041227 11.25 11.25 11.25 11.25 0
20041228 11.25 11.25 11.25 11.25 0
20041229 11.25 11.25 11.25 11.25 0
20041230 11.25 11.25 11.25 11.25 0
20041231 11.25 11.25 11.25 11.25 0
20050103 11.25 11.25 11.25 11.25 0
20050104 11.25 11.25 11.25 11.25 0
20050105 11.25 11.25 11.25 11.25 0
20050106 11.25 11.25 11.25 11.25 0
20050107 11.25 11.25 11.25 11.25 0
20050110 11.25 11.25 11.25 11.25 0
20050111 11.25 11.25 11.25 11.25 0
20050112 11.25 11.25 11.25 11.25 0
20050113 11.25 11.25 11.25 11.25 0
20050114 11.25 11.25 11.25 11.25 0
20050117 11.25 11.25 11.25 11.25 0
20050118 11.25 11.25 11.25 11.25 0
20050119 11.25 11.25 11.25 11.25 0
20050120 11.25 11.25 11.25 11.25 0
20050121 11.25 11.25 11.25 11.25 0
20050124 11.25 11.25 11.25 11.25 0
20050125 11.25 11.25 11.25 11.25 0
20050126 11.25 11.25 11.25 11.25 0
20050127 11.25 11.25 11.25 11.25 0
20050128 11.25 11.25 11.25 11.25 0
20050131 11.25 11.25 11.25 11.25 0
20050201 11.25 11.25 11.25 11.25 0
20050202 11.25 11.25 11.25 11.25 0
20050203 11.25 11.25 11.25 11.25 0
20050204 11.25 11.25 11.25 11.25 0
20050207 11.25 11.25 11.25 11.25 0
20050208 11.25 11.25 11.25 11.25 0
20050209 11.25 11.25 11.25 11.25 0
20050210 11.25 11.25 11.25 11.25 0
20050211 11.25 11.25 11.25 11.25 0
20050214 11.25 11.25 11.25 11.25 0
20050215 11.25 11.25 11.25 11.25 0
20050216 11.25 11.25 11.25 11.25 0
20050217 11.25 11.25 11.25 11.25 0
20050218 11.25 11.25 11.25 11.25 0
20050221 11.25 11.25 11.25 11.25 0
20050222 11.25 11.25 11.25 11.25 0
20050223 11.25 11.25 11.25 11.25 0
20050224 11.25 11.25 11.25 11.25 0
20050225 11.25 11.25 11.25 11.25 0
20050228 11.25 11.25 11.25 11.25 0
20050301 11.25 11.25 11.25 11.25 0
20050302 11.25 11.25 11.25 11.25 0
20050303 11.25 11.25 11.25 11.25 0
20050304 11.25 11.25 11.25 11.25 0
20050307 11.25 11.25 11.25 11.25 0
20050308 11.25 11.25 11.25 11.25 0
20050309 11.25 11.25 11.25 11.25 0
20050310 11.25 11.25 11.25 11.25 0
20050311 11.25 11.25 11.25 11.25 0
20050314 11.25 11.25 11.25 11.25 0
20050315 11.25 11.25 11.25 11.25 0
20050316 11.25 11.25 11.25 11.25 0
20050317 11.25 11.25 11.25 11.25 0
20050318 11.25 11.25 11.25 11.25 0
20050321 11.25 11.25 11.25 11.25 0
20050322 11.25 11.25 11.25 11.25 0
20050323 11.25 11.25 11.25 11.25 0
20050324 11.25 11.25 11.25 11.25 0
20050325 11.25 11.25 11.25 11.25 0
20050328 11.25 11.25 11.25 11.25 0
20050329 11.25 11.25 11.25 11.25 0
20050330 11.25 11.25 11.25 11.25 0
20050331 11.25 11.25 11.25 11.25 0
20050401 11.25 11.25 11.25 11.25 0
20050404 11.25 11.25 11.25 11.25 0
20050405 11.25 11.25 11.25 11.25 0
20050406 11.25 11.25 11.25 11.25 0
20050407 11.25 11.25 11.25 11.25 0
20050408 11.25 11.25 11.25 11.25 0
20050411 11.25 11.25 11.25 11.25 0
20050412 11.25 11.25 11.25 11.25 0
20050413 11.25 11.25 11.25 11.25 0
20050414 11.25 11.25 11.25 11.25 0
20050415 11.25 11.25 11.25 11.25 0
20050418 11.25 11.25 11.25 11.25 0
20050419 11.25 11.25 11.25 11.25 0
20050420 11.25 11.25 11.25 11.25 0
20050421 11.25 11.25 11.25 11.25 0
20050422 11.25 11.25 11.25 11.25 0
20050425 11.25 11.25 11.25 11.25 0
20050426 11.25 11.25 11.25 11.25 0
20050427 11.25 11.25 11.25 11.25 0
20050428 11.25 11.25 11.25 11.25 0
20050429 11.25 11.25 11.25 11.25 0
20050502 11.25 11.25 11.25 11.25 0
20050503 11.25 11.25 11.25 11.25 0
20050504 11.25 11.25 11.25 11.25 0
20050505 11.25 11.25 11.25 11.25 0
20050506 11.25 11.25 11.25 11.25 0
20050509 11.25 11.25 11.25 11.25 0
20050510 11.25 11.25 11.25 11.25 0
20050511 11.25 11.25 11.25 11.25 0
20050512 11.25 11.25 11.25 11.25 0
20050513 11.25 11.25 11.25 11.25 0
20050516 11.25 11.25 11.25 11.25 0
20050517 11.25 11.25 11.25 11.25 0
20050518 11.25 11.25 11.25 11.25 0
20050519 11.25 11.25 11.25 11.25 0
20050520 11.25 11.25 11.25 11.25 0
20050523 11.25 11.25 11.25 11.25 0
20050524 11.25 11.25 11.25 11.25 0
20050525 11.25 11.25 11.25 11.25 0
20050526 11.25 11.25 11.25 11.25 0
20050527 11.25 11.25 11.25 11.25 0
20050530 11.25 11.25 11.25 11.25 0
20050531 11.25 11.25 11.25 11.25 0
20050601 11.25 11.25 11.25 11.25 0
20050602 11.25 11.25 11.25 11.25 0
20050603 11.25 11.25 11.25 11.25 0
20050606 11.25 11.25 11.25 11.25 0
20050607 11.25 11.25 11.25 11.25 0
20050608 11.25 11.25 11.25 11.25 0
20050609 11.25 11.25 11.25 11.25 0
20050610 11.25 11.25 11.25 11.25 0
20050613 11.25 11.25 11.25 11.25 0
20050614 11.25 11.25 11.25 11.25 0
20050615 11.25 11.25 11.25 11.25 0
20050616 11.25 11.25 11.25 11.25 0
20050617 11.25 11.25 11.25 11.25 0
20050620 11.25 11.25 11.25 11.25 0
20050621 11.25 11.25 11.25 11.25 0
20050622 11.25 11.25 11.25 11.25 0
20050623 11.25 11.25 11.25 11.25 0
20050624 11.25 11.25 11.25 11.25 0
20050627 11.25 11.25 11.25 11.25 0
20050628 11.25 11.25 11.25 11.25 0
20050629 11.25 11.25 11.25 11.25 0
20050630 11.25 11.25 11.25 11.25 0
20050701 11.25 11.25 11.25 11.25 0
20050704 11.25 11.25 11.25 11.25 0
20050705 11.25 11.25 11.25 11.25 0
20050706 11.25 11.25 11.25 11.25 0
20050707 11.25 11.25 11.25 11.25 0
20050708 11.25 11.25 11.25 11.25 0
20050711 11.25 11.25 11.25 11.25 0
20050712 11.25 11.25 11.25 11.25 0
20050713 11.25 11.25 11.25 11.25 0
20050714 11.25 11.25 11.25 11.25 0
20050715 11.25 11.25 11.25 11.25 0
20050718 11.25 11.25 11.25 11.25 0
20050719 11.25 11.25 11.25 11.25 0
20050720 11.25 11.25 11.25 11.25 0
20050721 11.25 11.25 11.25 11.25 0
20050722 11.25 11.25 11.25 11.25 0
20050725 11.25 11.25 11.25 11.25 0
20050726 11.25 11.25 11.25 11.25 0
20050727 11.25 11.25 11.25 11.25 0
20050728 11.25 11.25 11.25 11.25 0
20050729 11.25 11.25 11.25 11.25 0
20050801 11.25 11.25 11.25 11.25 0
20050802 11.25 11.25 11.25 11.25 0
20050803 11.25 11.25 11.25 11.25 0
20050804 11.25 11.25 11.25 11.25 0
20050805 11.25 11.25 11.25 11.25 0
20050808 11.25 11.25 11.25 11.25 0
20050809 11.25 11.25 11.25 11.25 0
20050810 11.25 11.25 11.25 11.25 0
20050811 11.25 11.25 11.25 11.25 0
20050812 11.25 11.25 11.25 11.25 0
20050815 11.25 11.25 11.25 11.25 0
20050816 11.25 11.25 11.25 11.25 0
20050817 11.25 11.25 11.25 11.25 0
20050818 11.25 11.25 11.25 11.25 0
20050819 11.25 11.25 11.25 11.25 0
20050822 11.25 11.25 11.25 11.25 0
20050823 11.25 11.25 11.25 11.25 0
20050824 11.25 11.25 11.25 11.25 0
20050825 11.25 11.25 11.25 11.25 0
20050826 11.25 11.25 11.25 11.25 0
20050829 11.25 11.25 11.25 11.25 0
20050830 11.25 11.25 11.25 11.25 0
20050831 11.25 11.25 11.25 11.25 0
20050901 11.25 11.25 11.25 11.25 0
20050902 11.25 11.25 11.25 11.25 0
20050905 11.25 11.25 11.25 11.25 0
20050906 11.25 11.25 11.25 11.25 0
20050907 11.25 11.25 11.25 11.25 0
20050908 11.25 11.25 11.25 11.25 0
20050909 11.25 11.25 11.25 11.25 0
20050912 11.25 11.25 11.25 11.25 0
20050913 11.25 11.25 11.25 11.25 0
20050914 11.25 11.25 11.25 11.25 0
20050915 11.25 11.25 11.25 11.25 0
20050916 11.25 11.25 11.25 11.25 0
20050919 11.25 11.25 11.25 11.25 0
20050920 11.25 11.25 11.25 11.25 0
20050921 11.25 11.25 11.25 11.25 0
20050922 11.25 11.25 11.25 11.25 0
20050923 11.25 11.25 11.25 11.25 0
20050926 11.25 11.25 11.25 11.25 0
20050927 11.25 11.25 11.25 11.25 0
20050928 11.25 11.25 11.25 11.25 0
20050929 11.25 11.25 11.25 11.25 0
20050930 11.25 11.25 11.25 11.25 0
20051003 11.25 11.25 11.25 11.25 0
20051004 11.25 11.25 11.25 11.25 0
20051005 11.25 11.25 11.25 11.25 0
20051006 11.25 11.25 11.25 11.25 0
20051007 11.25 11.25 11.25 11.25 0
20051010 11.25 11.25 11.25 11.25 0
20051011 11.25 11.25 11.25 11.25 0
20051012 11.25 11.25 11.25 11.25 0
20051013 11.25 11.25 11.25 11.25 0
20051014 11.25 11.25 11.25 11.25 0
20051017 11.25 11.25 11.25 11.25 0
20051018 11.25 11.25 11.25 11.25 0
20051019 11.25 11.25 11.25 11.25 0
20051020 11.25 11.25 11.25 11.25 0
20051021 11.25 11.25 11.25 11.25 0
20051024 11.25 11.25 11.25 11.25 0
20051025 11.25 11.25 11.25 11.25 0
20051026 11.25 11.25 11.25 11.25 0
20051027 11.25 11.25 11.25 11.25 0
20051028 11.25 11.25 11.25 11.25 0
20051031 11.25 11.25 11.25 11.25 0
20051101 11.25 11.25 11.25 11.25 0
20051102 11.25 11.25 11.25 11.25 0
20051103 11.25 11.25 11.25 11.25 0
20051104 11.25 11.25 11.25 11.25 0
20051107 11.25 11.25 11.25 11.25 0
20051108 11.25 11.25 11.25 11.25 0
20051109 11.25 11.25 11.25 11.25 0
20051110 11.25 11.25 11.25 11.25 0
20051111 11.25 11.25 11.25 11.25 0
20051114 11.25 11.25 11.25 11.25 0
20051115 11.25 11.25 11.25 11.25 0
20051116 11.25 11.25 11.25 11.25 0
20051117 11.25 11.25 11.25 11.25 0
20051118 11.25 11.25 11.25 11.25 0
20051121 11.25 11.25 11.25 11.25 0
20051122 11.25 11.25 11.25 11.25 0
20051123 11.25 11.25 11.25 11.25 0
20051124 11.25 11.25 11.25 11.25 0
20051125 11.25 11.25 11.25 11.25 0
20051128 11.25 11.25 11.25 11.25 0
20051129 11.25 11.25 11.25 11.25 0
20051130 11.25 11.25 11.25 11.25 0
20051201 11.25 11.25 11.25 11.25 0
20051202 11.25 11.25 11.25 11.25 0
20051205 11.25 11.25 11.25 11.25 0
20051206 11.25 11.25 11.25 11.25 0
20051207 11.25 11.25 11.25 11.25 0
20051208 11.25 11.25 11.25 11.25 0
20051209 11.25 11.25 11.25 11.25 0
20051212 11.25 11.25 11.25 11.25 0
20051213 11.25 11.25 11.25 11.25 0
20051214 11.25 11.25 11.25 11.25 0
20051215 11.25 11.25 11.25 11.25 0
20051216 11.25 11.25 11.25 11.25 0
20051219 11.25 11.25 11.25 11.25 0
20051220 11.25 11.25 11.25 11.25 0
20051221 11.25 11.25 11.25 11.25 0
20051222 11.25 11.25 11.25 11.25 0
20051223 11.25 11.25 11.25 11.25 0
20051226 11.25 11.25 11.25 11.25 0
20051227 11.25 11.25 11.25 11.25 0
20051228 11.25 11.25 11.25 11.25 0
20051229 11.25 11.25 11.25 11.25 0
20051230 11.25 11.25 11.25 11.25 0
20060102 11.25 11.25 11.25 11.25 0
20060103 11.25 11.25 11.25 11.25 0
20060104 11.25 11.25 11.25 11.25 0
20060105 11.25 11.25 11.25 11.25 0
20060106 11.25 11.25 11.25 11.25 0
20060109 11.25 11.25 11.25 11.25 0
20060110 11.25 11.25 11.25 11.25 0
20060111 11.25 11.25 11.25 11.25 0
20060112 11.25 11.25 11.25 11.25 0
20060113 11.25 11.25 11.25 11.25 0
20060116 11.25 11.25 11.25 11.25 0
20060117 11.25 11.25 11.25 11.25 0
20060118 11.25 11.25 11.25 11.25 0
20060119 11.25 11.25 11.25 11.25 0
20060120 11.25 11.25 11.25 11.25 0
20060123 11.25 11.25 11.25 11.25 0
20060124 11.25 11.25 11.25 11.25 0
20060125 11.25 11.25 11.25 11.25 0
20060126 11.25 11.25 11.25 11.25 0
20060127 11.25 11.25 11.25 11.25 0
20060130 11.25 11.25 11.25 11.25 0
20060131 11.25 11.25 11.25 11.25 0
20060201 11.25 11.25 11.25 11.25 0
20060202 11.25 11.25 11.25 11.25 0
20060203 11.25 11.25 11.25 11.25 0
20060206 11.25 11.25 11.25 11.25 0
20060207 11.25 11.25 11.25 11.25 0
20060208 11.25 11.25 11.25 11.25 0
20060209 11.25 11.25 11.25 11.25 0
20060210 11.25 11.25 11.25 11.25 0
20060213 11.25 11.25 11.25 11.25 0
20060214 11.25 11.25 11.25 11.25 0
20060215 11.25 11.25 11.25 11.25 0
20060216 11.25 11.25 11.25 11.25 0
20060217 11.25 11.25 11.25 11.25 0
20060220 11.25 11.25 11.25 11.25 0
20060221 11.25 11.25 11.25 11.25 0
20060222 11.25 11.25 11.25 11.25 0
20060223 11.25 11.25 11.25 11.25 0
20060224 11.25 11.25 11.25 11.25 0
20060227 11.25 11.25 11.25 11.25 0
20060228 11.25 11.25 11.25 11.25 0
20060301 11.25 11.25 11.25 11.25 0
20060302 11.25 11.25 11.25 11.25 0
20060303 11.25 11.25 11.25 11.25 0
20060306 11.25 11.25 11.25 11.25 0
20060307 11.25 11.25 11.25 11.25 0
20060308 11.25 11.25 11.25 11.25 0
20060309 11.25 11.25 11.25 11.25 0
20060310 11.25 11.25 11.25 11.25 0
20060313 11.25 11.25 11.25 11.25 0
20060314 11.25 11.25 11.25 11.25 0
20060315 11.25 11.25 11.25 11.25 0
20060316 11.25 11.25 11.25 11.25 0
20060317 11.25 11.25 11.25 11.25 0
20060320 11.25 11.25 11.25 11.25 0
20060321 11.25 11.25 11.25 11.25 0
20060322 11.25 11.25 11.25 11.25 0
20060323 11.25 11.25 11.25 11.25 0
20060324 11.25 11.25 11.25 11.25 0
20060327 11.25 11.25 11.25 11.25 0
20060328 11.25 11.25 11.25 11.25 0
20060329 11.25 11.25 11.25 11.25 0
20060330 11.25 11.25 11.25 11.25 0
20060331 11.25 11.25 11.25 11.25 0
20060403 11.25 11.25 11.25 11.25 0
20060404 11.25 11.25 11.25 11.25 0
20060405 11.25 11.25 11.25 11.25 0
20060406 11.25 11.25 11.25 11.25 0
20060407 11.25 11.25 11.25 11.25 0
20060410 11.25 11.25 11.25 11.25 0
20060411 11.25 11.25 11.25 11.25 0
20060412 11.25 11.25 11.25 11.25 0
20060413 11.25 11.25 11.25 11.25 0
20060414 11.25 11.25 11.25 11.25 0
20060417 11.25 11.25 11.25 11.25 0
20060418 11.25 11.25 11.25 11.25 0
20060419 11.25 11.25 11.25 11.25 0
20060420 11.25 11.25 11.25 11.25 0
20060421 11.25 11.25 11.25 11.25 0
20060424 11.25 11.25 11.25 11.25 0
20060425 11.25 11.25 11.25 11.25 0
20060426 11.25 11.25 11.25 11.25 0
20060427 11.25 11.25 11.25 11.25 0
20060428 11.25 11.25 11.25 11.25 0
20060501 11.25 11.25 11.25 11.25 0
20060502 11.25 11.25 11.25 11.25 0
20060503 11.25 11.25 11.25 11.25 0
20060504 11.25 11.25 11.25 11.25 0
20060505 11.25 11.25 11.25 11.25 0
20060508 11.25 11.25 11.25 11.25 0
20060509 11.25 11.25 11.25 11.25 0
20060510 11.25 11.25 11.25 11.25 0
20060511 11.25 11.25 11.25 11.25 0
20060512 11.25 11.25 11.25 11.25 0
20060515 11.25 11.25 11.25 11.25 0
20060516 11.25 11.25 11.25 11.25 0
20060517 11.25 11.25 11.25 11.25 0
20060518 11.25 11.25 11.25 11.25 0
20060519 11.25 11.25 11.25 11.25 0
20060522 11.25 11.25 11.25 11.25 0
20060523 11.25 11.25 11.25 11.25 0
20060524 11.25 11.25 11.25 11.25 0
20060525 11.25 11.25 11.25 11.25 0
20060526 11.25 11.25 11.25 11.25 0
20060529 11.25 11.25 11.25 11.25 0
20060530 11.25 11.25 11.25 11.25 0
20060531 11.25 11.25 11.25 11.25 0
20060601 11.25 11.25 11.25 11.25 0
20060602 11.25 11.25 11.25 11.25 0
20060605 11.25 11.25 11.25 11.25 0
20060606 11.25 11.25 11.25 11.25 0
20060607 11.25 11.25 11.25 11.25 0
20060608 11.25 11.25 11.25 11.25 0
20060609 11.25 11.25 11.25 11.25 0
20060612 11.25 11.25 11.25 11.25 0
20060613 11.25 11.25 11.25 11.25 0
20060614 11.25 11.25 11.25 11.25 0
20060615 11.25 11.25 11.25 11.25 0
20060616 11.25 11.25 11.25 11.25 0
20060619 11.25 11.25 11.25 11.25 0
20060620 11.25 11.25 11.25 11.25 0
20060621 11.25 11.25 11.25 11.25 0
20060622 11.25 11.25 11.25 11.25 0
20060623 11.25 11.25 11.25 11.25 0
20060626 11.25 11.25 11.25 11.25 0
20060627 11.25 11.25 11.25 11.25 0
20060628 11.25 11.25 11.25 11.25 0
20060629 11.25 11.25 11.25 11.25 0
20060630 11.25 11.25 11.25 11.25 0
20060703 11.25 11.25 11.25 11.25 0
20060704 11.25 11.25 11.25 11.25 0
20060705 11.25 11.25 11.25 11.25 0
20060706 11.25 11.25 11.25 11.25 0
20060707 11.25 11.25 11.25 11.25 0
20060710 11.25 11.25 11.25 11.25 0
20060711 11.25 11.25 11.25 11.25 0
20060712 11.25 11.25 11.25 11.25 0
20060713 11.25 11.25 11.25 11.25 0
20060714 11.25 11.25 11.25 11.25 0
20060717 11.25 11.25 11.25 11.25 0
20060718 11.25 11.25 11.25 11.25 0
20060719 11.25 11.25 11.25 11.25 0
20060720 11.25 11.25 11.25 11.25 0
20060721 11.25 11.25 11.25 11.25 0
20060724 11.25 11.25 11.25 11.25 0
20060725 11.25 11.25 11.25 11.25 0
20060726 11.25 11.25 11.25 11.25 0
20060727 11.25 11.25 11.25 11.25 0
20060728 11.25 11.25 11.25 11.25 0
20060731 11.25 11.25 11.25 11.25 0
20060801 11.25 11.25 11.25 11.25 0
20060802 11.25 11.25 11.25 11.25 0
20060803 11.25 11.25 11.25 11.25 0
20060804 11.25 11.25 11.25 11.25 0
20060807 11.25 11.25 11.25 11.25 0
20060808 11.25 11.25 11.25 11.25 0
20060809 11.25 11.25 11.25 11.25 0
20060810 11.25 11.25 11.25 11.25 0
20060811 11.25 11.25 11.25 11.25 0
20060814 11.25 11.25 11.25 11.25 0
20060815 11.25 11.25 11.25 11.25 0
20060816 11.25 11.25 11.25 11.25 0
20060817 11.25 11.25 11.25 11.25 0
20060818 11.25 11.25 11.25 11.25 0
20060821 11.25 11.25 11.25 11.25 0
20060822 11.25 11.25 11.25 11.25 0
20060823 11.25 11.25 11.25 11.25 0
20060824 11.25 11.25 11.25 11.25 0
20060825 11.25 11.25 11.25 11.25 0
20060828 11.25 11.25 11.25 11.25 0
20060829 11.25 11.25 11.25 11.25 0
20060830 11.25 11.25 11.25 11.25 0
20060831 11.25 11.25 11.25 11.25 0
20060901 11.25 11.25 11.25 11.25 0
20060904 11.25 11.25 11.25 11.25 0
20060905 11.25 11.25 11.25 11.25 0
20060906 11.25 11.25 11.25 11.25 0
20060907 11.25 11.25 11.25 11.25 0
20060908 11.25 11.25 11.25 11.25 0
20060911 11.25 11.25 11.25 11.25 0
20060912 11.25 11.25 11.25 11.25 0
20060913 11.25 11.25 11.25 11.25 0
20060914 11.25 11.25 11.25 11.25 0
20060915 11.25 11.25 11.25 11.25 0
20060918 11.25 11.25 11.25 11.25 0
20060919 11.25 11.25 11.25 11.25 0
20060920 11.25 11.25 11.25 11.25 0
20060921 11.25 11.25 11.25 11.25 0
20060922 11.25 11.25 11.25 11.25 0
20060925 11.25 11.25 11.25 11.25 0
20060926 11.25 11.25 11.25 11.25 0
20060927 11.25 11.25 11.25 11.25 0
20060928 11.25 11.25 11.25 11.25 0
20060929 11.25 11.25 11.25 11.25 0
20061002 11.25 11.25 11.25 11.25 0
20061003 11.25 11.25 11.25 11.25 0
20061004 11.25 11.25 11.25 11.25 0
20061005 11.25 11.25 11.25 11.25 0
20061006 11.25 11.25 11.25 11.25 0
20061009 11.25 11.25 11.25 11.25 0
20061010 11.25 11.25 11.25 11.25 0
20061011 11.25 11.25 11.25 11.25 0
20061012 11.25 11.25 11.25 11.25 0
20061013 11.25 11.25 11.25 11.25 0
20061016 11.25 11.25 11.25 11.25 0
20061017 11.25 11.25 11.25 11.25 0
20061018 11.25 11.25 11.25 11.25 0
20061019 11.25 11.25 11.25 11.25 0
20061020 11.25 11.25 11.25 11.25 0
20061023 11.25 11.25 11.25 11.25 0
20061024 11.25 11.25 11.25 11.25 0
20061025 11.25 11.25 11.25 11.25 0
20061026 11.25 11.25 11.25 11.25 0
20061027 11.25 11.25 11.25 11.25 0
20061030 11.25 11.25 11.25 11.25 0
20061031 11.25 11.25 11.25 11.25 0
20061101 11.25 11.25 11.25 11.25 0
20061102 11.25 11.25 11.25 11.25 0
20061103 11.25 11.25 11.25 11.25 0
20061106 11.25 11.25 11.25 11.25 0
20061107 11.25 11.25 11.25 11.25 0
20061108 11.25 11.25 11.25 11.25 0
20061109 11.25 11.25 11.25 11.25 0
20061110 11.25 11.25 11.25 11.25 0
20061113 11.25 11.25 11.25 11.25 0
20061114 11.25 11.25 11.25 11.25 0
20061115 11.25 11.25 11.25 11.25 0
20061116 11.25 11.25 11.25 11.25 0
20061117 11.25 11.25 11.25 11.25 0
20061120 11.25 11.25 11.25 11.25 0
20061121 11.25 11.25 11.25 11.25 0
20061122 11.25 11.25 11.25 11.25 0
20061123 11.25 11.25 11.25 11.25 0
20061124 11.25 11.25 11.25 11.25 0
20061127 11.25 11.25 11.25 11.25 0
20061128 11.25 11.25 11.25 11.25 0
20061129 11.25 11.25 11.25 11.25 0
20061130 11.25 11.25 11.25 11.25 0
20061201 11.25 11.25 11.25 11.25 0
20061204 11.25 11.25 11.25 11.25 0
20061205 11.25 11.25 11.25 11.25 0
20061206 11.25 11.25 11.25 11.25 0
20061207 11.25 11.25 11.25 11.25 0
20061208 11.25 11.25 11.25 11.25 0
20061211 11.25 11.25 11.25 11.25 0
20061212 11.25 11.25 11.25 11.25 0
20061213 11.25 11.25 11.25 11.25 0
20061214 11.25 11.25 11.25 11.25 0
20061215 11.25 11.25 11.25 11.25 0
20061218 11.25 11.25 11.25 11.25 0
20061219 11.25 11.25 11.25 11.25 0
20061220 11.25 11.25 11.25 11.25 0
20061221 11.25 11.25 11.25 11.25 0
20061222 11.25 11.25 11.25 11.25 0
20061225 11.25 11.25 11.25 11.25 0
20061226 11.25 11.25 11.25 11.25 0
20061227 11.25 11.25 11.25 11.25 0
20061228 11.25 11.25 11.25 11.25 0
20061229 11.25 11.25 11.25 11.25 0
20070101 11.25 11.25 11.25 11.25 0
20070102 11.25 11.25 11.25 11.25 0
20070103 11.25 11.25 11.25 11.25 0
20070104 11.25 11.25 11.25 11.25 0
20070105 11.25 11.25 11.25 11.25 0
20070108 11.25 11.25 11.25 11.25 0
20070109 11.25 11.25 11.25 11.25 0
20070110 11.25 11.25 11.25 11.25 0
20070111 11.25 11.25 11.25 11.25 0
20070112 11.25 11.25 11.25 11.25 0
20070115 11.25 11.25 11.25 11.25 0
20070116 11.25 11.25 11.25 11.25 0
20070117 11.25 11.25 11.25 11.25 0
20070118 11.25 11.25 11.25 11.25 0
20070119 11.25 11.25 11.25 11.25 0
20070122 11.25 11.25 11.25 11.25 0
20070123 11.25 11.25 11.25 11.25 0
20070124 11.25 11.25 11.25 11.25 0
20070125 11.25 11.25 11.25 11.25 0
20070126 11.25 11.25 11.25 11.25 0
20070129 11.25 11.25 11.25 11.25 0
20070130 11.25 11.25 11.25 11.25 0
20070131 11.25 11.25 11.25 11.25 0
20070201 11.25 11.25 11.25 11.25 0
20070202 11.25 11.25 11.25 11.25 0
20070205 11.25 11.25 11.25 11.25 0
20070206 11.25 11.25 11.25 11.25 0
20070207 11.25 11.25 11.25 11.25 0
20070208 11.25 11.25 11.25 11.25 0
20070209 11.25 11.25 11.25 11.25 0
20070212 11.25 11.25 11.25 11.25 0
20070213 11.25 11.25 11.25 11.25 0
20070214 11.25 11.25 11.25 11.25 0
20070215 11.25 11.25 11.25 11.25 0
20070216 11.25 11.25 11.25 11.25 0
20070219 11.25 11.25 11.25 11.25 0
20070220 11.25 11.25 11.25 11.25 0
20070221 11.25 11.25 11.25 11.25 0
20070222 11.25 11.25 11.25 11.25 0
20070223 11.25 11.25 11.25 11.25 0
20070226 11.25 11.25 11.25 11.25 0
20070227 11.25 11.25 11.25 11.25 0
20070228 11.25 11.25 11.25 11.25 0
20070301 11.25 11.25 11.25 11.25 0
20070302 11.25 11.25 11.25 11.25 0
20070305 11.25 11.25 11.25 11.25 0
20070306 11.25 11.25 11.25 11.25 0
20070307 11.25 11.25 11.25 11.25 0
20070308 11.25 11.25 11.25 11.25 0
20070309 11.25 11.25 11.25 11.25 0
20070312 11.25 11.25 11.25 11.25 0
20070313 11.25 11.25 11.25 11.25 0
20070314 11.25 11.25 11.25 11.25 0
20070315 11.25 11.25 11.25 11.25 0
20070316 11.25 11.25 11.25 11.25 0
20070319 11.25 11.25 11.25 11.25 0
20070320 11.25 11.25 11.25 11.25 0
20070321 11.25 11.25 11.25 11.25 0
20070322 11.25 11.25 11.25 11.25 0
20070323 11.25 11.25 11.25 11.25 0
20070326 11.25 11.25 11.25 11.25 0
20070327 11.25 11.25 11.25 11.25 0
20070328 11.25 11.25 11.25 11.25 0
20070329 11.25 11.25 11.25 11.25 0
20070330 11.25 11.25 11.25 11.25 0
20070402 11.25 11.25 11.25 11.25 0
20070403 11.25 11.25 11.25 11.25 0
20070404 11.25 11.25 11.25 11.25 0
20070405 11.25 11.25 11.25 11.25 0
20070406 11.25 11.25 11.25 11.25 0
20070409 11.25 11.25 11.25 11.25 0
20070410 11.25 11.25 11.25 11.25 0
20070411 11.25 11.25 11.25 11.25 0
20070412 11.25 11.25 11.25 11.25 0
20070413 11.25 11.25 11.25 11.25 0
20070416 11.25 11.25 11.25 11.25 0
20070417 11.25 11.25 11.25 11.25 0
20070418 11.25 11.25 11.25 11.25 0
20070419 11.25 11.25 11.25 11.25 0
20070420 11.25 11.25 11.25 11.25 0
20070423 11.25 11.25 11.25 11.25 0
20070424 11.25 11.25 11.25 11.25 0
20070425 11.25 11.25 11.25 11.25 0
20070426 11.25 11.25 11.25 11.25 0
20070427 11.25 11.25 11.25 11.25 0
20070430 11.25 11.25 11.25 11.25 0
20070501 11.25 11.25 11.25 11.25 0
20070502 11.25 11.25 11.25 11.25 0
20070503 11.25 11.25 11.25 11.25 0
20070504 11.25 11.25 11.25 11.25 0
20070507 11.25 11.25 11.25 11.25 0
20070508 11.25 11.25 11.25 11.25 0
20070509 11.25 11.25 11.25 11.25 0
20070510 11.25 11.25 11.25 11.25 0
20070511 11.25 11.25 11.25 11.25 0
20070514 11.25 11.25 11.25 11.25 0
20070515 11.25 11.25 11.25 11.25 0
20070516 11.25 11.25 11.25 11.25 0
20070517 11.25 11.25 11.25 11.25 0
20070518 11.25 11.25 11.25 11.25 0
20070521 11.25 11.25 11.25 11.25 0
20070522 11.25 11.25 11.25 11.25 0
20070523 11.25 11.25 11.25 11.25 0
20070524 11.25 11.25 11.25 11.25 0
20070525 11.25 11.25 11.25 11.25 0
20070528 11.25 11.25 11.25 11.25 0
20070529 11.25 11.25 11.25 11.25 0
20070530 11.25 11.25 11.25 11.25 0
20070531 11.25 11.25 11.25 11.25 0
20070601 11.25 11.25 11.25 11.25 0
20070604 11.25 11.25 11.25 11.25 0
20070605 11.25 11.25 11.25 11.25 0
20070606 11.25 11.25 11.25 11.25 0
20070607 11.25 11.25 11.25 11.25 0
20070608 11.25 11.25 11.25 11.25 0
20070611 11.25 11.25 11.25 11.25 0
20070612 11.25 11.25 11.25 11.25 0
20070613 11.25 11.25 11.25 11.25 0
20070614 11.25 11.25 11.25 11.25 0
20070615 11.25 11.25 11.25 11.25 0
20070618 11.25 11.25 11.25 11.25 0
20070619 11.25 11.25 11.25 11.25 0
20070620 11.25 11.25 11.25 11.25 0
20070621 11.25 11.25 11.25 11.25 0
20070622 11.25 11.25 11.25 11.25 0
20070625 11.25 11.25 11.25 11.25 0
20070626 11.25 11.25 11.25 11.25 0
20070627 11.25 11.25 11.25 11.25 0
20070628 11.25 11.25 11.25 11.25 0
20070629 11.25 11.25 11.25 11.25 0
20070702 11.25 11.25 11.25 11.25 0
20070703 11.25 11.25 11.25 11.25 0
20070704 11.25 11.25 11.25 11.25 0
20070705 11.25 11.25 11.25 11.25 0
20070706 11.25 11.25 11.25 11.25 0
20070709 11.25 11.25 11.25 11.25 0
20070710 11.25 11.25 11.25 11.25 0
20070711 11.25 11.25 11.25 11.25 0
20070712 11.25 11.25 11.25 11.25 0
20070713 11.25 11.25 11.25 11.25 0
20070716 11.25 11.25 11.25 11.25 0
20070717 11.25 11.25 11.25 11.25 0
20070718 11.25 11.25 11.25 11.25 0
20070719 11.25 11.25 11.25 11.25 0
20070720 11.25 11.25 11.25 11.25 0
20070723 11.25 11.25 11.25 11.25 0
20070724 11.25 11.25 11.25 11.25 0
20070725 11.25 11.25 11.25 11.25 0
20070726 11.25 11.25 11.25 11.25 0
20070727 11.25 11.25 11.25 11.25 0
20070730 11.25 11.25 11.25 11.25 0
20070731 11.25 11.25 11.25 11.25 0
20070801 11.25 11.25 11.25 11.25 0
20070802 11.25 11.25 11.25 11.25 0
20070803 11.25 11.25 11.25 11.25 0
20070806 11.25 11.25 11.25 11.25 0
20070807 11.25 11.25 11.25 11.25 0
20070808 11.25 11.25 11.25 11.25 0
20070809 11.25 11.25 11.25 11.25 0
20070810 11.25 11.25 11.25 11.25 0
20070813 11.25 11.25 11.25 11.25 0
20070814 11.25 11.25 11.25 11.25 0
20070815 11.25 11.25 11.25 11.25 0
20070816 11.25 11.25 11.25 11.25 0
20070817 11.25 11.25 11.25 11.25 0
20070820 11.25 11.25 11.25 11.25 0
20070821 11.25 11.25 11.25 11.25 0
20070822 11.25 11.25 11.25 11.25 0
20070823 11.25 11.25 11.25 11.25 0
20070824 11.25 11.25 11.25 11.25 0
20070827 11.25 11.25 11.25 11.25 0
20070828 11.25 11.25 11.25 11.25 0
20070829 11.25 11.25 11.25 11.25 0
20070830 11.25 11.25 11.25 11.25 0
20070831 11.25 11.25 11.25 11.25 0
20070903 11.25 11.25 11.25 11.25 0
20070904 11.25 11.25 11.25 11.25 0
20070905 11.25 11.25 11.25 11.25 0
20070906 11.25 11.25 11.25 11.25 0
20070907 11.25 11.25 11.25 11.25 0
20070910 11.25 11.25 11.25 11.25 0
20070911 11.25 11.25 11.25 11.25 0
20070912 11.25 11.25 11.25 11.25 0
20070913 11.25 11.25 11.25 11.25 0
20070914 11.25 11.25 11.25 11.25 0
20070917 11.25 11.25 11.25 11.25 0
20070918 11.25 11.25 11.25 11.25 0
20070919 11.25 11.25 11.25 11.25 0
20070920 11.25 11.25 11.25 11.25 0
20070921 11.25 11.25 11.25 11.25 0
20070924 11.25 11.25 11.25 11.25 0
20070925 11.25 11.25 11.25 11.25 0
20070926 11.25 11.25 11.25 11.25 0
20070927 11.25 11.25 11.25 11.25 0
20070928 11.25 11.25 11.25 11.25 0
20071001 11.25 11.25 11.25 11.25 0
20071002 11.25 11.25 11.25 11.25 0
20071003 11.25 11.25 11.25 11.25 0
20071004 11.25 11.25 11.25 11.25 0
20071005 11.25 11.25 11.25 11.25 0
20071008 11.25 11.25 11.25 11.25 0
20071009 11.25 11.25 11.25 11.25 0
20071010 11.25 11.25 11.25 11.25 0
20071011 11.25 11.25 11.25 11.25 0
20071012 11.25 11.25 11.25 11.25 0
20071015 11.25 11.25 11.25 11.25 0
20071016 11.25 11.25 11.25 11.25 0
20071017 11.25 11.25 11.25 11.25 0
20071018 11.25 11.25 11.25 11.25 0
20071019 11.25 11.25 11.25 11.25 0
20071022 11.25 11.25 11.25 11.25 0
20071023 11.25 11.25 11.25 11.25 0
20071024 11.25 11.25 11.25 11.25 0
20071025 11.25 11.25 11.25 11.25 0
20071026 11.25 11.25 11.25 11.25 0
20071029 11.25 11.25 11.25 11.25 0
20071030 11.25 11.25 11.25 11.25 0
20071031 11.25 11.25 11.25 11.25 0
20071101 11.25 11.25 11.25 11.25 0
20071102 11.25 11.25 11.25 11.25 0
20071105 11.25 11.25 11.25 11.25 0
20071106 11.25 11.25 11.25 11.25 0
20071107 11.25 11.25 11.25 11.25 0
20071108 11.25 11.25 11.25 11.25 0
20071109 11.25 11.25 11.25 11.25 0
20071112 11.25 11.25 11.25 11.25 0
20071113 11.25 11.25 11.25 11.25 0
20071114 11.25 11.25 11.25 11.25 0
20071115 11.25 11.25 11.25 11.25 0
20071116 11.25 11.25 11.25 11.25 0
20071119 11.25 11.25 11.25 11.25 0
20071120 11.25 11.25 11.25 11.25 0
20071121 11.25 11.25 11.25 11.25 0
20071122 11.25 11.25 11.25 11.25 0
20071123 11.25 11.25 11.25 11.25 0
20071126 11.25 11.25 11.25 11.25 0
20071127 11.25 11.25 11.25 11.25 0
20071128 11.25 11.25 11.25 11.25 0
20071129 11.25 11.25 11.25 11.25 0
20071130 11.25 11.25 11.25 11.25 0
20071203 11.25 11.25 11.25 11.25 0
20071204 11.25 11.25 11.25 11.25 0
20071205 11.25 11.25 11.25 11.25 0
20071206 11.25 11.25 11.25 11.25 0
20071207 11.25 11.25 11.25 11.25 0
20071210 11.25 11.25 11.25 11.25 0
20071211 11.25 11.25 11.25 11.25 0
20071212 11.25 11.25 11.25 11.25 0
20071213 11.25 11.25 11.25 11.25 0
20071214 11.25 11.25 11.25 11.25 0
20071217 11.25 11.25 11.25 11.25 0
20071218 11.25 11.25 11.25 11.25 0
20071219 11.25 11.25 11.25 11.25 0
20071220 11.25 11.25 11.25 11.25 0
20071221 11.25 11.25 11.25 11.25 0
20071224 11.25 11.25 11.25 11.25 0
20071225 11.25 11.25 11.25 11.25 0
20071226 11.25 11.25 11.25 11.25 0
20071227 11.25 11.25 11.25 11.25 0
20071228 11.25 11.25 11.25 11.25 0
20071231 11.25 11.25 11.25 11.25 0
20080101 11.25 11.25 11.25 11.25 0
20080102 11.25 11.25 11.25 11.25 0
20080103 11.25 11.25 11.25 11.25 0
20080104 11.25 11.25 11.25 11.25 0
20080107 11.25 11.25 11.25 11.25 0
20080108 11.25 11.25 11.25 11.25 0
20080109 11.25 11.25 11.25 11.25 0
20080110 11.25 11.25 11.25 11.25 0
20080111 11.25 11.25 11.25 11.25 0
20080114 11.25 11.25 11.25 11.25 0
20080115 11.25 11.25 11.25 11.25 0
20080116 11.25 11.25 11.25 11.25 0
20080117 11.25 11.25 11.25 11.25 0
20080118 11.25 11.25 11.25 11.25 0
20080121 11.25 11.25 11.25 11.25 0
20080122 11.25 11.25 11.25 11.25 0
20080123 11.25 11.25 11.25 11.25 0
20080124 11.25 11.25 11.25 11.25 0
20080125 11.25 11.25 11.25 11.25 0
20080128 11.25 11.25 11.25 11.25 0
20080129 11.25 11.25 11.25 11.25 0
20080130 11.25 11.25 11.25 11.25 0
20080131 11.25 11.25 11.25 11.25 0
20080201 11.25 11.25 11.25 11.25 0
20080204 11.25 11.25 11.25 11.25 0
20080205 11.25 11.25 11.25 11.25 0
20080206 11.25 11.25 11.25 11.25 0
20080207 11.25 11.25 11.25 11.25 0
20080208 11.25 11.25 11.25 11.25 0
20080211 11.25 11.25 11.25 11.25 0
20080212 11.25 11.25 11.25 11.25 0
20080213 11.25 11.25 11.25 11.25 0
20080214 11.25 11.25 11.25 11.25 0
20080215 11.25 11.25 11.25 11.25 0
20080218 11.25 11.25 11.25 11.25 0
20080219 11.25 11.25 11.25 11.25 0
20080220 11.25 11.25 11.25 11.25 0
20080221 11.25 11.25 11.25 11.25 0
20080222 11.25 11.25 11.25 11.25 0
20080225 11.25 11.25 11.25 11.25 0
20080226 11.25 11.25 11.25 11.25 0
20080227 11.25 11.25 11.25 11.25 0
20080228 11.25 11.25 11.25 11.25 0
20080229 11.25 11.25 11.25 11.25 0
20080303 11.25 11.25 11.25 11.25 0
20080304 11.25 11.25 11.25 11.25 0
20080305 11.25 11.25 11.25 11.25 0
20080306 11.25 11.25 11.25 11.25 0
20080307 11.25 11.25 11.25 11.25 0
20080310 11.25 11.25 11.25 11.25 0
20080311 11.25 11.25 11.25 11.25 0
20080312 11.25 11.25 11.25 11.25 0
20080313 11.25 11.25 11.25 11.25 0
20080314 11.25 11.25 11.25 11.25 0
20080317 11.25 11.25 11.25 11.25 0
20080318 11.25 11.25 11.25 11.25 0
20080319 11.25 11.25 11.25 11.25 0
20080320 11.25 11.25 11.25 11.25 0
20080321 11.25 11.25 11.25 11.25 0
20080324 11.25 11.25 11.25 11.25 0
20080325 284.75 292.00 279.50 285.75 7747800
20080326 285.00 289.75 282.25 287.00 3911300
20080327 288.25 297.00 285.75 293.25 6673300
20080328 295.25 295.75 287.50 291.25 2977000
