20030101 85.42 85.42 85.42 85.42 0
20030102 88.00 89.00 86.38 88.75 70300
20030103 89.37 92.63 89.37 90.00 1757100
20030106 90.37 92.63 89.00 90.50 970700
20030107 92.00 92.00 88.00 88.00 418900
20030108 88.00 89.75 86.37 88.86 1667400
20030109 86.00 87.63 86.00 86.00 398900
20030110 87.63 87.70 83.00 85.00 1245100
20030113 84.80 84.80 79.00 81.00 3919400
20030114 81.75 83.75 80.00 82.50 1984900
20030115 82.63 83.00 80.00 81.50 1760300
20030116 82.00 83.00 80.00 80.35 471700
20030117 80.35 83.00 80.00 81.50 4579300
20030120 81.50 85.00 80.25 84.14 3030600
20030121 85.78 87.00 84.00 86.00 1481400
20030122 86.85 86.85 84.00 85.50 499000
20030123 85.50 86.70 84.00 86.00 2983000
20030124 84.50 86.00 84.00 85.00 3077400
20030127 84.30 85.00 83.00 83.00 627000
20030128 83.50 84.85 83.00 84.00 970500
20030129 84.80 84.80 77.00 80.02 447300
20030130 80.00 81.00 79.00 79.50 393100
20030131 78.00 79.75 78.00 79.00 689500
20030203 80.00 83.00 78.92 81.00 2614200
20030204 81.02 82.00 75.00 79.15 2678700
20030205 78.75 79.70 76.00 78.04 1950700
20030206 77.10 79.00 77.00 78.00 1473500
20030207 78.50 78.80 77.00 78.00 2859600
20030210 77.20 78.48 77.00 77.00 1157200
20030211 78.70 78.70 75.00 75.70 654900
20030212 75.50 76.00 72.50 73.00 1414900
20030213 71.00 76.00 71.00 75.39 8400300
20030214 76.00 78.00 75.20 76.00 1606100
20030217 77.50 77.80 76.25 76.25 566200
20030218 75.00 76.50 74.00 75.00 5310800
20030219 74.22 76.00 74.00 75.00 3368300
20030220 74.00 76.00 74.00 76.00 1709800
20030221 75.75 75.75 74.00 74.50 987300
20030224 74.48 74.50 71.37 72.57 2900200
20030225 73.00 73.00 71.00 71.25 682600
20030226 72.00 74.00 71.00 72.50 1800000
20030227 73.50 73.50 71.46 72.00 651200
20030228 71.25 73.80 71.10 72.00 349000
20030303 73.00 77.62 73.00 76.50 2167500
20030304 75.50 81.00 75.50 78.00 4048400
20030305 79.00 79.00 74.00 74.00 2567800
20030306 75.80 77.00 74.50 76.00 809200
20030307 77.00 77.00 71.46 71.46 825200
20030310 73.25 73.25 68.00 72.50 1343200
20030311 66.00 69.00 63.00 66.00 4373200
20030312 65.30 68.00 65.00 67.00 1971100
20030313 66.20 68.00 66.00 66.00 2964100
20030314 68.00 69.00 67.00 69.00 1277700
20030317 69.00 69.70 66.00 66.71 1046400
20030318 70.00 77.00 70.00 75.00 2385500
20030319 75.00 76.00 73.20 76.00 1669300
20030320 78.00 82.00 76.00 78.00 2235600
20030321 80.30 87.00 80.30 85.00 1247400
20030324 85.00 85.80 80.00 83.00 3551000
20030325 81.00 84.50 80.00 84.50 949200
20030326 84.50 87.00 83.30 84.00 1401900
20030327 86.60 86.60 82.30 84.50 2936300
20030328 84.85 85.00 82.83 83.22 1587700
20030331 83.00 85.00 81.00 82.50 656200
20030401 83.70 83.70 80.00 80.77 1162500
20030402 80.00 85.00 80.00 83.17 1672400
20030403 83.70 85.33 81.00 85.33 2513400
20030404 82.00 83.00 79.00 80.00 2717600
20030407 80.50 85.00 80.50 84.50 2887900
20030408 85.00 85.00 83.00 84.50 1787200
20030409 85.00 92.00 84.00 86.00 2475100
20030410 92.00 95.00 88.00 89.00 1260300
20030411 95.00 95.00 90.00 91.00 1108500
20030414 92.00 94.00 87.00 87.00 815500
20030415 87.00 91.00 87.00 89.00 667400
20030416 88.00 88.00 85.00 86.00 2230600
20030417 87.80 88.70 86.00 86.58 4113300
20030418 86.58 86.58 86.58 86.58 0
20030421 86.58 86.58 86.58 86.58 0
20030422 88.70 89.00 86.00 88.39 1010000
20030423 92.60 93.60 90.00 92.09 654200
20030424 90.00 93.60 85.00 86.54 4034300
20030425 84.00 87.60 84.00 86.00 188100
20030428 84.00 87.17 84.00 86.00 2481500
20030429 87.00 90.00 86.80 89.62 11650400
20030430 92.00 95.00 90.00 92.00 12094500
20030501 94.94 94.94 93.00 93.50 1617700
20030502 94.30 100.00 94.00 98.00 4113300
20030505 98.00 98.00 98.00 98.00 0
20030506 99.90 100.00 98.00 99.25 7942700
20030507 98.50 101.00 98.00 99.05 10067600
20030508 98.10 99.80 97.00 97.00 2670800
20030509 97.50 98.00 96.00 97.00 987400
20030512 95.23 98.00 95.00 96.00 1692400
20030513 95.30 97.67 94.00 94.00 651200
20030514 93.50 93.50 89.00 90.80 1356500
20030515 90.70 92.00 88.00 90.00 2851200
20030516 90.15 91.00 88.15 88.30 5047500
20030519 88.33 90.90 88.22 90.00 573800
20030520 90.70 90.70 88.00 88.96 1620800
20030521 88.20 89.00 85.30 85.95 724400
20030522 86.77 87.00 84.75 86.78 3727800
20030523 87.00 93.00 85.00 90.00 4113300
20030526 90.00 90.00 90.00 90.00 0
20030527 91.00 93.00 90.00 93.00 261500
20030528 94.00 95.00 90.00 94.00 5243200
20030529 92.00 93.91 91.91 93.91 581000
20030530 91.00 94.00 90.00 93.00 111300
20030602 92.50 94.00 91.33 92.50 3117900
20030603 94.75 104.00 93.15 103.63 5453300
20030604 105.00 105.50 100.00 102.17 3684300
20030605 98.00 104.00 98.00 101.75 1527600
20030606 103.50 109.00 101.40 106.25 4375400
20030609 110.00 113.00 107.00 110.50 2929400
20030610 113.00 115.50 105.21 108.00 9289400
20030611 109.52 111.00 107.15 107.50 8451400
20030612 107.00 112.00 107.00 109.00 3203100
20030613 109.20 111.00 108.00 108.15 298800
20030616 110.30 110.30 108.00 108.50 1261300
20030617 109.25 111.00 108.00 110.50 1211100
20030618 109.50 113.50 109.20 111.00 1078900
20030619 112.50 114.00 110.65 113.67 2943200
20030620 113.10 116.50 112.00 115.00 4534500
20030623 116.10 118.00 115.00 116.12 3941000
20030624 117.52 119.00 111.00 111.00 10262000
20030625 110.85 112.78 109.00 111.50 1796500
20030626 110.30 113.00 110.00 111.50 1686000
20030627 110.30 113.00 110.30 111.45 1354200
20030630 111.39 114.00 110.00 112.00 2115300
20030701 112.50 113.25 111.00 111.30 733700
20030702 113.50 117.00 113.50 113.94 4910500
20030703 116.00 116.00 114.00 114.84 1445900
20030704 115.00 115.00 114.00 114.82 1011000
20030707 115.00 116.00 114.00 115.00 1200400
20030708 114.20 120.00 114.20 118.00 3583500
20030709 117.00 120.33 117.00 120.24 2425300
20030710 119.00 122.00 119.00 120.50 4940100
20030711 119.37 122.39 119.37 121.16 2417800
20030714 121.50 122.50 121.00 122.00 2300300
20030715 121.00 122.00 121.00 121.00 1652000
20030716 121.11 123.50 121.00 123.00 3833300
20030717 121.81 124.00 121.38 121.50 4316900
20030718 120.30 122.87 120.00 120.00 1394300
20030721 121.00 121.12 118.00 119.00 1648300
20030722 118.15 120.00 114.00 114.00 1523400
20030723 114.40 117.00 114.40 116.00 1027300
20030724 117.50 119.00 114.00 116.00 1207800
20030725 118.00 120.00 116.30 118.21 172600
20030728 116.50 120.55 116.50 120.55 2530800
20030729 119.63 120.00 117.00 118.50 1064300
20030730 117.04 119.50 113.00 114.84 1795000
20030731 113.37 123.62 113.30 115.06 4413700
20030801 113.00 117.00 112.37 114.56 5361300
20030804 117.00 118.26 116.00 117.50 1122300
20030805 118.00 118.00 116.00 118.00 2608300
20030806 116.52 118.00 116.00 116.26 578000
20030807 116.00 118.00 116.00 118.00 472100
20030808 117.15 119.39 117.15 118.36 457600
20030811 118.18 119.39 118.00 118.00 582400
20030812 118.18 118.87 117.00 118.00 1563700
20030813 117.25 118.50 117.00 118.23 469000
20030814 119.00 119.00 117.15 118.83 2774500
20030815 117.25 119.00 117.15 119.00 1924600
20030818 117.12 117.12 114.00 115.00 2670700
20030819 114.15 116.00 114.00 114.75 1848800
20030820 114.20 119.00 114.20 116.00 2933600
20030821 116.00 118.50 115.77 117.50 3511400
20030822 118.50 119.00 118.00 119.00 4113300
20030825 119.00 119.00 119.00 119.00 0
20030826 118.25 119.68 115.37 115.37 377500
20030827 117.63 117.63 113.00 114.00 1714700
20030828 112.37 115.00 112.25 114.00 3896400
20030829 112.15 113.78 112.00 112.41 2779800
20030901 112.25 113.50 111.20 113.00 114800
20030902 112.29 119.89 108.00 110.00 2702000
20030903 110.22 114.78 110.22 114.25 6662700
20030904 112.30 115.50 112.30 115.00 811600
20030905 115.00 115.00 113.00 113.25 3472300
20030908 114.00 117.00 113.00 117.00 8982900
20030909 115.50 120.00 114.40 117.75 4548500
20030910 119.00 120.00 117.15 118.00 1287500
20030911 118.00 118.00 118.00 118.00 3301600
20030912 117.00 118.00 117.00 118.00 1036000
20030915 118.50 120.00 118.50 120.00 953600
20030916 120.00 125.00 120.00 125.00 5303400
20030917 124.50 125.94 124.50 125.94 2240400
20030918 126.50 127.34 126.50 127.34 3166700
20030919 127.50 127.50 127.50 127.50 1973400
20030922 127.50 124.00 122.00 122.50 3018800
20030923 122.50 122.92 120.00 120.81 1329100
20030924 121.00 123.00 120.15 122.00 1461300
20030925 122.00 124.00 121.25 121.50 1873400
20030926 122.50 123.50 121.00 122.00 1406000
20030929 122.00 122.25 120.00 120.37 49400
20030930 121.00 122.00 119.30 121.58 1607200
20031001 120.00 120.50 115.94 120.06 2511100
20031002 118.00 118.80 112.50 114.00 7905400
20031003 113.50 118.62 111.00 118.50 5696400
20031006 118.50 120.00 117.00 120.00 553600
20031007 118.50 122.00 118.00 120.00 2314100
20031008 122.00 124.00 120.25 122.50 2763300
20031009 124.00 125.00 123.20 124.50 2351200
20031010 124.50 126.00 123.00 126.00 5240700
20031013 125.00 126.50 124.97 124.97 926100
20031014 126.50 129.00 126.50 128.50 4720800
20031015 128.50 131.75 127.37 130.93 3158600
20031016 131.00 132.00 130.00 132.00 1590200
20031017 131.00 135.00 130.00 134.23 2877000
20031020 134.00 135.00 132.00 133.52 1772200
20031021 132.00 132.00 128.00 131.00 2461500
20031022 129.00 130.00 126.20 128.00 1559200
20031023 126.50 128.00 124.34 126.50 2801400
20031024 126.50 127.70 122.00 125.00 3211400
20031027 123.50 125.00 122.00 125.00 4862400
20031028 125.50 126.70 124.00 124.00 1776500
20031029 125.50 126.75 123.94 126.75 7393400
20031030 125.00 126.75 124.00 125.00 3217100
20031031 125.00 126.75 124.00 124.50 4113300
20031103 124.00 124.00 123.00 124.62 21000
20031104 124.00 125.00 123.00 124.50 894100
20031105 126.00 127.00 125.75 126.00 128300
20031106 125.50 125.75 124.50 125.00 202100
20031107 126.00 133.00 125.50 131.00 603700
20031110 130.00 131.00 130.00 130.75 81200
20031111 131.50 132.00 131.00 132.25 92200
20031112 132.25 134.25 132.00 134.25 210300
20031113 133.75 133.75 131.00 132.00 151900
20031114 133.00 134.00 132.75 133.50 498500
20031117 131.50 131.50 131.00 131.25 265000
20031118 133.00 133.00 131.50 132.50 414000
20031119 132.75 133.00 132.50 133.00 155500
20031120 132.00 132.00 127.75 128.25 347100
20031121 130.75 134.00 128.00 134.00 213400
20031124 134.00 136.00 134.00 135.25 603300
20031125 134.00 134.00 131.00 131.00 106600
20031126 132.75 133.75 132.50 133.00 182200
20031127 133.00 133.50 133.00 133.50 230000
20031128 133.25 134.50 133.00 134.00 310700
20031201 134.00 134.75 134.00 134.75 435500
20031202 135.00 138.00 135.00 135.00 1624600
20031203 135.50 135.50 134.00 134.00 442400
20031204 134.50 135.75 134.00 134.00 658700
20031205 134.25 138.00 134.00 137.50 585000
20031208 137.50 138.00 135.00 135.00 510900
20031209 137.00 137.50 134.50 135.75 791000
20031210 136.00 136.00 135.50 136.00 126400
20031211 135.00 135.75 135.00 135.00 55600
20031212 134.00 135.00 132.00 135.00 490700
20031215 135.00 136.00 134.00 136.00 1247800
20031216 136.00 136.00 133.50 135.50 254800
20031217 135.75 137.75 134.50 134.50 446900
20031218 134.00 138.00 134.00 136.25 287900
20031219 137.00 139.50 136.75 137.00 239700
20031222 139.25 140.00 135.00 135.00 389800
20031223 137.00 138.00 136.50 137.25 275500
20031224 137.00 138.00 136.50 137.00 275500
20031225 137.00 137.00 137.00 137.00 0
20031226 137.00 137.00 137.00 137.00 0
20031229 137.00 137.50 136.00 137.25 276700
20031230 137.00 138.25 137.00 138.25 66800
20031231 139.00 139.00 138.00 138.50 266400
20040101 138.50 138.50 138.50 138.50 0
20040102 137.00 139.00 137.00 137.50 182000
20040105 136.75 138.50 135.25 136.00 341900
20040106 136.00 137.50 135.25 137.50 147500
20040107 138.00 139.50 137.50 138.00 964400
20040108 139.50 140.00 139.00 139.25 421900
20040109 139.75 139.75 137.75 137.75 762800
20040112 138.75 138.75 135.00 135.00 543200
20040113 137.50 138.00 135.00 137.50 225200
20040114 137.50 139.00 135.75 138.00 650300
20040115 134.00 139.25 134.00 138.25 683700
20040116 139.50 139.50 138.00 139.00 405700
20040119 140.00 140.00 136.00 139.00 107400
20040120 139.50 140.50 138.50 140.00 277100
20040121 140.50 141.00 139.00 139.50 829400
20040122 138.50 138.50 137.00 137.25 120000
20040123 136.25 136.25 135.00 136.00 386100
20040126 136.00 136.50 135.25 136.00 170000
20040127 136.00 136.25 134.50 134.75 1146700
20040128 134.75 138.50 134.50 137.00 654900
20040129 136.00 138.25 135.00 135.00 658000
20040130 136.50 138.75 136.50 136.75 221700
20040202 136.75 140.00 136.00 137.00 279500
20040203 136.00 138.50 136.00 137.50 528800
20040204 137.00 137.50 136.00 136.00 277800
20040205 137.00 137.00 134.00 134.00 518600
20040206 135.50 136.00 135.00 135.25 625500
20040209 135.75 136.50 135.00 135.50 522400
20040210 136.00 136.50 134.00 134.00 320500
20040211 136.00 136.00 132.50 132.75 387600
20040212 134.75 136.00 133.50 136.00 353400
20040213 135.00 135.00 130.00 131.75 231400
20040216 130.00 132.25 130.00 132.25 530600
20040217 131.50 133.75 131.50 133.75 309900
20040218 134.75 143.00 134.75 140.00 1290300
20040219 139.00 140.75 138.50 141.25 179300
20040220 141.50 152.75 141.50 152.75 1478200
20040223 150.00 152.50 149.00 151.50 1520100
20040224 150.50 150.50 148.25 148.50 1069500
20040225 147.50 149.50 147.25 147.75 284600
20040226 147.50 145.50 143.50 145.50 606800
20040227 144.50 146.00 142.25 142.25 573000
20040301 143.00 145.00 143.00 145.00 107800
20040302 147.00 147.50 146.50 147.00 698200
20040303 144.25 145.00 143.50 144.00 233700
20040304 143.50 143.75 140.50 140.50 874900
20040305 140.50 141.50 138.50 139.00 1889900
20040308 142.00 142.00 138.25 142.00 665200
20040309 141.00 148.00 141.00 147.00 1758400
20040310 145.00 146.00 142.50 144.50 609100
20040311 142.25 142.25 135.00 138.50 865600
20040312 135.50 138.00 135.00 138.00 544200
20040315 136.75 136.75 132.50 134.25 291700
20040316 132.00 133.75 129.25 129.50 1021800
20040317 130.00 133.00 128.00 131.25 1228800
20040318 132.00 134.50 131.00 132.00 947700
20040319 131.50 131.75 127.00 127.00 854200
20040322 131.50 132.00 130.00 131.75 498700
20040323 129.25 131.00 128.25 130.50 902300
20040324 130.00 130.50 127.00 127.50 565200
20040325 129.00 129.00 126.25 129.00 512400
20040326 129.50 130.75 128.50 130.00 972300
20040329 130.00 130.00 130.00 130.00 149500
20040330 131.50 131.75 130.50 131.00 233500
20040331 132.00 134.00 130.75 134.00 531000
20040401 133.75 134.50 132.50 134.50 701500
20040402 135.00 137.00 133.00 137.00 708100
20040405 136.25 137.00 135.00 137.00 760700
20040406 136.50 138.00 136.00 138.00 286800
20040407 136.00 136.75 135.75 136.00 229200
20040408 135.00 136.25 134.00 135.00 197900
20040409 135.00 135.00 135.00 135.00 0
20040412 135.00 135.00 135.00 135.00 0
20040413 135.00 136.50 135.00 136.50 340200
20040414 134.00 135.50 134.00 135.25 52600
20040415 135.00 138.25 135.00 138.00 543700
20040416 137.00 138.00 134.00 136.00 542000
20040419 135.00 135.00 130.25 130.25 385000
20040420 131.50 136.00 131.00 136.00 850700
20040421 135.50 135.75 132.75 134.00 170300
20040422 133.00 133.25 131.00 131.25 394400
20040423 132.00 132.00 130.00 131.00 854400
20040426 130.50 130.00 128.00 128.50 507300
20040427 128.50 129.00 127.00 127.00 766700
20040428 127.00 128.00 126.25 126.25 964100
20040429 130.00 130.00 126.00 128.00 806900
20040430 127.50 128.00 127.50 128.00 153300
20040503 128.00 128.00 128.00 128.00 0
20040504 128.00 128.00 125.75 126.00 321300
20040505 128.00 128.00 124.00 124.75 324400
20040506 124.75 125.00 120.25 122.50 461000
20040507 121.75 122.00 119.25 120.00 634200
20040510 118.00 119.75 117.00 119.00 859600
20040511 117.75 121.00 117.75 120.00 525300
20040512 120.00 122.00 120.00 121.50 471500
20040513 121.50 122.75 121.50 122.50 296100
20040514 122.00 124.00 122.00 124.00 371600
20040517 122.00 122.75 116.00 118.50 1447200
20040518 118.00 119.75 118.00 118.00 622800
20040519 119.75 123.75 118.50 123.75 734000
20040520 124.00 124.50 121.50 124.00 454500
20040521 125.00 125.00 120.00 121.50 625500
20040524 123.00 124.00 123.00 123.50 319300
20040525 123.00 123.25 121.00 123.00 334000
20040526 122.75 124.00 121.75 124.00 524800
20040527 122.00 124.00 122.00 124.00 489900
20040528 124.00 124.00 120.00 120.00 856900
20040531 120.00 120.00 120.00 120.00 0
20040601 120.25 121.00 119.00 120.00 725200
20040602 120.00 120.50 118.00 119.75 1432500
20040603 120.00 120.00 119.50 120.00 609500
20040604 119.00 122.50 119.00 122.25 832400
20040607 122.50 127.00 122.50 127.00 1227100
20040608 127.00 128.00 125.50 126.25 569800
20040609 127.25 128.50 126.00 126.50 144000
20040610 126.50 126.50 122.00 123.50 404000
20040611 123.00 124.00 122.75 124.00 98600
20040614 124.00 124.00 118.00 118.00 988300
20040615 120.00 122.00 119.00 119.25 772600
20040616 120.00 120.50 119.00 119.50 305500
20040617 119.50 119.50 118.25 119.00 239300
20040618 120.00 120.00 119.25 119.25 201300
20040621 119.25 121.00 119.25 121.00 874600
20040622 121.00 121.00 118.00 119.75 197600
20040623 119.00 119.75 118.00 119.00 224800
20040624 119.50 120.00 119.00 119.00 510000
20040625 119.00 121.75 119.00 121.75 357500
20040628 122.00 124.00 120.75 124.00 770100
20040629 124.50 125.00 123.25 125.00 647600
20040630 124.00 125.00 124.00 125.00 185500
20040701 124.75 125.25 123.75 125.00 714800
20040702 124.00 127.00 123.25 125.00 404500
20040705 125.50 125.50 124.50 125.50 538400
20040706 124.50 124.75 123.00 124.25 433700
20040707 125.50 125.50 121.50 122.50 228000
20040708 120.50 121.00 118.00 118.75 369100
20040709 120.25 120.25 118.50 120.00 147700
20040712 120.00 120.00 118.25 118.25 196700
20040713 118.00 118.25 116.50 117.00 591600
20040714 117.00 117.00 115.50 115.75 533300
20040715 116.00 116.00 114.50 115.00 802500
20040716 116.00 120.00 115.50 118.00 1944200
20040719 118.75 120.00 118.25 119.50 916000
20040720 121.00 121.00 118.00 120.50 527000
20040721 120.00 120.75 119.00 120.00 833700
20040722 120.00 121.00 119.75 120.00 887000
20040723 120.00 121.00 119.75 120.75 228700
20040726 121.00 121.25 120.25 120.50 932000
20040727 121.75 121.75 121.00 121.00 554000
20040728 121.25 123.00 120.00 120.00 571600
20040729 119.00 121.25 119.00 121.00 493700
20040730 121.00 126.00 121.00 124.00 657200
20040802 123.00 124.75 122.75 124.75 255300
20040803 123.00 124.00 122.00 123.25 500300
20040804 123.50 123.50 120.00 120.50 733400
20040805 120.50 122.00 120.25 120.25 918700
20040806 120.00 120.25 119.00 120.25 859800
20040809 120.25 120.25 119.50 120.00 277300
20040810 120.25 120.50 118.50 119.00 198800
20040811 119.00 119.00 114.00 117.50 1090700
20040812 117.25 117.25 116.00 116.50 747800
20040813 115.75 118.00 115.50 117.25 117600
20040816 115.50 116.50 115.50 116.50 194900
20040817 116.75 118.50 116.25 116.25 157800
20040818 117.00 120.00 117.00 120.00 224900
20040819 119.75 121.00 119.50 119.75 562400
20040820 119.00 120.25 118.50 119.75 448100
20040823 120.50 120.50 118.50 120.00 554400
20040824 119.75 121.00 119.00 119.00 1059400
20040825 119.50 120.25 119.50 120.00 191100
20040826 120.50 123.50 120.25 123.25 515700
20040827 123.50 123.50 120.25 123.50 143600
20040830 123.50 123.50 123.50 123.50 0
20040831 123.00 123.50 122.50 123.25 203600
20040901 123.50 125.00 122.50 125.00 129600
20040902 125.00 125.00 123.50 123.75 172700
20040903 124.00 125.00 123.00 125.00 292600
20040906 124.00 127.00 122.75 127.00 116500
20040907 126.50 128.50 125.50 127.75 216200
20040908 128.00 129.00 127.00 128.25 468600
20040909 129.25 129.25 127.00 128.00 452300
20040910 128.00 128.50 127.50 128.50 312500
20040913 130.00 131.00 128.75 129.75 158000
20040914 128.50 128.50 127.50 127.50 26500
20040915 127.00 127.75 126.25 126.50 412200
20040916 127.00 127.00 126.50 126.50 157400
20040917 127.50 129.75 127.50 129.50 231600
20040920 127.75 130.00 127.75 129.00 270200
20040921 130.00 133.00 130.00 132.25 977600
20040922 133.00 133.00 132.00 132.25 156500
20040923 131.00 132.00 130.00 130.00 210800
20040924 130.00 132.00 129.25 132.00 106300
20040927 130.25 130.50 129.25 130.50 15600
20040928 130.25 131.50 130.00 131.50 50600
20040929 130.00 131.50 130.00 131.00 916900
20040930 133.00 133.25 130.75 132.50 703000
20041001 134.50 137.00 132.00 133.50 492000
20041004 132.00 136.00 132.00 134.75 102000
20041005 136.00 137.50 135.25 136.75 1158600
20041006 136.25 136.75 135.50 135.75 234700
20041007 134.00 135.50 134.00 135.50 84100
20041008 134.00 135.00 133.00 133.75 531000
20041011 133.00 134.75 132.00 133.25 272400
20041012 133.00 135.50 133.00 134.50 541900
20041013 135.00 136.00 132.75 133.00 625100
20041014 133.00 135.00 132.25 135.00 756800
20041015 132.00 134.50 132.00 134.50 442800
20041018 132.00 134.50 132.00 133.50 240000
20041019 132.75 134.50 132.50 134.00 633200
20041020 133.50 135.00 133.25 133.75 715400
20041021 134.00 135.00 134.00 134.50 423900
20041022 134.50 134.75 132.00 132.75 768300
20041025 132.00 132.50 129.00 130.25 548200
20041026 129.75 131.00 129.75 131.00 546000
20041027 130.00 133.00 130.00 133.00 300400
20041028 132.00 134.00 131.25 132.00 98900
20041029 134.00 134.75 133.00 134.50 272500
20041101 135.00 135.50 134.50 135.00 350700
20041102 136.00 136.00 135.00 135.75 392000
20041103 135.25 135.25 133.00 135.25 176400
20041104 135.50 136.00 134.00 136.00 694000
20041105 135.50 138.00 135.00 138.00 530800
20041108 137.50 137.50 136.00 137.00 477900
20041109 138.00 138.00 137.00 137.75 595800
20041110 137.50 137.50 136.50 136.50 216100
20041111 137.50 138.00 136.75 137.75 57500
20041112 137.50 138.50 136.50 138.50 283700
20041115 137.25 139.75 137.25 139.75 229500
20041116 140.00 141.00 139.25 141.00 762500
20041117 139.50 141.25 138.00 140.75 346000
20041118 139.25 141.00 139.00 140.00 185400
20041119 140.50 141.25 138.25 140.00 375800
20041122 138.75 139.25 137.25 138.00 173100
20041123 139.25 140.00 137.75 140.00 396600
20041124 139.00 140.25 139.00 140.00 458400
20041125 140.00 140.50 139.00 140.00 176000
20041126 138.75 139.50 137.50 138.00 157900
20041129 138.00 139.50 138.00 139.00 191800
20041130 139.00 139.00 137.25 137.75 51100
20041201 139.00 139.00 135.50 135.50 426600
20041202 136.00 138.00 134.75 136.00 620900
20041203 136.00 137.75 135.00 136.25 1063800
20041206 136.50 139.00 136.25 138.75 829200
20041207 138.25 141.25 138.25 141.00 1136100
20041208 141.50 142.00 139.25 142.00 796700
20041209 141.25 142.75 140.75 142.75 632200
20041210 142.00 144.00 142.00 144.00 393700
20041213 143.50 144.00 142.75 143.50 575900
20041214 145.00 153.00 145.00 151.50 1521800
20041215 151.00 154.50 150.00 154.50 1632300
20041216 153.00 154.25 152.50 154.25 916200
20041217 154.00 154.00 150.25 153.00 245200
20041220 152.00 153.00 149.25 150.00 995000
20041221 149.50 150.00 148.75 150.00 500100
20041222 150.00 151.00 150.00 151.00 792100
20041223 150.50 153.00 150.50 153.00 660000
20041224 153.00 154.50 152.25 154.50 55600
20041227 154.50 154.50 154.50 154.50 0
20041228 154.50 154.50 154.50 154.50 0
20041229 151.00 152.75 149.00 151.25 948300
20041230 152.75 153.00 150.00 152.00 109200
20041231 150.50 154.25 150.50 153.75 240300
20050103 153.75 153.75 153.75 153.75 0
20050104 154.00 156.75 154.00 155.00 296100
20050105 155.00 155.00 153.00 153.25 642500
20050106 153.25 153.50 152.50 153.00 676500
20050107 153.00 162.50 153.00 162.50 898800
20050110 161.00 161.50 156.25 159.50 475700
20050111 158.00 159.75 157.25 158.50 405600
20050112 159.75 160.00 158.50 159.50 180000
20050113 160.00 160.50 159.00 160.00 343800
20050114 160.00 160.00 158.50 159.00 361200
20050117 158.50 160.00 158.00 159.50 389500
20050118 158.00 159.75 158.00 159.75 694800
20050119 159.00 162.00 158.00 162.00 273800
20050120 161.50 163.00 161.00 163.00 253700
20050121 162.00 164.00 162.00 164.00 182300
20050124 164.00 164.75 163.50 164.50 567000
20050125 164.50 167.00 164.25 164.50 577200
20050126 164.00 167.75 164.00 167.75 670100
20050127 167.25 168.25 166.75 168.00 285300
20050128 167.50 169.75 167.50 169.25 717400
20050131 169.00 172.50 168.25 172.25 880400
20050201 172.75 175.00 171.75 175.00 574500
20050202 174.50 175.50 173.75 174.50 740600
20050203 175.00 181.00 175.00 177.00 2241400
20050204 176.50 176.50 174.00 174.00 1158300
20050207 174.75 176.00 172.50 174.75 1076100
20050208 174.25 176.50 173.75 175.50 861300
20050209 175.00 176.00 174.25 175.00 1056400
20050210 174.50 175.00 172.50 174.50 923900
20050211 172.00 173.00 171.50 172.50 778800
20050214 172.50 175.00 172.25 175.00 967900
20050215 172.75 175.00 172.75 172.75 471600
20050216 175.00 175.25 172.25 173.50 1673600
20050217 173.75 174.50 172.50 173.00 927700
20050218 173.00 173.50 171.75 171.75 1061800
20050221 172.25 173.00 172.00 172.00 641400
20050222 173.25 173.50 171.50 172.75 1111100
20050223 171.00 172.00 170.25 172.00 369500
20050224 171.00 172.75 171.00 171.50 257400
20050225 172.00 173.00 171.50 172.00 708300
20050228 172.25 172.50 171.50 171.50 490100
20050301 171.75 172.75 170.75 172.75 617400
20050302 169.00 173.00 169.00 172.00 1297500
20050303 172.50 173.75 172.25 173.50 660500
20050304 174.00 176.25 173.00 176.25 1184600
20050307 176.00 176.00 173.25 174.00 1056900
20050308 175.00 175.25 174.00 175.00 650500
20050309 174.75 175.50 174.00 174.25 621000
20050310 174.75 176.00 174.25 175.00 798600
20050311 174.75 179.75 174.75 179.00 579700
20050314 178.25 179.25 178.00 178.50 837300
20050315 178.25 178.75 178.00 178.25 913700
20050316 178.00 178.00 175.25 175.25 430700
20050317 176.25 177.00 174.00 175.50 696900
20050318 175.00 175.50 174.00 175.00 631600
20050321 176.00 179.50 174.75 178.50 739800
20050322 177.75 178.75 175.50 176.25 885700
20050323 176.00 176.75 175.00 176.00 871400
20050324 175.75 176.00 174.25 174.50 413100
20050325 174.50 174.50 174.50 174.50 0
20050328 174.50 174.50 174.50 174.50 0
20050329 176.00 176.00 173.50 174.00 433000
20050330 173.00 173.75 171.50 171.50 551800
20050331 173.25 173.75 172.00 172.75 1651400
20050401 173.75 175.00 173.25 174.00 1833600
20050404 173.75 174.75 171.75 174.00 809200
20050405 175.00 175.75 173.00 174.00 891800
20050406 174.50 175.00 173.00 174.50 605100
20050407 174.25 175.75 173.25 175.75 826400
20050408 176.00 181.25 175.00 180.00 1276500
20050411 178.00 180.00 177.00 179.00 751700
20050412 178.25 179.50 177.50 179.00 484200
20050413 179.00 179.75 178.25 178.25 154300
20050414 177.25 179.75 177.00 177.00 943500
20050415 176.50 179.75 175.00 179.75 1397800
20050418 178.00 178.00 173.00 174.25 828800
20050419 175.50 176.75 173.75 175.50 1057800
20050420 175.50 175.50 173.00 173.25 379900
20050421 173.00 176.50 173.00 175.00 324200
20050422 177.00 180.00 176.50 177.25 806000
20050425 177.75 178.75 174.50 175.00 490000
20050426 175.75 175.75 171.00 172.00 1202300
20050427 170.25 174.75 168.00 169.00 906400
20050428 170.25 170.25 166.00 168.25 755300
20050429 166.00 168.50 165.00 165.00 2574600
20050502 165.00 165.00 165.00 165.00 0
20050503 166.00 168.50 166.00 167.75 1311700
20050504 168.50 169.75 166.00 168.00 1470900
20050505 168.75 168.75 166.00 166.00 781000
20050506 166.00 169.75 166.00 167.00 1055600
20050509 169.50 170.00 165.00 166.25 838100
20050510 167.50 167.50 164.00 164.00 688500
20050511 163.00 167.75 163.00 166.00 852100
20050512 166.75 168.75 166.50 168.00 2147600
20050513 170.75 171.50 168.25 171.00 2944800
20050516 170.00 172.50 168.25 172.00 1936200
20050517 172.75 175.00 172.25 175.00 1493200
20050518 175.00 175.00 173.25 174.00 1372900
20050519 175.00 175.00 171.25 175.00 2610000
20050520 175.00 176.00 174.00 174.75 1315200
20050523 174.50 174.75 174.00 174.00 1178400
20050524 175.25 176.00 174.00 175.00 2177500
20050525 175.00 178.75 174.00 178.75 1652000
20050526 177.75 179.75 175.75 177.75 2289900
20050527 176.75 180.50 176.75 179.75 2979800
20050530 179.75 179.75 179.75 179.75 0
20050531 180.00 183.25 179.25 180.75 13027300
20050601 180.25 180.25 177.75 179.00 2564800
20050602 179.75 184.00 178.75 181.75 1966800
20050603 181.75 181.75 181.75 181.75 0
20050606 182.00 182.00 181.00 181.50 620000
20050607 182.00 184.00 182.00 184.00 1163300
20050608 184.50 185.25 183.25 185.00 943200
20050609 185.75 187.50 184.75 186.50 1822500
20050610 188.00 188.00 183.75 185.00 860300
20050613 186.00 187.50 184.00 186.50 2780400
20050614 186.00 187.00 183.25 183.50 1910100
20050615 185.00 185.00 180.00 183.00 1980100
20050616 184.00 186.50 182.50 186.50 2358900
20050617 185.50 191.50 185.50 191.50 2177300
20050620 192.00 192.00 188.50 191.00 945500
20050621 191.00 192.00 188.75 190.50 1035200
20050622 191.00 194.00 191.00 194.00 1486700
20050623 194.00 194.00 191.50 191.50 1930000
20050624 190.00 190.50 188.25 189.00 1088500
20050627 188.25 189.25 187.00 189.00 536000
20050628 190.25 190.25 185.50 185.75 997400
20050629 188.00 189.00 186.75 189.00 1842800
20050630 190.00 191.00 188.25 191.00 1059800
20050701 190.00 196.00 189.25 194.50 1840100
20050704 194.25 194.75 191.50 192.00 1175000
20050705 192.75 192.75 188.25 189.50 1136300
20050706 190.00 193.75 189.50 192.75 1894900
20050707 193.25 193.25 177.00 187.25 2265800
20050708 189.25 191.50 189.25 191.25 1208600
20050711 190.75 192.00 189.75 190.50 1937700
20050712 191.00 191.75 188.50 191.25 848100
20050713 191.25 191.25 189.00 190.25 943900
20050714 192.25 192.25 189.00 190.50 2522100
20050715 190.25 193.00 190.00 192.00 1918500
20050718 191.25 191.25 188.25 188.75 2328300
20050719 188.00 191.00 188.00 190.00 2673500
20050720 189.00 190.00 189.00 190.00 4055400
20050721 192.00 192.00 187.00 190.00 1825000
20050722 191.00 191.00 186.25 189.75 6860100
20050725 190.75 190.75 186.25 187.00 5834900
20050726 187.25 189.00 186.50 187.75 3047800
20050727 189.00 190.00 187.25 188.75 6194700
20050728 187.50 188.00 184.75 186.00 58930300
20050729 187.00 188.50 186.75 187.50 3477300
20050801 188.75 188.75 185.25 187.50 2033700
20050802 186.50 188.50 185.00 187.75 3340400
20050803 187.00 189.00 186.00 188.00 3103000
20050804 188.00 192.00 187.75 192.00 4503600
20050805 192.00 194.00 191.25 192.00 4852900
20050808 194.00 194.25 192.50 194.25 1536800
20050809 195.00 195.00 192.00 192.50 2164600
20050810 192.25 194.25 191.75 193.25 4307800
20050811 191.75 195.00 190.25 193.00 2592400
20050812 194.50 195.00 191.75 193.50 1098000
20050815 193.75 195.75 192.00 192.00 4393900
20050816 194.25 195.00 192.25 194.25 3013100
20050817 194.75 198.50 194.75 195.75 4659200
20050818 196.50 197.75 194.00 195.00 1384700
20050819 195.00 200.00 194.75 200.00 3155900
20050822 199.00 200.00 196.00 199.50 1023300
20050823 200.00 201.50 198.00 201.50 2000600
20050824 201.25 201.50 197.00 199.00 2894600
20050825 200.00 200.00 196.25 198.75 1445800
20050826 199.75 199.75 198.00 198.50 964600
20050829 198.50 198.50 198.50 198.50 0
20050830 199.00 201.00 198.00 198.00 3261800
20050831 199.00 202.50 199.00 202.50 3151200
20050901 203.00 205.25 201.50 204.75 3001500
20050902 205.50 207.00 202.00 205.50 2105400
20050905 204.50 206.00 204.00 205.50 1443100
20050906 205.25 206.00 203.00 206.00 2152300
20050907 205.50 208.75 205.00 208.75 1588800
20050908 206.50 208.50 206.50 206.75 2382200
20050909 207.75 214.50 207.75 212.50 2349600
20050912 212.25 218.00 212.25 217.00 4956400
20050913 217.00 219.00 216.75 218.00 3785300
20050914 218.50 218.50 217.00 218.25 1142100
20050915 216.50 219.00 216.00 218.00 1909200
20050916 217.50 221.50 217.00 217.00 7117700
20050919 216.50 216.50 214.00 215.00 3632100
20050920 215.25 215.25 213.50 214.00 5793500
20050921 214.00 215.00 212.50 213.75 5966000
20050922 213.75 214.00 212.00 213.75 3094200
20050923 214.00 215.00 213.50 214.00 2483000
20050926 214.50 215.00 213.00 214.50 5041700
20050927 214.25 214.75 213.25 214.00 2609400
20050928 212.25 213.75 212.00 212.75 1982600
20050929 213.00 214.75 209.25 210.75 2170400
20050930 213.75 214.00 211.00 211.75 1613100
20051003 211.75 211.75 205.00 207.00 9636100
20051004 208.00 208.00 199.00 199.00 8091100
20051005 199.00 201.25 197.00 200.75 5284600
20051006 199.75 200.00 196.00 199.50 3879500
20051007 197.75 199.00 196.50 199.00 3992300
20051010 199.00 199.00 195.25 198.50 921200
20051011 199.25 200.00 198.00 199.00 2869500
20051012 198.50 199.25 197.00 197.75 1177400
20051013 199.50 199.50 191.25 191.75 3584300
20051014 194.00 197.25 192.75 196.00 6283500
20051017 197.75 197.75 193.00 193.50 3259700
20051018 194.25 195.00 192.00 193.50 3338900
20051019 192.25 192.50 185.00 186.00 3190200
20051020 188.00 191.25 187.00 187.00 1519100
20051021 186.00 190.25 184.00 188.50 5604000
20051024 188.00 192.00 188.00 192.00 2307800
20051025 191.75 194.00 190.50 190.50 2804900
20051026 193.00 199.00 192.25 199.00 7430400
20051027 196.00 196.50 193.25 195.00 3213300
20051028 195.00 195.50 189.25 190.00 4449000
20051031 193.50 197.75 192.25 195.25 4955300
20051101 196.00 197.50 194.25 196.00 3886600
20051102 195.50 197.50 195.50 196.50 4177900
20051103 197.00 199.50 196.50 199.00 6135000
20051104 199.00 199.00 195.00 196.00 6000800
20051107 197.00 197.25 195.00 196.00 2649900
20051108 197.75 197.75 195.25 196.50 1607700
20051109 197.00 198.75 196.25 198.75 4449100
20051110 199.00 199.75 196.75 199.00 3669700
20051111 199.00 200.25 197.25 200.00 1182400
20051114 201.00 202.00 198.75 202.00 1904900
20051115 200.50 202.00 199.00 202.00 4103800
20051116 201.50 202.00 200.00 201.00 4341600
20051117 203.00 207.00 201.25 202.00 7509600
20051118 203.50 204.00 197.75 199.50 3573400
20051121 201.50 205.00 199.75 203.75 3179900
20051122 203.50 205.75 203.00 205.50 1696700
20051123 206.50 209.00 205.75 206.00 3211500
20051124 206.50 210.00 205.75 209.75 2759900
20051125 208.75 210.00 207.25 208.25 2526700
20051128 208.25 212.00 207.50 210.00 2180100
20051129 210.00 214.25 210.00 214.25 5483000
20051130 214.50 215.00 212.25 214.25 4256400
20051201 215.50 215.50 212.00 215.00 2873100
20051202 216.00 219.25 214.00 219.25 3080900
20051205 219.00 220.50 218.00 219.25 6045300
20051206 219.00 221.00 216.75 218.25 4209800
20051207 219.00 227.25 218.00 222.25 5860300
20051208 225.75 225.75 218.00 218.75 6054500
20051209 220.00 224.75 219.50 223.00 3792900
20051212 224.25 229.25 222.75 229.25 3236000
20051213 230.00 235.50 229.50 235.50 4832200
20051214 234.00 237.75 233.50 236.50 5721800
20051215 237.00 242.50 237.00 239.25 4587800
20051216 239.25 242.00 237.50 241.00 2739000
20051219 239.00 249.00 239.00 248.00 2843900
20051220 248.50 249.25 242.00 244.00 4041400
20051221 244.00 248.25 244.00 247.75 3733000
20051222 245.25 248.00 242.75 243.75 4131800
20051223 243.00 248.75 243.00 247.00 1055900
20051226 247.00 247.00 247.00 247.00 0
20051227 247.00 247.00 247.00 247.00 0
20051228 250.00 250.00 244.75 246.00 1259200
20051229 246.50 249.75 246.25 249.75 1414300
20051230 249.25 250.00 248.50 250.00 643100
20060102 250.00 250.00 250.00 250.00 0
20060103 252.00 252.50 249.50 252.50 2200000
20060104 255.00 262.75 254.25 260.50 4602400
20060105 262.00 262.00 254.00 254.50 2701900
20060106 256.75 256.75 249.25 250.50 5346100
20060109 253.00 253.00 248.75 250.00 5406600
20060110 248.00 249.75 240.25 243.50 7526700
20060111 246.25 246.25 243.00 246.00 3925300
20060112 247.00 248.00 243.50 243.75 4982500
20060113 245.00 245.00 238.50 240.00 5154800
20060116 240.00 241.00 238.25 239.00 5046500
20060117 237.75 239.25 232.50 235.00 6401000
20060118 232.50 235.50 231.00 234.25 3718200
20060119 237.00 238.00 234.50 238.00 2516100
20060120 238.75 238.75 233.25 234.75 1053300
20060123 230.75 234.25 230.75 233.25 2189200
20060124 235.00 235.50 231.00 235.50 5156800
20060125 236.00 247.00 234.50 244.25 7671400
20060126 244.75 244.75 239.25 242.00 4651300
20060127 243.75 249.75 242.00 249.75 9885100
20060130 250.00 251.50 246.75 248.25 5486300
20060131 249.00 249.00 244.25 245.75 2144900
20060201 246.25 246.50 243.75 244.75 4040700
20060202 247.00 247.25 242.00 242.00 3118300
20060203 244.00 244.50 242.25 243.75 3133100
20060206 242.50 247.00 241.25 247.00 2576500
20060207 245.75 246.50 235.75 237.00 55886900
20060208 235.75 241.25 235.75 240.00 3061100
20060209 239.75 242.00 238.25 239.00 3136600
20060210 238.00 241.25 238.00 238.25 4481600
20060213 240.00 240.75 238.25 239.00 1623200
20060214 239.50 239.50 236.00 236.50 2035000
20060215 236.00 237.50 235.00 237.00 2788000
20060216 237.00 237.00 233.25 235.75 1854700
20060217 235.75 237.50 234.50 236.00 1213200
20060220 234.50 236.25 226.50 226.75 5844400
20060221 230.00 230.25 224.50 227.75 4255000
20060222 228.75 229.25 227.00 227.00 1237000
20060223 226.00 230.75 226.00 227.00 2052200
20060224 229.50 231.00 227.00 227.75 2323900
20060227 229.00 230.50 226.75 229.25 2591500
20060228 228.50 228.75 224.50 225.75 2688300
20060301 223.00 224.00 220.25 220.75 2235100
20060302 220.75 221.25 218.00 219.25 6169100
20060303 219.50 221.00 218.25 219.75 5052600
20060306 219.75 225.75 218.25 221.00 15101200
20060307 220.50 223.25 218.00 223.00 6848800
20060308 224.50 226.75 217.50 218.50 6285000
20060309 221.50 221.50 215.75 216.50 9529300
20060310 216.50 218.75 215.25 216.50 7230200
20060313 217.25 223.00 217.25 221.50 3289200
20060314 222.50 233.75 220.50 231.75 6166700
20060315 231.00 233.00 226.25 229.50 3159000
20060316 229.25 234.00 228.50 233.25 2462500
20060317 234.50 234.50 229.50 230.00 2796400
20060320 230.00 235.50 230.00 231.75 3067300
20060321 232.00 232.25 230.00 231.50 1953000
20060322 229.25 233.25 229.00 233.25 1659400
20060323 233.25 233.25 224.50 225.00 12155100
20060324 225.50 227.00 224.50 226.00 4594600
20060327 224.75 228.75 224.25 227.75 2692500
20060328 226.50 229.75 224.25 224.25 2696000
20060329 224.25 228.00 219.00 219.50 4314100
20060330 220.50 220.50 218.00 218.00 4196300
20060331 218.75 218.75 213.25 215.25 5467500
20060403 219.00 219.00 214.50 215.00 5938600
20060404 215.50 220.50 214.75 219.25 7306100
20060405 219.00 220.75 218.75 220.50 8267000
20060406 220.00 224.25 219.75 222.50 2189400
20060407 224.00 224.25 220.00 220.25 938800
20060410 221.25 221.25 218.25 219.00 2298400
20060411 219.25 219.75 212.25 213.25 2277600
20060412 214.25 215.50 211.25 213.50 1400000
20060413 212.00 216.00 212.00 214.75 2010400
20060414 214.75 214.75 214.75 214.75 0
20060417 214.75 214.75 214.75 214.75 0
20060418 219.00 219.00 210.75 212.00 4502300
20060419 212.75 216.50 211.25 213.50 4322300
20060420 212.25 216.25 212.25 214.00 3678400
20060421 213.25 214.00 212.50 213.50 6841600
20060424 213.00 215.50 213.00 214.75 3530200
20060425 216.50 216.50 213.75 215.00 1796400
20060426 217.00 229.00 217.00 223.50 10171700
20060427 222.00 223.50 219.00 221.25 5250500
20060428 220.00 224.75 219.75 222.50 3924700
20060501 222.50 222.50 222.50 222.50 0
20060502 221.75 227.50 221.75 226.75 4723800
20060503 227.00 228.75 224.25 226.25 7247000
20060504 225.00 225.50 223.00 224.50 4531200
20060505 224.25 226.00 223.00 226.00 3363800
20060508 228.50 233.50 227.50 231.75 7328100
20060509 233.50 233.50 229.00 230.50 4356500
20060510 231.50 233.00 229.50 231.50 5728100
20060511 232.00 232.75 230.25 231.00 1061700
20060512 228.50 230.75 223.75 223.75 4373600
20060515 220.50 221.06 216.00 217.50 3506800
20060516 219.25 222.00 218.50 221.00 4460000
20060517 222.25 223.13 214.31 214.25 4230900
20060518 215.00 216.25 210.00 212.00 5576700
20060519 210.00 212.25 209.50 210.00 1744000
20060522 209.00 210.93 204.00 204.00 2072400
20060523 206.00 210.49 206.00 206.50 5665000
20060524 205.00 209.50 204.00 205.25 3537300
20060525 205.50 210.25 205.25 210.00 4253200
20060526 212.00 216.00 212.04 216.25 2857300
20060529 216.25 216.25 216.25 216.25 0
20060530 217.50 218.50 214.00 214.00 6007400
20060531 212.00 217.00 211.00 215.00 6650000
20060601 215.00 223.24 217.17 223.50 8963600
20060602 224.00 224.76 222.99 225.50 4464400
20060605 227.00 225.50 223.38 224.00 4666600
20060606 222.75 223.99 219.01 220.25 8661200
20060607 222.50 222.19 219.75 221.25 4767400
20060608 218.00 218.66 216.12 216.50 3607600
20060609 220.00 222.25 220.00 220.75 3172800
20060612 222.75 222.49 217.75 218.50 2671400
20060613 214.00 214.57 207.00 207.50 6205100
20060614 209.75 218.75 209.75 216.75 5075200
20060615 216.00 218.46 215.00 216.50 9406800
20060616 219.50 220.00 217.00 218.75 2294700
20060619 219.75 219.75 217.25 217.75 4822200
20060620 219.25 220.50 218.00 220.50 2523600
20060621 219.00 219.60 217.00 217.75 4942000
20060622 221.25 223.25 219.25 221.75 3641200
20060623 223.50 229.25 224.00 228.50 9363600
20060626 230.00 229.75 227.19 227.50 1959400
20060627 230.25 234.65 226.75 226.75 4534200
20060628 227.00 227.99 223.25 226.25 3856300
20060629 229.75 229.75 223.75 227.50 3836500
20060630 231.00 231.00 227.00 228.75 5366000
20060703 230.00 230.00 228.00 229.00 1455100
20060704 230.00 230.00 227.50 228.75 1587000
20060705 227.00 228.25 225.00 226.00 680900
20060706 227.25 233.00 226.50 232.25 2924000
20060707 233.00 233.00 227.75 229.00 2301600
20060710 228.00 229.75 226.00 228.50 1063000
20060711 227.00 230.50 226.25 227.50 2665500
20060712 229.75 230.00 225.00 225.75 2152700
20060713 225.75 226.75 220.50 221.00 3519800
20060714 220.00 220.00 214.75 215.50 2713300
20060717 214.75 215.75 207.75 210.00 7648700
20060718 209.00 213.00 209.00 210.75 1461100
20060719 213.75 218.00 212.00 215.25 5441700
20060720 216.25 217.50 215.25 217.00 1975500
20060721 212.75 217.00 212.75 215.00 1972600
20060724 215.00 217.75 214.25 217.00 749300
20060725 218.00 220.75 216.25 220.50 1164500
20060726 224.50 230.00 223.50 225.00 2935000
20060727 226.00 229.00 225.25 228.50 1662000
20060728 225.25 229.25 225.25 227.75 2486000
20060731 230.00 231.75 227.75 229.25 1937700
20060801 228.25 230.50 223.50 226.00 2774200
20060802 228.00 228.00 224.00 224.75 1065900
20060803 224.75 224.75 224.75 224.75 0
20060804 218.75 220.50 215.00 215.50 4654600
20060807 212.00 217.50 212.00 216.00 2104900
20060808 214.50 217.75 213.25 215.00 4369400
20060809 212.00 218.50 212.00 216.75 2255700
20060810 208.00 214.00 208.00 213.75 9218600
20060811 214.00 215.50 206.00 208.00 11121800
20060814 212.00 212.00 208.00 210.75 5962200
20060815 207.00 210.25 207.00 209.00 9741700
20060816 210.00 212.50 208.25 210.25 5680100
20060817 208.75 210.50 207.00 208.50 8588900
20060818 210.00 217.00 209.00 216.25 10686900
20060821 216.00 218.00 215.00 216.50 4577500
20060822 215.75 215.75 209.00 213.00 3591300
20060823 211.25 214.00 209.25 211.00 2649800
20060824 212.75 212.75 208.25 209.25 3318800
20060825 209.25 212.00 208.25 209.50 5097100
20060828 209.50 209.50 209.50 209.50 0
20060829 211.25 211.25 205.50 210.00 12822400
20060830 210.00 214.50 210.00 213.00 8095900
20060831 213.00 215.00 209.00 212.25 7084200
20060901 211.50 218.00 211.00 216.25 6851000
20060904 215.25 217.50 215.25 217.50 2632700
20060905 216.00 218.00 214.75 217.00 6709600
20060906 215.75 216.50 213.00 214.25 2953900
20060907 213.50 216.50 212.75 214.50 5822300
20060908 216.25 216.50 214.25 215.25 3146800
20060911 213.25 214.75 212.00 214.50 2257000
20060912 214.50 217.25 213.75 216.75 5964600
20060913 203.50 210.00 203.00 208.25 16186400
20060914 207.25 207.50 204.25 205.00 11593700
20060915 205.25 206.75 203.25 203.75 6242100
20060918 203.00 204.25 203.00 203.75 2985600
20060919 204.75 205.50 202.25 202.75 7562500
20060920 202.00 205.00 202.00 203.50 6875700
20060921 202.25 203.25 200.50 203.25 5103600
20060922 201.00 203.25 201.00 202.50 4447300
20060925 200.00 204.25 200.00 201.50 3485500
20060926 201.50 202.50 199.50 202.00 7943400
20060927 202.00 202.75 197.50 198.75 6104700
20060928 198.00 202.00 197.75 202.00 5347900
20060929 201.00 202.00 199.50 199.50 2884100
20061002 202.50 202.50 199.00 201.00 3590500
20061003 199.75 201.00 194.75 196.00 2981500
20061004 195.00 197.75 195.00 196.75 2473100
20061005 194.75 203.50 194.75 203.25 5643800
20061006 202.25 206.50 202.00 203.00 7039500
20061009 203.00 208.00 203.00 205.50 6847000
20061010 205.00 219.00 205.00 216.75 15494800
20061011 218.00 224.25 218.00 221.25 8645200
20061012 220.00 224.75 217.50 224.50 12255400
20061013 224.00 236.75 224.00 235.00 14360600
20061016 233.50 236.00 230.50 234.50 12225800
20061017 233.00 234.25 224.50 225.00 20192400
20061018 226.00 227.75 224.00 227.50 19586200
20061019 225.00 228.00 225.00 226.50 10950400
20061020 225.00 226.75 225.00 225.00 7720500
20061023 227.50 227.50 225.00 225.25 4790500
20061024 225.00 228.00 225.00 227.00 6580800
20061025 225.00 234.75 225.00 233.75 11578300
20061026 235.00 239.00 232.50 235.50 6969300
20061027 235.00 235.00 230.00 230.25 7491600
20061030 230.25 232.00 226.00 227.00 4326600
20061031 226.00 226.50 221.25 225.25 12799700
20061101 225.00 228.50 225.00 226.50 13744300
20061102 227.50 227.50 223.00 224.00 7329600
20061103 223.00 226.50 223.00 225.50 5941000
20061106 224.50 232.00 224.50 231.50 9851300
20061107 231.00 231.50 228.25 230.50 11773200
20061108 228.00 231.00 228.00 231.00 6889400
20061109 229.25 232.00 229.25 230.50 5125800
20061110 230.50 232.50 227.75 231.50 11594400
20061113 231.00 236.50 231.00 236.50 5407800
20061114 236.00 237.00 233.00 235.75 14524200
20061115 235.50 237.75 234.50 236.00 22628300
20061116 236.00 236.50 233.50 234.50 10709300
20061117 232.50 235.00 230.00 234.25 3448900
20061120 234.75 234.75 231.25 232.25 10006900
20061121 231.00 238.25 231.00 235.00 11236100
20061122 237.00 237.00 231.50 233.00 4610800
20061123 233.25 234.00 230.00 230.50 10255500
20061124 230.00 231.25 226.00 227.50 5745900
20061127 244.00 267.00 243.75 257.00 23535200
20061128 255.00 258.75 253.75 255.25 16130700
20061129 257.75 257.75 251.75 254.00 4860500
20061130 255.75 256.50 253.75 256.25 5164600
20061201 255.00 266.50 255.00 264.25 5569500
20061204 267.00 270.75 267.00 270.00 8208300
20061205 270.00 271.50 267.75 269.00 4361200
20061206 267.00 269.75 260.25 264.00 7336700
20061207 265.00 278.00 265.00 278.00 17544000
20061208 275.25 279.75 270.75 279.25 5396300
20061211 279.50 286.00 272.50 275.00 3881700
20061212 274.25 280.50 273.50 277.25 5812600
20061213 274.00 278.75 272.25 277.25 3773900
20061214 275.50 278.75 273.25 276.00 3390800
20061215 275.50 280.75 273.25 279.00 2194000
20061218 276.75 277.50 256.25 272.00 2492900
20061219 270.75 275.00 270.75 272.25 4550100
20061220 276.00 278.75 272.00 277.75 4430000
20061221 277.75 279.75 275.25 275.25 6757900
20061222 278.50 280.50 277.50 279.00 804000
20061225 279.00 279.00 279.00 279.00 0
20061226 279.00 279.00 279.00 279.00 0
20061227 281.00 283.00 279.00 283.00 3477200
20061228 283.50 284.00 282.00 282.25 1900300
20061229 282.75 285.75 282.50 285.00 466100
20070101 285.00 285.00 285.00 285.00 0
20070102 285.00 292.00 285.00 291.00 4586200
20070103 287.00 293.50 287.00 291.00 9538600
20070104 291.00 298.50 291.00 295.00 5862000
20070105 294.50 295.25 289.00 290.00 9466000
20070108 289.00 292.50 289.00 290.25 3209900
20070109 295.00 295.00 288.00 288.50 8841500
20070110 289.00 290.00 284.25 285.50 10209500
20070111 287.50 287.50 284.00 287.50 7273900
20070112 286.50 288.50 285.25 288.50 2555200
20070115 290.00 291.25 286.00 286.75 2576300
20070116 285.00 292.00 285.00 290.00 11835700
20070117 287.50 293.00 287.50 291.00 3383100
20070118 292.00 294.75 290.75 294.25 13436300
20070119 293.50 296.00 292.75 295.00 4229200
20070122 295.75 297.00 293.50 294.00 2631600
20070123 298.00 298.00 288.00 288.25 18854300
20070124 291.75 291.75 281.75 285.00 20451100
20070125 287.00 287.00 283.00 286.50 8921600
20070126 286.00 287.00 285.00 285.75 1874600
20070129 283.00 286.50 283.00 285.00 5891900
20070130 286.00 286.50 285.00 285.75 1374200
20070131 285.50 288.25 285.50 288.00 2251800
20070201 287.50 290.00 287.50 289.50 3279800
20070202 289.00 293.00 289.00 292.25 8245200
20070205 295.00 295.00 290.00 292.00 4035500
20070206 294.25 298.00 294.25 297.50 5280900
20070207 299.00 305.50 299.00 302.75 13515700
20070208 304.50 306.75 302.50 303.00 4936000
20070209 305.00 305.25 302.50 305.25 3220500
20070212 255.00 266.25 245.25 264.00 64956900
20070213 265.00 267.00 257.75 260.00 23660100
20070214 256.00 260.00 255.50 257.25 14868700
20070215 259.00 260.75 257.75 260.00 5759800
20070216 261.00 263.75 258.75 260.00 6641400
20070219 263.00 264.50 259.50 263.50 7700100
20070220 264.50 264.50 261.50 262.00 8662900
20070221 263.75 264.00 259.00 263.00 3573500
20070222 266.75 272.75 266.75 269.50 8857800
20070223 266.00 267.50 261.50 262.25 82248800
20070226 265.00 265.00 262.00 264.50 4658900
20070227 266.25 266.25 251.75 254.25 10080600
20070228 252.75 253.75 242.00 252.75 13529600
20070301 250.00 255.25 248.00 253.00 7868500
20070302 253.00 260.00 249.25 258.00 13356900
20070305 252.00 259.00 251.00 255.25 11793100
20070306 259.00 265.00 255.25 260.25 9265000
20070307 259.50 266.25 256.00 265.50 8045300
20070308 268.00 269.75 260.00 268.75 10996500
20070309 271.00 276.25 269.50 275.00 15778900
20070312 277.00 277.00 271.00 273.75 5232600
20070313 274.75 274.75 267.00 267.50 6166800
20070314 262.00 265.00 259.00 259.75 6134200
20070315 266.75 274.00 263.00 271.00 11677500
20070316 270.00 285.00 270.00 284.00 17007500
20070319 310.00 315.00 303.25 308.00 34851700
20070320 310.50 311.75 295.25 299.50 15124700
20070321 300.00 302.00 294.75 295.00 8057300
20070322 297.00 298.50 292.00 293.50 5900300
20070323 292.00 302.00 292.00 297.75 5016700
20070326 300.50 300.50 290.00 292.00 5169000
20070327 295.00 295.00 289.25 290.25 4673100
20070328 289.00 296.00 286.50 291.75 4667800
20070329 293.00 295.75 290.00 290.00 2976200
20070330 295.75 295.75 282.25 287.50 4928200
20070402 288.75 291.25 281.00 285.25 4001400
20070403 287.00 290.00 281.25 282.00 4156300
20070404 284.75 285.25 281.50 282.50 9640700
20070405 281.75 287.50 278.50 282.00 8644400
20070406 282.00 282.00 282.00 282.00 0
20070409 282.00 282.00 282.00 282.00 0
20070410 279.75 285.75 279.50 284.00 7299700
20070411 286.00 288.75 283.00 284.00 2955100
20070412 284.00 287.75 281.75 283.25 1716600
20070413 283.25 284.00 279.00 282.00 1729700
20070416 284.00 290.00 280.00 289.00 2716400
20070417 290.00 291.00 283.50 284.50 1206200
20070418 282.25 286.00 280.00 282.50 3422000
20070419 280.00 283.75 276.00 277.75 3957200
20070420 280.50 282.00 278.75 280.25 2371300
20070423 281.25 282.00 276.00 276.50 4591600
20070424 277.25 282.00 268.25 274.25 4972600
20070425 276.25 276.75 271.25 273.50 1523400
20070426 278.00 278.00 270.00 272.75 2153200
20070427 270.00 281.25 270.00 280.00 6211900
20070430 282.00 291.00 279.25 289.25 7807800
20070501 284.25 287.75 282.50 285.50 4264900
20070502 289.75 308.00 285.25 306.00 13084500
20070503 309.00 311.00 303.50 309.50 13923000
20070504 311.00 335.00 311.00 329.00 19201300
20070507 329.00 329.00 329.00 329.00 0
20070508 328.00 332.00 326.00 330.00 7467400
20070509 327.00 334.25 327.00 331.75 8265300
20070510 329.00 335.00 329.00 332.50 8029300
20070511 329.00 329.25 319.75 320.75 10581600
20070514 325.75 325.75 321.25 322.25 4085300
20070515 320.00 325.25 319.00 321.75 6571400
20070516 324.00 324.00 319.50 320.25 6963100
20070517 327.00 329.50 323.00 328.50 8813300
20070518 329.50 329.50 324.00 326.75 2088700
20070521 339.00 354.25 339.00 350.75 21909500
20070522 353.00 360.25 353.00 356.75 16766600
20070523 360.00 364.75 357.25 357.25 11149000
20070524 355.00 359.00 351.25 356.00 17571000
20070525 351.00 357.50 351.00 356.50 12794500
20070528 356.50 356.50 356.50 356.50 0
20070529 358.00 358.00 351.00 355.00 22054000
20070530 350.00 354.00 349.50 352.50 17043900
20070531 354.00 360.00 347.25 357.00 2268700
20070601 357.00 357.00 357.00 357.00 0
20070604 356.00 358.00 349.00 352.50 3764300
20070605 357.00 363.50 338.25 345.00 13742300
20070606 346.00 346.00 330.25 334.00 13694500
20070607 337.00 339.00 326.00 328.00 8517400
20070608 326.00 328.00 321.25 324.00 6944500
20070611 328.00 331.50 322.25 326.50 11566600
20070612 325.00 334.00 324.25 329.50 15022700
20070613 327.00 335.00 323.75 333.00 3994200
20070614 340.25 346.00 338.00 346.00 7748800
20070615 346.00 353.75 342.25 351.25 3607100
20070618 349.00 351.50 338.00 344.00 3209600
20070619 348.50 348.50 330.00 330.00 4246200
20070620 334.00 334.75 320.00 321.75 3592300
20070621 320.00 323.75 314.75 317.50 5780900
20070622 320.00 320.00 312.75 314.50 3998800
20070625 313.50 314.50 305.00 311.00 3767200
20070626 310.00 313.00 308.25 310.00 3457900
20070627 310.00 310.25 307.00 308.50 8480300
20070628 312.00 319.00 310.50 317.50 5239800
20070629 320.00 323.50 306.50 319.00 5025500
20070702 316.75 318.00 300.00 307.50 9628300
20070703 310.00 314.75 304.25 307.00 4061100
20070704 305.75 313.75 305.75 312.25 3586000
20070705 313.00 315.50 309.25 313.00 3384200
20070706 315.00 317.00 312.25 315.25 1276500
20070709 319.75 325.00 317.50 320.00 2336500
20070710 321.00 327.00 318.00 325.25 7642800
20070711 322.00 327.00 315.25 321.75 3647900
20070712 323.25 327.00 314.75 314.75 4472200
20070713 318.25 323.25 314.50 315.00 1853500
20070716 315.00 322.00 312.00 321.75 1690400
20070717 319.00 326.50 315.00 323.75 3201800
20070718 320.00 322.50 318.75 322.50 3186400
20070719 324.00 334.25 324.00 326.50 5018300
20070720 325.25 332.00 325.25 329.25 2963600
20070723 331.00 331.00 325.00 329.75 3905400
20070724 327.00 330.00 326.00 327.00 5347400
20070725 326.00 327.50 317.50 320.00 1500000
20070726 320.00 320.00 302.75 305.50 4115200
20070727 302.75 312.50 301.25 305.00 6293600
20070730 306.00 310.00 299.00 300.50 5834200
20070731 304.75 312.50 303.25 310.00 7006400
20070801 303.00 303.50 298.50 300.00 3586600
20070802 304.00 305.25 291.50 294.50 8167700
20070803 296.75 296.75 287.25 288.25 3866100
20070806 287.00 287.25 280.00 283.50 3910300
20070807 286.25 295.00 286.25 294.75 4444200
20070808 298.00 311.75 297.25 309.50 5848900
20070809 310.00 318.75 285.00 297.50 8098000
20070810 292.00 296.75 285.50 292.00 10722300
20070813 299.00 301.50 294.75 296.25 3229100
20070814 295.00 300.00 286.75 290.75 5697900
20070815 285.25 289.75 279.25 282.50 11216500
20070816 276.50 278.00 260.00 260.00 11664900
20070817 262.00 271.00 249.00 263.75 7987400
20070820 265.00 271.00 264.25 266.50 2435000
20070821 269.00 269.00 255.00 262.00 5306200
20070822 259.00 280.00 259.00 276.00 4929600
20070823 279.75 289.50 278.50 278.50 5640600
20070824 279.00 283.00 273.75 278.00 1547000
20070827 278.00 278.00 278.00 278.00 0
20070828 277.75 280.00 275.00 277.00 6870600
20070829 275.25 276.75 270.75 276.75 2262600
20070830 279.75 294.75 277.00 294.75 8425800
20070831 292.25 303.00 292.25 295.75 11824000
20070903 302.00 302.00 285.50 285.50 15393400
20070904 290.00 292.00 275.50 279.50 4581000
20070905 275.25 280.00 270.00 278.00 4617500
20070906 277.00 282.00 273.50 280.00 2915800
20070907 283.00 283.00 269.00 269.00 8784700
20070910 275.00 277.50 267.75 272.50 5310700
20070911 281.00 281.00 271.50 272.00 3399900
20070912 274.50 280.00 271.75 273.50 1373700
20070913 274.00 277.50 272.75 273.00 2752600
20070914 271.50 277.50 269.00 272.25 5876900
20070917 271.25 273.25 259.25 259.25 8713100
20070918 258.00 261.00 238.50 251.75 14882500
20070919 259.00 262.00 236.00 248.00 10242700
20070920 248.00 250.00 231.50 237.00 10065800
20070921 238.00 246.00 236.00 240.00 8991800
20070924 240.00 241.00 236.00 237.00 3300000
20070925 238.50 238.50 222.00 226.50 9440500
20070926 238.50 244.75 230.25 235.00 48290600
20070927 236.00 246.50 236.00 245.75 18434000
20070928 247.00 252.00 241.00 252.00 5985500
20071001 250.00 251.00 245.00 248.00 5911000
20071002 250.00 252.50 249.00 250.25 9200800
20071003 250.00 258.00 250.00 255.00 10662100
20071004 253.00 259.00 252.00 257.00 4035300
20071005 256.00 259.00 250.00 255.00 4632600
20071008 250.00 260.75 250.00 250.75 17393000
20071009 254.75 261.25 251.00 257.25 4532300
20071010 261.00 261.75 256.50 260.00 10294600
20071011 261.50 273.00 261.50 270.50 6019900
20071012 267.00 275.50 267.00 275.50 2363000
20071015 271.25 283.00 271.25 273.00 4935900
20071016 272.00 275.00 258.75 262.50 4280900
20071017 264.00 274.50 260.00 271.00 4018700
20071018 273.25 274.00 262.75 265.00 2332200
20071019 266.25 268.00 259.75 261.00 782700
20071022 257.00 259.50 252.00 257.25 2757100
20071023 261.00 269.00 260.00 262.00 2675700
20071024 262.00 266.75 256.00 256.00 1065500
20071025 259.50 271.25 257.00 268.00 3005000
20071026 270.50 273.00 265.50 269.75 2537200
20071029 274.50 274.50 265.25 267.50 1708500
20071030 264.00 267.00 261.00 265.00 8150300
20071031 270.00 274.00 265.25 269.50 2744500
20071101 270.00 275.00 267.75 270.50 6004100
20071102 267.75 270.50 257.00 270.50 4566800
20071105 262.50 268.50 262.00 263.00 1568000
20071106 266.00 270.75 261.00 263.75 733500
20071107 266.25 271.00 259.00 260.50 3019800
20071108 258.00 270.75 255.00 266.25 4057700
20071109 270.00 270.00 259.00 260.50 2738800
20071112 259.00 271.00 258.50 267.25 3429700
20071113 269.50 280.00 265.50 271.50 5080100
20071114 281.00 283.75 272.50 273.00 3657200
20071115 279.00 279.00 268.00 270.00 2122000
20071116 267.00 275.75 267.00 275.75 2884800
20071119 275.00 284.00 272.25 275.00 7699000
20071120 277.00 283.00 276.75 281.50 5821600
20071121 276.50 283.50 267.25 273.00 6859800
20071122 272.00 275.00 263.50 270.00 8062600
20071123 274.25 275.00 267.50 272.75 4515500
20071126 275.00 277.00 270.00 277.00 3110900
20071127 273.75 277.00 260.75 269.25 4785100
20071128 275.00 275.75 268.00 272.00 3608700
20071129 276.00 276.00 258.50 263.25 5061900
20071130 267.00 275.00 262.25 274.75 4841700
20071203 273.25 285.75 272.75 275.00 3079800
20071204 276.75 276.75 257.50 265.00 7618500
20071205 268.50 270.75 261.00 265.75 3843400
20071206 268.00 273.00 253.00 255.50 3040100
20071207 259.50 270.00 259.50 264.75 2193300
20071210 262.25 269.50 259.75 267.50 4343300
20071211 270.00 283.00 270.00 277.25 6623000
20071212 274.00 290.25 274.00 283.00 5250600
20071213 282.25 287.50 270.50 273.50 4310700
20071214 277.25 281.75 267.00 270.25 3127200
20071217 265.25 270.25 250.00 264.00 4433700
20071218 265.00 279.50 260.25 277.00 6159100
20071219 279.75 281.25 274.25 277.50 4525100
20071220 280.00 280.50 274.00 278.00 2045600
20071221 278.50 286.00 273.00 283.75 23841900
20071224 283.00 298.75 280.50 291.75 1733000
20071225 291.75 291.75 291.75 291.75 0
20071226 291.75 291.75 291.75 291.75 0
20071227 296.00 301.00 292.75 296.25 1353300
20071228 293.00 299.25 293.00 297.00 1640200
20071231 300.00 301.00 288.00 293.75 594500
20080101 293.75 293.75 293.75 293.75 0
20080102 295.00 295.00 281.50 281.50 3745700
20080103 280.00 280.00 264.25 270.25 6114300
20080104 268.25 273.50 259.00 266.75 5397200
20080107 267.00 270.00 251.00 255.75 3610300
20080108 257.50 261.75 251.50 255.00 6156400
20080109 248.00 248.00 217.25 218.75 26339700
20080110 217.00 223.75 201.00 222.50 38307900
20080111 218.50 237.50 218.50 229.25 17925400
20080114 225.00 236.25 224.00 234.75 6354900
20080115 233.00 235.00 225.25 225.75 7650100
20080116 224.75 234.00 218.00 229.00 8632900
20080117 231.00 233.25 221.75 223.00 5401900
20080118 226.25 229.25 221.75 225.00 5959900
20080121 224.00 224.00 206.25 206.25 12190700
20080122 205.75 226.25 194.10 225.75 11374900
20080123 226.00 232.00 220.25 229.75 13173600
20080124 233.25 241.50 233.00 238.00 11391500
20080125 238.75 250.25 238.75 242.25 9319900
20080128 240.00 241.75 236.75 239.00 8288800
20080129 246.00 251.75 236.25 240.00 10652200
20080130 237.00 253.25 235.75 248.00 11458800
20080131 247.25 254.25 241.00 254.25 6630600
20080201 254.25 258.50 253.00 254.75 5471900
20080204 258.50 259.75 249.25 255.00 5248900
20080205 255.00 256.00 245.00 246.00 9052900
20080206 245.75 253.50 243.00 252.00 6204700
20080207 252.00 259.25 249.75 250.25 10043400
20080208 252.00 255.00 246.25 251.25 4891800
20080211 249.25 255.00 247.00 253.25 3314600
20080212 255.00 270.50 253.75 269.50 8535000
20080213 270.00 271.50 262.50 265.75 4863000
20080214 266.25 267.75 258.25 260.75 6334900
20080215 260.00 263.50 254.25 254.75 6456100
20080218 255.75 266.50 255.75 265.50 4140900
20080219 265.25 271.50 259.25 270.00 4107000
20080220 268.00 278.50 266.75 275.00 10076200
20080221 276.25 282.25 271.75 273.75 4264800
20080222 272.50 273.75 261.50 273.25 7526400
20080225 274.00 279.75 272.25 279.00 2376800
20080226 280.00 281.50 273.00 277.00 3435200
20080227 279.00 279.75 272.00 279.75 2475000
20080228 279.50 281.00 268.50 270.00 2675200
20080229 272.00 275.50 265.50 270.25 5954600
20080303 265.25 268.75 260.25 261.00 5586000
20080304 261.00 268.00 260.00 263.25 5737100
20080305 264.75 269.00 260.00 263.00 4685800
20080306 262.25 266.00 253.75 254.50 3306800
20080307 254.25 257.25 247.00 250.25 4513800
20080310 250.75 251.50 243.25 245.00 2705900
20080311 248.75 257.50 243.00 255.50 5640700
20080312 257.75 261.75 255.75 257.00 2754100
20080313 254.25 257.50 250.00 255.50 3331200
20080314 254.75 259.75 253.25 256.50 2493300
20080317 255.00 255.00 242.00 243.00 7308600
20080318 249.50 262.25 246.50 261.50 9951400
20080319 263.00 263.00 253.50 255.75 3667000
20080320 253.75 260.00 251.00 255.00 6358600
20080321 255.00 255.00 255.00 255.00 0
20080324 255.00 255.00 255.00 255.00 0
20080325 259.75 266.25 257.50 266.00 3703200
20080326 264.00 267.50 257.25 258.50 2933100
20080327 259.50 268.75 259.50 266.00 3109300
20080328 265.25 267.00 259.00 261.00 1840300
20080331 259.00 264.25 253.75 257.75 5872500
20080401 255.00 269.75 255.00 269.75 6025000
20080402 270.00 272.25 264.75 271.50 2326900
20080403 270.00 272.00 260.75 262.75 4017900
20080404 263.75 268.50 262.25 264.50 3188400
20080407 264.00 276.25 264.00 273.50 6210300
20080408 273.75 275.50 268.00 273.75 4512400
20080409 274.00 276.00 269.25 273.50 2927900
20080410 274.00 274.00 266.00 269.00 3069600
20080411 271.50 271.50 264.50 267.50 3901200
20080414 266.00 266.50 260.75 261.50 3437900
20080415 262.50 264.75 255.00 255.00 4428000
20080416 258.00 264.25 254.25 261.00 5086800
20080417 262.00 264.00 252.00 253.75 4581800
20080418 254.75 260.75 251.50 259.50 3353800
20080421 253.25 258.75 250.25 253.00 2721000
20080422 252.25 254.75 243.75 247.25 3954200
20080423 244.00 249.75 233.75 238.50 11712400
20080424 240.00 241.00 225.25 232.00 7530200
20080425 233.50 240.00 231.00 239.50 4516500
20080428 240.00 240.00 234.25 235.75 2861100
20080429 235.25 238.00 229.25 233.25 3391900
20080430 235.00 239.50 233.25 236.75 8509800
20080501 235.00 236.75 233.50 235.00 2051800
20080502 236.50 244.00 236.50 241.00 5895800
20080506 242.50 251.00 242.25 250.50 9281600
20080507 254.00 254.00 248.75 250.25 4270000
20080508 248.75 256.25 248.00 254.50 5230500
20080509 253.00 259.25 253.00 257.25 5255700
20080512 256.50 261.75 256.50 259.25 2575200
20080513 264.25 273.00 252.00 255.00 10826600
20080514 254.50 257.75 245.75 250.00 3516000
20080515 250.00 253.00 245.50 249.00 5559400
20080516 252.00 260.00 249.00 253.75 5779700
20080519 253.00 257.25 251.00 252.75 4012400
20080520 250.00 252.75 240.50 243.25 6741300
20080521 247.00 247.75 239.00 239.50 5481400
20080522 239.00 240.00 232.75 234.00 6697600
20080523 235.25 235.75 231.75 233.50 2907600
20080527 236.00 241.00 233.50 240.50 4879300
20080528 240.00 243.50 238.50 242.75 2278500
20080529 244.00 244.50 241.25 242.50 3468100
20080530 243.25 248.00 241.00 244.25 3665300
20080602 243.75 243.75 237.25 237.50 2431100
20080603 237.00 241.50 236.75 240.00 2693800
20080604 239.25 240.25 234.50 237.25 3439400
20080605 236.50 241.75 234.50 240.25 3189500
20080606 242.00 243.75 232.75 233.50 2832000
20080610 231.75 232.00 226.75 229.00 3749000
20080611 229.75 231.00 220.50 221.25 7284800
20080612 220.75 222.75 218.50 220.00 7014000
20080613 220.25 221.00 217.00 219.00 6519000
20080616 218.00 223.00 216.75 222.50 2782400
20080617 223.00 231.25 223.00 223.25 5822600
20080618 224.25 224.25 214.00 215.25 3657100
20080619 215.25 217.75 207.00 210.75 7621000
20080620 212.75 213.75 206.25 208.75 7522000
20080623 209.50 211.75 205.75 205.75 5737800
20080624 210.75 213.25 206.00 208.25 11987600
20080625 210.00 217.00 207.25 216.25 4939100
20080626 214.75 216.00 207.50 207.50 4677600
20080627 206.50 209.00 202.00 205.75 3734800
20080630 206.75 209.50 200.00 205.00 5992000
20080701 204.00 204.50 194.00 195.60 6060800
20080702 195.00 196.10 185.40 185.60 9655500
20080703 185.00 189.70 178.80 188.00 10041900
20080704 187.50 187.50 175.90 178.10 5411000
20080707 177.60 187.10 176.00 186.20 6638400
20080708 183.80 185.50 179.00 181.90 8833900
20080709 182.80 189.40 182.10 186.50 8424500
20080710 184.80 184.80 175.00 177.30 8891900
20080711 181.50 182.50 169.30 169.40 8681300
20080714 172.40 177.40 169.80 170.90 5204900
20080715 170.10 178.70 166.80 176.60 7467500
20080716 176.90 190.60 175.90 188.60 7806600
20080717 190.60 207.25 188.70 195.00 7083800
20080718 194.00 202.00 191.70 202.00 3567200
20080721 201.00 203.00 197.20 201.75 3143900
20080722 198.80 205.75 192.00 205.00 4599400
20080723 208.00 217.50 206.50 214.00 7863000
20080724 214.00 217.75 206.25 208.50 4825000
20080725 205.50 210.00 202.75 207.75 4555000
20080728 206.00 206.75 197.80 198.10 3086700
20080729 197.10 198.20 190.60 192.10 5539700
20080730 194.90 203.25 194.90 201.75 3449500
20080731 202.00 203.25 197.90 200.00 4394800
20080801 199.50 202.25 195.00 196.40 3929300
20080804 194.70 197.70 191.50 195.40 3224700
20080805 197.70 215.50 195.40 215.50 5076300
20080806 214.00 222.25 214.00 221.25 7553100
20080807 219.25 224.00 216.75 220.50 4002900
20080808 217.25 238.75 217.25 237.50 4791300
20080811 236.75 240.00 232.00 235.00 6003500
20080812 233.75 244.50 233.25 239.25 4948200
20080813 243.00 245.00 227.50 228.00 5240800
20080814 231.75 232.75 221.00 223.00 4398200
20080815 225.00 226.50 221.25 225.00 3962700
20080818 223.75 225.75 220.75 222.25 2915400
20080819 222.00 222.00 211.50 211.75 4336000
20080820 212.25 215.00 205.00 211.00 3520700
20080821 210.00 211.25 203.50 206.25 3985800
20080822 207.00 214.50 206.75 213.75 2344500
20080826 210.00 211.25 204.25 207.25 2634900
20080827 208.75 208.75 202.25 204.00 3112300
20080828 208.25 210.00 201.25 208.50 5128800
20080829 207.75 212.50 204.25 210.75 4113700
20080901 208.25 218.75 208.25 216.25 3296600
20080902 215.25 230.00 215.25 229.00 4414200
20080903 224.00 228.25 221.25 225.00 3988400
20080904 224.75 224.75 218.00 218.00 2561400
20080905 217.50 221.00 212.00 217.25 4565400
20080908 221.50 223.75 216.25 223.25 876100
20080909 222.00 231.75 220.75 230.00 4721700
20080910 228.50 233.50 226.75 230.25 5462700
20080911 228.75 229.75 217.00 221.75 3193300
20080912 225.00 240.50 225.00 238.00 10953700
20080915 233.00 243.00 227.75 239.00 6565700
20080916 238.00 248.25 233.25 239.00 10837800
20080917 240.00 246.75 226.75 228.50 6111800
20080918 226.25 239.00 226.25 231.00 10735200
20080919 228.50 248.25 228.00 233.25 8331800
20080922 231.00 231.50 219.75 224.50 8019900
20080923 221.50 222.75 208.50 210.00 4477300
20080924 213.00 216.25 201.00 206.00 5537300
20080925 205.00 220.00 195.90 218.00 9857900
20080926 215.50 223.50 212.00 221.00 5099500
20080929 219.25 224.75 212.50 212.50 4890700
20080930 205.75 219.75 205.75 215.50 5274600
20081001 216.75 225.50 212.75 223.25 4405600
20081002 221.75 233.00 220.00 222.00 5112400
20081003 222.00 222.75 210.75 218.25 3519100
20081006 213.50 213.50 194.30 194.30 2003900
20081007 195.70 211.50 195.60 203.75 1768100
20081008 204.50 233.50 197.00 212.00 7692000
20081009 217.25 217.25 198.20 203.00 5592300
20081010 196.80 203.00 180.70 192.00 5319800
20081013 220.00 241.75 220.00 232.25 14268800
20081014 240.75 259.00 240.75 257.75 10500500
20081015 259.50 265.75 234.50 249.75 10658400
20081016 205.00 222.75 182.30 194.40 12983700
20081017 192.90 200.75 190.60 198.00 11191300
20081020 201.75 201.75 193.70 198.50 6091600
20081021 202.25 202.25 191.50 193.00 4225200
20081022 188.90 194.00 187.70 190.10 3670100
20081023 193.00 197.10 182.20 187.40 4907000
20081024 180.30 192.00 173.00 184.50 10056700
20081027 180.30 191.90 178.00 186.10 3015100
20081028 189.40 194.30 179.40 180.40 3696900
20081029 180.50 192.80 180.50 188.10 3088700
20081030 192.40 196.10 186.60 192.70 5287100
20081031 193.00 197.80 185.90 188.40 5140000
20081103 188.80 193.00 176.00 183.30 7580700
20081104 184.00 192.00 179.10 188.10 10423900
20081105 184.60 192.90 183.00 188.10 3619400
20081106 184.00 193.00 180.50 185.90 4540800
20081107 187.30 199.70 184.60 196.10 2967200
20081110 200.00 206.50 195.50 197.20 4027800
20081111 193.50 198.50 186.90 193.40 2446200
20081112 197.00 197.00 179.00 186.70 6684100
20081113 180.00 194.50 178.10 185.20 4648300
20081114 190.90 199.30 190.00 194.80 4400000
20081117 193.30 196.90 185.70 185.80 4163700
20081118 188.70 189.40 174.20 181.60 5498800
20081119 184.20 186.00 179.30 181.80 4448100
20081120 176.70 181.90 172.40 177.40 5858700
20081121 178.90 178.90 169.50 174.80 4262100
20081124 179.90 197.80 174.30 195.90 6242000
20081125 193.60 202.25 188.50 200.00 7971600
20081126 196.80 202.00 192.20 200.00 7005300
20081127 205.00 209.75 201.00 205.25 3877700
20081128 205.25 213.75 201.50 212.75 3788700
20081201 211.50 214.75 204.50 206.25 3521200
20081202 203.00 220.00 198.20 211.00 4442500
20081203 211.25 211.25 201.75 206.50 5185100
20081204 204.00 211.25 198.40 205.50 6316600
20081205 209.00 209.00 194.90 201.00 3645800
20081208 210.00 216.50 201.50 214.75 3142400
20081209 211.00 224.75 210.00 223.25 4428500
20081210 229.00 229.00 214.25 222.00 7262600
20081211 225.00 226.00 216.50 224.00 3374600
20081212 219.75 224.25 215.25 220.25 6583600
20081215 225.50 225.50 215.50 217.25 3748700
20081216 220.00 221.25 212.50 215.25 4792600
20081217 219.75 222.50 211.50 218.75 3971000
20081218 218.00 231.00 216.00 229.50 5760300
20081219 228.25 232.00 219.75 222.50 4528300
20081222 233.50 233.50 221.50 223.50 3219700
20081223 225.50 233.00 221.00 222.00 2830000
20081224 216.50 227.00 216.00 225.00 378000
20081229 228.50 236.25 227.25 236.25 1212900
20081230 239.00 240.00 225.50 229.25 730800
20081231 234.75 239.00 228.75 233.50 564400
20090102 230.25 234.25 227.75 231.75 611500
20090105 236.25 239.00 231.75 235.00 1201500
20090106 235.25 236.00 229.25 232.50 2654800
20090107 234.00 237.50 229.00 236.75 3594800
20090108 234.00 236.00 223.50 230.50 3909100
20090109 230.00 231.25 225.25 229.00 2613800
20090112 228.00 234.75 224.00 230.50 4226200
20090113 233.00 237.25 229.00 235.50 5685900
20090114 238.00 242.25 233.75 235.25 5397700
20090115 234.00 238.50 217.50 219.25 8443600
20090116 222.25 222.75 209.00 213.00 10379600
20090119 215.50 222.75 212.50 218.75 2680400
20090120 220.75 220.75 214.25 216.75 3714000
20090121 212.75 229.00 210.25 226.25 5317200
20090122 229.00 229.50 218.50 222.75 2646100
20090123 222.25 223.75 208.25 220.25 5625400
20090126 220.75 230.00 216.00 225.25 3237900
20090127 226.75 232.75 225.00 232.75 4632800
20090128 235.50 238.25 229.50 237.25 5237700
20090129 234.50 237.75 229.00 230.75 3172600
20090130 230.75 233.50 216.75 224.00 6207700
20090202 221.75 228.00 215.75 218.00 2789600
20090203 221.50 228.75 213.50 216.00 5810100
20090204 218.75 231.25 214.00 224.50 5891800
20090205 221.00 243.75 218.50 242.50 11290100
20090206 239.00 256.25 230.00 250.25 7880000
20090209 250.50 250.50 238.75 243.00 2700300
20090210 243.00 246.00 235.00 235.00 3552000
20090211 232.25 242.50 227.75 235.75 5394900
20090212 235.00 238.75 228.25 236.50 7667600
20090213 238.00 249.50 237.75 242.75 3616300
