20000515 640.00 658.50 627.00 637.94 611200
20000516 650.00 650.00 620.00 631.22 1511100
20000517 633.00 648.00 626.00 635.00 2014700
20000518 634.50 656.50 630.00 639.53 2033600
20000519 638.00 645.00 625.25 630.50 3061800
20000522 630.00 637.00 625.50 630.00 2580100
20000523 630.50 648.00 628.50 629.00 3078500
20000524 633.00 636.50 626.50 634.50 4792900
20000525 639.00 661.50 639.00 651.00 3745600
20000526 656.00 656.00 644.00 654.50 7763600
20000529 654.50 654.50 654.50 654.50 0
20000530 660.00 665.00 650.00 650.00 1363400
20000531 652.00 657.00 625.00 631.00 1042000
20000601 633.50 660.00 629.00 640.00 4668700
20000602 635.00 666.00 630.50 657.00 2050000
20000605 632.00 680.50 624.00 644.00 2502800
20000606 647.50 684.00 642.00 645.00 2964700
20000607 648.00 674.50 631.50 645.00 2049700
20000608 638.00 645.00 632.50 643.00 1717400
20000609 643.00 672.50 642.00 660.00 1747900
20000612 644.00 663.00 644.00 658.50 641500
20000613 658.50 700.00 654.00 700.00 2104800
20000614 688.00 695.00 652.00 690.00 1456600
20000615 684.00 729.50 680.00 698.00 1736600
20000616 674.00 730.50 674.00 700.00 1298900
20000619 700.00 700.00 700.00 700.00 0
20000620 690.00 693.00 672.00 680.00 1212200
20000621 670.00 682.00 652.00 675.00 1171100
20000622 650.00 676.00 650.00 650.00 2152400
20000623 665.00 665.00 650.00 665.00 1545500
20000626 661.00 665.00 650.00 661.00 782200
20000627 662.00 668.00 659.00 662.00 4862100
20000628 654.00 687.50 652.00 654.00 776800
20000629 645.00 664.00 645.00 645.00 1122800
20000630 654.00 670.00 648.00 654.00 699000
20000703 676.00 676.00 634.00 676.00 637900
20000704 689.50 690.00 650.00 689.50 878700
20000705 674.00 698.50 665.00 674.00 3086100
20000706 688.00 692.00 666.00 688.00 1399600
20000707 688.00 688.00 688.00 688.00 0
20000710 680.00 687.00 673.00 680.00 1329700
20000711 678.00 697.50 674.00 678.00 2449100
20000712 678.00 690.00 675.50 684.00 8965700
20000713 682.00 710.50 673.00 680.50 2051800
20000714 683.00 696.50 672.50 674.50 3193800
20000717 682.00 690.00 672.00 686.00 560000
20000718 682.00 691.00 670.00 682.00 1158300
20000719 694.50 694.50 642.00 664.50 657300
20000720 660.00 677.50 652.50 670.00 882700
20000721 602.00 672.00 602.00 667.00 551600
20000724 667.00 667.00 667.00 667.00 0
20000725 739.00 739.00 633.00 660.00 2146600
20000726 677.25 677.25 645.00 663.00 938000
20000727 663.00 663.00 663.00 663.00 0
20000728 662.00 683.00 661.00 668.00 1006700
20000731 737.00 737.00 609.00 665.00 6315000
20000801 655.50 700.00 655.50 682.00 1876400
20000802 682.00 689.00 670.00 670.00 941600
20000803 665.00 700.00 665.00 694.50 2710500
20000804 715.00 715.00 680.50 693.00 2021000
20000807 695.50 702.25 681.00 691.00 1006700
20000808 691.00 739.00 670.00 712.00 1753600
20000809 704.50 720.00 702.00 706.00 898500
20000810 701.75 710.00 681.00 696.00 1096300
20000811 696.00 723.00 693.00 711.00 7446300
20000814 707.00 724.50 706.00 724.50 828000
20000815 700.00 725.00 690.50 721.00 1335000
20000816 718.25 739.00 710.00 710.00 1626500
20000817 726.00 726.00 700.00 713.50 794200
20000818 706.00 718.00 694.00 704.00 1907800
20000821 746.00 746.00 686.00 700.00 1901500
20000822 703.75 703.75 692.00 696.00 4609300
20000823 700.00 704.00 675.00 677.00 1196100
20000824 697.50 697.50 670.00 670.50 710800
20000825 685.50 689.50 670.00 675.00 706300
20000828 675.00 675.00 675.00 675.00 0
20000829 688.00 688.00 663.50 670.00 1597200
20000830 669.00 681.50 659.00 665.00 2287800
20000831 671.00 671.00 636.25 640.00 3187200
20000901 640.00 652.00 628.00 635.50 3524900
20000904 634.50 663.00 633.75 638.50 4159700
20000905 721.00 721.00 626.00 635.50 1368200
20000906 635.50 656.00 630.00 635.00 2628200
20000907 643.00 643.00 625.00 635.00 1261300
20000908 632.00 666.50 632.00 635.50 1052600
20000911 633.00 642.00 616.50 620.00 1606400
20000912 595.00 631.00 550.00 615.00 2592200
20000913 618.75 636.50 616.50 631.00 3845100
20000914 646.00 648.00 622.25 625.00 1389100
20000915 631.00 640.00 600.00 600.00 1167900
20000918 630.00 630.00 605.00 621.00 1367300
20000919 686.00 686.00 621.25 645.00 2277800
20000920 699.50 710.00 647.00 659.00 6036800
20000921 659.00 673.00 631.00 639.00 3150900
20000922 641.00 664.50 620.00 640.00 1584200
20000925 640.00 668.50 640.00 660.00 2511000
20000926 656.00 689.00 652.00 661.00 1728900
20000927 662.50 702.00 655.00 693.00 4635900
20000928 690.00 710.75 690.00 695.00 3658800
20000929 698.50 719.31 685.25 687.00 2042300
20001002 680.00 712.00 680.00 695.00 922000
20001003 698.00 699.25 687.00 687.00 1243300
20001004 685.00 699.00 681.00 686.00 1107000
20001005 684.50 690.00 670.00 673.00 1911300
20001006 681.50 695.50 670.50 680.00 3172300
20001009 679.00 686.00 674.00 686.00 750400
20001010 684.25 700.00 670.50 670.50 3103600
20001011 665.00 691.16 653.50 661.50 2496300
20001012 678.00 678.00 640.50 670.00 441300
20001013 645.00 691.50 645.00 685.00 3689600
20001016 683.50 697.00 674.00 686.00 1863900
20001017 697.00 697.50 675.00 695.00 1612300
20001018 688.00 718.00 669.50 707.00 1986100
20001019 701.00 737.00 690.00 694.60 2603000
20001020 710.00 715.00 690.00 698.00 2655700
20001023 701.50 709.00 692.00 705.00 2399400
20001024 707.00 717.50 700.00 710.00 1403100
20001025 700.00 721.00 697.00 698.00 3093700
20001026 700.50 718.00 696.00 704.00 2440200
20001027 703.00 704.00 697.00 703.50 689000
20001030 703.25 712.00 695.00 696.00 502700
20001031 696.00 696.00 696.00 696.00 0
20001101 700.00 704.00 693.00 697.50 2507800
20001102 690.50 711.00 690.50 700.00 1083000
20001103 680.00 737.50 680.00 720.00 4247300
20001106 715.00 720.00 706.00 710.00 747600
20001107 715.00 715.00 682.75 690.00 584500
20001108 697.50 702.00 687.00 697.00 1731600
20001109 698.00 702.25 692.50 700.00 826900
20001110 698.00 700.00 684.00 690.00 521400
20001113 695.00 699.50 692.00 695.00 1940700
20001114 693.00 712.75 687.00 707.00 3915600
20001115 710.50 713.00 695.50 703.00 1080500
20001116 703.00 729.00 703.00 707.00 1270200
20001117 719.50 731.75 707.50 718.00 1934100
20001120 745.00 745.00 705.75 710.00 1206000
20001121 716.50 730.00 705.00 720.00 2287600
20001122 720.00 730.00 712.00 720.00 2167300
20001123 714.00 727.50 713.00 727.50 1045700
20001124 721.00 732.00 716.50 720.00 2545500
20001127 738.00 740.00 705.00 740.00 1010100
20001128 735.00 749.00 710.00 730.00 1290400
20001129 724.00 740.00 720.00 720.00 1797800
20001130 722.00 722.00 690.50 716.50 1251400
20001201 714.50 716.00 680.00 690.00 2689300
20001204 700.00 700.00 688.00 694.00 3040900
20001205 694.00 721.00 694.00 702.00 2969800
20001206 699.50 748.00 680.00 685.00 2341600
20001207 698.00 698.00 677.50 680.00 1107500
20001208 693.50 704.00 675.50 697.00 1855300
20001211 698.00 698.50 670.50 675.00 1964600
20001212 675.00 686.00 654.50 662.00 1150000
20001213 661.00 671.50 635.00 645.00 3430800
20001214 644.00 655.00 641.50 648.50 2878500
20001215 649.00 681.00 645.50 655.50 2767600
20001218 676.00 680.00 654.00 667.00 1342000
20001219 672.00 680.00 667.00 680.00 1023400
20001220 677.50 688.50 640.00 650.00 720900
20001221 655.75 665.00 641.00 651.00 1210600
20001222 670.00 670.00 648.00 660.00 426200
20001225 660.00 660.00 660.00 660.00 0
20001226 660.00 660.00 660.00 660.00 0
20001227 652.00 669.00 649.25 667.50 1098400
20001228 673.00 673.00 650.50 669.00 376400
20001229 669.00 670.00 646.00 665.00 248300
20010101 665.00 665.00 665.00 665.00 0
20010102 692.00 700.00 645.00 645.00 726300
20010103 645.25 658.00 645.25 653.00 2205700
20010104 685.00 685.00 630.00 646.50 4190900
20010105 635.00 640.25 595.00 625.00 7932500
20010108 624.00 645.00 623.00 639.00 3472400
20010109 644.00 654.50 616.00 630.50 1596000
20010110 650.00 650.00 608.50 633.00 1599100
20010111 614.00 649.00 610.00 611.00 3255500
20010112 608.50 617.00 575.00 581.00 9645600
20010115 581.00 604.75 581.00 592.00 3039200
20010116 605.75 607.75 570.00 577.00 4496500
20010117 585.00 602.75 571.00 580.00 4012300
20010118 595.75 598.00 567.75 575.00 3565300
20010119 577.50 597.00 564.00 569.00 2967500
20010122 584.50 585.00 573.25 577.00 1351900
20010123 585.00 585.00 574.00 577.00 1451700
20010124 577.00 577.00 577.00 577.00 0
20010125 575.50 600.00 573.50 584.00 2866700
20010126 584.00 584.00 584.00 584.00 0
20010129 595.00 595.00 576.25 579.00 1745500
20010130 575.00 582.00 567.00 574.50 1654700
20010131 567.50 588.50 567.50 570.00 4749200
20010201 579.50 580.00 568.00 575.00 2716200
20010202 574.00 578.50 550.00 576.00 8220900
20010205 575.00 576.00 566.00 566.00 3429200
20010206 573.50 575.00 566.75 575.00 3492700
20010207 743.00 743.00 570.50 585.00 4626400
20010208 587.25 642.50 587.25 595.00 2163100
20010209 596.30 615.00 595.00 596.00 2694700
20010212 598.00 603.00 595.00 595.00 3412900
20010213 598.00 609.25 591.50 602.00 3805800
20010214 608.00 621.00 602.00 620.00 3226200
20010215 630.00 630.00 606.00 606.00 2896300
20010216 615.00 618.50 602.00 608.00 3452300
20010219 590.00 615.00 590.00 611.00 2823900
20010220 618.00 618.00 602.00 606.50 3334000
20010221 602.00 609.75 596.00 604.00 2466000
20010222 612.00 612.00 590.00 604.50 2441800
20010223 604.00 608.00 591.50 594.50 2471200
20010226 623.00 623.00 592.00 597.50 1808400
20010227 605.00 605.00 580.00 586.00 1781200
20010228 598.00 598.00 567.00 583.00 2441800
20010301 585.00 590.00 576.00 580.00 2046500
20010302 590.00 590.00 577.00 583.00 2256600
20010305 695.00 695.00 582.00 593.50 2598100
20010306 592.50 600.00 578.00 585.00 2245600
20010307 583.00 588.00 580.50 585.00 1102800
20010308 588.25 589.50 577.50 580.50 1716700
20010309 573.00 588.75 573.00 583.00 903100
20010312 587.50 587.50 579.00 585.00 1063300
20010313 586.00 596.25 582.25 589.50 2248900
20010314 589.50 589.50 589.50 589.50 0
20010315 583.00 594.00 575.00 582.00 2649800
20010316 582.00 591.50 571.00 575.00 2094000
20010319 600.00 600.00 576.50 585.00 2516900
20010320 570.00 589.50 570.00 589.50 2436100
20010321 586.00 594.00 576.00 590.00 3665600
20010322 588.00 591.50 572.00 577.00 5759600
20010323 575.00 595.00 575.00 582.00 2560400
20010326 586.00 607.00 580.00 606.50 2846300
20010327 606.50 616.50 580.00 610.00 2659400
20010328 586.50 615.00 586.50 607.50 1843000
20010329 637.00 637.00 601.00 607.00 2192800
20010330 610.00 612.00 590.50 612.00 2217000
20010402 608.00 626.50 586.50 618.50 3246000
20010403 620.00 633.00 601.50 620.00 4554300
20010404 604.50 643.50 604.50 635.00 3687600
20010405 641.00 641.50 604.00 634.00 914900
20010406 638.00 638.00 607.00 614.00 1262300
20010409 624.00 627.50 596.00 625.00 1661300
20010410 622.00 635.50 614.50 626.00 1957500
20010411 626.00 626.00 590.00 600.00 4621800
20010412 608.00 621.50 600.00 610.00 3730300
20010413 610.00 610.00 610.00 610.00 0
20010416 610.00 610.00 610.00 610.00 0
20010417 605.00 629.50 605.00 625.50 1704800
20010418 616.50 628.00 616.00 618.00 1675300
20010419 618.50 625.50 597.00 605.00 7367400
20010420 607.00 617.00 594.00 605.00 2248500
20010423 624.00 624.00 585.00 605.00 1489700
20010424 630.00 630.00 600.00 608.00 2094100
20010425 617.00 617.00 602.50 607.50 769900
20010426 605.00 609.50 600.50 603.00 1543100
20010427 605.50 616.50 600.00 609.00 2925100
20010430 625.50 625.50 600.00 601.50 1290300
20010501 608.00 608.00 597.50 597.50 1555500
20010502 597.50 608.00 597.50 602.25 1751300
20010503 602.00 604.50 593.40 598.00 1220600
20010504 595.50 620.50 595.50 614.50 2026800
20010507 614.50 614.50 614.50 614.50 0
20010508 617.00 617.00 600.00 605.00 1804200
20010509 617.00 617.00 599.25 605.00 1368200
20010510 605.00 610.00 599.50 608.50 1846800
20010511 599.00 612.00 599.00 606.50 1216500
20010514 606.00 613.75 600.50 605.50 2553700
20010515 611.50 614.00 606.00 607.50 1905900
20010516 611.00 616.25 600.00 614.50 1480600
20010517 611.00 620.50 585.00 612.00 1152400
20010518 602.00 628.50 602.00 618.50 1301000
20010521 622.00 628.00 613.25 622.00 2320800
20010522 631.50 641.00 608.50 608.50 3766600
20010523 614.00 622.00 608.00 613.50 2575500
20010524 610.00 636.00 610.00 628.00 7147400
20010525 635.00 657.50 633.50 655.00 4052200
20010528 655.00 655.00 655.00 655.00 0
20010529 649.00 662.50 642.00 645.00 2327800
20010530 643.25 663.00 643.25 656.50 7829300
20010531 663.50 665.00 618.40 665.00 9146300
20010601 653.00 664.75 622.00 652.00 9656800
20010604 664.50 667.00 630.00 665.00 4082700
20010605 663.00 671.25 630.00 664.00 3786600
20010606 638.00 659.00 620.00 629.00 6021300
20010607 649.00 664.00 626.50 633.00 2811200
20010608 629.68 666.50 628.50 642.00 2113800
20010611 665.00 666.00 625.00 637.00 3166400
20010612 637.50 671.00 628.00 628.00 2625500
20010613 628.00 670.00 623.50 640.00 1146500
20010614 630.00 669.00 622.25 624.00 1396700
20010615 636.00 673.50 622.00 642.00 1953200
20010618 624.00 668.00 624.00 633.00 2625600
20010619 633.00 637.50 625.00 632.00 1505700
20010620 632.00 650.00 625.50 650.00 1392500
20010621 636.00 673.10 630.00 633.00 1880200
20010622 638.50 642.50 630.50 642.50 2255700
20010625 656.00 682.00 635.50 654.50 2378900
20010626 654.50 654.50 643.40 650.00 3880400
20010627 650.90 690.00 647.50 660.00 4680900
20010628 658.50 697.50 651.00 673.50 2726000
20010629 660.00 695.75 657.25 673.50 3112700
20010702 680.00 683.50 651.50 655.00 1997800
20010703 670.00 670.00 636.00 639.50 2682700
20010704 636.00 654.00 636.00 649.00 540000
20010705 649.00 653.00 631.50 653.00 1396000
20010706 653.00 658.50 639.50 652.00 1529500
20010709 601.00 655.00 601.00 655.00 2362200
20010710 655.00 672.00 639.50 649.00 2088300
20010711 645.00 683.10 643.00 652.00 2957300
20010712 652.50 656.75 639.50 652.00 2744300
20010713 652.00 652.00 652.00 652.00 0
20010716 658.75 682.00 648.00 654.50 453600
20010717 643.50 683.00 643.50 670.00 1307200
20010718 653.50 698.00 653.50 667.50 3398600
20010719 670.00 693.00 657.00 664.50 622300
20010720 665.50 667.50 650.50 656.00 2420900
20010723 655.50 667.00 640.50 654.50 3371500
20010724 653.50 682.00 643.00 650.00 2033300
20010725 646.50 680.00 640.00 646.00 2862300
20010726 648.00 648.00 638.00 641.00 1676800
20010727 641.25 654.50 639.00 645.00 2133200
20010730 663.00 663.00 641.00 641.00 1876100
20010731 641.00 655.00 641.00 650.00 5532400
20010801 650.00 661.90 646.10 657.00 11746600
20010802 657.50 670.00 648.00 660.00 5126400
20010803 663.00 674.50 660.50 663.50 5784600
20010806 648.25 672.25 648.25 666.50 2388100
20010807 654.00 700.10 654.00 668.00 2740700
20010808 668.50 677.50 656.00 667.00 855500
20010809 630.00 673.50 655.00 660.00 1610500
20010810 668.00 668.15 651.00 660.00 1256300
20010813 654.00 655.50 624.00 643.00 2296100
20010814 637.00 672.50 637.00 641.00 1943900
20010815 655.75 656.00 641.00 646.00 1137300
20010816 650.00 672.50 636.50 646.00 1148400
20010817 633.00 645.50 633.00 643.50 1659000
20010820 638.00 645.00 629.00 636.00 1816100
20010821 636.75 638.50 614.00 636.50 2315000
20010822 635.00 639.00 628.00 635.00 1449900
20010823 651.00 651.00 630.00 636.00 2028800
20010824 637.78 637.78 632.00 634.50 2930200
20010827 634.50 634.50 634.50 634.50 0
20010828 639.30 639.30 632.00 637.00 1028300
20010829 637.00 637.00 631.00 635.00 1632400
20010830 616.50 633.75 616.50 630.00 1779900
20010831 630.00 635.50 610.00 630.00 4160700
20010903 620.00 635.00 617.40 630.50 622800
20010904 630.00 635.00 627.00 632.00 2986900
20010905 631.89 632.00 623.00 627.00 2793400
20010906 626.75 627.00 614.00 617.50 2157900
20010907 615.00 616.00 604.00 604.00 1331400
20010910 667.00 667.00 592.00 609.00 2919700
20010911 605.00 615.00 563.00 594.00 3189300
20010912 542.00 637.35 542.00 616.00 3492500
20010913 609.00 643.00 597.00 615.00 2070200
20010914 611.00 620.00 585.00 597.00 3788700
20010917 600.00 617.49 576.00 613.00 2943100
20010918 619.00 619.00 586.25 608.00 3861200
20010919 601.25 639.00 601.25 637.00 5647800
20010920 626.01 640.50 529.00 625.00 6129800
20010921 607.50 631.50 581.00 615.00 4666800
20010924 613.99 634.50 583.00 602.50 3048200
20010925 599.00 650.00 599.00 618.00 1832000
20010926 616.99 619.00 584.51 601.00 2694200
20010927 598.99 609.52 594.01 607.50 4105800
20010928 607.50 607.50 607.50 607.50 0
20011001 629.96 642.46 602.50 629.50 2247500
20011002 625.01 648.00 625.01 646.00 3274700
20011003 655.00 655.00 633.00 643.00 1773700
20011004 648.50 659.00 620.50 622.00 2318000
20011005 661.96 661.96 613.50 625.00 2543400
20011008 627.00 648.00 603.50 615.00 1103600
20011009 610.00 617.96 598.50 609.00 2392500
20011010 618.46 622.00 598.25 619.50 4328700
20011011 598.00 661.00 598.00 620.00 3708000
20011012 625.00 636.50 622.00 627.00 1394800
20011015 624.00 636.00 611.00 622.00 1054800
20011016 622.00 622.00 622.00 622.00 0
20011017 618.00 637.50 344.07 623.00 1219100
20011018 632.50 632.50 610.00 610.00 1319000
20011019 628.00 628.00 608.00 608.00 1049500
20011022 602.00 627.50 602.00 608.00 1105400
20011023 609.00 625.00 608.50 620.00 1881600
20011024 619.00 624.50 601.00 603.50 2767300
20011025 634.00 635.50 605.00 609.00 4807300
20011026 609.00 609.00 609.00 609.00 0
20011029 662.00 662.00 613.00 616.00 2725000
20011030 631.50 631.50 608.00 616.50 3062700
20011031 617.00 633.95 611.00 622.00 1957200
20011101 629.00 630.50 617.00 627.50 1478000
20011102 633.00 640.00 621.00 630.00 1605700
20011105 630.00 645.00 622.50 635.00 1541500
20011106 635.00 641.50 623.00 633.50 1287600
20011107 647.50 647.50 629.50 630.50 3801000
20011108 643.50 650.80 632.50 644.00 4341000
20011109 622.00 655.00 622.00 650.00 3701100
20011112 673.00 673.00 631.00 641.00 2333200
20011113 646.00 653.50 633.75 639.50 1940300
20011114 639.50 648.70 630.75 641.50 3019500
20011115 641.50 648.00 625.00 630.00 1482600
20011116 624.00 638.00 615.00 624.00 2197600
20011119 620.50 667.00 610.00 624.00 2086600
20011120 621.50 644.50 610.50 618.50 2821200
20011121 627.50 637.00 618.00 621.00 3140600
20011122 620.00 635.00 616.00 616.00 2552000
20011123 637.00 639.00 620.50 625.00 1915100
20011126 638.00 638.00 623.00 627.50 2386000
20011127 627.00 638.50 622.56 628.50 1500200
20011128 635.00 643.00 610.50 619.00 1617000
20011129 629.50 648.00 615.00 615.00 7796500
20011130 618.50 639.50 617.20 633.00 8627700
20011203 616.00 636.50 605.00 621.50 2703300
20011204 620.00 633.00 615.50 620.00 3673400
20011205 610.00 620.30 593.00 598.00 5160800
20011206 590.00 615.25 587.30 591.00 3328800
20011207 591.50 600.75 584.00 590.00 3870700
20011210 590.50 603.00 582.71 588.00 3456400
20011211 595.00 603.00 582.00 586.00 1399300
20011212 588.00 609.00 580.00 581.00 2749700
20011213 580.00 597.50 572.00 579.00 2063000
20011214 580.00 588.00 571.00 578.00 1835000
20011217 583.00 590.00 578.00 588.00 1748400
20011218 590.00 617.00 578.50 600.00 3084700
20011219 597.00 607.00 578.00 578.00 1899600
20011220 586.00 602.00 578.00 584.00 2730300
20011221 590.00 615.00 584.00 600.00 1449600
20011224 611.00 622.00 581.00 603.00 123200
20011225 603.00 603.00 603.00 603.00 0
20011226 603.00 603.00 603.00 603.00 0
20011227 608.50 618.00 590.50 611.00 630700
20011228 605.50 614.81 600.50 614.00 506700
20011231 614.00 627.00 590.00 615.50 152900
20020101 615.50 615.50 615.50 615.50 0
20020102 615.50 623.52 592.44 601.00 1374800
20020103 604.00 621.00 599.00 611.00 2737800
20020104 606.00 618.00 606.00 611.00 2821800
20020107 615.00 615.00 606.52 613.50 3801800
20020108 611.00 616.50 600.00 613.50 2393300
20020109 610.00 620.00 599.50 603.00 2621500
20020110 620.00 621.30 592.50 598.00 1829300
20020111 590.00 615.50 590.00 604.50 1464200
20020114 600.00 614.00 597.00 602.00 1752900
20020115 614.00 617.27 600.00 614.50 1634200
20020116 625.00 625.00 592.50 622.00 2873000
20020117 625.00 629.00 608.00 619.00 1677100
20020118 620.00 632.50 593.00 616.00 1786800
20020121 620.50 634.50 616.00 623.50 1775300
20020122 620.00 624.00 602.50 602.50 4334900
20020123 600.00 609.00 590.00 600.00 5452500
20020124 602.00 617.00 601.88 611.00 1986900
20020125 592.00 615.00 592.00 603.00 1202200
20020128 610.00 639.50 597.00 600.00 1656500
20020129 601.00 612.00 598.75 600.00 3793400
20020130 595.00 605.00 592.50 598.00 7351700
20020131 598.50 607.00 595.00 602.00 8218300
20020201 595.00 606.00 595.00 595.00 1948900
20020204 603.00 603.00 591.00 599.00 2354000
20020205 602.00 616.50 596.82 610.00 3362800
20020206 605.00 622.00 603.21 613.00 3458800
20020207 609.00 619.00 607.00 617.00 2240900
20020208 617.00 619.00 601.00 612.50 2018200
20020211 604.00 629.80 600.00 604.00 2071900
20020212 604.00 615.00 602.20 607.00 1585000
20020213 602.00 620.00 600.00 620.00 1502200
20020214 614.50 624.00 610.00 620.00 1915300
20020215 625.00 625.00 611.56 616.50 1383500
20020218 625.00 625.00 612.00 616.00 691600
20020219 616.50 620.00 607.50 616.00 1711200
20020220 618.50 623.50 607.89 609.50 1407700
20020221 618.00 620.75 605.00 614.00 1076500
20020222 617.00 623.50 603.50 609.00 1621300
20020225 614.00 615.00 607.00 613.00 728300
20020226 613.00 614.50 602.50 608.00 1471100
20020227 612.50 613.00 600.50 600.50 1742300
20020228 608.00 611.00 599.00 603.50 2193500
20020301 618.00 618.00 598.20 604.00 1428700
20020304 612.50 613.00 589.00 589.00 3496800
20020305 593.00 600.00 588.00 593.00 3674100
20020306 585.00 607.00 585.00 600.00 4235300
20020307 603.00 608.50 597.80 608.50 2783300
20020308 599.00 613.50 599.00 609.00 4204000
20020311 609.00 619.81 605.20 609.00 2113900
20020312 608.50 616.28 605.00 609.00 1794600
20020313 609.00 614.00 597.00 607.50 2389700
20020314 609.50 613.50 595.50 605.50 1085600
20020315 606.00 614.50 603.00 608.00 1005600
20020318 615.00 620.00 591.00 605.50 1672300
20020319 611.00 611.00 601.00 601.00 2322500
20020320 605.00 613.12 594.00 595.00 2624400
20020321 587.00 614.00 587.00 601.50 1135000
20020322 601.50 612.00 596.44 599.00 1081100
20020325 598.00 606.25 592.50 598.00 1831400
20020326 600.00 605.00 592.50 602.00 2702300
20020327 591.00 622.00 590.50 620.00 4716700
20020328 620.00 620.00 620.00 620.00 0
20020329 620.00 620.00 620.00 620.00 0
20020401 620.00 620.00 620.00 620.00 0
20020402 590.00 623.00 590.00 606.50 2686300
20020403 600.00 617.50 600.00 614.50 2120200
20020404 615.50 619.90 604.50 613.00 1770800
20020405 624.00 624.00 610.00 616.00 1983500
20020408 608.00 625.00 606.50 608.50 746200
20020409 618.50 630.00 609.00 610.50 1951200
20020410 609.00 620.00 606.00 612.50 1285100
20020411 602.00 618.00 602.00 605.00 1493800
20020412 610.00 617.00 604.50 610.00 1632000
20020415 600.00 626.00 602.40 618.00 1910900
20020416 625.00 625.00 614.00 621.00 4374800
20020417 618.00 627.00 618.00 625.00 1962000
20020418 624.50 635.00 622.00 628.00 3712500
20020419 628.00 633.50 616.50 629.00 1664900
20020422 629.00 643.50 626.72 635.00 2224500
20020423 640.00 646.00 625.00 634.00 1955400
20020424 635.00 647.00 625.40 646.00 1435800
20020425 641.50 648.00 634.25 637.00 4668600
20020426 644.00 649.50 623.50 641.00 2623600
20020429 637.00 660.50 635.00 654.00 2056300
20020430 645.50 660.00 641.00 658.50 1391400
20020501 653.00 666.00 637.00 663.00 1710800
20020502 656.00 672.75 654.50 668.00 4265300
20020503 664.00 668.72 652.50 659.00 3824100
20020506 659.00 659.00 659.00 659.00 0
20020507 659.00 662.00 644.50 651.50 2814800
20020508 660.00 660.00 650.00 654.50 2146800
20020509 659.50 660.60 654.25 660.00 2444700
20020510 661.00 669.00 651.50 665.00 2590700
20020513 670.00 670.00 631.00 662.50 1852600
20020514 655.00 663.00 652.00 655.50 979600
20020515 654.50 661.00 642.00 648.00 1783000
20020516 652.00 657.00 637.50 651.50 3795900
20020517 650.00 659.00 643.50 650.00 2660000
20020520 657.00 664.40 645.18 657.50 1275200
20020521 664.00 669.50 650.50 656.00 1650100
20020522 651.00 660.23 625.50 638.00 946500
20020523 647.00 650.00 636.00 644.50 8145900
20020524 650.00 685.00 644.50 661.00 7054400
20020527 650.50 682.00 616.30 645.50 961300
20020528 645.00 655.70 618.30 648.50 3700000
20020529 641.00 651.89 637.78 641.00 3346100
20020530 647.00 665.00 633.15 660.00 4580100
20020531 685.00 690.60 630.30 666.00 4043700
20020603 666.00 666.00 666.00 666.00 0
20020604 666.00 666.00 666.00 666.00 0
20020605 647.00 670.00 610.00 640.00 2110900
20020606 646.00 672.00 627.50 644.50 1572300
20020607 641.50 684.20 639.00 645.00 1907600
20020610 643.50 685.00 628.15 648.00 891500
20020611 639.00 680.00 639.00 646.00 1265300
20020612 645.00 677.70 642.50 650.00 601500
20020613 647.00 679.70 627.00 648.00 922100
20020614 644.50 649.00 612.31 615.00 1959900
20020617 621.50 640.97 611.30 620.50 1861600
20020618 640.00 640.00 604.59 624.00 1668600
20020619 624.50 634.00 616.00 622.00 1602000
20020620 625.50 653.00 616.00 618.00 1148500
20020621 615.00 653.75 605.50 620.00 771000
20020624 625.00 644.00 600.40 609.50 746300
20020625 614.50 627.00 612.00 617.00 1350400
20020626 608.50 616.88 555.00 605.50 1619600
20020627 608.00 621.88 592.37 604.00 1105800
20020628 613.00 621.88 599.25 611.00 1336800
20020701 612.50 615.00 597.00 612.50 933300
20020702 615.00 616.00 606.00 615.00 1291100
20020703 616.50 616.50 603.00 604.50 1505800
20020704 619.00 619.00 603.00 610.00 1243900
20020705 619.50 625.50 603.68 613.00 1370900
20020708 606.50 631.35 605.00 627.00 819700
20020709 625.00 640.00 620.00 630.50 1277700
20020710 630.00 630.37 608.00 610.00 1269500
20020711 604.50 617.00 595.00 598.00 1866300
20020712 610.50 616.00 585.00 598.50 1224500
20020715 600.50 618.00 557.00 565.00 1344800
20020716 577.00 592.88 554.80 578.00 1657700
20020717 557.00 603.50 557.00 585.50 1864900
20020718 588.50 612.00 582.88 600.50 2266700
20020719 600.00 605.00 590.75 594.50 1399800
20020722 595.00 629.00 558.65 565.00 1564400
20020723 575.00 584.50 566.00 567.50 2158400
20020724 570.00 583.50 540.00 554.50 2592000
20020725 579.00 583.38 553.11 566.00 2484400
20020726 573.00 596.01 505.03 566.00 2453700
20020729 569.50 612.00 542.11 580.00 1560100
20020730 615.00 615.00 557.00 564.00 1769100
20020731 571.50 585.06 566.00 577.00 2324200
20020801 585.50 597.22 566.00 566.00 1205200
20020802 573.00 608.50 565.88 604.00 1652100
20020805 602.00 604.00 585.00 598.00 1176400
20020806 590.50 616.00 590.00 613.50 1396900
20020807 608.50 633.50 606.00 615.50 1672000
20020808 611.00 633.50 611.00 620.00 1067200
20020809 628.50 640.00 612.00 640.00 1302800
20020812 636.00 644.50 623.50 636.00 1096000
20020813 637.00 640.00 618.00 637.00 1529300
20020814 634.50 638.00 622.00 634.50 1304800
20020815 646.50 650.00 632.00 646.50 848000
20020816 648.50 648.50 626.00 636.00 980200
20020819 650.00 650.00 630.50 650.00 893700
20020820 644.50 657.50 640.00 644.50 1235100
20020821 642.00 653.00 637.50 642.00 969200
20020822 640.00 643.50 632.00 640.00 1706100
20020823 627.00 637.50 621.00 627.00 1874900
20020826 627.00 627.00 627.00 627.00 0
20020827 627.00 633.00 624.00 627.00 1725200
20020828 620.50 638.50 620.50 622.00 1243200
20020829 616.50 625.00 615.00 616.50 996800
20020830 625.00 633.00 611.50 626.00 784400
20020902 625.00 635.00 614.00 625.00 582600
20020903 618.50 624.50 603.00 618.50 1482900
20020904 627.00 637.00 605.00 627.00 1293300
20020905 635.00 635.00 607.50 613.00 1452900
20020906 617.00 627.50 608.00 617.00 796200
20020909 611.50 627.00 611.50 617.50 927100
20020910 634.00 644.50 618.50 643.50 1190700
20020911 638.00 650.00 634.00 641.50 1869900
20020912 632.00 632.00 612.00 618.50 1413800
20020913 620.00 622.50 607.50 618.00 1303100
20020916 610.00 631.00 610.00 620.00 799900
20020917 643.00 643.00 614.50 624.00 1744300
20020918 619.00 622.00 606.00 606.00 1654800
20020919 606.00 615.00 593.00 597.00 1831100
20020920 585.50 645.00 550.00 615.00 4096200
20020923 588.00 645.00 588.00 604.50 1742600
20020924 601.00 605.00 577.00 584.00 1963500
20020925 565.00 607.50 565.00 601.50 2371500
20020926 595.00 601.00 585.50 597.00 1661300
20020927 602.00 602.00 582.00 590.00 735100
20020930 599.00 599.00 582.50 587.50 2633900
20021001 590.00 595.00 584.00 588.50 1791200
20021002 599.00 600.50 590.00 593.00 2633200
20021003 604.50 605.50 585.00 604.00 2652800
20021004 603.00 610.00 593.00 596.00 1499600
20021007 589.00 598.50 585.50 590.00 968500
20021008 592.00 596.00 585.00 590.00 904600
20021009 585.00 600.00 567.00 579.00 2538800
20021010 567.00 594.00 567.00 589.00 1921100
20021011 578.50 604.50 575.50 592.50 1622800
20021014 582.50 597.00 571.00 588.50 1137400
20021015 594.00 617.00 594.00 617.00 1371500
20021016 606.00 625.00 598.50 599.00 2142400
20021017 600.00 618.50 591.00 595.00 1309800
20021018 609.00 609.00 573.00 580.00 2296300
20021021 580.00 596.00 576.00 578.00 1826600
20021022 578.00 599.00 578.00 598.00 1732800
20021023 594.50 610.00 590.00 591.00 1948700
20021024 596.00 614.50 595.50 611.50 942500
20021025 606.50 607.00 585.50 604.00 861800
20021028 612.00 612.00 583.50 593.00 923000
20021029 593.50 598.00 580.50 580.50 834200
20021030 593.00 602.00 580.00 580.00 843400
20021031 589.00 596.50 574.00 591.00 1557600
20021101 593.50 608.50 582.50 608.50 1303500
20021104 608.00 613.00 590.00 613.00 1516400
20021105 612.50 617.00 606.50 615.00 1107400
20021106 615.00 615.00 600.00 612.00 981700
20021107 587.00 613.00 587.00 605.00 1384700
20021108 597.50 610.00 597.50 610.00 696000
20021111 612.00 612.00 593.50 609.00 598400
20021112 609.00 612.00 602.50 608.00 862600
20021113 606.00 611.50 594.50 603.00 734400
20021114 607.00 609.50 599.50 603.00 2407800
20021115 605.00 605.00 590.00 600.00 1600700
20021118 600.00 607.50 595.50 606.50 1300200
20021119 598.00 615.00 598.00 612.00 1292700
20021120 613.00 613.50 606.00 611.00 1319200
20021121 610.00 620.00 605.00 613.50 1320000
20021122 611.00 614.00 598.00 603.00 1141300
20021125 601.00 603.00 586.00 599.00 935700
20021126 595.00 601.50 590.00 596.50 1249700
20021127 598.50 615.00 590.00 613.00 1440400
20021128 610.00 619.00 594.50 602.00 1235500
20021129 597.00 610.50 595.00 602.00 1524200
20021202 594.50 610.50 594.50 604.00 878100
20021203 601.50 607.50 596.00 600.00 1261600
20021204 594.00 609.50 593.50 601.00 1317700
20021205 598.50 615.50 598.50 609.00 1709500
20021206 603.50 618.00 603.50 610.00 1522600
20021209 603.00 623.00 603.00 617.50 1064400
20021210 610.00 630.00 607.00 608.00 1598600
20021211 608.50 626.00 606.50 622.00 1776400
20021212 618.50 636.50 608.00 630.00 1952400
20021213 626.00 638.00 601.00 635.00 1736000
20021216 637.50 645.00 635.00 642.00 1763100
20021217 641.50 651.50 630.00 637.00 1542900
20021218 605.00 624.00 605.00 622.00 785000
20021219 620.00 630.00 603.50 630.00 2206600
20021220 613.50 625.00 609.00 619.00 1983100
20021223 615.00 636.50 615.00 630.00 823700
20021224 615.50 629.00 615.00 623.00 164900
20021225 623.00 623.00 623.00 623.00 0
20021226 623.00 623.00 623.00 623.00 0
20021227 625.00 630.00 609.50 613.00 483300
20021230 607.00 622.00 607.00 622.00 627800
20021231 627.00 630.00 617.50 624.00 386400
20030101 624.00 624.00 624.00 624.00 0
20030102 624.00 635.00 619.50 634.00 1161300
20030103 635.00 635.00 618.00 629.00 502300
20030106 632.00 632.00 615.00 626.00 1420400
20030107 622.50 630.00 611.00 623.00 664600
20030108 623.00 625.00 615.50 621.50 1111000
20030109 607.00 623.00 607.00 614.50 1420600
20030110 617.00 624.00 607.00 622.00 1027700
20030113 626.50 628.00 605.00 608.00 1807600
20030114 610.00 615.00 604.00 609.50 1656800
20030115 608.13 610.00 596.00 602.00 1996700
20030116 606.50 615.00 601.00 613.00 1885800
20030117 612.50 627.00 610.00 613.00 1764900
20030120 620.50 623.50 611.00 617.00 1308700
20030121 623.50 623.50 598.00 602.50 1363300
20030122 604.50 612.00 600.00 603.00 1252200
20030123 604.00 610.00 591.00 592.00 1997200
20030124 590.50 601.00 588.50 589.50 1286000
20030127 589.00 597.50 570.50 578.50 2767700
20030128 587.00 587.00 563.00 567.50 2186700
20030129 566.50 574.00 560.00 562.00 2409500
20030130 571.50 580.00 556.00 577.00 1697800
20030131 570.00 586.00 567.00 574.50 2578300
20030203 577.50 597.00 577.00 590.00 1549600
20030204 575.50 588.00 572.50 577.00 1896500
20030205 580.00 585.00 569.50 581.00 1460700
20030206 581.00 588.50 577.00 582.00 2114900
20030207 585.50 586.50 570.00 581.00 885300
20030210 580.00 601.50 580.00 598.00 1431900
20030211 611.00 614.50 600.00 612.50 3120600
20030212 608.00 608.50 596.00 602.00 1165700
20030213 591.50 599.00 584.00 596.00 1599800
20030214 600.50 607.50 591.00 593.50 857300
20030217 607.00 608.00 593.00 599.50 1008700
20030218 600.50 608.00 591.50 601.50 1208700
20030219 585.50 608.00 585.50 594.00 1422400
20030220 594.00 606.00 585.50 602.00 1722800
20030221 594.50 604.50 587.50 603.50 1254500
20030224 600.50 603.00 594.00 599.50 884300
20030225 596.50 601.00 586.50 590.00 982400
20030226 598.00 599.00 565.50 571.00 1294600
20030227 566.00 584.50 564.50 576.00 1851300
20030228 580.00 590.00 570.00 590.00 1598200
20030303 587.00 587.00 575.00 581.00 1492000
20030304 587.00 587.50 565.50 577.00 1646500
20030305 573.50 579.00 568.00 570.50 1291800
20030306 579.50 580.00 564.50 573.50 1281800
20030307 576.00 576.50 560.50 564.00 1263900
20030310 564.00 572.00 555.50 558.50 1332400
20030311 565.00 575.50 541.00 575.50 1559400
20030312 578.50 578.50 544.00 551.50 2382400
20030313 554.00 582.00 551.00 575.00 2523000
20030314 583.50 588.00 569.50 584.00 1249900
20030317 580.00 609.00 569.00 605.00 1593400
20030318 610.00 610.00 584.00 595.00 1360900
20030319 582.00 605.00 582.00 599.00 2342800
20030320 604.50 604.50 587.50 592.50 1532200
20030321 599.50 610.00 595.50 610.00 1740100
20030324 613.50 613.50 587.00 592.00 1102000
20030325 592.00 603.00 577.50 597.00 1235900
20030326 604.00 609.50 589.00 607.00 860000
20030327 599.50 608.50 593.00 603.00 904600
20030328 598.00 607.50 596.00 600.50 813200
20030331 601.00 601.00 580.00 586.00 859900
20030401 593.50 608.50 588.50 601.50 1298600
20030402 604.50 616.50 599.50 609.00 890500
20030403 618.00 619.00 596.00 602.00 1302900
20030404 602.00 618.50 578.00 618.00 1167400
20030407 620.00 625.00 608.50 618.50 2383900
20030408 615.00 621.00 602.50 605.50 1808000
20030409 603.00 618.50 601.00 606.50 1933700
20030410 605.50 619.00 602.50 606.50 1341800
20030411 616.00 622.00 605.50 616.00 1149300
20030414 629.00 629.00 611.00 617.00 984500
20030415 620.50 624.00 610.00 616.00 1124300
20030416 617.00 620.00 609.00 617.50 1428400
20030417 615.00 624.50 613.50 622.00 1335500
20030418 622.00 622.00 622.00 622.00 0
20030421 622.00 622.00 622.00 622.00 0
20030422 625.00 625.00 619.00 621.00 722800
20030423 629.00 629.00 612.50 623.00 1493100
20030424 627.50 629.50 611.00 613.00 1781300
20030425 613.00 625.00 600.00 606.00 1884200
20030428 606.00 618.00 606.00 616.00 1016300
20030429 620.00 620.00 597.00 606.50 1144800
20030430 608.00 609.00 595.50 601.00 2177800
20030501 598.50 608.00 592.00 598.50 634900
20030502 597.50 608.50 595.00 602.50 904000
20030505 602.50 602.50 602.50 602.50 0
20030506 606.50 614.50 600.00 608.00 1282200
20030507 608.00 616.50 595.00 602.50 1198500
20030508 605.00 608.50 598.00 598.00 994900
20030509 603.50 610.00 595.50 604.50 1196000
20030512 608.00 611.00 597.00 609.00 1076400
20030513 609.00 621.00 607.50 621.00 1993100
20030514 618.00 622.00 612.00 619.00 2289600
20030515 619.50 626.00 618.00 620.50 2058500
20030516 618.50 624.00 611.50 619.50 1742900
20030519 615.00 617.00 608.00 609.00 1293500
20030520 607.50 618.00 606.00 617.00 942000
20030521 620.50 623.50 601.00 608.00 1528700
20030522 614.00 622.50 609.00 622.00 1849600
20030523 622.00 629.00 611.50 621.00 755800
20030526 621.00 621.00 621.00 621.00 0
20030527 612.50 622.50 612.50 617.00 1335800
20030528 617.00 625.00 616.50 622.00 1495300
20030529 617.50 625.50 615.50 617.00 836400
20030530 618.50 619.50 607.50 614.00 2199600
20030602 618.50 623.50 612.00 623.50 1172700
20030603 611.00 633.50 607.00 615.00 2105400
20030604 615.00 619.50 611.00 615.00 976000
20030605 617.00 617.50 610.00 611.00 1139700
20030606 616.00 616.50 606.50 609.50 2280700
20030609 611.00 620.00 609.50 617.50 1324200
20030610 617.00 623.00 614.50 617.50 1979600
20030611 625.00 625.00 615.00 620.50 1437100
20030612 623.00 628.00 615.00 618.00 1334800
20030613 622.50 623.00 614.00 614.00 1480000
20030616 614.50 630.00 614.00 624.00 2165700
20030617 627.00 632.50 624.50 626.50 2266300
20030618 630.00 636.00 624.00 626.50 2232500
20030619 626.00 632.50 621.50 624.00 1862600
20030620 622.50 636.50 622.50 625.50 1389600
20030623 625.50 634.50 625.00 629.50 1264300
20030624 631.00 634.00 616.00 624.50 2164100
20030625 587.00 598.00 581.00 584.00 3531800
20030626 578.00 598.50 578.00 593.00 2250500
20030627 599.00 602.00 583.00 594.00 2235600
20030630 587.50 593.00 578.50 589.00 1967400
20030701 582.00 589.00 575.50 580.00 2247300
20030702 574.00 585.00 568.50 574.00 2819700
20030703 577.00 580.50 570.00 575.00 1839200
20030704 573.50 575.50 565.00 573.50 1423600
20030707 583.00 590.00 575.00 580.00 3107000
20030708 582.00 583.00 570.50 573.50 2803700
20030709 574.50 580.50 565.50 578.00 3871000
20030710 578.00 582.00 575.00 578.50 1663500
20030711 572.50 580.50 572.50 580.00 1757600
20030714 580.00 587.00 574.00 584.00 1665300
20030715 582.00 585.50 573.50 575.00 1932000
20030716 579.00 580.50 567.50 570.00 2341200
20030717 575.00 576.00 567.50 571.50 1278600
20030718 572.00 577.00 568.00 572.00 1692300
20030721 571.00 578.50 570.00 574.00 1503900
20030722 573.50 579.00 569.50 578.00 2549100
20030723 575.00 583.50 573.00 579.00 1534600
20030724 579.00 586.50 571.50 585.00 1578700
20030725 582.50 585.00 566.00 576.00 1602100
20030728 535.00 550.00 525.00 532.00 9994000
20030729 529.00 563.50 529.00 563.00 7096100
20030730 559.00 561.00 545.00 550.00 2735000
20030731 550.00 555.00 544.00 548.00 2890800
20030801 546.00 561.50 546.00 547.00 2942500
20030804 547.00 561.00 546.50 546.50 1534100
20030805 546.50 553.00 540.50 552.00 1875700
20030806 547.50 553.50 546.50 550.50 1829900
20030807 550.00 550.50 542.00 545.50 1636200
20030808 543.00 550.50 542.50 544.50 1523000
20030811 545.50 546.50 528.00 534.50 3412700
20030812 535.00 536.00 531.50 533.00 2246900
20030813 535.00 535.50 530.00 530.00 2100700
20030814 535.00 535.00 531.50 534.00 2710100
20030815 534.00 534.00 527.50 530.00 1896700
20030818 531.00 531.50 524.00 528.00 2054300
20030819 530.00 530.50 519.00 528.00 3084600
20030820 528.00 540.00 528.00 534.00 5307500
20030821 532.00 538.00 532.00 533.00 1756800
20030822 536.00 539.50 531.00 534.00 1179300
20030825 534.00 534.00 534.00 534.00 0
20030826 531.50 539.50 525.50 531.50 3586400
20030827 465.00 485.00 465.00 468.00 7703800
20030828 468.00 473.75 460.25 465.00 4433500
20030829 470.00 470.00 464.75 466.50 3163300
20030901 469.50 469.50 463.00 465.75 2472200
20030902 465.75 466.00 456.00 463.00 3000000
20030903 462.50 463.50 457.00 459.00 3494500
20030904 456.50 459.00 456.50 459.00 3440300
20030905 461.00 461.00 455.25 457.50 3686500
20030908 457.00 457.57 449.34 454.75 3375500
20030909 453.00 458.55 451.00 458.00 2682300
20030910 458.00 466.00 458.00 464.25 6396900
20030911 464.00 470.25 464.00 470.00 6308700
20030912 477.00 477.00 466.75 468.00 2590700
20030915 467.75 470.00 466.00 467.00 2218200
20030916 464.50 472.25 464.50 471.00 2965800
20030917 471.00 471.25 467.00 468.00 2070500
20030918 463.00 474.75 463.00 470.75 2058000
20030919 474.75 474.75 466.25 467.00 1683200
20030922 470.00 470.00 458.00 462.25 1858700
20030923 462.75 467.25 462.00 464.50 1772200
20030924 464.00 468.00 462.00 465.25 2239600
20030925 466.50 471.50 465.00 468.00 2188100
20030926 468.00 471.00 465.50 469.00 1863800
20030929 469.75 464.50 461.00 464.50 1131200
20030930 464.50 466.00 459.00 459.00 1320500
20031001 463.50 463.75 458.25 461.75 2219400
20031002 460.50 460.50 452.00 456.00 4839900
20031003 455.00 460.00 454.00 459.75 3352100
20031006 454.50 464.75 454.50 461.00 2373100
20031007 451.50 467.00 451.50 460.00 2691900
20031008 468.25 469.50 456.00 456.25 1914600
20031009 459.00 459.00 452.75 454.25 3166100
20031010 457.75 461.00 455.00 456.00 3084200
20031013 464.00 464.00 454.25 459.75 1908200
20031014 464.75 464.75 454.50 455.25 2406900
20031015 460.00 460.00 453.50 453.75 2950700
20031016 453.75 459.25 453.75 457.25 4506000
20031017 457.00 462.50 454.25 460.00 2605700
20031020 458.00 463.50 455.50 456.00 1812200
20031021 458.00 464.00 455.25 459.25 2259800
20031022 459.25 461.50 457.25 461.50 2725500
20031023 456.00 464.00 456.00 457.75 2853700
20031024 461.50 471.00 459.00 466.50 3751100
20031027 465.00 476.75 465.00 468.25 1727000
20031028 476.50 476.50 465.25 467.00 2195900
20031029 471.00 471.00 464.00 467.25 2389400
20031030 470.00 471.75 463.25 470.25 2013100
20031031 469.25 473.00 469.00 471.25 2694200
20031103 473.00 474.25 471.00 474.00 1376000
20031104 474.25 473.50 470.25 473.00 1421800
20031105 471.50 487.50 471.50 479.50 5196600
20031106 483.00 488.00 481.00 485.25 3322400
20031107 486.00 487.75 481.00 485.00 2537600
20031110 486.56 489.00 484.00 486.00 1529200
20031111 484.25 486.00 482.50 486.00 1142200
20031112 483.50 487.75 482.25 487.75 1464300
20031113 487.50 487.50 481.00 484.75 2028500
20031114 484.00 487.00 480.25 485.50 1694100
20031117 487.50 495.25 483.25 490.25 2492100
20031118 492.25 495.00 487.00 489.75 1487100
20031119 488.75 495.50 488.75 493.00 2288200
20031120 495.00 499.50 490.00 496.75 2277500
20031121 493.50 493.50 489.00 492.75 1989500
20031124 491.75 493.75 489.00 491.50 1983200
20031125 490.25 495.50 490.25 494.75 1421300
20031126 493.75 494.00 490.25 492.75 879000
20031127 494.00 498.50 490.75 498.50 1024300
20031128 494.50 496.00 490.25 494.50 1725700
20031201 493.02 497.00 490.75 493.25 2144700
20031202 494.00 500.00 491.75 494.00 3112500
20031203 492.75 500.00 477.00 487.75 5621600
20031204 490.00 490.25 482.00 489.00 2831400
20031205 491.00 498.00 482.75 498.00 3503400
20031208 495.50 500.00 493.25 497.75 2709700
20031209 500.00 503.75 496.00 502.25 2982200
20031210 501.75 502.50 493.00 496.00 2272100
20031211 498.00 505.50 495.00 502.00 3027100
20031212 505.00 505.50 499.25 503.50 2175700
20031215 506.00 516.75 504.75 511.75 3081800
20031216 510.75 514.25 498.00 500.50 4913900
20031217 488.50 499.50 485.50 488.50 4840000
20031218 484.25 491.50 484.25 488.75 1865500
20031219 489.75 493.00 485.25 491.50 1405600
20031222 486.00 501.00 480.00 487.00 1196100
20031223 488.00 494.50 486.00 493.00 1270800
20031224 492.00 504.50 489.00 491.00 193700
20031225 491.00 491.00 491.00 491.00 0
20031226 491.00 491.00 491.00 491.00 0
20031229 491.00 499.50 488.00 494.00 988500
20031230 493.00 498.00 486.00 498.00 1814500
20031231 495.00 502.50 491.50 495.50 270300
20040101 495.50 495.50 495.50 495.50 0
20040102 496.00 499.00 492.00 496.00 1227700
20040105 493.50 492.50 489.00 492.50 1460200
20040106 487.75 493.00 487.50 490.00 2739900
20040107 490.00 490.50 484.50 486.50 2109300
20040108 492.50 492.50 483.00 487.00 2793500
20040109 485.50 488.50 480.00 482.00 1921400
20040112 488.00 493.00 481.00 488.00 3174300
20040113 491.00 492.00 479.50 483.50 2814600
20040114 483.50 484.00 476.50 483.00 2954800
20040115 484.00 484.00 478.00 481.00 2049400
20040116 476.00 483.50 475.50 477.00 1370000
20040119 478.00 484.00 474.00 484.00 2191800
20040120 479.00 482.50 476.50 480.50 1540900
20040121 483.00 483.50 480.00 483.00 1294800
20040122 484.00 487.00 478.00 482.00 2193900
20040123 479.50 484.00 475.50 481.50 2929900
20040126 483.00 483.00 469.00 472.50 3451900
20040127 470.50 474.50 466.00 473.00 3161900
20040128 473.00 477.00 470.00 475.00 2439600
20040129 472.50 478.00 470.00 472.50 2959900
20040130 476.00 481.50 471.50 477.50 4099200
20040202 481.00 481.00 472.00 474.00 2462600
20040203 474.00 481.00 473.50 480.50 2418000
20040204 478.50 483.50 477.00 482.00 2445900
20040205 483.00 484.50 478.00 482.50 1650100
20040206 485.50 485.50 477.50 479.50 1818600
20040209 484.00 486.00 479.50 484.50 1497200
20040210 487.00 490.00 480.50 487.00 2223800
20040211 487.00 491.00 481.00 486.50 2931600
20040212 489.50 500.00 482.00 487.50 2658100
20040213 490.00 493.50 487.50 491.00 2471800
20040216 490.00 501.00 490.00 497.00 1981900
20040217 496.00 507.50 496.00 507.50 4275700
20040218 506.00 509.00 503.50 508.50 3942300
20040219 508.50 509.00 500.00 504.50 3015600
20040220 505.00 507.00 500.00 502.50 2106700
20040223 501.00 503.00 492.00 503.00 2167800
20040224 504.50 509.00 503.50 506.00 2863600
20040225 507.00 508.50 502.00 506.50 1856100
20040226 508.00 509.50 505.00 506.50 1571600
20040227 506.50 509.50 502.50 505.00 1639400
20040301 506.00 517.00 503.50 513.50 2870700
20040302 512.50 513.50 507.00 509.50 1380200
20040303 510.50 511.00 507.00 507.50 1506900
20040304 508.50 510.50 508.00 510.50 1333600
20040305 510.50 512.00 506.50 510.50 1794200
20040308 511.50 511.50 506.50 511.50 1826400
20040309 512.50 520.00 508.50 516.50 3810600
20040310 518.50 526.50 517.00 525.00 5965700
20040311 521.00 528.00 521.00 523.50 6690600
20040312 531.50 531.50 516.50 518.50 4085900
20040315 518.00 516.00 512.00 515.00 1910000
20040316 516.00 516.00 510.00 514.00 1380400
20040317 518.50 524.00 512.00 524.00 3613800
20040318 526.50 529.00 519.00 520.50 2952600
20040319 525.00 527.50 521.50 525.00 1928000
20040322 520.00 525.00 516.00 519.50 2638900
20040323 519.00 520.00 514.00 516.00 2057000
20040324 517.00 520.00 510.50 513.00 2569900
20040325 515.00 515.00 506.50 513.50 2623600
20040326 515.00 515.00 507.50 512.50 2963600
20040329 515.00 515.00 509.00 512.00 1900500
20040330 512.00 517.00 511.00 514.00 2247700
20040331 521.00 521.00 511.00 519.00 2421300
20040401 515.50 524.00 515.50 521.50 3298400
20040402 521.00 523.50 516.50 519.50 2407300
20040405 519.50 522.50 516.00 520.50 2443000
20040406 520.50 529.00 520.00 521.50 1838400
20040407 523.00 526.50 520.00 525.50 1681000
20040408 524.50 529.00 524.00 529.00 1937200
20040409 529.00 529.00 529.00 529.00 0
20040412 529.00 529.00 529.00 529.00 0
20040413 532.50 532.50 526.00 527.50 1521800
20040414 530.00 530.00 525.50 527.50 1388100
20040415 527.50 532.50 524.50 532.00 3274600
20040416 534.00 544.50 530.50 541.00 3851200
20040419 535.50 545.00 535.00 541.50 2263800
20040420 538.00 550.00 538.00 544.00 3490300
20040421 540.00 543.00 537.50 540.00 2333700
20040422 541.00 546.00 538.00 546.00 1405000
20040423 547.00 547.50 541.00 545.00 1677100
20040426 543.00 547.50 541.00 546.50 2218200
20040427 547.00 547.00 537.50 537.50 2742900
20040428 543.50 543.50 535.50 539.00 1827000
20040429 543.50 545.50 537.50 540.00 2513100
20040430 538.50 539.00 538.00 538.50 1973100
20040503 538.50 538.50 538.50 538.50 0
20040504 543.00 546.00 539.00 544.00 1623700
20040505 544.00 552.00 543.00 548.50 2274100
20040506 547.00 557.00 545.50 548.50 3213600
20040507 548.00 569.50 548.00 561.00 8382700
20040510 557.50 559.50 545.50 547.00 5104400
20040511 546.00 550.00 540.50 547.50 3947900
20040512 549.00 549.00 542.00 544.00 2227600
20040513 541.00 551.00 541.00 547.50 2314800
20040514 548.50 553.00 544.00 547.00 2181400
20040517 552.00 552.00 537.00 545.00 2747800
20040518 546.00 547.00 537.50 542.50 1786700
20040519 540.00 545.50 536.50 539.50 2566000
20040520 540.50 546.00 535.00 544.00 2002800
20040521 550.00 550.00 537.00 540.50 2440200
20040524 539.00 543.00 538.50 539.00 1251800
20040525 541.00 544.00 535.00 541.00 2472100
20040526 541.00 547.50 537.50 545.00 2114100
20040527 544.00 547.00 542.50 542.50 2403100
20040528 541.50 549.00 541.00 543.50 1740200
20040531 543.50 543.50 543.50 543.50 0
20040601 542.50 548.50 541.00 542.50 1506000
20040602 535.00 546.00 535.00 541.00 1491000
20040603 540.00 549.00 540.00 546.00 2096600
20040604 547.00 550.50 542.50 548.50 1486900
20040607 551.50 552.50 543.50 547.50 1891000
20040608 552.50 552.50 543.50 545.00 1336200
20040609 555.00 555.00 542.50 543.50 1433300
20040610 550.00 551.00 543.50 551.00 1930100
20040611 547.50 550.00 546.50 546.50 1130900
20040614 550.00 550.00 545.50 545.50 995200
20040615 545.50 548.50 545.00 547.50 1849200
20040616 542.00 553.00 542.00 551.50 2900400
20040617 551.00 551.50 543.00 545.00 4003100
20040618 544.50 548.00 539.50 541.00 5328600
20040621 546.00 549.00 540.50 547.50 3095000
20040622 550.00 553.00 547.50 551.00 3702200
20040623 550.50 554.50 550.00 551.50 2566400
20040624 551.50 547.50 541.00 547.50 4058300
20040625 547.50 551.50 544.50 546.50 3138900
20040628 545.00 559.50 544.50 550.00 6358500
20040629 551.50 555.00 546.50 547.00 5688200
20040630 522.00 524.50 515.00 518.50 3192000
20040701 518.50 518.50 507.50 508.50 3149400
20040702 510.00 512.50 504.00 505.00 3351700
20040705 504.00 513.00 504.00 510.00 1365300
20040706 515.50 515.50 507.50 512.50 2167600
20040707 512.50 515.00 505.50 507.00 2856400
20040708 508.50 513.50 503.50 512.00 3860500
20040709 513.00 514.50 509.50 514.00 1404700
20040712 512.00 513.50 509.50 511.00 1287100
20040713 515.00 521.00 512.50 520.00 2273000
20040714 520.00 520.00 514.00 517.00 2660800
20040715 517.00 520.00 515.00 516.00 2340000
20040716 513.50 518.50 513.50 518.50 1041000
20040719 519.00 523.50 517.00 519.00 1243100
20040720 520.50 521.00 515.50 520.00 2034000
20040721 521.50 522.50 514.50 517.50 2827800
20040722 511.50 513.50 506.50 508.00 1792000
20040723 508.50 512.50 508.50 510.00 1907800
20040726 502.00 510.00 502.00 505.50 1420700
20040727 508.50 513.50 505.00 512.00 1714000
20040728 513.50 516.00 510.50 514.50 2289500
20040729 515.00 518.00 510.00 512.50 2517300
20040730 514.00 518.00 513.00 515.50 2089900
20040802 516.00 516.50 503.50 507.00 3005100
20040803 510.00 513.50 507.00 513.00 2081100
20040804 512.50 513.50 509.50 510.50 1836000
20040805 511.00 532.50 500.00 523.00 8565900
20040806 522.50 527.00 516.00 525.50 2697400
20040809 527.00 527.00 518.50 518.50 2646500
20040810 520.50 524.00 517.00 523.00 1790700
20040811 525.50 528.50 521.00 528.00 3008800
20040812 535.00 543.00 526.50 538.00 5024100
20040813 539.50 540.00 529.00 531.50 2718600
20040816 532.00 536.00 527.00 531.50 1663900
20040817 535.00 529.00 523.50 527.00 2320300
20040818 524.00 531.50 524.00 529.50 2273200
20040819 530.00 532.50 529.00 530.50 1891800
20040820 532.00 532.00 526.00 530.00 1201800
20040823 531.00 532.50 530.00 532.00 1799700
20040824 532.00 536.00 530.00 534.50 1587300
20040825 539.50 540.50 532.00 539.00 3089200
20040826 545.00 545.00 537.00 544.00 2861600
20040827 542.50 549.00 542.50 547.50 2277800
20040830 547.50 547.50 547.50 547.50 0
20040831 545.00 551.00 545.00 547.50 2259900
20040901 547.00 556.50 552.50 554.00 3306000
20040902 555.00 555.50 549.50 552.50 1995800
20040903 550.00 555.00 542.50 553.50 3335000
20040906 551.00 554.00 545.50 548.50 1222100
20040907 552.00 552.00 543.50 549.00 1591000
20040908 547.00 551.00 544.00 548.50 2058200
20040909 548.50 552.00 544.50 547.50 2360500
20040910 543.00 554.50 543.00 549.00 1416400
20040913 553.50 556.00 547.50 555.00 2746500
20040914 555.00 557.00 552.50 555.50 1812400
20040915 558.00 556.00 555.00 555.00 2259500
20040916 555.00 560.50 551.00 558.50 3145000
20040917 561.00 561.50 555.00 558.00 1869000
20040920 559.50 559.50 530.50 555.00 3370000
20040921 556.00 559.50 552.00 555.00 2202700
20040922 558.00 558.00 547.50 548.50 3447200
20040923 551.00 552.00 542.00 546.00 3653800
20040924 548.00 553.50 543.50 545.00 1862300
20040927 539.50 552.50 539.50 546.50 1702600
20040928 548.50 552.00 548.00 551.50 2432100
20040929 551.50 558.00 551.00 557.50 1977000
20040930 560.00 560.50 552.00 555.50 2104200
20041001 555.00 559.50 550.00 557.50 3190400
20041004 559.00 564.00 551.50 556.50 3098900
20041005 560.00 560.00 555.50 558.50 2146700
20041006 562.00 562.00 554.00 559.50 1867300
20041007 561.00 561.00 553.50 557.00 2820800
20041008 558.50 562.00 556.00 556.50 1664300
20041011 556.00 561.50 556.00 561.50 1396100
20041012 561.00 566.50 558.00 566.50 2846800
20041013 566.00 567.00 562.00 565.00 1517500
20041014 564.50 566.50 561.00 562.50 2055700
20041015 557.00 562.50 557.00 561.00 2250800
20041018 562.00 563.50 556.00 563.00 1052500
20041019 558.00 571.00 558.00 569.50 2391600
20041020 572.00 572.00 566.00 570.00 2602000
20041021 575.50 575.50 563.50 566.00 3612000
20041022 568.00 570.50 564.50 567.00 1405800
20041025 563.50 568.00 556.00 564.00 2351400
20041026 565.00 568.00 562.50 567.00 1088500
20041027 572.50 576.50 567.00 574.50 3610300
20041028 579.00 579.50 575.00 576.50 1565600
20041029 579.50 580.00 572.50 574.00 1617200
20041101 576.00 583.00 576.00 580.50 1112500
20041102 584.00 585.50 580.00 585.00 1372800
20041103 587.00 588.00 577.50 585.00 2605200
20041104 587.00 587.00 577.00 582.50 1315800
20041105 586.50 590.00 574.00 581.50 3140300
20041108 580.50 580.50 571.00 573.00 2728000
20041109 576.50 576.50 567.50 570.50 2877900
20041110 571.00 571.00 558.50 563.00 3327800
20041111 562.50 564.50 555.00 556.00 3686600
20041112 559.50 559.50 547.00 549.00 4167000
20041115 550.00 550.50 543.50 545.00 3449900
20041116 545.00 547.00 540.50 545.00 4858500
20041117 547.50 550.50 545.50 547.50 6149300
20041118 551.50 551.50 542.50 545.00 3263100
20041119 545.00 547.00 544.00 545.00 3491400
20041122 545.00 547.50 540.00 545.50 3037300
20041123 548.00 554.50 546.50 553.50 3898900
20041124 555.50 555.50 546.50 547.00 1823500
20041125 551.00 565.50 550.00 559.00 3758700
20041126 560.50 564.50 560.00 562.00 2791400
20041129 563.00 569.00 561.00 566.00 4287700
20041130 569.00 570.00 560.50 563.00 2621200
20041201 560.00 573.00 550.50 571.50 3186900
20041202 578.00 604.50 578.00 601.00 11407800
20041203 599.00 604.00 591.00 597.50 4086000
20041206 599.00 602.50 595.50 600.00 2143900
20041207 600.00 606.00 600.00 604.50 3754100
20041208 604.50 610.00 603.50 605.00 2394900
20041209 608.00 613.00 604.00 606.00 3656500
20041210 611.50 615.50 606.50 613.50 2915500
20041213 614.00 619.00 612.50 616.00 1251100
20041214 617.00 623.00 611.50 622.00 3002300
20041215 619.50 629.00 619.50 627.50 3635300
20041216 630.00 630.00 624.00 625.50 2833500
20041217 626.50 631.50 624.50 628.00 2440600
20041220 628.00 634.00 626.00 632.50 2523200
20041221 634.00 638.00 629.50 633.00 4141400
20041222 626.00 626.00 610.00 620.00 3576200
20041223 619.50 627.00 624.50 625.50 1846800
20041224 623.00 628.00 620.00 626.00 787700
20041227 626.00 626.00 626.00 626.00 0
20041228 626.00 626.00 626.00 626.00 0
20041229 630.00 637.50 627.00 629.50 1475900
20041230 631.00 632.00 627.00 629.50 1572700
20041231 629.00 632.50 625.50 630.00 487500
20050103 630.00 630.00 630.00 630.00 0
20050104 627.50 637.50 627.50 634.50 3227700
20050105 634.00 636.00 630.00 632.50 3121400
20050106 635.00 640.00 633.00 638.50 3187900
20050107 639.50 643.50 635.00 637.50 2649000
20050110 639.00 639.50 631.50 635.00 2098800
20050111 632.00 639.50 629.50 636.00 3575800
20050112 640.00 645.50 636.00 639.00 2699300
20050113 634.00 640.00 634.00 637.50 4277900
20050114 639.00 644.50 637.50 644.50 2148300
20050117 644.50 647.00 641.50 644.50 835500
20050118 645.00 648.00 642.00 647.50 1574700
20050119 645.00 652.50 645.00 650.50 2567600
20050120 652.00 653.50 648.00 650.00 2624300
20050121 649.50 649.50 646.50 647.50 2701700
20050124 643.50 648.00 643.00 647.50 2355200
20050125 647.50 652.50 645.00 651.00 1945300
20050126 652.00 653.00 640.50 642.00 3792900
20050127 641.00 641.00 623.00 628.50 6810100
20050128 632.00 632.50 626.00 627.00 2936800
20050131 633.00 640.50 630.00 640.50 3384100
20050201 638.50 650.00 639.50 644.50 3240400
20050202 646.00 648.50 643.00 648.00 1145900
20050203 649.50 649.50 639.00 647.00 1682100
20050204 647.00 658.50 646.00 655.00 2249100
20050207 658.00 658.00 639.50 643.50 4149400
20050208 642.00 646.00 635.50 645.00 2356800
20050209 643.50 645.50 642.50 644.50 1908300
20050210 645.00 645.00 639.00 640.50 1814000
20050211 642.50 651.50 639.00 650.00 2468100
20050214 650.00 653.00 648.00 650.00 1601200
20050215 651.50 669.50 651.50 662.50 5926200
20050216 663.50 666.00 659.00 661.50 1893500
20050217 661.50 662.00 648.00 654.00 3647400
20050218 655.00 656.50 650.00 650.00 2880600
20050221 652.00 652.00 623.50 625.50 4788100
20050222 628.00 633.50 619.50 632.00 2841800
20050223 632.00 634.00 622.50 626.00 2991800
20050224 630.50 630.50 619.00 619.00 3055400
20050225 619.50 628.00 615.50 620.00 3303100
20050228 616.50 626.50 616.50 620.50 2145600
20050301 623.00 625.00 618.00 624.50 2265500
20050302 621.50 622.50 602.50 612.50 5257800
20050303 612.50 613.00 596.00 598.50 4293600
20050304 601.00 617.00 599.50 617.00 5190600
20050307 620.00 620.00 610.50 616.50 2351000
20050308 595.00 619.50 595.00 610.50 1426400
20050309 614.00 614.00 602.00 604.00 2776300
20050310 600.50 605.00 598.00 601.50 3274500
20050311 604.00 605.50 599.50 602.50 1692500
20050314 599.00 606.00 599.00 600.00 2063800
20050315 606.00 610.00 600.50 609.00 1684500
20050316 609.00 611.50 602.50 604.00 1772700
20050317 606.00 606.50 602.50 604.50 1841200
20050318 607.00 608.50 603.50 605.00 1801400
20050321 603.00 611.00 603.00 611.00 3071700
20050322 613.00 622.50 609.50 618.50 4457700
20050323 611.50 624.00 609.50 613.00 6986500
20050324 613.00 624.50 611.00 623.00 3079000
20050325 623.00 623.00 623.00 623.00 0
20050328 623.00 623.00 623.00 623.00 0
20050329 620.00 628.00 619.00 627.50 3181100
20050330 626.50 632.00 623.00 628.00 3043400
20050331 637.50 637.50 626.00 631.00 2812100
20050401 624.50 639.00 624.50 634.00 3487100
20050404 634.00 645.00 629.00 636.50 2818600
20050405 641.50 645.00 643.50 643.50 2692800
20050406 647.00 650.00 641.50 645.50 1966800
20050407 642.50 652.50 642.50 650.00 2346300
20050408 654.50 654.50 642.00 644.50 2470100
20050411 646.00 647.00 628.00 641.50 2400000
20050412 636.00 646.00 636.00 643.00 1866600
20050413 644.00 652.50 639.50 641.00 2242500
20050414 640.50 645.50 637.50 643.00 2348500
20050415 641.00 649.00 639.00 643.50 3242500
20050418 637.50 637.50 627.50 628.50 2402000
20050419 632.50 633.50 626.00 633.00 2588400
20050420 636.00 636.00 623.50 623.50 2063200
20050421 624.00 630.50 623.50 626.00 1679600
20050422 627.00 636.50 626.00 634.00 1466600
20050425 635.00 638.50 630.50 635.00 1303200
20050426 635.00 635.00 625.50 625.50 2505300
20050427 623.00 628.50 619.50 626.00 2236500
20050428 628.00 632.50 625.00 630.00 2221800
20050429 628.00 636.00 628.00 634.50 2424900
20050502 634.50 634.50 634.50 634.50 0
20050503 639.50 641.00 634.00 640.00 3418800
20050504 639.00 642.00 632.50 641.50 1967900
20050505 643.50 652.00 641.00 650.00 3045100
20050506 649.50 652.50 647.00 650.50 2870100
20050509 648.00 651.00 643.00 651.00 1635700
20050510 651.00 651.50 642.00 648.00 1750700
20050511 648.00 652.00 644.50 648.00 1572900
20050512 651.00 655.50 646.50 649.50 1715500
20050513 648.00 657.50 646.00 654.00 1456200
20050516 654.50 659.50 647.50 648.50 942400
20050517 649.00 654.00 649.00 654.00 1901500
20050518 656.00 659.50 649.50 658.00 1825900
20050519 660.00 670.00 653.00 666.50 5126400
20050520 669.50 669.50 654.50 664.00 3226000
20050523 664.00 667.50 659.00 666.50 1064900
20050524 663.50 673.50 663.50 670.50 2413900
20050525 672.50 674.00 668.00 671.50 1548700
20050526 674.00 684.00 665.50 683.00 2458500
20050527 685.50 685.50 677.50 683.00 1743500
20050530 683.00 683.00 683.00 683.00 0
20050531 682.00 685.00 676.50 678.00 1655700
20050601 680.50 680.50 674.00 678.50 1538300
20050602 678.50 683.50 670.50 675.50 2605600
20050603 675.50 675.50 675.50 675.50 0
20050606 680.00 688.50 680.00 685.00 3532900
20050607 689.00 689.00 673.00 679.00 4703600
20050608 648.50 661.50 648.00 661.50 3703400
20050609 658.00 662.00 652.00 655.00 3487700
20050610 658.50 662.50 653.00 660.00 3530600
20050613 662.50 670.50 661.00 669.50 2851600
20050614 671.00 673.00 665.00 667.00 2964200
20050615 665.00 669.00 648.50 649.50 4174100
20050616 649.00 652.50 643.00 649.50 4019100
20050617 640.00 663.00 640.00 647.50 7658700
20050620 649.00 649.00 644.50 646.00 3333600
20050621 646.00 660.00 646.00 655.00 3947800
20050622 658.00 661.00 651.00 654.00 3143600
20050623 657.50 661.00 651.00 655.00 3755600
20050624 655.00 657.00 651.00 653.00 2857100
20050627 653.50 654.50 649.50 653.50 2707800
20050628 657.50 657.50 652.50 654.00 1869400
20050629 653.50 659.50 651.00 657.50 2975300
20050630 655.50 660.50 655.00 660.00 2843300
20050701 657.00 665.50 657.00 663.00 3286300
20050704 660.50 665.00 657.00 659.00 2797400
20050705 659.50 659.50 652.50 657.50 2907200
20050706 655.50 660.00 652.50 655.50 3156800
20050707 655.50 655.50 620.00 649.00 5185200
20050708 658.00 663.00 651.00 657.50 2797900
20050711 663.00 663.00 654.50 659.50 2815200
20050712 662.00 665.00 647.50 652.00 3678200
20050713 650.00 655.50 643.50 644.00 4665000
20050714 646.00 646.50 636.50 641.00 9722600
20050715 644.00 646.00 639.50 641.50 6852500
20050718 640.50 643.50 635.00 636.00 3945600
20050719 636.00 637.00 630.00 634.00 7097600
20050720 637.00 640.00 630.00 633.00 8242200
20050721 634.50 645.00 631.50 637.00 3507400
20050722 638.50 638.50 629.00 633.00 7069500
20050725 635.00 635.00 624.50 633.00 6068400
20050726 633.50 635.00 627.50 634.00 4995400
20050727 631.00 646.00 631.00 638.50 8396000
20050728 642.00 643.50 635.50 641.50 6873300
20050729 641.50 646.00 638.50 642.00 3767700
20050801 644.50 644.50 632.00 636.50 2606700
20050802 639.00 639.00 632.50 635.00 5971900
20050803 636.00 638.00 631.00 634.50 7350100
20050804 636.00 638.00 631.00 631.50 4492100
20050805 631.00 634.50 628.00 631.50 4736000
20050808 635.00 635.00 629.00 631.50 6410900
20050809 631.00 636.50 617.50 634.00 14543700
20050810 631.00 642.50 631.00 640.00 8514100
20050811 638.50 642.00 636.00 638.50 5711800
20050812 642.00 642.00 634.50 635.00 2359000
20050815 636.00 638.00 630.50 631.00 7317900
20050816 635.00 635.00 629.00 629.00 3307000
20050817 628.50 629.50 622.50 623.00 5467600
20050818 625.00 634.50 624.00 631.00 3333600
20050819 631.00 634.50 625.00 633.50 2649100
20050822 633.50 634.50 627.00 630.50 2480800
20050823 630.50 632.00 627.00 630.50 2308200
20050824 628.00 640.50 624.50 638.00 6352100
20050825 632.00 638.50 632.00 636.50 3212500
20050826 634.00 642.50 634.00 634.00 3755400
20050829 634.00 634.00 634.00 634.00 0
20050830 635.00 640.00 633.00 633.00 3346600
20050831 635.50 640.00 633.50 639.50 3136000
20050901 641.50 644.50 636.00 641.50 2097800
20050902 641.50 653.00 641.50 649.50 5069300
20050905 652.00 666.50 652.00 657.50 3589500
20050906 661.50 665.50 658.00 663.50 4877700
20050907 663.50 665.50 656.00 663.50 5013900
20050908 666.00 666.00 659.00 665.00 3104800
20050909 667.50 668.00 658.00 661.50 2317700
20050912 664.00 668.00 660.00 661.00 3407400
20050913 661.50 663.00 658.50 660.50 1993200
20050914 659.50 663.00 653.50 661.00 2282200
20050915 660.50 664.00 656.50 659.50 4279100
20050916 657.00 666.00 653.00 661.50 6820300
20050919 657.50 664.50 657.50 662.00 2055800
20050920 662.00 665.00 655.50 663.00 1681900
20050921 656.50 664.00 649.50 661.00 4142300
20050922 660.50 660.50 653.00 658.50 2305400
20050923 658.00 665.00 652.50 656.50 4097900
20050926 661.50 665.00 658.00 662.50 3262500
20050927 662.50 667.00 652.50 664.00 8693200
20050928 668.00 668.00 653.50 659.50 3601200
20050929 658.00 658.00 645.00 649.00 11108700
20050930 652.50 658.50 649.50 655.00 3751900
20051003 655.00 659.00 650.50 657.00 5195500
20051004 660.00 662.50 652.50 661.00 3113800
20051005 657.00 659.00 653.00 657.00 2810100
20051006 650.50 653.50 644.00 645.00 4829100
20051007 641.00 647.00 641.00 644.50 2688100
20051010 644.00 648.50 642.00 643.50 1627200
20051011 642.00 649.00 641.50 647.00 2705200
20051012 642.00 644.00 638.00 638.00 4291300
20051013 635.00 638.00 623.00 623.00 9393200
20051014 625.00 632.50 621.50 629.00 4081000
20051017 630.00 631.50 617.00 619.50 7177000
20051018 621.00 629.50 618.50 627.00 4422200
20051019 624.00 625.50 614.50 618.00 7414500
20051020 629.00 629.00 612.00 615.00 3116300
20051021 612.50 618.00 611.00 615.50 4972300
20051024 616.50 622.50 612.00 621.50 4738600
20051025 624.00 627.50 614.50 615.50 3893400
20051026 617.50 617.50 608.50 612.50 10903200
20051027 609.50 616.50 604.00 612.00 5008300
20051028 612.00 617.50 606.50 612.00 6768300
20051031 616.00 624.00 609.00 623.50 7868900
20051101 623.00 627.50 620.00 626.00 4927900
20051102 626.50 632.00 616.00 629.50 4673200
20051103 629.50 634.00 625.00 632.00 2198800
20051104 629.00 634.00 623.50 626.50 4096300
20051107 631.50 640.50 628.00 634.50 2875000
20051108 633.50 635.00 625.00 627.00 5141100
20051109 624.50 635.00 624.50 630.50 7905600
20051110 631.00 642.50 631.00 638.50 8396400
20051111 642.50 646.00 637.50 640.50 5530800
20051114 641.00 646.00 639.00 643.00 6770300
20051115 643.50 647.00 639.00 644.00 4916100
20051116 646.50 652.00 644.00 651.50 5082900
20051117 655.00 655.00 646.00 648.50 2437300
20051118 650.50 654.00 637.50 641.00 5791800
20051121 644.00 649.00 643.00 647.50 2264100
20051122 646.50 652.00 640.50 651.00 3493400
20051123 653.50 658.00 649.00 656.50 4955600
20051124 655.00 656.00 650.00 654.00 3331500
20051125 656.50 658.00 654.00 655.00 1548400
20051128 660.50 660.50 645.00 649.50 4910100
20051129 650.00 654.00 645.50 649.50 4057200
20051130 648.00 652.00 643.00 646.50 5008800
20051201 645.50 649.00 635.50 645.50 7625500
20051202 649.50 656.50 648.00 654.00 8245200
20051205 655.00 657.00 650.00 653.50 6207700
20051206 655.50 659.50 653.00 658.00 6269900
20051207 660.00 665.00 657.00 664.50 7678500
20051208 664.00 666.50 660.00 666.50 6763000
20051209 667.00 668.00 663.50 665.00 9814000
20051212 668.00 673.50 667.00 671.50 5026600
20051213 671.00 676.00 668.00 675.00 7695500
20051214 678.50 679.00 669.50 671.00 8342100
20051215 671.50 675.50 668.00 671.50 7944300
20051216 674.50 684.00 671.00 682.50 6728700
20051219 682.00 682.00 676.00 679.50 3463100
20051220 679.00 687.50 677.00 685.50 4642400
20051221 674.00 677.00 669.50 677.00 5703300
20051222 679.50 682.50 670.00 676.00 6040600
20051223 676.50 677.00 670.50 672.00 556700
20051226 672.00 672.00 672.00 672.00 0
20051227 672.00 672.00 672.00 672.00 0
20051228 665.00 682.00 665.00 682.00 3186100
20051229 680.00 680.50 671.00 672.00 1556300
20051230 670.00 674.50 660.00 671.00 1451000
20060102 671.00 671.00 671.00 671.00 0
20060103 669.50 677.50 669.50 675.50 2458600
20060104 680.00 680.00 666.00 674.00 5681700
20060105 671.00 671.00 654.50 656.50 10274600
20060106 657.00 658.50 651.50 656.00 5767800
20060109 655.00 655.50 649.00 651.00 6343200
20060110 652.00 663.50 651.00 661.50 10941100
20060111 666.00 666.00 655.00 657.50 3659800
20060112 655.00 663.50 655.00 660.00 2917400
20060113 662.00 662.00 657.00 659.00 2392800
20060116 661.00 663.00 657.00 660.00 3013200
20060117 653.50 660.00 653.50 657.50 5227600
20060118 653.00 670.50 648.00 667.50 6080200
20060119 671.50 672.00 666.50 671.00 4734800
20060120 669.00 676.50 668.00 672.00 5931900
20060123 665.00 671.00 665.00 667.50 3091700
20060124 667.50 667.50 663.00 664.00 2069900
20060125 669.00 675.50 664.50 675.00 3933100
20060126 676.00 679.00 671.50 678.00 4976900
20060127 680.50 680.50 668.50 677.00 3796800
20060130 676.50 678.50 672.00 676.50 2407000
20060131 679.50 679.50 667.00 677.00 3729000
20060201 676.50 686.00 670.50 683.00 5770600
20060202 682.50 689.50 675.50 683.00 4296800
20060203 687.50 687.50 679.00 682.00 3825700
20060206 682.00 688.00 682.00 685.50 2690200
20060207 686.00 692.00 678.50 680.50 4838700
20060208 678.00 704.00 673.50 700.00 12424500
20060209 701.00 704.00 682.50 684.00 10975500
20060210 681.00 689.50 679.50 688.50 7751500
20060213 691.50 696.00 680.50 684.50 5553400
20060214 684.00 685.00 677.50 680.50 10484200
20060215 682.00 683.00 675.50 681.50 7307000
20060216 685.00 691.50 672.50 679.50 7928500
20060217 679.50 682.00 673.00 679.00 6905100
20060220 682.00 684.00 675.50 682.50 2677100
20060221 685.00 702.50 680.00 688.00 11852600
20060222 693.00 696.00 686.00 696.00 5862300
20060223 698.50 698.50 685.50 688.50 2419200
20060224 692.00 700.00 686.50 691.50 4259500
20060227 697.00 701.00 693.00 697.00 2730400
20060228 698.00 698.00 680.50 683.00 4068800
20060301 684.50 689.00 682.50 686.50 3881000
20060302 688.50 691.00 677.50 683.00 5856700
20060303 681.00 683.00 673.50 681.50 3207800
20060306 683.00 684.00 677.00 682.50 3003800
20060307 678.00 681.00 671.50 681.00 7698200
20060308 682.00 682.00 673.50 676.50 4086800
20060309 678.00 680.50 668.50 674.00 4138600
20060310 671.00 686.50 671.00 686.00 4692400
20060313 686.50 694.50 686.00 690.00 6323200
20060314 688.50 699.50 688.50 695.50 6356200
20060315 698.50 698.50 688.00 695.00 5418900
20060316 694.00 701.00 689.00 699.50 3496000
20060317 699.50 701.00 693.50 700.00 8256000
20060320 703.50 703.50 695.00 698.50 5914500
20060321 696.00 701.50 693.00 700.00 4688900
20060322 696.50 701.50 693.00 699.50 3564100
20060323 704.00 704.00 688.50 693.50 3755300
20060324 693.00 697.00 689.00 697.00 5081500
20060327 694.00 697.00 687.00 692.00 4400200
20060328 691.50 698.00 683.00 684.50 11737100
20060329 686.00 693.00 679.00 691.50 6422100
20060330 693.50 696.50 689.00 693.50 5788200
20060331 689.00 695.50 684.00 689.50 5305100
20060403 691.00 694.00 682.50 690.00 4384300
20060404 687.00 697.00 687.00 691.50 5217400
20060405 694.00 695.50 689.00 695.50 7531100
20060406 695.00 697.00 691.50 695.00 3730800
20060407 696.50 696.50 686.00 690.00 14132200
20060410 692.00 692.00 680.50 684.00 6766000
20060411 681.50 687.00 674.00 677.00 4466100
20060412 674.00 678.50 670.00 675.00 6820800
20060413 672.50 677.00 667.50 675.00 3570200
20060414 675.00 675.00 675.00 675.00 0
20060417 675.00 675.00 675.00 675.00 0
20060418 678.50 682.00 670.50 672.00 3783400
20060419 678.50 685.00 674.50 684.50 7363200
20060420 682.00 689.00 679.50 686.50 4090300
20060421 691.00 694.50 682.50 686.50 3996500
20060424 685.00 689.50 679.00 686.00 6672700
20060425 690.00 691.50 683.00 686.00 2006400
20060426 687.00 689.50 681.50 685.00 3951100
20060427 683.00 685.00 671.50 677.00 6997700
20060428 675.00 676.00 668.00 671.00 6526700
20060501 671.00 671.00 671.00 671.00 0
20060502 669.50 678.00 666.50 669.50 5785100
20060503 671.50 679.00 665.50 668.00 6216300
20060504 666.50 672.00 665.00 668.00 4749700
20060505 666.50 674.00 665.50 673.00 5964100
20060508 673.50 676.50 667.00 668.00 7272700
20060509 666.50 670.00 664.50 667.50 7139200
20060510 667.50 667.50 661.00 664.00 8747900
20060511 664.00 664.00 652.50 654.00 4953400
20060512 654.00 656.00 645.00 646.50 7418300
20060515 640.50 654.12 631.58 649.00 6298100
20060516 649.50 657.50 647.50 654.50 4847200
20060517 658.00 668.51 634.07 646.50 13379900
20060518 647.50 657.50 635.00 642.00 8528700
20060519 641.00 648.50 638.00 645.00 4029200
20060522 643.00 656.37 640.50 645.00 5482400
20060523 645.00 661.77 645.59 656.50 4923400
20060524 650.00 653.54 644.16 643.50 7539200
20060525 642.00 660.13 640.74 658.50 6700300
20060526 660.00 670.50 655.39 670.50 4674000
20060529 670.50 670.50 670.50 670.50 0
20060530 673.00 673.00 654.00 657.50 5197600
20060531 650.00 666.50 646.50 660.50 6326400
20060601 660.50 669.63 649.41 667.50 4706000
20060602 673.00 675.00 662.50 666.00 7865600
20060605 664.50 667.41 659.00 665.00 3084000
20060606 660.00 666.82 657.59 662.50 6794800
20060607 665.00 677.88 650.00 671.50 7019600
20060608 659.00 670.00 660.61 661.50 4172100
20060609 673.50 673.50 656.50 660.00 7028400
20060612 659.50 663.25 653.15 656.00 4317900
20060613 650.50 657.90 643.00 645.50 6450800
20060614 647.50 658.42 644.27 645.00 6452500
20060615 646.00 649.50 641.50 647.50 7087800
20060616 657.50 658.62 629.00 647.50 6179200
20060619 654.00 653.41 645.59 647.50 3372900
20060620 644.50 648.91 641.13 647.00 4982900
20060621 648.50 654.91 647.00 654.00 7443200
20060622 659.00 659.91 652.00 655.50 6410100
20060623 658.50 660.79 652.96 656.50 6901800
20060626 658.00 661.50 653.00 661.00 8557200
20060627 662.00 663.54 651.41 651.50 8612400
20060628 632.00 660.25 623.75 630.00 7941400
20060629 632.50 641.00 630.50 638.00 6459100
20060630 647.50 652.00 638.50 641.50 6145500
20060703 644.00 654.50 639.00 652.00 7940700
20060704 649.50 656.50 647.00 653.50 4541300
20060705 651.50 652.00 647.00 648.50 1989200
20060706 647.50 652.00 631.50 648.50 3892400
20060707 648.50 650.00 641.00 649.00 5021800
20060710 652.00 653.00 645.50 648.50 6061200
20060711 647.00 650.50 639.50 642.00 3318900
20060712 643.50 647.00 639.00 641.50 5159800
20060713 637.50 638.00 632.50 633.00 5413000
20060714 632.50 635.50 625.50 626.00 2500400
20060717 626.00 633.00 620.00 626.50 5248700
20060718 625.00 652.00 625.00 637.00 8953700
20060719 641.50 643.50 636.50 641.00 5329700
20060720 641.50 648.00 636.00 641.00 4705000
20060721 640.00 644.50 636.50 643.00 4189400
20060724 643.50 651.50 637.00 649.50 3257500
20060725 648.50 653.50 644.00 651.50 4250400
20060726 650.50 657.50 647.50 657.50 2806900
20060727 658.00 660.50 651.00 659.50 3785200
20060728 658.00 665.00 655.50 663.50 3806700
20060731 663.00 667.50 659.00 660.00 5075700
20060801 662.50 664.00 658.50 661.00 8862700
20060802 664.50 665.00 660.50 664.50 2295300
20060803 664.50 664.50 664.50 664.50 0
20060804 653.50 658.00 646.50 656.50 3918300
20060807 653.00 662.00 651.00 653.50 3308900
20060808 658.50 661.00 652.00 660.00 5939600
20060809 662.50 665.00 657.00 663.50 4281000
20060810 659.00 668.00 655.00 667.00 5196300
20060811 669.50 669.50 664.50 667.00 4609200
20060814 671.00 677.50 670.00 677.00 5913500
20060815 677.00 683.50 675.50 682.50 4919500
20060816 684.50 684.50 668.50 680.00 5542400
20060817 678.00 684.00 672.50 681.50 6926900
20060818 686.00 686.00 676.00 678.00 2731800
20060821 679.50 681.50 673.50 678.00 3965000
20060822 681.00 681.50 669.00 676.50 3898000
20060823 680.00 680.00 674.00 675.00 2051100
20060824 678.50 679.00 672.50 678.00 4025700
20060825 678.00 678.50 669.00 672.50 6420700
20060828 672.50 672.50 672.50 672.50 0
20060829 675.50 686.50 673.00 685.00 5568200
20060830 687.00 690.50 684.00 689.00 3457600
20060831 688.00 691.00 682.50 686.50 4012800
20060901 690.00 690.00 685.00 687.00 3681100
20060904 686.50 690.00 686.50 689.50 2206100
20060905 689.50 689.50 682.00 684.50 3305700
20060906 686.50 688.00 678.50 679.00 3948200
20060907 680.00 681.00 672.50 676.00 2283200
20060908 679.50 681.00 676.50 679.50 2211600
20060911 680.50 685.00 678.00 682.50 2371800
20060912 681.50 689.00 676.50 688.00 3546000
20060913 692.50 692.50 681.50 686.00 3876500
20060914 690.00 724.50 690.00 696.00 23522600
20060915 698.50 700.50 688.00 698.00 8496300
20060918 700.50 702.50 693.00 696.50 3029600
20060919 694.50 696.50 688.00 694.00 3673000
20060920 693.50 700.50 691.50 699.50 4476300
20060921 699.50 702.50 692.50 698.50 3875200
20060922 697.50 697.50 688.00 689.00 2939000
20060925 689.00 695.50 687.50 693.50 5127700
20060926 694.50 702.00 690.00 696.00 6120100
20060927 696.00 705.50 696.00 705.50 5760800
20060928 702.00 707.00 700.00 705.50 3231200
20060929 708.00 709.00 703.50 705.50 7225100
20061002 709.50 720.00 706.00 713.00 7530200
20061003 710.50 713.00 706.50 712.00 4568900
20061004 714.50 715.00 708.00 711.00 5598900
20061005 711.50 714.00 706.00 711.00 9289000
20061006 709.00 725.50 708.50 721.50 11310200
20061009 719.00 726.00 717.00 720.00 5395000
20061010 725.50 726.00 717.00 718.00 14447100
20061011 716.00 719.50 715.00 718.00 6368100
20061012 725.00 725.00 716.50 718.00 10168200
20061013 722.00 726.00 716.50 725.00 5413900
20061016 723.50 729.00 720.50 723.50 3090700
20061017 721.00 723.00 713.00 714.00 4938300
20061018 715.50 716.50 701.50 714.00 6417300
20061019 713.50 714.00 706.50 710.00 7106100
20061020 708.50 711.50 706.50 710.50 5302100
20061023 712.50 712.50 705.00 706.00 7124100
20061024 708.00 714.50 706.00 713.00 5442000
20061025 714.50 718.50 712.00 717.00 8242500
20061026 717.00 719.50 710.00 713.00 4924500
20061027 713.50 717.00 702.50 711.00 4655600
20061030 732.50 732.50 709.00 715.00 5942600
20061031 716.50 716.50 708.00 713.50 6919000
20061101 717.50 717.50 708.00 711.00 9694900
20061102 710.50 726.00 708.50 720.00 11123200
20061103 725.00 726.00 717.50 721.50 5930200
20061106 727.50 731.00 724.50 727.50 4729500
20061107 729.50 729.50 724.50 728.00 7092500
20061108 727.00 748.50 723.50 744.00 11849000
20061109 746.50 754.50 743.50 749.00 9304700
20061110 749.00 753.00 747.50 752.00 6107900
20061113 755.00 761.00 755.00 757.00 5709900
20061114 764.00 764.00 753.00 755.50 4366800
20061115 759.50 768.50 756.50 767.50 5620700
20061116 770.00 775.50 765.50 773.50 5857400
20061117 775.50 778.00 770.00 770.50 3227400
20061120 766.00 771.00 762.50 769.00 6200100
20061121 770.00 775.00 767.00 772.50 4218100
20061122 772.00 777.00 764.00 767.00 3713800
20061123 770.00 771.00 757.00 758.50 3291500
20061124 760.00 770.00 749.00 766.50 5313800
20061127 769.00 770.00 756.00 759.00 7695100
20061128 760.50 762.00 748.00 754.00 9027800
20061129 757.00 771.00 750.50 760.50 5752000
20061130 763.00 769.00 753.50 754.50 8904500
20061201 760.00 775.50 754.00 762.50 11813800
20061204 761.50 768.00 757.50 763.00 6022000
20061205 769.00 776.50 762.50 767.00 8369000
20061206 763.50 775.00 763.50 766.50 9624500
20061207 764.00 777.00 764.00 774.50 5685700
20061208 775.00 777.00 771.00 775.00 4366700
20061211 778.50 788.50 778.00 786.50 4755400
20061212 788.00 788.50 778.00 779.50 4370500
20061213 781.00 790.50 781.00 788.00 6096700
20061214 793.50 796.00 787.00 793.00 4726300
20061215 790.50 807.50 790.50 799.00 7517800
20061218 796.00 803.00 796.00 798.50 5182300
20061219 797.50 803.00 794.00 796.00 3397500
20061220 789.50 791.50 775.00 778.50 5588100
20061221 780.50 780.50 766.00 774.50 5510000
20061222 772.00 779.50 772.00 777.50 2820300
20061225 777.50 777.50 777.50 777.50 0
20061226 777.50 777.50 777.50 777.50 0
20061227 783.50 784.00 774.00 781.50 2544900
20061228 786.00 790.00 781.50 783.50 2201500
20061229 787.00 787.00 777.00 780.00 771400
20070101 780.00 780.00 780.00 780.00 0
20070102 790.00 792.50 784.00 792.50 5624500
20070103 791.00 792.00 778.50 787.00 9857100
20070104 784.00 789.00 774.50 780.00 11775100
20070105 779.50 779.50 761.50 764.50 5377400
20070108 767.50 771.00 763.50 765.00 4765900
20070109 766.50 771.50 761.50 764.50 7458200
20070110 759.00 762.00 753.50 758.50 4577400
20070111 759.00 768.50 750.50 765.50 6392500
20070112 766.50 769.50 762.50 768.00 3273700
20070115 773.50 775.00 767.50 774.50 4059600
20070116 776.00 776.50 757.50 761.00 8974400
20070117 759.50 763.50 751.00 760.00 7283100
20070118 760.00 767.00 755.50 760.50 3563400
20070119 757.50 762.00 745.00 759.00 8391400
20070122 761.50 767.00 758.50 760.00 2802500
20070123 760.50 765.00 750.00 752.00 3859200
20070124 759.00 772.00 759.00 772.00 6899000
20070125 770.50 775.00 762.00 766.50 9720100
20070126 765.00 769.00 758.00 763.50 7255600
20070129 756.50 766.50 756.50 763.00 6163700
20070130 763.50 763.50 757.50 761.00 3366100
20070131 761.00 772.50 756.50 763.50 10452300
20070201 770.50 772.00 765.50 771.00 5341300
20070202 770.50 772.00 762.50 767.00 4976600
20070205 769.00 770.50 763.50 768.00 3650900
20070206 770.50 782.50 770.00 776.00 4799100
20070207 775.50 780.50 770.00 772.50 4466800
20070208 776.50 777.50 767.00 775.00 6219600
20070209 775.00 782.50 774.00 782.50 3646800
20070212 781.00 781.00 768.00 774.00 2679600
20070213 776.00 777.00 767.50 773.00 3455700
20070214 778.50 778.50 766.50 772.50 4865500
20070215 773.50 775.00 770.00 772.00 6066000
20070216 771.00 773.00 764.50 770.00 2801000
20070219 764.00 768.00 749.00 766.00 5145100
20070220 765.50 768.00 750.00 755.00 7144500
20070221 759.00 761.50 751.00 755.00 6949200
20070222 757.50 760.00 746.00 748.50 5309600
20070223 747.50 752.50 743.50 752.50 3895100
20070226 755.50 762.00 753.50 756.00 2837000
20070227 755.50 756.00 738.00 741.00 4940300
20070228 732.50 735.50 720.00 727.50 16351500
20070301 728.50 735.50 705.50 718.00 7149300
20070302 723.00 723.00 712.00 719.00 5167100
20070305 706.50 718.50 701.50 715.00 8004100
20070306 715.50 719.00 711.00 716.00 5527700
20070307 719.00 727.50 716.00 727.00 6370300
20070308 727.00 732.50 724.50 732.50 6823900
20070309 734.50 737.50 728.50 733.50 2868300
20070312 740.00 740.00 731.50 733.50 5275700
20070313 729.00 737.00 728.00 728.00 3789800
20070314 721.50 726.00 711.50 715.50 4577700
20070315 722.50 723.00 711.00 723.00 5936900
20070316 722.50 730.00 717.50 727.00 5740300
20070319 730.00 735.00 724.00 735.00 3489000
20070320 737.00 740.50 730.00 740.50 3542000
20070321 743.50 744.00 737.00 741.50 3268100
20070322 752.50 752.50 740.50 745.00 4980500
20070323 742.50 753.50 741.50 752.00 6831500
20070326 752.50 757.00 738.50 741.50 3626300
20070327 749.50 751.00 740.50 747.00 13633500
20070328 747.50 759.00 743.50 746.50 9210600
20070329 746.50 751.00 739.00 747.50 7279400
20070330 748.50 758.00 745.00 755.50 7421100
20070402 755.50 761.50 749.00 755.00 4676800
20070403 765.00 766.00 756.00 764.00 4151100
20070404 764.00 769.50 762.00 763.50 4004000
20070405 763.50 769.50 760.00 766.00 2647000
20070406 766.00 766.00 766.00 766.00 0
20070409 766.00 766.00 766.00 766.00 0
20070410 766.50 770.50 762.50 770.50 4165200
20070411 773.00 774.50 759.50 764.00 5043000
20070412 766.00 766.00 755.50 760.00 5493200
20070413 764.00 768.00 758.00 763.00 4436100
20070416 766.50 767.00 759.00 767.00 3110600
20070417 767.00 768.50 757.50 764.50 4077400
20070418 765.50 765.50 751.00 754.50 4809500
20070419 747.50 752.00 742.00 750.00 9575000
20070420 754.00 755.00 746.50 750.00 5887400
20070423 750.00 752.50 746.00 748.50 3900000
20070424 750.50 751.50 740.50 745.00 3163000
20070425 749.50 750.00 742.50 747.00 3302100
20070426 754.00 754.50 741.00 749.50 5276600
20070427 750.50 751.50 740.50 742.50 3012500
20070430 744.50 753.00 743.50 749.00 3943200
20070501 745.50 755.00 738.50 742.00 2557000
20070502 745.00 751.50 736.50 740.00 6066000
20070503 738.00 749.50 736.00 748.50 6878200
20070504 747.00 761.50 746.00 753.00 6965900
20070507 753.00 753.00 753.00 753.00 0
20070508 757.50 759.00 746.00 748.00 3542300
20070509 748.50 755.00 745.50 749.50 5802900
20070510 748.00 757.00 747.50 752.50 9429800
20070511 748.50 756.00 747.50 755.50 9084500
20070514 757.00 771.00 752.00 763.00 7549300
20070515 761.00 767.00 759.00 764.00 8197800
20070516 765.00 768.00 760.00 764.50 12902100
20070517 769.50 769.50 763.50 766.50 8664500
20070518 768.50 771.00 763.00 767.50 6141800
20070521 770.00 778.50 765.50 770.50 5478000
20070522 774.00 776.50 767.00 775.50 10470600
20070523 772.50 793.00 772.50 780.00 11347800
20070524 779.50 779.50 771.50 772.50 6892900
20070525 772.50 774.00 765.00 771.00 6716000
20070528 771.00 771.00 771.00 771.00 0
20070529 770.00 771.00 762.50 765.00 6131000
20070530 763.00 765.00 750.50 765.00 3096600
20070531 768.00 776.00 766.00 771.50 6287500
20070601 771.50 771.50 771.50 771.50 0
20070604 771.50 774.50 764.50 772.50 17323200
20070605 781.50 806.50 781.50 796.00 35803400
20070606 794.00 795.50 770.50 775.00 11667700
20070607 778.50 778.50 752.50 761.50 12045100
20070608 761.00 762.00 745.00 752.50 8210300
20070611 755.50 764.00 755.00 761.00 8076200
20070612 763.50 766.50 753.00 756.00 6601900
20070613 756.50 758.00 744.00 752.50 8088400
20070614 758.00 764.50 746.00 762.50 8092600
20070615 761.00 773.50 761.00 770.00 6467100
20070618 774.00 787.00 765.50 770.00 11109700
20070619 774.50 776.00 764.50 767.50 5301200
20070620 769.00 775.00 760.00 767.50 7021300
20070621 765.00 767.50 753.00 759.00 7336900
20070622 760.50 762.50 755.00 760.00 5956300
20070625 747.00 760.00 743.50 757.50 9704900
20070626 758.00 758.50 749.50 752.00 11138500
20070627 720.00 729.00 702.50 704.00 16679300
20070628 710.00 717.50 705.50 709.50 24248000
20070629 708.00 715.00 702.50 709.50 22438200
20070702 707.50 711.00 699.50 708.50 9980800
20070703 711.00 729.00 707.50 718.50 12015800
20070704 716.50 726.00 716.50 725.00 7220200
20070705 729.50 730.50 717.50 721.00 11434500
20070706 725.00 727.00 716.50 721.00 6346600
20070709 726.00 727.00 711.00 717.00 7983600
20070710 717.00 717.00 704.50 707.50 6426500
20070711 703.50 704.00 697.50 701.00 10767200
20070712 700.00 711.00 700.00 711.00 10279500
20070713 716.00 722.00 706.00 707.50 7249600
20070716 709.00 709.00 701.50 705.00 9442300
20070717 705.00 705.00 699.00 702.50 28710800
20070718 699.00 708.00 697.00 703.50 18824100
20070719 705.00 714.50 705.00 707.50 10526600
20070720 705.00 712.50 702.50 705.00 7565400
20070723 708.00 709.50 701.00 706.00 5262300
20070724 706.00 706.50 693.50 695.50 6573700
20070725 690.00 695.00 683.50 688.00 7370400
20070726 689.50 691.00 671.50 671.50 6348900
20070727 668.00 680.50 663.00 667.00 9506700
20070730 665.50 669.50 661.00 662.00 6802000
20070731 665.00 675.00 665.00 672.50 6039500
20070801 663.50 670.00 661.00 662.50 6207200
20070802 670.00 677.50 663.50 676.50 7865000
20070803 680.50 680.50 662.50 665.50 4958400
20070806 658.50 672.00 658.50 662.50 12112400
20070807 667.50 674.50 662.00 673.00 6749500
20070808 675.00 680.00 656.00 669.00 11750300
20070809 658.00 674.50 643.50 664.50 19780100
20070810 660.00 670.00 637.00 637.00 16044900
20070813 649.00 652.00 636.50 649.00 7542500
20070814 644.50 651.50 636.00 640.00 9226900
20070815 633.50 641.00 632.50 635.50 10823400
20070816 624.50 645.00 624.00 633.50 15749400
20070817 633.00 656.50 630.00 652.00 16645900
20070820 654.50 664.00 650.00 661.00 10232200
20070821 661.00 664.50 649.50 656.00 4851000
20070822 657.50 677.00 657.50 674.00 9952000
20070823 679.00 683.50 672.00 674.50 8052900
20070824 675.00 680.00 671.00 677.50 2756900
20070827 677.50 677.50 677.50 677.50 0
20070828 672.00 677.00 668.00 671.50 6036800
20070829 665.00 677.00 663.00 673.00 3852100
20070830 675.50 684.50 672.00 682.50 6254500
20070831 687.50 693.50 679.00 692.00 8983800
20070903 698.50 698.50 686.50 692.00 5843700
20070904 694.00 694.00 684.00 690.00 3671500
20070905 691.00 691.00 676.00 677.00 4213600
20070906 682.50 683.50 667.50 682.50 7156800
20070907 680.50 683.00 664.00 664.00 5941900
20070910 668.00 675.50 660.50 662.50 5614200
20070911 666.50 671.50 664.50 669.50 6109900
20070912 669.50 676.00 667.00 672.00 2375200
20070913 674.00 684.50 669.00 681.00 4386300
20070914 680.00 680.50 667.00 676.00 3828500
20070917 672.50 676.50 663.00 673.50 8444000
20070918 672.00 677.50 666.50 674.00 7354300
20070919 687.00 697.00 683.00 691.50 9249800
20070920 690.00 691.50 686.00 691.00 4746400
20070921 690.00 697.00 688.50 693.50 6781600
20070924 693.00 694.00 688.50 689.50 6639100
20070925 689.00 696.00 689.00 693.50 4685500
20070926 697.00 706.50 691.50 698.00 6843800
20070927 700.00 706.00 698.00 705.00 6895700
20070928 705.00 705.00 694.50 700.00 5530400
20071001 695.50 707.00 695.50 705.50 3180300
20071002 707.50 711.00 703.00 707.50 3826100
20071003 706.00 711.00 703.50 710.50 4279400
20071004 710.50 714.50 707.00 707.00 8534800
20071005 707.50 726.50 705.00 721.50 9098000
20071008 720.50 725.50 712.00 714.00 5351300
20071009 713.00 728.50 713.00 725.50 8094600
20071010 728.50 728.50 719.00 724.00 4316000
20071011 725.00 740.00 724.00 738.50 6876900
20071012 737.00 741.00 731.50 737.50 4467500
20071015 736.00 738.00 727.00 726.50 4976100
20071016 725.00 727.50 716.50 718.00 4883600
20071017 717.00 728.50 715.00 724.00 5455500
20071018 728.50 729.50 717.00 719.00 3094300
20071019 720.50 724.50 704.50 706.50 4909000
20071022 695.50 709.50 695.50 703.00 6740100
20071023 709.00 719.00 705.50 711.50 4145200
20071024 710.00 719.00 700.50 707.50 6321000
20071025 709.50 720.00 705.00 713.00 5281300
20071026 711.50 719.00 707.00 716.50 4577400
20071029 725.00 725.50 713.50 721.00 4078000
20071030 721.00 729.50 717.00 725.00 3415800
20071031 727.00 730.50 721.00 729.50 4032700
20071101 727.50 730.00 715.00 718.50 3521100
20071102 715.50 721.00 712.50 718.00 6559000
20071105 715.00 723.00 714.50 715.00 5075100
20071106 718.00 718.00 696.00 699.50 7323800
20071107 700.50 704.00 689.50 696.00 3838500
20071108 693.00 693.00 679.00 680.50 5999300
20071109 681.00 694.00 675.50 682.50 7682500
20071112 676.00 692.00 676.00 689.00 4490800
20071113 685.00 689.50 681.50 686.00 4122600
20071114 690.00 698.00 685.00 694.00 4762200
20071115 692.00 700.50 690.50 699.00 4127800
20071116 693.00 705.50 692.00 701.00 4449500
20071119 700.50 709.00 694.50 694.50 4015300
20071120 697.00 702.00 683.50 687.00 6330000
20071121 683.00 685.00 670.50 672.50 6623000
20071122 678.00 730.50 674.00 703.50 7473000
20071123 707.50 735.00 699.00 718.00 10421100
20071126 727.50 728.50 717.00 724.00 5458100
20071127 717.50 725.50 709.50 719.50 6875100
20071128 724.00 728.00 713.50 722.50 7406100
20071129 721.00 740.00 717.00 736.00 7774500
20071130 739.00 755.00 739.00 750.00 7154800
20071203 751.50 758.50 750.00 755.00 5345200
20071204 756.50 765.00 738.50 741.00 6881300
20071205 748.00 765.00 745.00 763.50 7595900
20071206 766.00 766.00 755.50 762.00 5339800
20071207 768.00 768.00 760.50 766.00 4561300
20071210 764.50 770.00 761.50 764.50 3370300
20071211 767.50 771.00 762.00 769.00 2539300
20071212 763.00 780.00 763.00 777.50 5265400
20071213 771.50 777.50 756.00 756.50 5867800
20071214 763.00 768.00 754.50 764.50 3232400
20071217 756.50 765.50 753.00 760.50 6244600
20071218 757.00 766.00 754.00 754.00 4754700
20071219 748.50 748.50 731.50 740.00 5140700
20071220 743.00 744.50 735.00 741.00 4489100
20071221 750.00 761.50 748.00 758.50 4630900
20071224 755.50 760.50 749.50 749.50 458100
20071225 749.50 749.50 749.50 749.50 0
20071226 749.50 749.50 749.50 749.50 0
20071227 753.00 768.00 748.50 767.50 1866500
20071228 764.00 771.50 756.50 761.00 1626500
20071231 763.50 765.50 753.50 756.00 416100
20080101 756.00 756.00 756.00 756.00 0
20080102 750.00 768.00 745.50 751.50 2010200
20080103 750.00 767.50 748.00 761.50 4051900
20080104 764.00 767.00 739.00 742.50 3702600
20080107 740.50 754.00 735.50 740.00 3634900
20080108 746.50 749.00 736.00 742.00 5392200
20080109 741.00 747.50 737.00 738.50 4857900
20080110 743.50 751.00 739.00 744.50 2979900
20080111 742.50 745.50 723.50 725.50 4113300
20080114 719.00 738.00 718.50 728.50 4058100
20080115 725.50 726.50 702.00 704.50 6119700
20080116 704.00 722.00 701.00 714.50 6476800
20080117 710.50 735.50 710.00 730.00 6839400
20080118 726.50 751.00 725.00 738.00 6414700
20080121 727.00 733.50 698.50 701.00 9344600
20080122 678.50 713.00 673.50 691.00 10618800
20080123 700.00 701.50 670.00 675.00 11106500
20080124 698.50 706.00 672.00 698.50 8371700
20080125 717.50 729.50 698.50 715.50 6886900
20080128 709.50 714.00 696.00 700.00 4286200
20080129 705.00 710.50 696.50 705.00 6616800
20080130 697.00 705.50 694.50 704.50 3172900
20080131 703.00 714.00 692.00 712.00 5645600
20080201 716.50 722.00 699.00 710.50 5727800
20080204 712.00 718.00 707.00 712.50 2263500
20080205 712.00 715.00 687.00 689.50 5296800
20080206 688.50 708.50 687.00 702.50 3892300
20080207 696.00 704.50 685.50 689.00 3577800
20080208 696.00 698.00 687.00 692.50 3370500
20080211 688.50 698.00 684.00 688.00 2974100
20080212 694.50 706.00 687.50 705.50 4363500
20080213 701.00 710.00 695.00 706.00 4137500
20080214 708.50 714.50 701.50 710.00 4903300
20080215 709.50 716.50 693.50 696.50 4347100
20080218 700.50 712.00 699.50 711.00 2920300
20080219 705.50 715.00 698.00 706.00 2979400
20080220 694.50 700.50 691.00 696.00 3098200
20080221 702.00 702.00 688.00 691.00 2663500
20080222 683.50 696.50 680.00 687.50 3416000
20080225 694.50 707.00 687.50 704.50 3714000
20080226 708.50 708.50 687.50 701.00 4606900
20080227 707.50 717.50 699.00 715.50 4735600
20080228 711.50 713.50 703.00 703.00 3590200
20080229 699.50 702.50 689.00 693.00 3832000
20080303 682.00 688.50 666.50 669.00 4688700
20080304 670.00 675.50 659.00 663.50 5256300
20080305 670.50 676.50 660.50 671.00 3517000
20080306 670.50 682.00 664.50 666.00 2968600
20080307 662.00 668.50 653.50 655.00 4432700
20080310 655.50 656.50 639.50 642.00 4833900
20080311 642.00 654.00 640.50 652.00 6421200
20080312 665.00 666.50 657.00 664.50 3834200
20080313 657.00 672.00 653.00 669.00 5171500
20080314 671.50 680.00 668.50 668.50 5676300
20080317 657.00 674.00 640.00 661.00 5598700
20080318 667.50 688.00 665.00 685.00 3870800
20080319 690.00 705.50 671.00 702.00 8512700
20080320 699.00 703.50 675.50 675.50 10809100
20080321 675.50 675.50 675.50 675.50 0
20080324 675.50 675.50 675.50 675.50 0
20080325 692.50 706.00 680.00 697.50 7678900
20080326 691.00 694.50 679.50 686.50 6403900
20080327 683.50 701.50 683.00 699.00 5348600
20080328 696.00 699.50 683.50 688.50 3973800
20080331 681.00 695.50 676.50 690.50 3439300
20080401 686.00 707.00 683.50 705.50 4011900
20080402 705.00 707.00 695.50 699.50 3877000
20080403 700.00 706.00 698.00 705.00 3071700
20080404 705.00 707.50 699.00 705.00 2342100
20080407 708.00 712.50 705.00 709.50 2326800
20080408 703.50 708.00 694.50 696.50 3576600
20080409 696.00 701.50 687.00 690.00 3255400
20080410 690.00 699.50 686.50 696.00 3600500
20080411 699.00 703.50 688.50 690.50 3379800
20080414 685.00 691.50 681.00 684.50 3223400
20080415 686.50 693.00 683.00 685.50 2967500
20080416 688.00 691.50 682.00 691.50 3694400
20080417 691.00 693.00 681.50 687.50 2479600
20080418 690.00 699.50 688.00 696.00 3682800
20080421 697.00 698.50 687.00 693.00 3237200
20080422 691.00 698.50 686.00 689.00 3120600
20080423 692.50 697.00 685.50 694.50 5288400
20080424 697.00 709.00 693.50 708.00 4228200
20080425 712.50 720.50 706.50 716.00 4480100
20080428 719.00 722.50 714.00 718.50 2382100
20080429 713.00 718.50 708.50 714.50 2205300
20080430 711.00 722.50 708.00 717.50 3872400
20080501 717.50 730.00 717.50 726.00 2231900
20080502 729.50 731.50 713.00 720.00 3212800
20080505 720.00 720.00 720.00 720.00 0
20080506 716.00 718.50 702.50 704.00 3301600
20080507 704.50 722.00 704.50 717.50 3559200
20080508 712.00 716.50 697.00 703.00 4304200
20080509 700.00 702.00 693.50 700.00 3286700
20080512 702.00 710.00 701.50 703.50 1310700
20080513 707.50 713.00 698.50 709.50 3208300
20080514 709.00 714.00 703.00 712.00 2400900
20080515 708.00 712.00 701.00 706.50 3732400
20080516 709.00 715.50 705.00 708.00 2919500
20080519 709.00 724.00 707.00 723.50 2557600
20080520 720.00 727.50 710.00 710.00 3111300
20080521 717.00 721.00 710.50 713.00 3226800
20080522 709.00 722.00 708.00 719.50 3215600
20080523 720.50 724.00 709.50 709.50 2810000
20080526 709.50 709.50 709.50 709.50 0
20080527 711.00 722.00 709.50 717.00 3656200
20080528 725.00 743.00 719.00 731.00 7200800
20080529 735.00 750.50 733.00 745.00 7794400
20080530 750.00 756.00 738.50 748.50 6667500
20080602 758.50 762.50 742.00 757.50 6195400
20080603 757.50 773.00 752.50 771.50 5239500
20080604 770.50 772.00 747.00 763.00 5382600
20080605 769.50 772.50 749.00 754.00 4984000
20080606 755.00 762.50 740.50 743.00 4222400
20080609 739.00 756.50 738.00 750.00 10495000
20080610 747.00 761.50 744.50 757.50 5154500
20080611 754.50 759.50 744.00 751.50 6408300
20080612 750.00 753.00 734.00 737.50 18487500
20080613 733.50 741.50 722.00 740.50 3966900
20080616 745.00 745.00 726.50 731.00 3471500
20080617 735.50 736.00 727.50 732.50 4778800
20080618 729.00 742.50 729.00 737.50 6478700
20080619 730.50 745.00 730.50 739.00 6492700
20080620 739.50 746.00 726.00 728.50 7086000
20080623 734.50 734.50 723.00 732.00 5947800
20080624 733.50 734.00 716.50 722.00 6125400
20080625 695.50 698.50 685.00 690.50 5928700
20080626 685.00 689.50 677.00 678.00 6134600
20080627 677.00 682.00 672.50 675.00 3668700
20080630 673.00 687.00 673.00 686.50 4289600
20080701 679.50 686.00 666.50 670.50 4970400
20080702 673.00 681.50 670.00 677.00 4010900
20080703 673.00 690.50 667.00 687.00 4199300
20080704 685.50 692.00 679.50 680.50 2137700
20080707 684.50 695.50 682.50 695.50 3625500
20080708 680.50 705.00 680.50 701.50 4083200
20080709 705.50 712.00 697.00 706.00 3177400
20080710 699.50 704.50 695.00 698.00 6105400
20080711 703.50 703.50 675.00 676.00 5001300
20080714 683.50 696.00 678.00 687.50 3787500
20080715 682.00 687.00 667.50 672.00 5019300
20080716 675.50 699.00 671.50 685.00 5244600
20080717 690.00 695.00 682.00 689.50 5853300
20080718 686.50 704.00 683.50 703.50 6203300
20080721 698.50 706.00 686.00 706.00 7406400
20080722 698.00 728.50 698.00 728.50 5365600
20080723 718.50 723.50 716.00 718.00 7348700
20080724 710.50 728.00 706.00 724.00 5062700
20080725 719.00 735.50 711.50 717.50 5438600
20080728 717.50 717.50 717.50 717.50 0
20080729 717.50 717.50 717.50 717.50 0
20080730 705.00 707.50 687.50 691.50 3724900
20080731 693.00 698.00 687.00 695.50 4288400
20080801 691.00 693.50 676.00 680.50 4447900
20080804 680.00 698.00 677.50 694.50 4756600
20080805 698.50 698.50 687.00 697.00 3322200
20080806 700.50 701.00 683.00 689.00 4298400
20080807 689.50 692.50 678.50 689.50 6410800
20080808 685.50 700.50 684.00 693.50 3795700
20080811 688.50 717.00 688.50 715.00 3628400
20080812 718.00 718.00 707.00 714.00 4779900
20080813 710.00 728.00 710.00 715.00 6231800
20080814 717.00 722.50 710.00 714.00 3588600
20080815 719.00 725.00 709.50 717.00 4413800
20080818 712.50 725.00 710.00 714.00 3607600
20080819 706.00 719.50 706.00 709.50 5800500
20080820 710.50 718.50 703.00 717.00 3734000
20080821 709.50 735.50 708.50 722.50 4115300
20080822 724.00 734.50 713.50 732.50 5074500
20080826 725.00 730.50 716.50 728.50 4782700
20080827 724.00 730.00 719.50 721.00 4521700
20080828 712.50 721.50 706.00 717.50 5868800
20080829 715.00 721.50 708.00 715.00 5436500
20080901 706.50 712.50 705.50 708.50 5638700
20080902 707.50 712.00 703.00 710.50 3986800
20080903 711.50 712.50 694.00 695.00 3996400
20080904 693.50 700.50 678.50 678.50 3442000
20080905 675.00 681.00 665.50 667.00 5195900
20080908 677.00 677.00 659.00 667.50 2561700
20080909 664.00 688.50 664.00 680.50 6450700
20080910 675.50 676.50 661.50 670.50 4498200
20080911 669.00 681.00 669.00 673.00 5097600
20080912 679.50 688.50 677.50 688.50 3697700
20080915 668.00 704.00 666.50 694.00 6562000
20080916 683.00 709.50 682.50 688.50 12024900
20080917 686.00 696.50 675.50 680.00 7255800
20080918 680.00 697.50 671.00 697.00 11098100
20080919 662.50 718.00 662.00 705.00 6624600
20080922 706.50 706.50 690.50 694.00 4333700
20080923 672.50 691.50 672.50 684.50 5111800
20080924 684.50 692.00 679.00 679.00 4172400
20080925 681.00 683.00 671.50 683.00 3210100
20080926 679.00 690.00 674.00 683.50 2252600
20080929 678.00 688.00 672.00 678.00 5180900
20080930 672.50 695.00 661.00 695.00 8538300
20081001 696.00 697.00 685.00 691.50 6512500
20081002 690.00 696.50 684.50 685.00 5088700
20081003 685.50 686.00 670.50 681.50 3248300
20081006 676.00 679.50 638.00 638.00 2330500
20081007 641.00 659.00 641.00 645.50 3658600
20081008 630.50 657.00 612.00 624.00 5207000
20081009 626.50 627.00 570.00 577.00 5565600
20081010 537.00 570.50 505.00 547.50 6822400
20081013 553.50 610.00 553.00 610.00 7695100
20081014 611.00 668.50 611.00 656.00 6525700
20081015 656.00 661.50 614.50 621.50 8957100
20081016 610.50 642.00 592.00 615.50 5610100
20081017 634.00 661.00 621.50 661.00 8655300
20081020 668.00 723.00 657.00 710.00 8567800
20081021 723.00 728.00 680.00 689.00 7194900
20081022 675.50 693.00 637.50 639.00 7661700
20081023 638.50 662.50 623.50 655.50 4910900
20081024 631.00 639.00 602.50 624.00 6993100
20081027 601.00 630.00 597.00 627.00 4736600
20081028 638.50 646.00 610.50 640.00 4785900
20081029 665.00 684.00 647.00 665.00 5001600
20081030 674.50 698.50 661.50 685.50 5393100
20081031 675.00 701.00 675.00 699.50 3699200
20081103 704.00 719.00 697.50 719.00 3461300
20081104 713.00 722.50 684.00 722.50 10694000
20081105 718.50 729.50 709.00 723.00 4584400
20081106 709.00 735.50 691.50 694.50 5597600
20081107 699.50 724.50 694.50 716.50 4862400
20081110 735.00 737.50 717.00 720.00 3875800
20081111 707.50 716.50 701.00 701.00 4373600
20081112 712.00 712.00 688.00 692.50 4928300
20081113 678.00 695.50 678.00 685.00 5272900
20081114 707.00 707.50 686.50 694.00 3908100
20081117 687.00 694.00 679.00 682.00 4981100
20081118 684.00 690.00 672.00 682.50 5394100
20081119 681.00 688.50 663.50 663.50 4292400
20081120 650.50 657.00 627.50 632.00 7278600
20081121 632.00 637.50 594.50 598.50 11116000
20081124 610.00 641.50 599.50 641.50 6915600
20081125 633.00 662.00 633.00 644.00 6378400
20081126 630.00 635.00 605.00 618.00 5973900
20081127 621.00 624.00 598.00 605.00 4350000
20081128 601.00 615.50 598.00 606.00 4816500
20081201 600.50 611.00 566.50 569.00 5698300
20081202 558.00 591.00 555.00 587.50 6191700
20081203 577.00 595.50 575.50 591.50 3490300
20081204 594.00 597.50 575.50 579.50 5108500
20081205 578.50 586.00 570.00 572.50 4192300
