20031208 369.00 373.50 355.00 373.00 7779100
20031209 375.00 382.00 375.00 375.00 2029000
20031210 380.00 380.00 370.00 370.00 1200300
20031211 370.00 371.50 356.00 356.50 3512100
20031212 360.00 363.00 353.00 355.00 2743400
20031215 355.00 362.00 355.00 358.00 727400
20031216 358.00 358.00 353.50 354.75 926800
20031217 355.00 355.00 349.50 350.00 2022700
20031218 365.00 365.00 350.00 350.00 371200
20031219 350.00 352.75 342.00 344.00 2465200
20031222 346.00 360.00 346.00 356.00 1299400
20031223 365.00 368.50 357.00 368.00 1141200
20031224 367.00 370.00 366.25 369.50 322400
20031225 369.50 369.50 369.50 369.50 0
20031226 369.50 369.50 369.50 369.50 0
20031229 369.00 371.00 369.00 370.00 1015200
20031230 370.00 372.00 370.00 372.00 582400
20031231 372.00 372.00 365.00 368.00 677200
20040101 368.00 368.00 368.00 368.00 0
20040102 369.75 369.75 363.00 367.00 461100
20040105 368.00 379.00 367.50 379.00 957800
20040106 379.00 381.00 379.00 380.50 2664800
20040107 383.00 390.00 383.00 383.00 898600
20040108 385.00 386.50 381.00 382.00 897700
20040109 374.00 375.00 365.00 370.00 2682900
20040112 370.00 370.00 365.00 368.00 200500
20040113 365.00 368.00 365.00 365.00 380700
20040114 365.00 365.00 348.00 349.50 1571000
20040115 351.00 351.00 330.75 338.00 2514600
20040116 340.00 358.00 340.00 351.50 1381900
20040119 352.00 361.00 350.00 352.00 892200
20040120 359.00 364.00 355.00 357.00 422600
20040121 356.00 356.00 350.00 351.00 335500
20040122 351.00 351.00 338.00 340.00 1150200
20040123 345.00 346.00 344.00 344.00 187000
20040126 342.00 342.00 328.50 333.00 1952000
20040127 337.00 337.00 320.00 326.00 1977800
20040128 325.00 338.00 325.00 330.00 3146800
20040129 325.00 337.00 325.00 332.25 3150100
20040130 330.00 335.00 327.00 332.00 1028600
20040202 330.00 333.75 328.00 330.00 1562200
20040203 340.00 333.00 330.00 330.00 2662100
20040204 333.00 339.75 332.00 336.00 532000
20040205 340.00 340.00 334.00 334.00 66300
20040206 334.00 334.00 328.00 328.00 768900
20040209 327.00 336.00 322.00 335.00 1950800
20040210 334.00 338.00 334.00 337.00 410000
20040211 335.00 336.00 330.00 333.00 581000
20040212 332.00 343.00 332.00 343.00 729500
20040213 343.00 348.00 340.00 348.00 1055700
20040216 348.00 348.00 347.00 348.00 48400
20040217 348.00 350.00 346.00 349.00 1389900
20040218 346.00 350.00 343.25 348.00 402900
20040219 350.00 355.00 347.50 355.00 2168100
20040220 354.75 365.00 354.75 358.00 1976500
20040223 357.00 361.75 354.00 355.00 504500
20040224 350.00 357.00 340.50 345.00 1431200
20040225 345.00 345.00 336.00 336.75 794800
20040226 336.00 344.25 335.00 343.00 1328000
20040227 343.00 344.00 340.00 343.00 332300
20040301 343.00 345.00 341.00 345.00 538800
20040302 345.00 365.00 345.00 352.00 4091700
20040303 352.00 353.00 346.00 348.00 154700
20040304 345.00 347.00 341.00 341.00 767500
20040305 341.00 345.00 339.50 343.25 266400
20040308 348.00 355.00 348.00 350.00 745400
20040309 350.00 352.00 345.00 350.00 453600
20040310 348.00 353.00 340.00 343.00 195200
20040311 340.00 340.00 325.00 332.00 1216800
20040312 335.00 336.00 333.00 334.00 629600
20040315 333.75 334.00 320.00 321.00 1407900
20040316 320.00 330.00 320.00 329.00 131000
20040317 327.00 330.00 325.00 328.00 518800
20040318 330.00 340.00 327.00 333.50 560600
20040319 340.00 340.00 332.00 335.00 2410000
20040322 333.00 334.00 326.00 327.75 317800
20040323 330.00 330.00 322.00 323.00 1191200
20040324 325.00 325.00 318.25 320.00 927100
20040325 320.00 320.00 316.00 319.50 912800
20040326 323.00 323.25 320.00 321.00 1033000
20040329 324.00 324.00 320.00 323.00 344700
20040330 325.00 330.00 325.00 329.00 524000
20040331 327.00 330.00 326.75 330.00 477800
20040401 330.00 330.00 328.00 330.00 685500
20040402 332.00 337.00 330.00 335.25 1010600
20040405 336.00 337.00 335.00 335.00 898300
20040406 334.00 334.00 324.00 332.00 697800
20040407 330.00 330.00 326.00 326.50 482200
20040408 328.00 328.00 325.00 327.00 442600
20040409 327.00 327.00 327.00 327.00 0
20040412 327.00 327.00 327.00 327.00 0
20040413 327.00 331.00 327.00 327.00 350800
20040414 325.00 325.50 318.00 319.00 497400
20040415 318.00 320.00 317.00 318.00 1004300
20040416 317.00 318.75 314.00 314.00 753500
20040419 317.00 325.00 316.00 325.00 598500
20040420 327.00 328.00 320.50 321.00 339600
20040421 322.00 324.75 317.00 324.75 182300
20040422 324.75 329.75 320.00 329.75 259700
20040423 328.00 329.50 320.25 326.00 279700
20040426 324.00 325.00 320.25 325.00 204400
20040427 324.00 326.00 316.00 325.00 483200
20040428 325.00 325.00 307.50 312.50 1168100
20040429 313.00 313.00 301.25 307.00 963100
20040430 306.25 308.00 302.50 306.00 722000
20040503 306.00 306.00 306.00 306.00 0
20040504 306.00 315.00 306.00 311.50 1266800
20040505 314.00 315.00 309.00 311.00 380500
20040506 310.00 311.00 308.00 310.00 650500
20040507 314.75 314.75 306.00 309.00 356900
20040510 297.00 300.00 290.00 293.00 433900
20040511 295.00 302.00 293.00 300.00 372600
20040512 295.25 300.00 295.25 297.25 105400
20040513 300.00 300.25 290.00 300.00 296000
20040514 299.75 299.75 283.00 284.00 1349200
20040517 271.00 280.00 271.00 279.00 303600
20040518 279.25 280.25 272.00 279.50 408200
20040519 287.25 295.25 287.25 291.50 663000
20040520 290.00 291.50 285.00 290.00 174500
20040521 290.00 290.00 280.00 290.00 137700
20040524 290.00 290.00 287.75 288.00 116300
20040525 290.00 290.00 285.75 286.00 265900
20040526 288.75 288.75 280.00 286.25 380100
20040527 289.25 290.25 285.00 289.00 155800
20040528 292.00 292.00 282.00 284.75 47600
20040531 284.75 284.75 284.75 284.75 0
20040601 286.00 286.00 269.25 279.00 473200
20040602 278.00 278.00 270.00 272.00 971800
20040603 271.50 275.00 266.00 269.75 274300
20040604 269.00 283.75 269.00 283.00 1434600
20040607 285.25 292.00 285.00 290.00 437300
20040608 289.75 296.25 288.50 292.75 522500
20040609 290.00 294.75 285.00 290.00 545200
20040610 291.00 291.00 287.00 287.00 215900
20040611 288.00 289.00 285.00 289.00 74100
20040614 286.00 286.50 275.00 283.00 151300
20040615 281.00 283.00 270.00 283.00 935300
20040616 284.25 284.25 276.00 278.00 108900
20040617 283.00 283.00 268.25 282.50 765500
20040618 283.00 284.00 271.25 284.00 537900
20040621 289.00 289.00 273.00 276.00 847100
20040622 277.25 280.00 267.00 276.00 477100
20040623 276.00 281.00 276.00 278.00 753400
20040624 279.50 282.75 279.50 282.75 218000
20040625 279.75 283.50 279.75 283.50 671600
20040628 281.50 288.75 280.00 284.25 250200
20040629 284.00 285.00 282.50 285.00 602900
20040630 283.75 287.75 283.75 287.75 181500
20040701 285.00 285.00 283.00 285.00 546500
20040702 284.00 285.00 278.50 285.00 181400
20040705 281.00 282.50 278.00 279.50 71300
20040706 282.00 290.00 277.00 288.75 677100
20040707 290.00 306.00 290.00 299.00 1363900
20040708 296.25 296.25 279.75 290.00 1410300
20040709 291.75 294.00 283.25 294.00 583600
20040712 292.75 295.00 286.25 293.00 130000
20040713 290.00 290.00 287.50 290.00 294600
20040714 290.00 290.00 287.00 288.25 335900
20040715 289.50 290.00 283.50 283.50 313600
20040716 288.75 290.75 285.00 288.75 656400
20040719 289.00 291.75 288.50 290.00 377200
20040720 290.00 292.00 285.00 290.00 379300
20040721 291.75 291.75 290.00 290.25 173600
20040722 290.75 290.75 281.50 283.00 113300
20040723 282.50 285.00 278.75 285.00 318700
20040726 280.00 283.00 275.00 280.00 363700
20040727 279.75 280.00 274.50 280.00 288900
20040728 274.75 280.00 272.25 280.00 67100
20040729 280.00 285.50 277.00 285.50 300700
20040730 284.75 290.00 284.75 289.00 280600
20040802 287.50 289.00 281.00 289.00 299400
20040803 286.75 287.50 281.50 287.00 332800
20040804 285.75 287.00 278.50 287.00 332200
20040805 283.50 287.00 278.50 287.00 430400
20040806 278.00 285.00 278.00 280.00 148600
20040809 275.00 286.00 275.00 286.00 136200
20040810 280.00 285.00 275.25 285.00 930200
20040811 280.00 285.00 276.00 285.00 1176300
20040812 280.00 280.00 272.00 274.25 590600
20040813 268.75 277.00 268.75 275.50 430600
20040816 271.25 280.25 271.25 280.00 496900
20040817 285.00 285.00 276.25 281.50 178000
20040818 279.00 285.25 279.00 281.00 470400
20040819 285.00 287.00 284.25 287.00 83500
20040820 290.00 302.50 287.25 299.00 1928600
20040823 298.00 299.50 296.75 298.25 432200
20040824 298.00 303.75 291.50 291.50 284100
20040825 295.00 295.00 288.50 294.00 422400
20040826 293.00 307.00 293.00 307.00 1386900
20040827 307.00 319.00 307.00 314.50 1639000
20040830 314.50 314.50 314.50 314.50 0
20040831 319.50 322.00 310.75 315.00 673000
20040901 320.00 330.50 319.00 328.50 916000
20040902 327.75 330.00 324.25 329.00 359300
20040903 330.00 330.00 325.00 330.00 319800
20040906 325.00 334.50 325.00 333.75 312100
20040907 332.25 341.00 332.00 340.00 1815700
20040908 335.00 340.00 330.00 338.00 825000
20040909 339.75 344.75 339.00 343.50 372400
20040910 343.00 348.25 342.00 346.50 1372300
20040913 348.00 348.00 343.00 345.00 65100
20040914 343.00 353.00 343.00 350.50 407200
20040915 351.00 359.00 345.00 352.00 1317300
20040916 350.00 353.00 346.00 349.50 391700
20040917 350.00 358.00 349.50 350.00 597800
20040920 353.00 353.00 350.00 351.75 283100
20040921 350.50 357.50 350.00 354.00 438100
20040922 351.50 353.00 343.25 343.25 284500
20040923 342.00 349.00 342.00 347.25 460700
20040924 341.00 349.50 341.00 347.25 318600
20040927 349.00 354.00 347.00 349.50 140500
20040928 348.00 363.75 348.00 358.00 1111800
20040929 356.25 363.00 356.25 362.00 1234200
20040930 358.00 362.50 355.00 360.00 154600
20041001 360.00 370.00 360.00 363.00 1270200
20041004 365.00 368.00 363.00 367.00 512800
20041005 367.00 367.00 360.25 362.25 405900
20041006 361.00 362.25 360.00 360.25 344300
20041007 365.00 391.50 365.00 384.00 3260100
20041008 375.00 389.75 370.75 389.00 763500
20041011 389.00 389.00 379.75 381.50 806300
20041012 381.00 381.25 368.75 370.00 1041600
20041013 374.00 374.00 351.00 351.00 1949600
20041014 350.00 360.00 344.50 350.00 838400
20041015 351.75 359.50 348.50 359.00 561200
20041018 361.00 362.00 359.50 361.25 670300
20041019 361.75 363.75 347.00 347.00 521300
20041020 347.00 347.00 337.25 341.00 1381200
20041021 347.75 348.00 343.00 346.25 250000
20041022 349.00 362.75 349.00 361.00 1279400
20041025 357.00 361.00 347.00 355.50 857400
20041026 353.00 367.00 353.00 367.00 505600
20041027 370.00 376.00 366.00 369.00 1477700
20041028 367.25 369.50 349.25 354.00 796100
20041029 363.00 363.00 352.00 357.50 293000
20041101 360.75 365.00 356.00 363.50 308200
20041102 361.00 366.50 360.25 366.50 204000
20041103 365.00 367.00 363.25 366.00 210300
20041104 364.25 365.50 358.00 358.00 205100
20041105 363.50 369.50 363.25 369.00 213900
20041108 366.00 366.00 358.00 359.00 124900
20041109 360.25 365.00 360.00 362.00 191600
20041110 363.00 375.50 362.00 375.50 689200
20041111 374.00 379.25 369.00 375.00 499000
20041112 372.25 380.00 369.50 379.00 299900
20041115 379.00 379.00 373.00 375.00 158500
20041116 374.75 377.00 367.00 367.00 367500
20041117 369.75 373.00 369.75 372.00 332400
20041118 368.50 377.50 368.50 376.00 317900
20041119 374.50 376.00 370.00 373.00 209700
20041122 370.25 373.25 366.00 370.00 388300
20041123 373.00 375.00 365.00 365.00 483500
20041124 369.75 375.00 366.00 375.00 206700
20041125 373.75 379.50 370.75 377.25 471000
20041126 375.00 381.00 374.50 380.00 308600
20041129 382.00 385.00 378.00 383.00 820700
20041130 384.00 385.00 382.00 382.50 431500
20041201 379.00 383.75 376.75 379.00 224500
20041202 379.00 384.75 375.00 375.25 477800
20041203 372.25 374.00 356.25 362.00 678300
20041206 360.00 366.00 358.75 363.00 67500
20041207 361.00 364.00 355.00 356.00 807500
20041208 356.25 356.25 355.25 355.25 828000
20041209 356.25 368.25 355.00 355.75 289600
20041210 359.00 363.25 355.00 363.25 545900
20041213 360.00 368.00 359.25 366.25 646800
20041214 369.75 370.00 363.50 370.00 496800
20041215 372.00 372.00 362.75 367.50 324400
20041216 368.00 370.00 365.50 367.00 465600
20041217 364.25 368.00 356.00 357.00 394200
20041220 353.00 369.00 353.00 363.50 367000
20041221 366.75 382.00 364.50 378.00 1414200
20041222 384.00 390.75 381.00 390.00 738100
20041223 388.00 389.00 385.00 388.00 161700
20041224 384.50 388.00 383.25 388.00 11400
20041227 388.00 388.00 388.00 388.00 0
20041228 388.00 388.00 388.00 388.00 0
20041229 384.50 391.00 376.50 385.25 158900
20041230 388.00 393.00 387.00 389.25 326600
20041231 390.00 394.75 390.00 394.75 30600
20050103 394.75 394.75 394.75 394.75 0
20050104 388.00 388.75 381.50 382.00 84600
20050105 378.50 386.00 378.00 385.25 351400
20050106 385.75 393.00 385.25 390.75 454800
20050107 392.00 392.00 384.00 384.00 133600
20050110 386.75 388.00 381.00 385.75 366700
20050111 387.75 399.75 387.75 394.50 566300
20050112 397.00 398.25 387.75 387.75 885000
20050113 391.25 397.25 386.50 386.50 384700
20050114 387.75 396.75 387.75 396.75 226800
20050117 395.00 409.50 395.00 408.00 955100
20050118 404.50 407.25 404.50 405.25 108400
20050119 407.00 410.25 403.00 410.25 94700
20050120 408.00 410.00 406.00 408.00 435300
20050121 410.00 413.00 407.00 412.00 692800
20050124 412.00 421.50 411.50 415.00 1077700
20050125 415.00 417.00 407.25 413.00 664400
20050126 410.00 415.00 409.00 409.00 131600
20050127 411.75 416.25 410.50 416.25 271400
20050128 419.00 419.00 409.00 409.00 961100
20050131 410.00 410.00 409.75 409.75 70400
20050201 408.50 425.50 408.50 425.50 1096800
20050202 424.25 437.00 423.00 437.00 1071900
20050203 435.75 435.75 425.50 428.00 399800
20050204 423.75 438.00 423.75 438.00 306700
20050207 439.00 454.00 438.25 453.75 954900
20050208 452.50 462.75 447.00 459.75 1267700
20050209 459.00 481.00 459.00 469.00 2224300
20050210 468.00 481.75 468.00 480.00 1081300
20050211 479.00 479.50 467.00 472.00 749900
20050214 472.00 479.25 471.75 474.75 893300
20050215 473.50 475.00 473.00 475.00 165300
20050216 475.00 477.00 467.75 469.00 588200
20050217 468.75 474.00 468.75 470.50 659500
20050218 469.50 481.00 469.50 481.00 418400
20050221 478.50 505.00 478.50 498.00 1399900
20050222 495.50 498.00 471.00 495.00 989200
20050223 492.50 501.50 483.00 501.50 522800
20050224 500.00 502.25 494.50 500.00 674100
20050225 503.50 508.00 497.50 505.00 410900
20050228 502.00 510.25 494.50 510.00 746300
20050301 508.00 508.50 495.00 502.75 1137600
20050302 504.00 504.75 480.50 482.50 1134100
20050303 484.75 486.50 480.75 485.50 682300
20050304 490.00 496.75 487.50 496.25 400500
20050307 495.00 520.00 495.00 505.00 883400
20050308 502.00 507.50 487.00 489.00 531500
20050309 491.50 500.00 490.00 493.00 424900
20050310 494.00 494.00 483.00 485.75 419100
20050311 490.25 490.25 458.00 471.75 1463300
20050314 474.25 480.00 469.00 470.00 277100
20050315 473.50 480.00 472.00 472.50 412400
20050316 472.50 483.00 471.00 482.50 598800
20050317 485.00 490.00 484.25 488.50 730000
20050318 490.00 490.00 479.25 483.25 143300
20050321 485.00 487.75 474.75 475.00 530200
20050322 475.00 486.50 470.00 477.00 286600
20050323 471.75 481.00 458.00 464.00 1404800
20050324 465.50 475.00 463.00 469.00 413300
20050325 469.00 469.00 469.00 469.00 0
20050328 469.00 469.00 469.00 469.00 0
20050329 471.50 472.00 461.00 463.25 1037300
20050330 459.50 467.00 459.50 463.00 333700
20050331 467.25 475.00 467.00 471.00 332400
20050401 471.00 473.25 466.75 471.00 1032100
20050404 469.75 469.75 458.50 464.75 237200
20050405 467.00 467.00 456.00 457.75 724500
20050406 462.50 463.75 457.00 460.50 769000
20050407 461.00 469.00 459.25 469.00 895000
20050408 468.00 476.50 468.00 474.00 476000
20050411 470.00 475.00 468.00 468.25 338000
20050412 470.75 475.00 470.00 473.50 388600
20050413 477.75 477.75 457.50 460.00 644900
20050414 459.75 460.00 443.25 448.00 1197300
20050415 443.50 445.25 413.25 417.00 3914200
20050418 413.00 424.00 407.00 408.25 948600
20050419 412.25 425.00 412.25 418.75 1145600
20050420 423.00 436.75 415.00 416.75 1380200
20050421 412.50 420.50 412.50 416.00 558300
20050422 420.75 430.00 416.75 423.75 388900
20050425 421.00 423.00 414.75 417.50 639900
20050426 417.50 429.75 415.00 420.00 1056400
20050427 416.00 419.50 401.00 403.00 668000
20050428 410.00 410.00 385.00 389.50 1432800
20050429 388.00 400.00 387.50 392.00 1280000
20050502 392.00 392.00 392.00 392.00 0
20050503 394.00 404.00 390.00 400.00 1144600
20050504 401.50 405.00 385.00 392.25 611800
20050505 395.50 407.50 395.50 405.00 929200
20050506 402.75 409.00 400.00 405.00 203600
20050509 407.25 417.75 404.00 407.00 419700
20050510 410.25 414.50 388.25 388.50 848100
20050511 386.50 398.25 386.50 390.00 660200
20050512 392.00 409.00 390.25 394.00 388300
20050513 390.00 391.50 373.00 374.00 492300
20050516 371.25 377.50 362.25 375.00 759200
20050517 378.50 384.00 373.50 377.25 620100
20050518 378.00 397.00 378.00 396.75 1251800
20050519 391.00 402.00 391.00 393.00 765200
20050520 395.50 400.00 390.00 398.25 364900
20050523 396.00 405.00 396.00 404.00 581500
20050524 400.00 410.50 400.00 408.75 313600
20050525 411.25 411.25 400.00 406.00 359000
20050526 408.00 416.00 401.00 414.00 387500
20050527 403.00 415.75 403.00 412.00 115300
20050530 412.00 412.00 412.00 412.00 0
20050531 417.25 427.75 401.75 425.75 893400
20050601 425.00 434.00 425.00 434.00 842000
20050602 437.00 450.00 435.50 450.00 1700500
20050603 450.00 450.00 450.00 450.00 0
20050606 471.75 485.00 468.50 485.00 1276400
20050607 483.50 484.75 467.25 473.25 742300
20050608 470.50 476.75 468.50 475.00 334200
20050609 474.00 477.75 470.00 474.00 348100
20050610 480.75 487.00 476.50 485.75 641500
20050613 487.00 490.00 479.75 484.50 480500
20050614 489.25 489.25 480.50 480.50 89600
20050615 461.00 487.75 461.00 482.00 306000
20050616 490.00 500.00 485.50 500.00 975100
20050617 498.50 501.75 490.25 499.00 509900
20050620 500.00 504.75 492.50 495.00 620300
20050621 489.75 504.00 487.75 491.25 511800
20050622 494.75 498.00 485.25 496.25 293400
20050623 497.75 500.00 492.00 497.00 365900
20050624 492.50 498.00 487.50 490.50 490600
20050627 492.00 496.00 484.50 493.00 94000
20050628 498.00 500.00 491.00 493.50 236600
20050629 490.00 505.50 471.25 505.50 1027300
20050630 507.75 511.00 505.00 505.00 741700
20050701 504.00 507.00 500.00 503.00 536900
20050704 507.00 507.00 497.75 500.00 769200
20050705 498.00 505.00 480.25 502.50 640000
20050706 504.00 517.75 503.75 514.75 1270100
20050707 517.00 526.25 495.00 524.00 830000
20050708 524.00 544.00 517.00 525.00 736300
20050711 527.25 540.00 520.75 524.00 832800
20050712 525.00 525.00 519.00 522.50 755000
20050713 523.00 526.75 519.00 519.25 726200
20050714 523.75 525.25 520.00 525.00 2121200
20050715 520.00 530.00 520.00 525.00 1702800
20050718 527.75 529.50 519.50 522.50 1067900
20050719 520.00 532.50 516.00 523.00 1206700
20050720 516.50 528.50 516.50 521.00 940700
20050721 524.25 526.00 515.50 522.25 826200
20050722 526.50 535.50 513.75 533.00 1750200
20050725 535.75 542.00 535.00 538.75 1342600
20050726 543.00 548.50 538.00 545.00 2045400
20050727 547.50 548.00 541.50 548.00 2974800
20050728 548.00 561.25 545.25 556.00 2610000
20050729 560.50 573.75 556.50 566.00 901400
20050801 564.50 564.50 553.00 556.25 425900
20050802 552.00 573.50 552.00 570.50 840300
20050803 596.00 608.75 579.00 606.25 3370800
20050804 603.00 616.00 602.50 615.00 1673400
20050805 615.00 617.00 590.50 601.00 880600
20050808 597.75 603.25 594.50 600.00 2276700
20050809 600.00 620.50 600.00 618.00 2287500
20050810 620.00 620.00 603.25 606.00 2263800
20050811 608.00 612.00 600.75 608.00 2200800
20050812 605.00 614.00 597.75 598.00 686100
20050815 600.00 613.75 600.00 611.00 1091100
20050816 614.00 614.00 590.25 595.00 822100
20050817 589.00 590.50 570.00 585.00 2451800
20050818 570.00 590.00 570.00 586.25 672700
20050819 589.50 600.00 580.00 587.00 964800
20050822 590.00 601.75 590.00 601.75 728100
20050823 598.50 601.50 580.50 583.75 4241000
20050824 578.00 578.75 565.00 568.00 7487100
20050825 563.00 563.00 540.00 555.00 2306300
20050826 558.00 572.00 550.75 552.75 1200500
20050829 552.75 552.75 552.75 552.75 0
20050830 558.25 558.25 552.00 552.00 2360400
20050831 555.00 565.25 554.00 564.00 2078600
20050901 567.00 586.50 566.50 578.00 1734600
20050902 575.50 592.25 575.50 583.00 1482000
20050905 580.50 590.00 571.00 578.00 867400
20050906 580.00 587.00 560.00 584.00 768500
20050907 589.00 593.50 583.25 593.25 1822500
20050908 590.50 596.00 577.00 577.00 676100
20050909 581.00 595.00 580.50 588.00 541300
20050912 588.00 595.00 584.00 595.00 1196100
20050913 593.00 595.00 577.00 579.50 548300
20050914 580.00 585.50 575.50 584.50 1244200
20050915 587.75 597.00 587.75 595.75 1060700
20050916 600.00 623.00 599.00 620.00 1210700
20050919 621.00 644.50 618.50 621.50 769500
20050920 619.00 628.00 618.00 622.50 951800
20050921 618.00 620.00 604.50 607.00 2339000
20050922 608.00 613.00 586.50 604.00 1765800
20050923 608.50 617.00 602.50 615.00 416900
20050926 618.50 621.00 612.50 619.00 1199600
20050927 625.00 625.00 605.00 613.00 632300
20050928 617.00 627.00 612.50 616.50 2549600
20050929 625.00 625.00 599.00 602.00 2555100
20050930 612.00 612.00 585.50 600.00 1959300
20051003 605.00 605.00 585.00 588.50 3351900
20051004 593.50 597.50 574.50 584.50 1651100
20051005 578.00 578.00 557.00 559.50 1587900
20051006 556.50 577.50 530.00 575.00 3762900
20051007 571.50 596.50 567.00 573.50 1482200
20051010 580.00 588.00 575.00 582.00 1300700
20051011 580.50 598.50 580.00 590.50 1999400
20051012 586.00 593.50 582.50 590.00 1058900
20051013 595.50 595.50 556.50 565.00 2520500
20051014 571.50 578.50 563.50 566.50 1531500
20051017 574.00 576.00 560.50 575.00 826600
20051018 575.00 591.00 565.00 565.00 1272800
20051019 554.00 561.00 535.50 543.00 1998900
20051020 556.50 560.00 543.00 550.00 772700
20051021 545.00 558.00 535.50 537.00 531200
20051024 540.00 562.00 539.50 558.00 796200
20051025 580.00 580.00 552.50 553.00 587500
20051026 565.00 570.00 555.50 564.00 1299300
20051027 563.00 567.00 555.00 559.50 527700
20051028 551.00 562.50 545.00 550.00 5741300
20051031 566.00 585.00 566.00 567.50 2013400
20051101 561.00 589.50 561.00 585.00 1737100
20051102 583.00 587.50 569.00 584.50 1994200
20051103 590.00 613.00 586.00 606.00 2228300
20051104 611.50 613.50 600.50 606.00 1208000
20051107 603.00 621.50 597.50 609.50 553100
20051108 617.00 633.50 611.00 633.50 1161400
20051109 630.00 650.00 622.50 640.50 2278400
20051110 655.00 655.00 637.50 639.50 3132700
20051111 645.00 647.00 623.50 640.00 2233500
20051114 659.50 659.50 628.00 628.00 1164000
20051115 621.00 649.50 621.00 638.00 980900
20051116 632.50 639.00 616.00 637.00 796600
20051117 645.00 655.00 620.50 650.00 2775000
20051118 660.00 697.50 660.00 685.50 3772700
20051121 680.50 715.00 677.50 699.00 1439900
20051122 693.00 699.00 680.50 681.00 879200
20051123 681.00 694.50 677.00 683.50 812100
20051124 676.00 690.50 676.00 683.00 275200
20051125 675.50 692.50 675.50 682.50 649300
20051128 680.00 709.00 680.00 700.00 1178000
20051129 695.00 718.50 695.00 712.00 854400
20051130 708.50 713.50 702.00 706.00 1299900
20051201 709.50 726.00 698.00 724.50 1832000
20051202 730.00 756.50 730.00 753.00 1547400
20051205 765.00 765.00 735.00 735.00 1260800
20051206 727.50 760.00 727.50 760.00 695300
20051207 766.00 795.50 752.00 778.00 2232200
20051208 770.50 797.00 763.00 779.50 2099100
20051209 773.00 780.00 760.50 768.00 1404100
20051212 800.00 800.00 772.50 779.00 1028600
20051213 787.00 787.00 760.50 768.50 1195600
20051214 774.00 788.00 771.00 780.50 1259000
20051215 778.00 841.00 778.00 835.00 6180900
20051216 844.00 884.50 835.00 870.00 4380400
20051219 859.00 868.00 821.00 845.00 2587600
20051220 840.00 850.00 837.00 847.00 1196100
20051221 847.00 871.50 847.00 868.50 1553900
20051222 870.00 872.00 847.00 852.50 1169700
20051223 854.00 858.00 839.50 854.50 298300
20051226 854.50 854.50 854.50 854.50 0
20051227 854.50 854.50 854.50 854.50 0
20051228 860.00 860.00 834.50 858.50 911900
20051229 865.00 874.00 861.00 868.00 635000
20051230 868.00 872.50 860.50 868.50 420000
20060102 868.50 868.50 868.50 868.50 0
20060103 880.00 911.00 870.00 908.00 1594900
20060104 917.00 938.00 916.50 934.50 1603400
20060105 935.00 935.00 900.00 902.00 1806600
20060106 894.50 912.00 888.50 908.00 871000
20060109 932.50 932.50 902.50 914.50 761900
20060110 922.00 922.00 872.00 875.00 2436800
20060111 880.50 890.00 874.50 875.50 2150000
20060112 912.00 912.00 883.00 898.00 1222200
20060113 906.00 921.50 904.00 914.00 2153100
20060116 934.50 972.00 922.50 969.50 2939300
20060117 980.00 983.00 956.00 983.00 3018500
20060118 980.00 1014.50 956.50 1010.00 3720200
20060119 1030.00 1089.50 1029.00 1049.00 8382300
20060120 1054.00 1066.00 1031.50 1039.00 2782800
20060123 1020.00 1020.00 964.50 970.00 6103300
20060124 1000.00 1000.00 960.00 966.00 2782000
20060125 980.00 1005.50 965.00 980.50 9883100
20060126 994.50 1040.00 992.00 1005.00 6851400
20060127 1044.00 1044.00 985.00 1007.00 4679900
20060130 1022.50 1022.50 980.50 988.00 4323400
20060131 992.50 992.50 941.00 969.00 5692400
20060201 981.00 996.50 965.50 989.00 3215600
20060202 996.00 1014.00 965.00 967.50 2698900
20060203 988.00 988.00 930.00 966.50 2729000
20060206 989.00 1000.50 983.50 998.00 3180400
20060207 989.50 1033.00 989.50 1015.00 6273300
20060208 969.00 992.00 962.00 978.00 3229000
20060209 988.00 1010.00 978.00 1010.00 1918200
20060210 1005.00 1011.00 980.00 985.00 3737000
20060213 979.00 980.00 955.00 979.00 1332300
20060214 979.50 995.00 973.50 976.00 1084200
20060215 976.00 984.50 955.00 955.00 3067400
20060216 954.00 970.50 942.00 964.00 1665100
20060217 972.50 1030.00 954.50 1007.50 7246900
20060220 1013.00 1030.00 1000.00 1010.00 1145100
20060221 1025.00 1050.00 1025.00 1040.50 4424800
20060222 1050.00 1069.00 1028.50 1049.00 3591800
20060223 1064.00 1065.00 1041.00 1047.00 928200
20060224 1040.00 1045.50 1010.50 1022.50 3183900
20060227 1014.00 1038.00 1011.00 1016.00 1201100
20060228 1016.00 1016.50 982.00 985.50 3066900
20060301 1000.00 1099.00 998.00 1099.00 6190000
20060302 1091.00 1189.50 1091.00 1122.00 11662000
20060303 1115.00 1137.50 1108.00 1115.00 2318100
20060306 1124.00 1135.00 1115.50 1119.00 2032400
20060307 1105.00 1109.00 1063.50 1069.00 5365400
20060308 1060.00 1065.00 1022.50 1033.00 5178500
20060309 1044.00 1064.50 1030.00 1032.00 2921800
20060310 1030.00 1069.00 1030.00 1062.50 2795400
20060313 1075.00 1124.00 1032.00 1060.50 1479200
20060314 1058.50 1080.00 1048.00 1069.50 3576600
20060315 1076.00 1139.50 1064.50 1133.00 6708300
20060316 1140.00 1140.00 1105.00 1110.00 2233000
20060317 1116.00 1161.50 1105.00 1123.50 3743400
20060320 1150.00 1215.00 1142.00 1163.00 6609300
20060321 1169.00 1189.00 1154.00 1187.00 3527200
20060322 1185.00 1230.00 1160.00 1220.00 4253100
20060323 1228.00 1280.00 1225.00 1266.00 3432900
20060324 1273.00 1299.00 1258.00 1276.00 3266500
20060327 1288.00 1325.00 1246.00 1253.00 2962700
20060328 1269.00 1296.00 1269.00 1282.00 3265300
20060329 1288.00 1290.00 1259.00 1285.00 3036300
20060330 1295.00 1389.00 1295.00 1376.00 5272300
20060331 1380.00 1450.00 1380.00 1410.00 4657500
20060403 1420.00 1493.00 1420.00 1483.00 5090200
20060404 1500.00 1500.00 1457.00 1475.00 3737800
20060405 1485.00 1513.00 1476.00 1510.00 2534200
20060406 1521.00 1565.00 1521.00 1543.00 5525100
20060407 1550.00 1550.00 1470.00 1476.00 3662200
20060410 1482.00 1540.00 1478.00 1516.00 3272500
20060411 1560.00 1573.00 1501.00 1514.00 4552800
20060412 1505.00 1505.00 1440.00 1458.00 5548100
20060413 1470.00 1510.00 1443.00 1469.00 2845700
20060414 1469.00 1469.00 1469.00 1469.00 0
20060417 1469.00 1469.00 1469.00 1469.00 0
20060418 1483.00 1533.00 1483.00 1526.00 3921000
20060419 1542.00 1607.00 1541.00 1589.00 5917200
20060420 1582.00 1597.00 1490.00 1521.00 3595300
20060421 1498.00 1595.00 1476.00 1579.00 3795900
20060424 1590.00 1621.00 1565.00 1590.00 4150900
20060425 1586.00 1602.00 1538.00 1589.00 2086700
20060426 1599.00 1636.00 1586.00 1620.00 3969300
20060427 1611.00 1611.00 1518.00 1570.00 7578400
20060428 1571.00 1610.00 1536.00 1578.00 5189800
20060501 1578.00 1578.00 1578.00 1578.00 0
20060502 1582.00 1719.00 1582.00 1709.00 5504900
20060503 1718.00 1754.00 1656.00 1662.00 2600000
20060504 1656.00 1746.00 1597.00 1739.00 4971300
20060505 1744.00 1759.00 1719.00 1730.00 4515200
20060508 1735.00 1813.00 1680.00 1702.00 6630100
20060509 1709.00 1741.00 1671.00 1726.00 3168900
20060510 1738.00 1765.00 1700.00 1740.00 4084400
20060511 1749.00 1811.00 1739.00 1739.00 5583900
20060512 1750.00 1750.00 1635.00 1648.00 4772400
20060515 1620.00 1706.29 1474.00 1495.00 8078800
20060516 1475.00 1501.00 1380.00 1423.00 11741000
20060517 1488.00 1540.00 1347.30 1350.00 9632000
20060518 1345.00 1392.00 1228.00 1305.00 8959700
20060519 1300.00 1379.87 1256.00 1264.00 10684200
20060522 1228.00 1228.00 1115.00 1142.00 9580700
20060523 1180.00 1299.00 1179.00 1290.00 6794600
20060524 1257.00 1400.00 1231.00 1313.00 13442600
20060525 1350.00 1390.00 1285.00 1390.00 4803200
20060526 1445.00 1479.50 1405.00 1478.00 7211700
20060529 1478.00 1478.00 1478.00 1478.00 0
20060530 1462.00 1512.13 1399.80 1424.00 4837000
20060531 1383.00 1465.88 1364.75 1447.00 3924200
20060601 1491.00 1498.75 1307.04 1378.00 6954600
20060602 1430.00 1434.00 1376.00 1421.00 3480500
20060605 1441.00 1463.00 1401.00 1411.00 1351300
20060606 1350.00 1417.66 1275.56 1285.00 7307700
20060607 1308.00 1314.94 1210.00 1225.00 8203500
20060608 1156.00 1235.40 1113.00 1124.00 10302000
20060609 1183.00 1223.36 1160.93 1205.00 6397800
20060612 1189.00 1237.16 1160.93 1186.00 4596300
20060613 1136.00 1194.78 1091.50 1105.00 5810000
20060614 1121.00 1221.57 1068.00 1106.00 4873400
20060615 1131.00 1262.00 1116.00 1256.00 7224000
20060616 1317.00 1334.00 1101.32 1274.00 12479600
20060619 1264.00 1323.01 1264.00 1271.00 4078300
20060620 1240.00 1284.00 1240.00 1277.00 3221400
20060621 1298.00 1329.00 1247.00 1309.00 3471200
20060622 1353.00 1369.06 1306.00 1332.00 4756000
20060623 1327.00 1372.21 1267.58 1301.00 3442100
20060626 1345.00 1345.00 1301.00 1312.00 2542900
20060627 1332.00 1366.00 1281.76 1285.00 3306000
20060628 1272.00 1308.00 1247.00 1252.00 4072700
20060629 1277.00 1342.00 1261.00 1336.00 4050700
20060630 1398.00 1410.00 1360.00 1363.00 4703200
20060703 1369.00 1409.00 1356.00 1401.00 1630400
20060704 1386.00 1420.00 1380.00 1398.00 2056500
20060705 1382.00 1398.00 1330.00 1349.00 2732400
20060706 1347.00 1386.00 1337.00 1381.00 2089300
20060707 1383.00 1420.00 1370.00 1395.00 2281100
20060710 1411.00 1426.00 1367.00 1392.00 1285100
20060711 1394.00 1406.00 1350.00 1370.00 2617900
20060712 1377.00 1416.00 1377.00 1410.00 5402100
20060713 1399.00 1399.00 1330.00 1336.00 2483600
20060714 1302.00 1358.00 1302.00 1333.00 2081100
20060717 1313.00 1331.00 1263.00 1278.00 2587300
20060718 1269.00 1292.00 1225.00 1262.00 2505200
20060719 1262.00 1330.00 1236.00 1316.00 3845800
20060720 1338.00 1345.00 1296.00 1302.00 3723900
20060721 1288.00 1288.00 1244.00 1246.00 2387900
20060724 1247.00 1270.00 1233.00 1264.00 1659200
20060725 1264.00 1290.00 1252.00 1264.00 2101000
20060726 1274.00 1279.00 1251.00 1261.00 1392300
20060727 1275.00 1334.00 1252.00 1321.00 2953400
20060728 1307.00 1340.00 1288.00 1329.00 2537000
20060731 1323.00 1346.00 1310.00 1320.00 2762600
20060801 1326.00 1346.00 1294.00 1308.00 1538300
20060802 1318.00 1320.00 1289.00 1319.00 3122100
20060804 1280.00 1299.00 1274.00 1295.00 1359400
20060807 1275.00 1276.00 1237.00 1257.00 1620900
20060808 1270.00 1279.00 1250.00 1254.00 963900
20060809 1264.00 1266.00 1214.00 1259.00 2039500
20060810 1250.00 1265.00 1211.00 1252.00 1989300
20060811 1270.00 1277.00 1230.00 1249.00 1768900
20060814 1264.00 1265.00 1242.00 1261.00 665500
20060815 1251.00 1273.00 1243.00 1268.00 980100
20060816 1280.00 1348.00 1268.00 1341.00 4199300
20060817 1336.00 1413.00 1335.00 1383.00 6043400
20060818 1385.00 1400.00 1361.00 1369.00 2761500
20060821 1371.00 1398.00 1359.00 1379.00 1932300
20060822 1379.00 1399.00 1361.00 1370.00 1719300
20060823 1362.00 1382.00 1343.00 1362.00 2783600
20060824 1355.00 1369.00 1321.00 1330.00 1830300
20060825 1339.00 1356.00 1310.00 1330.00 2553200
20060829 1333.00 1357.00 1320.00 1326.00 1390300
20060830 1326.00 1367.00 1320.00 1360.00 1262500
20060831 1371.00 1388.00 1352.00 1361.00 1965800
20060901 1351.00 1375.00 1351.00 1364.00 2354000
20060904 1370.00 1407.00 1358.00 1400.00 2598600
20060905 1399.00 1422.00 1396.00 1421.00 2015700
20060906 1414.00 1464.00 1387.00 1400.00 5191700
20060907 1395.00 1395.00 1354.00 1362.00 2392200
20060908 1372.00 1387.00 1309.00 1321.00 3112200
20060911 1299.00 1299.00 1169.00 1239.00 6327200
20060912 1228.00 1272.00 1210.00 1240.00 5048800
20060913 1250.00 1270.00 1225.00 1250.00 4005100
20060914 1258.00 1293.00 1231.00 1241.00 2618000
20060915 1236.00 1239.00 1202.00 1221.00 3654000
20060918 1226.00 1264.00 1221.00 1258.00 2447800
20060919 1253.00 1274.00 1232.00 1236.00 4078900
20060920 1229.00 1243.00 1203.00 1215.00 4423400
20060921 1222.00 1244.00 1200.00 1219.00 2420400
20060922 1221.00 1229.00 1180.00 1193.00 2367200
20060925 1193.00 1196.00 1087.00 1112.00 6834500
20060926 1127.00 1152.00 1121.00 1148.00 5472900
20060927 1150.00 1188.00 1150.00 1167.00 3984800
20060928 1164.00 1200.00 1164.00 1193.00 2092600
20060929 1225.00 1225.00 1153.00 1163.00 4514300
20061002 1163.00 1216.00 1163.00 1215.00 2768200
20061003 1225.00 1227.00 1182.00 1199.00 6331600
20061004 1185.00 1202.00 1157.00 1172.00 3659900
20061005 1191.00 1212.00 1173.00 1212.00 4679700
20061006 1199.00 1212.00 1178.00 1211.00 2598200
20061009 1191.00 1282.00 1191.00 1265.00 5473800
20061011 1295.00 1332.00 1228.00 1320.00 7898300
20061012 1307.00 1369.00 1298.00 1362.00 4309300
20061013 1397.00 1397.00 1340.00 1381.00 2360600
20061016 1370.00 1405.00 1370.00 1395.00 1006800
20061017 1395.00 1419.00 1366.00 1370.00 4388800
20061018 1390.00 1409.00 1372.00 1385.00 2174000
20061019 1384.00 1413.00 1362.00 1405.00 3168300
20061020 1433.00 1440.00 1392.00 1400.00 3580100
20061023 1420.00 1420.00 1364.00 1384.00 2342900
20061024 1364.00 1386.00 1356.00 1384.00 1268300
20061025 1366.00 1439.00 1366.00 1432.00 3270800
20061026 1445.00 1485.00 1445.00 1452.00 4438100
20061027 1468.00 1489.00 1442.00 1464.00 2761100
20061030 1457.00 1457.00 1413.00 1432.00 2352000
20061031 1452.00 1466.00 1414.00 1462.00 2071500
20061101 1445.00 1514.00 1445.00 1490.00 3218700
20061102 1470.00 1496.00 1450.00 1487.00 2922200
20061103 1509.00 1512.00 1461.00 1465.00 1707200
20061106 1465.00 1510.00 1463.00 1508.00 2082400
20061107 1510.00 1531.00 1492.00 1524.00 2173500
20061108 1517.00 1520.00 1493.00 1505.00 2060600
20061109 1521.00 1521.00 1460.00 1497.00 2833700
20061110 1474.00 1507.00 1427.00 1433.00 5395900
20061113 1415.00 1418.00 1350.00 1367.00 6421900
20061114 1367.00 1411.00 1365.00 1392.00 3787800
20061115 1388.00 1409.00 1366.00 1386.00 1766500
20061116 1365.00 1365.00 1272.00 1288.00 14349100
20061117 1290.00 1307.00 1188.00 1236.00 10702000
20061120 1240.00 1282.00 1207.00 1256.00 5159700
20061121 1271.00 1297.00 1256.00 1282.00 3187300
20061122 1286.00 1349.00 1286.00 1321.00 6804000
20061123 1345.00 1345.00 1276.00 1314.00 3606100
20061124 1317.00 1324.00 1273.00 1314.00 1973500
20061127 1320.00 1340.00 1295.00 1301.00 4842200
20061128 1301.00 1324.00 1267.00 1275.00 4244300
20061129 1275.00 1297.00 1257.00 1283.00 3467300
20061130 1303.00 1306.00 1261.00 1266.00 3647000
20061201 1271.00 1321.00 1262.00 1299.00 4232000
20061204 1315.00 1315.00 1296.00 1302.00 2235800
20061205 1315.00 1342.00 1300.00 1340.00 3976400
20061206 1340.00 1340.00 1303.00 1324.00 1869100
20061207 1302.00 1320.00 1298.00 1313.00 1948400
20061208 1290.00 1293.00 1241.00 1241.00 3867900
20061211 1260.00 1275.00 1250.00 1271.00 2343400
20061212 1275.00 1290.00 1248.00 1269.00 3738000
20061213 1267.00 1285.00 1236.00 1243.00 3377800
20061214 1241.00 1274.00 1241.00 1265.00 3731600
20061215 1279.00 1279.00 1244.00 1245.00 2597400
20061218 1226.00 1252.00 1222.00 1223.00 3254800
20061219 1206.00 1212.00 1158.00 1199.00 11643100
20061220 1216.00 1219.00 1185.00 1193.00 3604900
20061221 1190.00 1199.00 1171.00 1177.00 3052600
20061222 1183.00 1183.00 1147.00 1155.00 730100
20061227 1150.00 1213.00 1150.00 1210.00 1875400
20061228 1219.00 1234.00 1201.00 1225.00 1507100
20061229 1206.00 1225.00 1206.00 1221.00 513700
20070102 1240.00 1249.00 1216.00 1230.00 1808800
20070103 1212.00 1232.00 1134.00 1158.00 5511300
20070104 1140.00 1163.00 1094.00 1118.00 6532200
20070105 1125.00 1132.00 1092.00 1100.00 5315400
20070108 1100.00 1126.00 1093.00 1108.00 3315000
20070109 1137.00 1147.00 1089.00 1096.00 4779200
20070110 1096.00 1108.00 1081.00 1092.00 3406000
20070111 1101.00 1132.00 1096.00 1122.00 7395000
20070112 1122.00 1140.00 1102.00 1110.00 2683600
20070115 1145.00 1157.00 1128.00 1132.00 3709300
20070116 1133.00 1137.00 1095.00 1100.00 7069400
20070117 1100.00 1113.00 1076.00 1091.00 3581800
20070118 1100.00 1125.00 1100.00 1108.00 4471100
20070119 1098.00 1116.00 1091.00 1101.00 4647000
20070122 1111.00 1120.00 1092.00 1093.00 2137100
20070123 1103.00 1133.00 1085.00 1125.00 4129400
20070124 1114.00 1200.00 1114.00 1190.00 7140400
20070125 1194.00 1194.00 1149.00 1150.00 5091400
20070126 1140.00 1163.00 1130.00 1132.00 2996300
20070129 1120.00 1146.00 1115.00 1130.00 2907100
20070130 1120.00 1168.00 1107.00 1162.00 2827100
20070131 1160.00 1173.00 1146.00 1154.00 2418000
20070201 1177.00 1205.00 1153.00 1190.00 5238500
20070202 1195.00 1205.00 1167.00 1175.00 7857500
20070205 1165.00 1194.00 1155.00 1187.00 2635400
20070206 1198.00 1210.00 1183.00 1194.00 2495900
20070207 1201.00 1240.00 1201.00 1236.00 4405400
20070208 1225.00 1238.00 1210.00 1223.00 2921000
20070209 1223.00 1239.00 1208.00 1214.00 1988400
20070212 1194.00 1212.00 1194.00 1199.00 2074200
20070213 1206.00 1222.00 1206.00 1215.00 3602700
20070214 1222.00 1288.00 1222.00 1280.00 4398200
20070215 1293.00 1308.00 1261.00 1304.00 5117800
20070216 1300.00 1300.00 1269.00 1286.00 2642800
20070220 1318.00 1323.00 1286.00 1294.00 3545200
20070221 1287.00 1301.00 1272.00 1285.00 2439500
20070222 1303.00 1337.00 1303.00 1326.00 1746700
20070223 1327.00 1339.00 1305.00 1324.00 2729700
20070226 1328.00 1354.00 1328.00 1341.00 2404800
20070227 1329.00 1329.00 1256.00 1275.00 6819600
20070228 1248.00 1281.00 1217.00 1243.00 7980100
20070301 1233.00 1270.00 1204.00 1219.00 3819000
20070302 1240.00 1240.00 1192.00 1215.00 3257400
20070305 1196.00 1196.00 1160.00 1178.00 4012200
20070306 1213.00 1217.00 1186.00 1201.00 2475800
20070307 1217.00 1221.00 1189.00 1214.00 2317400
20070308 1228.00 1259.00 1228.00 1249.00 3724800
20070309 1252.00 1265.00 1232.00 1252.00 4972700
20070312 1238.00 1291.00 1238.00 1269.00 2849300
20070313 1263.00 1280.00 1253.00 1256.00 2393700
20070314 1221.00 1252.00 1207.00 1214.00 3512100
20070315 1242.00 1270.00 1235.00 1262.00 1522000
20070316 1264.00 1279.00 1244.00 1274.00 2861100
20070319 1295.00 1305.00 1278.00 1299.00 1226000
20070320 1303.00 1312.00 1282.00 1303.00 1128700
20070321 1311.00 1340.00 1292.00 1334.00 2372700
20070322 1350.00 1356.00 1323.00 1336.00 2275600
20070323 1349.00 1371.00 1328.00 1369.00 2686200
20070326 1375.00 1379.00 1339.00 1357.00 3321800
20070327 1363.00 1374.00 1312.00 1319.00 3498300
20070328 1297.00 1325.00 1281.00 1305.00 3085800
20070329 1304.00 1329.00 1297.00 1321.00 2415800
20070330 1306.00 1339.00 1306.00 1331.00 1613600
20070402 1329.00 1358.00 1323.00 1342.00 1908400
20070403 1369.00 1390.00 1348.00 1385.00 2743700
20070404 1394.00 1400.00 1361.00 1386.00 2622700
20070405 1390.00 1400.00 1373.00 1382.00 2054100
20070410 1400.00 1440.00 1392.00 1432.00 2587900
20070411 1441.00 1446.00 1397.00 1406.00 1744400
20070412 1389.00 1408.00 1380.00 1401.00 995300
20070413 1401.00 1406.00 1387.00 1397.00 1347200
20070416 1417.00 1443.00 1399.00 1443.00 1876600
20070417 1424.00 1444.00 1406.00 1437.00 1755700
20070418 1449.00 1449.00 1395.00 1400.00 1921400
20070419 1360.00 1400.00 1354.00 1374.00 2871900
20070420 1376.00 1424.00 1374.00 1411.00 2327500
20070423 1417.00 1427.00 1396.00 1410.00 1168500
20070424 1414.00 1450.00 1401.00 1413.00 4077100
20070426 1444.00 1444.00 1389.00 1408.00 3816300
20070427 1399.00 1403.00 1360.00 1374.00 2860400
20070430 1375.00 1398.00 1375.00 1383.00 2112100
20070501 1370.00 1396.00 1367.00 1377.00 1389300
20070502 1397.00 1413.00 1394.00 1400.00 2038600
20070503 1395.00 1404.00 1375.00 1392.00 3002800
20070504 1405.00 1430.00 1403.00 1428.00 2249900
20070508 1430.00 1456.00 1379.00 1386.00 2800400
20070509 1445.00 1450.00 1398.00 1420.00 3655400
20070510 1406.00 1413.00 1367.00 1372.00 4290400
20070511 1365.00 1410.00 1363.00 1399.00 3364700
20070514 1353.00 1410.00 1352.00 1367.00 2710700
20070515 1382.00 1398.00 1350.00 1395.00 4076100
20070516 1380.00 1432.00 1380.00 1422.00 5019500
20070517 1430.00 1445.00 1399.00 1412.00 5361900
20070518 1396.00 1497.00 1396.00 1476.00 8771900
20070521 1477.00 1505.00 1471.00 1497.00 3281300
20070522 1513.00 1513.00 1478.00 1484.00 3501200
20070523 1485.00 1508.00 1476.00 1505.00 2170000
20070524 1480.00 1494.00 1461.00 1465.00 3237800
20070525 1440.00 1495.00 1435.00 1490.00 1692200
20070529 1490.00 1495.00 1455.00 1469.00 2394400
20070530 1456.00 1469.00 1445.00 1462.00 1992600
20070531 1470.00 1495.00 1466.00 1490.00 1368400
20070604 1550.00 1574.00 1536.00 1550.00 3643100
20070605 1537.00 1572.00 1537.00 1555.00 3226100
20070606 1550.00 1565.00 1483.00 1490.00 3702200
20070607 1513.00 1519.00 1479.00 1503.00 2869300
20070608 1483.00 1511.00 1446.00 1465.00 4051700
20070611 1480.00 1509.00 1470.00 1503.00 2571800
20070612 1500.00 1505.00 1472.00 1476.00 2641500
20070613 1471.00 1551.00 1459.00 1528.00 5616900
20070614 1546.00 1550.00 1524.00 1549.00 3644500
20070615 1550.00 1595.00 1547.00 1591.00 2469700
20070618 1599.00 1603.00 1569.00 1582.00 3174700
20070619 1580.00 1600.00 1562.00 1571.00 1827700
20070620 1586.00 1635.00 1581.00 1624.00 4461500
20070621 1616.00 1620.00 1590.00 1612.00 2348800
20070622 1611.00 1617.00 1586.00 1606.00 2045400
20070625 1589.00 1600.00 1566.00 1582.00 1708600
20070626 1582.00 1603.00 1555.00 1583.00 2044900
20070627 1555.00 1574.00 1541.00 1562.00 2662300
20070628 1578.00 1600.00 1570.00 1594.00 2143700
20070629 1598.00 1617.00 1583.00 1615.00 1756700
20070702 1598.00 1645.00 1598.00 1633.00 2028100
20070703 1635.00 1676.00 1635.00 1656.00 2227000
20070704 1667.00 1682.00 1656.00 1680.00 1007900
20070705 1690.00 1700.00 1643.00 1649.00 3103400
20070706 1640.00 1709.00 1640.00 1701.00 1519500
20070709 1708.00 1729.00 1690.00 1706.00 2212600
20070710 1724.00 1724.00 1656.00 1682.00 2972100
20070711 1670.00 1702.00 1645.00 1691.00 2260700
20070712 1715.00 1804.00 1715.00 1800.00 5061700
20070713 1810.00 1845.00 1800.00 1830.00 4976700
20070716 1820.00 1843.00 1806.00 1815.00 1673600
20070717 1840.00 1840.00 1748.00 1771.00 2158300
20070718 1740.00 1761.00 1731.00 1731.00 2225900
20070719 1758.00 1805.00 1750.00 1804.00 3121800
20070720 1796.00 1825.00 1768.00 1775.00 2743000
20070723 1760.00 1810.00 1760.00 1809.00 1521300
20070724 1805.00 1808.00 1753.00 1753.00 1991900
20070725 1734.00 1794.00 1726.00 1766.00 4525500
20070726 1768.00 1776.00 1675.00 1684.00 5164200
20070727 1636.00 1700.00 1614.00 1618.00 5026600
20070730 1645.00 1719.00 1625.00 1701.00 3353800
20070731 1705.00 1798.00 1705.00 1789.00 3652100
20070801 1740.00 1781.00 1704.00 1717.00 4861400
20070802 1718.00 1751.00 1655.00 1673.00 4773600
20070803 1686.00 1715.00 1648.00 1653.00 2782600
20070806 1631.00 1681.00 1627.00 1633.00 3613400
20070807 1660.00 1694.00 1640.00 1669.00 1820300
20070808 1689.00 1705.00 1625.00 1674.00 2651500
20070809 1678.00 1678.00 1605.00 1625.00 5011100
20070810 1594.00 1650.00 1568.00 1569.00 5061900
20070813 1591.00 1678.00 1591.00 1667.00 4245900
20070815 1624.00 1650.00 1602.00 1635.00 3153600
20070816 1594.00 1613.00 1483.00 1498.00 6078900
20070817 1500.00 1609.00 1420.00 1554.00 8621800
20070820 1570.00 1620.00 1531.00 1573.00 2703800
20070821 1576.00 1598.00 1550.00 1590.00 3542400
20070822 1606.00 1692.00 1583.00 1659.00 3538500
20070823 1690.00 1720.00 1668.00 1679.00 4143800
20070824 1672.00 1703.00 1662.00 1693.00 1558800
20070828 1709.00 1713.00 1646.00 1656.00 3224700
20070829 1650.00 1663.00 1618.00 1655.00 1707400
20070830 1704.00 1704.00 1650.00 1689.00 1757200
20070831 1714.00 1764.00 1694.00 1763.00 2178500
20070903 1763.00 1789.00 1751.00 1771.00 1684200
20070904 1739.00 1799.00 1739.00 1792.00 2374300
20070905 1830.00 1898.00 1830.00 1847.00 6992400
20070906 1883.00 1910.00 1852.00 1910.00 3277900
20070907 1910.00 1952.00 1810.00 1827.00 3608600
20070910 1836.00 1861.00 1789.00 1810.00 1644000
20070911 1825.00 1882.00 1821.00 1867.00 2623200
20070912 1858.00 1868.00 1821.00 1848.00 3576100
20070913 1851.00 1900.00 1836.00 1894.00 1240500
20070914 1890.00 1901.00 1824.00 1871.00 1743500
20070917 1856.00 1880.00 1838.00 1856.00 1995600
20070918 1843.00 1934.00 1835.00 1924.00 4936200
20070919 1953.00 2097.00 1953.00 2073.00 3306000
20070920 2057.00 2076.00 2005.00 2065.00 3987500
20070921 2064.00 2139.00 2042.00 2135.00 2904300
20070924 2127.00 2240.00 2127.00 2235.00 3707700
20070925 2232.00 2232.00 2077.00 2090.00 5847700
20070926 2105.00 2129.00 2095.00 2109.00 3475300
20070927 2125.00 2135.00 2050.00 2057.00 4628800
20070928 2043.00 2045.00 1991.00 2030.00 5198800
20071001 2021.00 2148.00 2015.00 2127.00 4590700
20071002 2147.00 2147.00 2035.00 2062.00 3916100
20071003 2074.00 2116.00 2048.00 2102.00 3611400
20071004 2087.00 2147.00 2050.00 2130.00 3219900
20071005 2144.00 2198.00 2142.00 2180.00 3886500
20071008 2176.00 2188.00 2057.00 2086.00 3451100
20071009 2129.00 2158.00 2059.00 2155.00 4682600
20071010 2199.00 2213.00 2136.00 2190.00 3151000
20071011 2193.00 2339.00 2190.00 2317.00 6496600
20071012 2260.00 2299.00 2178.00 2267.00 3797100
20071015 2300.00 2324.00 2197.00 2207.00 3265000
20071016 2210.00 2257.00 2151.00 2165.00 2754100
20071017 2150.00 2195.00 2078.00 2189.00 5323300
20071018 2210.00 2240.00 2164.00 2184.00 3521900
20071019 2172.00 2199.00 2151.00 2163.00 2660900
20071022 2060.00 2086.00 2024.00 2054.00 2732900
20071023 2085.00 2165.00 2085.00 2150.00 2133100
20071024 2140.00 2143.00 2053.00 2063.00 2271600
20071025 2108.00 2148.00 2093.00 2116.00 3539000
20071026 2121.00 2167.00 2121.00 2156.00 2042900
20071029 2199.00 2241.00 2185.00 2230.00 1660200
20071030 2229.00 2248.00 2105.00 2121.00 4644900
20071031 2100.00 2208.00 2070.00 2200.00 4329400
20071101 2185.00 2245.00 2160.00 2192.00 5415600
20071102 2161.00 2200.00 2115.00 2186.00 5030800
20071105 2165.00 2177.00 2042.00 2100.00 2348900
20071106 2108.00 2176.00 2091.00 2114.00 2288300
20071107 2132.00 2169.00 2066.00 2076.00 2157700
20071108 2002.00 2247.00 1995.00 2205.00 5445100
20071109 2239.00 2239.00 2028.00 2044.00 4295100
20071112 2034.00 2080.00 1871.00 1936.00 5290800
20071113 1900.00 1933.00 1846.00 1887.00 3775600
20071114 1916.00 1989.00 1913.00 1969.00 3102900
20071115 1922.00 2035.00 1922.00 1983.00 3263200
20071116 1964.00 2092.00 1939.00 2060.00 4043100
20071119 2060.00 2083.00 1930.00 1953.00 3627300
20071120 1972.00 2043.00 1916.00 2030.00 2717700
20071121 2014.00 2021.00 1876.00 1926.00 2953200
20071122 1931.00 2008.00 1859.00 1900.00 4614500
20071123 1850.00 2120.00 1850.00 2036.00 5843500
20071126 2076.00 2124.00 2043.00 2056.00 3824600
20071127 1995.00 2040.00 1927.00 1975.00 2783900
20071128 1998.00 2062.00 1934.00 2034.00 2933900
20071129 2070.00 2275.00 2050.00 2192.00 8577100
20071130 2210.00 2372.00 2189.00 2304.00 6274700
20071203 2330.00 2330.00 2234.00 2269.00 2133700
20071204 2262.00 2280.00 2201.00 2224.00 2435400
20071205 2229.00 2367.00 2229.00 2344.00 3808400
20071206 2309.00 2356.00 2241.00 2271.00 3640600
20071207 2286.00 2419.00 2280.00 2341.00 4122200
20071210 2310.00 2385.00 2306.00 2330.00 1918900
20071211 2355.00 2367.00 2269.00 2290.00 2234000
20071212 2259.00 2288.00 2208.00 2254.00 2768700
20071213 2177.00 2239.00 2126.00 2139.00 1822300
20071214 2126.00 2138.00 2037.00 2109.00 3638300
20071217 2059.00 2065.00 1985.00 1999.00 1751000
20071218 1982.00 2040.00 1958.00 1994.00 2557600
20071219 2007.00 2011.00 1945.00 1967.00 2002800
20071220 1971.00 2003.00 1936.00 1971.00 1967600
20071221 2001.00 2076.00 2001.00 2051.00 1765000
20071224 2067.00 2100.00 2066.00 2090.00 229600
20071227 2099.00 2145.00 2029.00 2050.00 1341600
20071228 2035.00 2068.00 2035.00 2057.00 439500
20071231 2059.00 2069.00 2025.00 2046.00 264300
20080102 2074.00 2110.00 2063.00 2077.00 2893300
20080103 2077.00 2175.00 2051.00 2165.00 2094900
20080104 2156.00 2290.00 2110.00 2136.00 3333900
20080107 2121.00 2164.00 2049.00 2082.00 2648200
20080108 2095.00 2166.00 2095.00 2124.00 1611600
20080109 2100.00 2154.00 2055.00 2061.00 2129900
20080110 2075.00 2135.00 2042.00 2072.00 2876200
20080111 2089.00 2108.00 1984.00 2034.00 3824900
20080114 1980.00 2089.00 1980.00 2078.00 2253600
20080115 2119.00 2130.00 1969.00 1990.00 3212400
20080116 1958.00 1966.00 1860.00 1885.00 4998000
20080117 1922.00 1981.00 1732.00 1760.00 6151600
20080118 1801.00 1825.00 1709.00 1732.00 4608800
20080121 1696.00 1697.00 1560.00 1591.00 6667400
20080122 1420.00 1679.00 1410.00 1667.00 8618600
20080123 1685.00 1690.00 1519.00 1605.00 5598600
20080124 1679.00 1715.00 1631.00 1706.00 3965700
20080125 1740.00 1875.00 1740.00 1829.00 5458900
20080128 1793.00 1828.00 1756.00 1809.00 2332100
20080129 1839.00 1874.00 1811.00 1848.00 2384200
20080130 1832.00 1884.00 1815.00 1834.00 2470700
20080131 1844.00 1873.00 1755.00 1800.00 3463600
20080201 1940.00 1974.00 1850.00 1960.00 3984300
20080204 1995.00 2050.00 1986.00 2019.00 2881900
20080205 2018.00 2030.00 1919.00 1931.00 2620600
20080206 1890.00 1920.00 1849.00 1882.00 3975200
20080207 1862.00 1895.00 1800.00 1822.00 2279100
20080208 1850.00 1898.00 1837.00 1896.00 1921700
20080211 1876.00 1942.00 1872.00 1894.00 2897000
20080212 1924.00 2036.00 1891.00 2022.00 3110400
20080213 1991.00 1991.00 1922.00 1954.00 2643900
20080214 1974.00 2030.00 1965.00 2004.00 2787900
20080215 2013.00 2090.00 2013.00 2072.00 2997500
20080218 2079.00 2192.00 2072.00 2180.00 2064100
20080219 2176.00 2229.00 2165.00 2183.00 2494600
20080220 2166.00 2219.00 2134.00 2218.00 1817300
20080221 2248.00 2322.00 2222.00 2261.00 2755500
20080222 2256.00 2273.00 2134.00 2137.00 2946700
20080225 2170.00 2185.00 2055.00 2105.00 3100700
20080226 2126.00 2126.00 2060.00 2072.00 2926600
20080227 2090.00 2224.00 2057.00 2199.00 3098700
20080228 2199.00 2251.00 2178.00 2208.00 2301200
20080229 2208.00 2242.00 2171.00 2196.00 2036100
20080303 2157.00 2214.00 2151.00 2190.00 2089800
20080304 2190.00 2258.00 2171.00 2237.00 3360400
20080305 2239.00 2317.00 2206.00 2309.00 3072600
20080306 2317.00 2390.00 2284.00 2367.00 3131800
20080307 2326.00 2352.00 2228.00 2256.00 2138000
20080310 2228.00 2228.00 2108.00 2121.00 2071700
20080311 2115.00 2167.00 2076.00 2132.00 2265800
20080312 2193.00 2258.00 2154.00 2226.00 2179000
20080313 2118.00 2244.00 2118.00 2228.00 2667300
20080314 2224.00 2275.00 2170.00 2230.00 1791300
20080318 2078.00 2162.00 2038.00 2139.00 1990100
20080319 2185.00 2209.00 2004.00 2010.00 2898400
20080320 1929.00 1932.00 1844.00 1902.00 4770500
20080325 1965.00 2062.00 1949.00 2044.00 2581000
20080326 1949.00 2065.00 1949.00 2032.00 1631500
20080327 2042.00 2117.00 2014.00 2066.00 1940100
20080328 2081.00 2168.00 2066.00 2133.00 2017200
20080331 2124.00 2160.00 2058.00 2096.00 1190800
20080401 2099.00 2148.00 2029.00 2090.00 1781500
20080402 2100.00 2173.00 2065.00 2151.00 1873700
20080403 2164.00 2200.00 2128.00 2172.00 1415800
20080404 2185.00 2216.00 2148.00 2181.00 1893300
20080407 2220.00 2300.00 2207.00 2287.00 1892500
20080408 2264.00 2291.00 2213.00 2269.00 1153400
20080409 2250.00 2398.00 2246.00 2332.00 2161100
20080410 2332.00 2349.00 2226.00 2280.00 1473400
20080411 2307.00 2384.00 2265.00 2365.00 2269300
20080414 2328.00 2388.00 2278.00 2350.00 1959400
20080415 2358.00 2412.00 2348.00 2374.00 1484300
20080416 2390.00 2472.00 2390.00 2468.00 1469500
20080417 2472.00 2523.00 2381.00 2400.00 1691100
20080418 2422.00 2431.00 2314.00 2348.00 1999400
20080421 2403.00 2424.00 2324.00 2402.00 1218300
20080422 2400.00 2446.00 2351.00 2425.00 1445600
20080423 2448.00 2497.00 2378.00 2435.00 1640700
20080424 2416.00 2443.00 2312.00 2363.00 2206300
20080425 2362.00 2391.00 2312.00 2357.00 1112500
20080428 2380.00 2444.00 2360.00 2387.00 936200
20080429 2384.00 2384.00 2313.00 2350.00 1412300
20080430 2284.00 2284.00 2195.00 2245.00 3869500
20080501 2297.00 2338.00 2236.00 2242.00 1439400
20080502 2299.00 2364.00 2247.00 2355.00 1783700
20080506 2351.00 2481.00 2351.00 2471.00 2099000
20080507 2490.00 2495.00 2425.00 2447.00 1443100
20080508 2411.00 2513.00 2410.00 2497.00 1583400
20080509 2482.00 2493.00 2386.00 2400.00 1678700
20080512 2411.00 2415.00 2329.00 2350.00 1483600
20080513 2358.00 2445.00 2312.00 2423.00 1974800
20080514 2450.00 2560.00 2426.00 2532.00 2672200
20080515 2540.00 2547.00 2455.00 2541.00 1717400
20080516 2549.00 2603.00 2506.00 2561.00 1775300
20080519 2606.00 2788.00 2581.00 2780.00 3543700
20080520 2765.00 2770.00 2620.00 2637.00 4091300
20080521 2655.00 2743.00 2654.00 2712.00 1812300
20080522 2684.00 2706.00 2629.00 2648.00 2788600
20080523 2648.00 2648.00 2564.00 2577.00 2109300
20080527 2596.00 2664.00 2544.00 2598.00 2027000
20080528 2619.00 2619.00 2509.00 2596.00 2738400
20080529 2629.00 2643.00 2493.00 2531.00 1890100
20080530 2516.00 2550.00 2446.00 2504.00 4513300
20080602 2509.00 2515.00 2450.00 2505.00 2399800
20080603 2514.00 2514.00 2402.00 2424.00 2660500
20080604 2431.00 2440.00 2315.00 2322.00 2687900
20080605 2323.00 2350.00 2257.00 2333.00 2650500
20080606 2403.00 2412.00 2247.00 2258.00 2701900
20080610 2355.00 2398.00 2272.00 2298.00 3550600
20080611 2298.00 2331.00 2201.00 2235.00 3268800
20080612 2290.00 2330.00 2244.00 2283.00 3045500
20080613 2283.00 2283.00 2217.00 2253.00 1574700
20080616 2329.00 2330.00 2251.00 2277.00 2337000
20080617 2300.00 2394.00 2273.00 2346.00 1903300
20080618 2325.00 2351.00 2279.00 2321.00 2125200
20080619 2309.00 2350.00 2276.00 2294.00 2857800
20080620 2310.00 2339.00 2272.00 2321.00 3057300
20080623 2298.00 2355.00 2268.00 2304.00 1902900
20080624 2379.00 2379.00 2219.00 2266.00 3973900
20080625 2259.00 2266.00 2208.00 2251.00 3243500
20080626 2251.00 2274.00 2180.00 2185.00 2439500
20080627 2191.00 2245.00 2130.00 2161.00 3651800
20080630 2151.00 2199.00 2144.00 2187.00 2165500
20080701 2162.00 2173.00 2077.00 2084.00 3234900
20080702 2093.00 2181.00 1975.00 1982.00 3821300
20080703 1885.00 2035.00 1882.00 2022.00 4882500
20080704 2020.00 2020.00 1960.00 1980.00 1456200
20080707 2020.00 2034.00 1950.00 2022.00 1807700
20080708 1971.00 1995.00 1902.00 1916.00 3039200
20080709 1940.00 1991.00 1850.00 1951.00 2256800
20080710 1905.00 2036.00 1900.00 2007.00 2862200
20080711 2030.00 2062.00 1946.00 1960.00 2630700
20080714 2004.00 2029.00 1950.00 2010.00 1680100
20080715 1988.00 1991.00 1833.00 1893.00 2809300
20080716 1901.00 1931.00 1823.00 1848.00 2798300
20080717 1889.00 1922.00 1819.00 1864.00 2756000
20080718 1847.00 1857.00 1765.00 1838.00 3121100
20080721 1865.00 1940.00 1845.00 1907.00 2285700
20080722 1891.00 1970.00 1873.00 1885.00 1649000
20080723 1941.00 1950.00 1836.00 1884.00 1642300
20080724 1847.00 1882.00 1776.00 1791.00 2331000
20080725 1771.00 1831.00 1740.00 1764.00 2479900
20080728 1764.00 1875.00 1738.00 1852.00 2011900
20080729 1858.00 1960.00 1818.00 1889.00 2339900
20080730 1941.00 2043.00 1918.00 2040.00 2325100
20080731 2113.00 2135.00 1998.00 2018.00 2622800
20080801 2013.00 2013.00 1904.00 1911.00 2481500
20080804 1949.00 1959.00 1755.00 1755.00 3788500
20080805 1753.00 1812.00 1713.00 1774.00 3777100
20080806 1830.00 1907.00 1820.00 1828.00 2181800
20080807 1833.00 1897.00 1800.00 1856.00 2349200
20080808 1843.00 1859.00 1755.00 1765.00 2675500
20080811 1766.00 1811.00 1719.00 1730.00 1961800
20080812 1735.00 1741.00 1658.00 1699.00 2762400
20080813 1690.00 1784.00 1689.00 1750.00 2240600
20080814 1784.00 1835.00 1782.00 1806.00 2164500
20080815 1810.00 1810.00 1700.00 1722.00 2849700
20080818 1728.00 1770.00 1723.00 1738.00 852200
20080819 1723.00 1751.00 1713.00 1722.00 2088000
20080820 1750.00 1803.00 1750.00 1779.00 1527200
20080821 1754.00 1858.00 1752.00 1808.00 1451000
20080822 1826.00 1827.00 1772.00 1798.00 1812500
20080826 1770.00 1792.00 1721.00 1784.00 1295900
20080827 1771.00 1857.00 1770.00 1853.00 1736300
20080828 1854.00 1854.00 1794.00 1829.00 1620400
20080829 1828.00 1850.00 1801.00 1821.00 1105700
20080901 1816.00 1820.00 1739.00 1744.00 1262600
20080902 1738.00 1750.00 1677.00 1695.00 2433800
20080903 1668.00 1699.00 1643.00 1651.00 2863400
20080904 1657.00 1694.00 1602.00 1603.00 1692000
20080905 1607.00 1655.00 1503.00 1530.00 6067500
20080908 1649.00 1649.00 1568.00 1585.00 1051400
20080909 1575.00 1594.00 1525.00 1556.00 3958700
20080910 1538.00 1595.00 1478.00 1513.00 5450700
20080911 1506.00 1579.00 1464.00 1505.00 2752500
20080912 1528.00 1599.00 1519.00 1584.00 4355800
20080915 1543.00 1553.00 1474.00 1492.00 3311600
20080916 1467.00 1477.00 1358.00 1399.00 4164700
20080917 1398.00 1534.00 1357.00 1385.00 4861900
20080918 1411.00 1495.00 1383.00 1432.00 4003000
20080919 1489.00 1705.00 1489.00 1662.00 2488700
20080922 1717.00 1754.00 1670.00 1704.00 3169100
20080923 1651.00 1681.00 1527.00 1527.00 5121600
20080924 1526.00 1540.00 1419.00 1424.00 3048200
20080925 1414.00 1468.00 1372.00 1376.00 2768600
20080926 1353.00 1391.00 1285.00 1296.00 2848000
20080929 1282.00 1288.00 1153.00 1170.00 3528700
20080930 960.00 1215.00 960.00 1153.00 4904500
20081001 1164.00 1176.00 1002.00 1035.00 5272400
20081002 1014.00 1027.00 912.00 912.00 4879400
20081003 909.50 1022.00 894.50 1019.00 4713000
20081006 942.00 957.00 872.00 904.00 4039500
20081007 926.50 1031.00 892.00 1005.00 4311400
20081008 950.00 1015.00 855.50 864.00 2988900
20081009 876.50 960.50 860.50 870.00 2918100
20081010 781.00 817.50 728.00 755.00 3753500
20081013 800.00 832.00 767.50 832.00 3939900
20081014 855.00 952.00 855.00 900.50 2486900
20081015 895.00 895.00 727.00 746.00 4263900
20081016 697.00 729.50 612.50 632.50 4232000
20081017 674.00 689.00 573.50 624.00 4894300
20081020 655.00 690.50 612.00 688.50 2604800
20081021 703.00 732.00 683.50 713.00 3491800
20081022 656.00 667.00 613.00 619.50 3079700
20081023 619.50 640.50 557.50 627.00 3663100
20081024 597.00 605.50 540.50 600.50 3541900
20081027 571.50 621.50 530.00 595.00 2401500
20081028 610.50 630.00 560.50 599.50 3951500
20081029 640.00 675.00 619.50 670.00 4408300
20081030 700.00 795.00 692.00 775.50 3433600
20081031 750.00 864.00 730.50 850.00 2481200
20081103 868.00 946.00 853.50 912.00 2601100
20081104 924.50 1007.00 865.50 999.50 2232600
20081105 978.00 990.00 866.00 908.00 2355300
20081106 879.00 950.50 718.50 721.50 3683000
20081107 730.00 792.00 720.50 759.50 2537900
20081110 788.50 851.00 785.50 798.00 1700800
20081111 788.50 799.00 678.50 683.00 2961200
20081112 696.00 729.50 612.00 623.00 3554500
20081113 604.50 646.00 593.50 606.00 2999400
20081114 636.00 650.50 547.00 558.00 3073600
20081117 547.00 598.00 516.00 524.50 2952200
20081118 525.50 532.00 478.50 514.50 2552400
20081119 514.50 520.50 433.50 438.00 2933000
20081120 424.00 424.00 358.75 387.75 4815400
20081121 397.75 452.00 381.75 450.00 6740000
20081124 465.00 516.50 465.00 510.50 5331800
20081125 505.50 542.00 470.75 509.00 4010000
20081126 498.25 566.00 490.00 553.00 2155400
20081127 551.50 622.00 543.00 612.50 2473000
20081128 616.50 645.00 585.00 611.50 2437600
20081201 605.50 639.50 512.00 516.00 2671100
20081202 512.00 576.50 491.00 542.50 3818400
20081203 536.00 574.00 517.00 543.00 4051600
20081204 540.00 580.00 512.50 557.00 3679200
20081205 543.00 557.00 502.00 524.00 1911800
20081208 561.00 609.50 559.00 593.00 2853100
20081209 581.50 631.50 581.50 616.50 2067000
20081210 626.50 732.00 618.00 707.00 2922000
20081211 720.50 732.00 682.50 706.00 3453200
20081212 672.50 688.00 620.00 673.50 1604100
20081215 690.00 713.50 680.50 689.00 1612800
20081216 675.50 692.00 650.00 665.50 1773000
20081217 674.50 689.50 656.00 685.50 2579600
20081218 679.00 701.50 656.50 665.00 1416100
20081219 652.00 657.00 562.00 602.00 2712600
20081222 572.00 602.50 556.00 594.50 1452800
20081223 596.50 608.00 582.00 592.50 779100
20081224 576.00 610.00 576.00 610.00 228400
20081229 606.00 654.50 606.00 652.00 1225300
20081230 652.00 662.50 637.00 659.00 664900
20081231 636.00 669.00 611.50 611.50 1121800
20090102 632.00 701.50 630.00 693.50 1635300
20090105 697.00 761.50 692.00 710.00 1993500
20090106 722.50 794.00 701.50 790.50 2473600
20090107 779.50 783.00 729.50 750.00 2448200
20090108 741.00 741.00 657.50 705.00 2310000
20090109 712.00 714.50 665.50 674.50 2348700
20090112 664.00 680.00 639.00 648.50 1633800
20090113 638.50 642.50 605.00 639.00 2455200
20090114 654.50 666.50 567.00 584.00 1908200
20090115 573.50 609.50 555.00 578.50 2357400
20090116 600.00 621.50 588.50 605.00 2166600
20090119 621.50 640.00 577.00 601.00 3552600
20090120 607.50 635.50 582.00 591.00 2777600
20090121 580.00 620.00 560.00 603.50 3610900
20090122 615.00 640.00 580.00 585.50 2717900
20090123 588.00 592.50 553.00 584.50 2447100
20090126 578.50 604.00 560.50 596.50 3220600
20090127 592.50 614.00 566.50 605.00 3279000
20090128 598.00 612.00 524.50 595.00 6052300
20090129 577.00 581.50 551.00 571.50 2938600
20090130 571.50 611.00 545.00 553.00 3371300
20090202 550.00 556.00 534.50 543.00 1518400
20090203 549.50 584.50 535.50 575.00 3314700
20090204 582.50 625.00 547.50 609.50 3720500
20090205 592.00 620.50 573.50 614.00 2651900
20090206 624.50 661.00 614.50 656.00 2205500
20090209 650.00 701.50 640.00 691.00 2721500
20090210 680.00 686.00 641.00 659.50 1801400
20090211 655.50 673.00 621.50 659.50 2209500
20090212 656.50 669.00 630.50 655.00 2786800
20090213 666.00 678.00 650.00 667.00 2008900
