20020530 220.00 225.00 215.25 216.00 9505000
20020531 217.00 220.00 215.69 218.00 4030900
20020603 218.00 218.00 218.00 218.00 0
20020604 218.00 218.00 218.00 218.00 0
20020605 218.00 221.02 212.00 212.00 6576600
20020606 212.00 221.00 212.00 220.00 291800
20020607 217.25 219.50 217.00 219.00 64800
20020610 222.00 222.00 218.00 222.00 201900
20020611 220.00 223.00 218.00 220.00 617600
20020612 222.00 230.00 221.00 230.00 126000
20020613 230.00 233.30 226.00 230.00 274300
20020614 230.00 230.00 217.00 225.00 120100
20020617 220.00 230.00 220.00 220.00 5000
20020618 229.00 229.00 223.00 223.00 52700
20020619 220.00 225.14 217.00 225.00 7100
20020620 220.00 225.00 218.46 219.00 507500
20020621 220.00 224.00 218.00 220.00 475000
20020624 217.00 219.13 215.00 217.00 441100
20020625 216.00 219.00 214.50 219.00 14900
20020626 212.00 225.00 208.00 208.00 86800
20020627 216.00 221.32 208.00 208.00 191000
20020628 213.00 214.00 210.00 210.00 527800
20020701 208.50 220.00 208.00 214.00 216300
20020702 214.00 222.70 213.25 216.00 56400
20020703 225.00 225.00 200.00 215.25 817900
20020704 214.00 218.00 209.05 213.00 98700
20020705 215.00 222.45 210.00 213.00 92600
20020708 206.00 223.95 206.00 211.00 180500
20020709 215.00 225.00 214.00 219.00 88600
20020710 217.00 220.32 210.50 212.00 62600
20020711 207.00 216.00 207.00 215.00 62700
20020712 215.00 223.00 212.00 220.50 333400
20020715 225.00 225.00 220.00 223.00 125500
20020716 216.00 223.00 209.50 210.00 100000
20020717 208.00 213.53 208.00 211.00 63100
20020718 209.00 214.00 195.00 210.00 6100
20020719 195.00 196.00 191.00 191.00 46200
20020722 199.00 199.00 190.25 190.25 6100
20020723 194.00 197.45 184.63 187.00 106200
20020724 181.50 181.50 150.00 170.00 195100
20020725 166.00 183.00 166.00 170.00 2961400
20020726 178.00 189.00 178.00 185.00 286800
20020729 185.00 185.95 180.20 185.00 35700
20020730 182.00 187.00 182.00 184.50 3900
20020731 184.50 184.50 180.00 183.50 194300
20020801 181.00 183.00 175.00 175.00 257800
20020802 180.00 200.00 167.50 168.00 213100
20020805 174.00 175.00 168.00 168.00 134500
20020806 169.50 172.00 168.34 171.00 104400
20020807 161.00 168.00 165.00 168.00 192200
20020808 170.00 177.00 170.00 175.00 47700
20020809 172.00 180.00 172.00 180.00 11800
20020812 178.00 180.00 178.00 180.00 40200
20020813 191.00 191.00 188.00 190.00 45000
20020814 189.00 190.00 185.00 190.00 60000
20020815 186.00 188.00 186.00 188.00 26900
20020816 188.00 198.00 185.00 195.00 111600
20020819 190.00 198.00 190.00 198.00 133700
20020820 200.00 205.00 200.00 202.00 317200
20020821 205.00 210.00 192.00 205.00 183000
20020822 210.00 210.00 210.00 210.00 5000
20020823 218.00 218.00 208.00 218.00 1450200
20020826 218.00 218.00 218.00 218.00 0
20020827 217.00 222.00 215.00 217.00 242900
20020828 217.00 220.00 212.00 212.00 139300
20020829 210.00 212.00 206.00 208.00 253500
20020830 206.00 207.00 205.00 207.00 107900
20020902 207.00 207.00 203.00 205.00 57500
20020903 194.00 210.00 185.00 194.00 383100
20020904 194.00 195.00 187.00 188.00 255700
20020905 187.50 190.00 185.00 187.50 898200
20020906 190.00 190.00 185.00 185.00 341700
20020909 183.00 184.25 183.00 183.00 63000
20020910 183.00 195.00 183.00 195.00 285500
20020911 193.00 193.00 193.00 193.00 3000
20020912 194.00 195.75 194.00 195.00 141200
20020913 195.00 195.00 194.75 194.75 27900
20020916 194.75 194.75 194.75 194.75 36000
20020917 198.00 200.00 195.00 195.00 152100
20020918 190.75 197.00 190.75 192.25 43400
20020919 195.00 197.00 195.00 197.00 84700
20020920 196.00 200.00 194.00 200.00 2053200
20020923 195.00 199.75 189.25 195.00 213800
20020924 196.00 200.00 185.00 191.00 612300
20020925 183.00 190.00 181.00 187.00 774900
20020926 184.00 189.00 184.00 189.00 270400
20020927 192.00 192.00 185.00 185.00 29600
20020930 186.00 186.75 181.00 186.75 9800
20021001 186.00 186.00 180.00 183.00 498000
20021002 181.00 181.00 180.00 181.00 222600
20021003 171.00 171.00 169.00 169.00 2000
20021004 168.00 168.00 162.00 162.00 159300
20021007 155.00 162.00 153.25 160.00 603100
20021008 160.00 165.00 159.00 165.00 153100
20021009 162.75 164.00 157.00 158.00 310900
20021010 159.00 167.00 159.00 164.75 113000
20021011 170.00 170.00 165.25 165.25 10300
20021014 168.00 168.00 160.50 163.25 144200
20021015 163.50 166.75 163.00 163.00 59600
20021016 165.00 165.00 164.00 165.00 37500
20021017 158.25 165.00 158.25 162.00 52300
20021018 158.00 162.00 158.00 160.25 27000
20021021 160.25 165.00 156.00 165.00 52400
20021022 159.50 160.00 155.00 157.00 89100
20021023 152.00 159.00 130.00 159.00 1100300
20021024 154.00 158.00 153.00 156.00 317100
20021025 155.00 162.00 150.50 160.00 150300
20021028 160.75 162.00 158.00 162.00 107200
20021029 162.00 162.00 158.00 158.50 356800
20021030 157.00 157.00 154.00 155.00 1164600
20021031 156.00 161.00 155.50 160.00 790700
20021101 155.00 160.00 155.00 160.00 18800
20021104 166.50 168.00 165.00 165.00 33500
20021105 162.00 162.00 155.00 159.00 535400
20021106 158.00 158.00 156.00 157.50 174100
20021107 157.00 167.00 157.00 162.25 44800
20021108 162.50 164.00 160.00 161.50 95400
20021111 161.50 161.50 161.50 161.50 4000
20021112 159.00 159.00 152.25 155.00 15500
20021113 155.00 165.00 155.00 165.00 71100
20021114 165.00 165.00 163.50 163.50 17900
20021115 158.00 158.00 150.00 155.00 30000
20021118 150.00 153.50 147.50 149.00 153200
20021119 140.00 144.50 135.00 144.25 1238200
20021120 140.00 143.00 139.75 141.50 483900
20021121 140.50 145.00 140.25 141.50 224900
20021122 142.25 148.75 140.50 148.75 256500
20021125 147.00 150.50 147.00 150.50 100600
20021126 152.25 153.00 149.25 150.25 180800
20021127 150.00 156.50 149.50 156.00 1047900
20021128 158.50 164.00 156.00 164.00 162700
20021129 163.00 165.00 157.00 163.75 183600
20021202 163.00 169.00 162.50 165.00 161200
20021203 160.25 165.75 160.00 161.00 520500
20021204 158.00 165.00 158.00 164.50 69700
20021205 162.00 170.00 161.00 170.00 421600
20021206 166.75 166.75 163.00 165.00 170200
20021209 163.50 167.00 162.25 167.00 60500
20021210 165.00 167.75 163.00 165.00 152400
20021211 165.00 168.00 164.75 164.75 143400
20021212 163.00 163.00 154.00 156.00 286300
20021213 156.00 159.00 156.00 159.00 60900
20021216 158.00 160.00 158.00 160.00 34300
20021217 159.75 160.00 158.75 160.00 80400
20021218 157.50 165.00 153.00 165.00 447400
20021219 160.00 162.00 157.00 162.00 273200
20021220 163.75 163.75 160.00 161.00 119400
20021223 155.00 166.25 155.00 163.50 26300
20021224 155.00 166.25 155.00 163.50 26300
20021225 163.50 163.50 163.50 163.50 0
20021226 163.50 163.50 163.50 163.50 0
20021227 166.00 167.25 165.00 165.00 10000
20021230 162.00 162.00 160.00 160.00 31200
20021231 160.00 161.00 160.00 160.75 39500
20030101 160.75 160.75 160.75 160.75 0
20030102 158.00 161.75 158.00 160.75 44000
20030103 164.75 164.75 160.00 163.00 18400
20030106 160.00 162.00 159.75 160.00 162400
20030107 155.00 155.00 138.00 142.50 804600
20030108 150.00 157.25 149.50 154.00 920400
20030109 157.00 157.00 146.00 146.00 177900
20030110 146.00 151.00 146.00 147.00 99100
20030113 157.00 152.25 150.00 151.00 21400
20030114 150.00 150.00 150.00 150.00 50400
20030115 150.00 150.00 146.00 148.75 253200
20030116 148.00 148.25 145.00 145.00 78800
20030117 147.25 151.50 147.00 150.00 438800
20030120 150.00 150.25 148.50 149.50 303600
20030121 149.75 149.75 138.50 142.00 146100
20030122 142.00 147.00 142.00 146.00 146200
20030123 147.00 147.00 142.50 146.00 29500
20030124 143.50 148.00 143.50 145.00 171500
20030127 142.00 143.75 138.00 138.00 182700
20030128 138.00 140.00 133.50 137.00 148500
20030129 135.00 135.00 128.00 128.75 51900
20030130 130.25 136.00 125.00 128.00 119200
20030131 125.00 128.25 125.00 127.25 84300
20030203 127.25 135.00 127.25 134.00 582000
20030204 134.00 150.00 132.00 136.25 667300
20030205 136.75 140.00 135.00 138.00 20700
20030206 134.50 138.50 134.50 138.50 83900
20030207 136.75 143.00 135.50 143.00 256800
20030210 140.00 140.00 135.00 135.00 173500
20030211 133.00 140.00 133.00 139.75 89100
20030212 136.00 139.00 136.00 139.00 479100
20030213 138.00 144.00 137.75 141.00 250300
20030214 138.00 144.75 138.00 143.25 308000
20030217 144.00 144.00 142.00 142.00 24800
20030218 145.00 150.00 144.00 149.00 183000
20030219 154.00 157.75 148.00 157.50 322700
20030220 155.00 159.00 153.00 159.00 186700
20030221 157.00 157.00 149.50 151.00 112300
20030224 151.00 151.25 145.00 146.00 110700
20030225 140.00 154.75 140.00 150.00 71600
20030226 153.00 158.00 153.00 153.00 110400
20030227 155.75 163.00 155.00 156.75 199700
20030228 156.75 160.75 156.50 157.50 176000
20030303 163.50 165.25 161.00 162.25 190200
20030304 160.25 162.00 158.00 158.00 56000
20030305 156.00 156.00 154.00 156.00 85200
20030306 147.00 150.00 142.50 145.00 361500
20030307 145.00 146.00 142.00 142.00 90600
20030310 148.00 148.75 146.75 148.00 356000
20030311 143.50 146.00 143.50 146.00 169800
20030312 145.00 148.50 140.25 143.75 282900
20030313 145.00 145.00 141.00 145.00 184100
20030314 146.75 150.00 145.00 149.00 71900
20030317 150.25 155.50 150.25 154.50 730100
20030318 153.25 156.00 153.00 155.00 409900
20030319 159.00 160.00 155.25 157.00 129300
20030320 158.50 158.50 155.25 157.00 595800
20030321 160.00 163.25 158.25 163.25 125500
20030324 155.25 168.00 155.00 166.00 58400
20030325 171.25 174.00 169.75 170.00 149600
20030326 171.00 175.00 170.75 175.00 119600
20030327 172.25 175.00 170.00 175.00 178900
20030328 172.00 175.00 172.00 173.75 82900
20030331 167.00 167.00 158.50 159.50 657300
20030401 161.00 163.00 159.25 163.00 452700
20030402 163.00 165.00 161.25 165.00 131600
20030403 162.00 162.25 160.00 162.00 614300
20030404 162.25 164.00 160.00 160.00 77300
20030407 163.00 165.00 162.50 163.00 381500
20030408 163.00 163.50 158.00 160.00 898600
20030409 161.50 161.50 158.00 160.00 192000
20030410 160.00 165.00 160.00 164.00 171800
20030411 163.00 163.00 156.00 156.00 24400
20030414 153.00 160.25 153.00 160.00 270900
20030415 160.00 162.00 158.00 160.00 56500
20030416 159.00 162.75 158.00 160.00 265900
20030417 160.00 161.00 158.50 159.50 12200
20030418 159.50 159.50 159.50 159.50 0
20030421 159.50 159.50 159.50 159.50 0
20030422 159.75 160.25 158.25 160.25 28900
20030423 160.25 163.75 160.25 162.00 69100
20030424 161.00 163.00 157.50 157.75 216100
20030425 155.50 157.50 155.50 157.50 3900
20030428 156.50 158.00 154.00 158.00 112400
20030429 154.75 156.00 154.00 155.00 74800
20030430 153.00 156.25 153.00 155.75 136900
20030501 155.75 157.75 155.50 155.50 13100
20030502 158.00 159.00 151.00 159.00 115400
20030505 159.00 159.00 159.00 159.00 0
20030506 157.00 165.00 157.00 165.00 128600
20030507 160.75 165.00 157.00 165.00 97600
20030508 160.00 164.00 160.00 162.00 162200
20030509 160.00 163.00 160.00 162.75 195900
20030512 163.00 164.00 162.00 162.25 59600
20030513 162.00 169.50 162.00 169.50 122300
20030514 169.50 169.50 166.00 167.00 315800
20030515 167.00 170.00 167.00 169.50 261500
20030516 169.75 173.75 169.75 172.75 868800
20030519 170.75 171.00 170.00 170.50 80500
20030520 168.50 170.50 168.50 170.50 295600
20030521 171.00 172.00 168.50 172.00 319100
20030522 177.00 182.00 174.00 180.00 1007500
20030523 180.00 184.50 180.00 182.75 725700
20030526 182.75 182.75 182.75 182.75 0
20030527 184.00 187.00 183.00 185.75 548600
20030528 187.00 187.50 180.25 182.00 374000
20030529 185.00 186.00 183.50 186.00 65900
20030530 185.00 186.50 184.00 184.00 346900
20030602 182.00 186.50 177.00 177.25 496500
20030603 173.75 180.00 173.00 178.50 218700
20030604 178.50 182.00 176.75 180.25 240100
20030605 179.00 180.00 177.00 177.00 519000
20030606 176.75 180.00 176.00 177.50 303700
20030609 175.00 177.00 175.00 175.75 263300
20030610 175.00 175.00 172.75 174.00 433200
20030611 169.00 175.25 169.00 174.50 246000
20030612 182.00 187.00 182.00 187.00 1066600
20030613 185.00 185.25 183.00 184.50 170100
20030616 184.25 184.50 182.00 184.50 176600
20030617 185.00 185.25 181.75 183.75 794200
20030618 187.25 190.25 184.75 188.50 134600
20030619 189.50 190.75 185.00 185.00 260300
20030620 186.00 189.00 185.00 185.75 220600
20030623 187.00 187.00 181.00 183.75 391500
20030624 180.00 182.25 178.00 180.00 115600
20030625 178.00 182.25 177.00 177.00 158900
20030626 180.00 180.00 178.00 179.75 229800
20030627 185.00 185.00 179.50 184.75 466700
20030630 188.75 188.75 179.75 180.00 796200
20030701 175.00 178.00 165.00 165.00 2857300
20030702 171.00 172.25 169.00 171.25 1344000
20030703 173.50 177.00 172.50 177.00 484600
20030704 171.00 177.00 171.00 175.25 435600
20030707 175.50 176.75 175.25 175.50 74600
20030708 175.50 177.00 175.50 176.00 489800
20030709 175.00 178.25 175.00 177.00 86400
20030710 178.00 179.00 178.00 179.00 96900
20030711 179.00 179.00 175.00 175.00 10300
20030714 165.00 179.25 165.00 178.25 79300
20030715 179.75 182.00 179.00 180.00 269500
20030716 181.00 181.50 178.25 178.50 26100
20030717 176.75 184.00 175.25 181.00 278600
20030718 181.25 184.75 180.00 180.00 153900
20030721 184.75 185.50 182.50 183.75 546700
20030722 182.75 183.50 181.50 183.00 114500
20030723 183.75 185.75 178.00 178.00 232800
20030724 180.00 183.25 180.00 183.00 433000
20030725 183.50 183.50 178.00 181.00 416200
20030728 182.75 184.25 180.75 184.25 191000
20030729 181.75 184.25 180.00 182.00 331300
20030730 181.00 181.50 178.50 178.50 363600
20030731 177.75 178.50 175.00 175.50 416300
20030801 174.50 176.75 174.50 175.00 196100
20030804 175.00 175.25 172.00 172.00 148200
20030805 173.50 174.00 170.00 172.75 389400
20030806 170.50 171.00 169.50 171.00 416000
20030807 170.00 174.25 169.75 174.00 332000
20030808 174.00 180.00 174.00 178.00 203200
20030811 180.00 187.00 180.00 185.75 667400
20030812 185.00 187.00 183.25 186.75 526600
20030813 185.00 187.00 185.00 186.50 375900
20030814 184.75 188.50 184.00 184.00 292000
20030815 187.00 192.25 186.00 192.25 126700
20030818 186.75 189.25 184.50 184.50 105800
20030819 187.50 187.50 184.75 187.25 53400
20030820 187.00 188.25 186.00 186.25 250500
20030821 186.50 188.25 186.25 188.25 145800
20030822 188.50 188.50 186.00 186.00 102700
20030825 186.00 186.00 186.00 186.00 0
20030826 188.00 188.00 184.00 184.00 66600
20030827 185.50 186.75 181.00 182.00 265300
20030828 184.00 188.00 183.50 188.00 160700
20030829 186.50 186.50 182.00 184.00 24200
20030901 186.00 187.00 184.00 184.00 131200
20030902 184.00 186.00 184.00 186.00 156800
20030903 189.00 189.00 186.50 187.25 603100
20030904 189.00 190.00 186.75 186.75 251400
20030905 186.75 188.00 186.75 187.75 469300
20030908 180.00 185.00 179.00 180.25 872500
20030909 180.00 180.21 176.25 176.25 1632200
20030910 175.00 178.50 174.50 175.00 668400
20030911 174.75 176.00 171.00 173.50 228000
20030912 175.00 175.50 174.00 175.00 295100
20030915 175.00 175.50 173.25 175.00 483600
20030916 175.00 175.00 173.00 174.00 608800
20030917 174.00 174.00 166.00 167.00 1480000
20030918 166.00 170.50 166.00 170.00 1202300
20030919 170.50 170.50 167.50 169.50 956700
20030922 170.25 175.00 163.25 172.00 443400
20030923 170.50 169.00 164.00 167.50 465700
20030924 165.00 166.50 160.75 166.50 622200
20030925 164.50 164.50 160.00 160.00 577200
20030926 163.00 163.00 158.25 159.00 845000
20030929 159.00 159.25 154.25 155.00 301700
20030930 160.00 160.00 157.00 157.00 420100
20031001 158.00 158.00 155.25 157.75 248900
20031002 158.00 159.00 156.75 156.75 340700
20031003 157.25 158.50 157.00 157.25 343300
20031006 157.25 157.25 155.00 155.00 280200
20031007 156.00 158.25 155.25 157.00 839700
20031008 158.00 161.00 157.50 160.00 573000
20031009 159.75 160.50 159.00 160.25 784800
20031010 160.50 161.50 159.00 159.00 81900
20031013 157.50 168.50 157.50 166.00 1350400
20031014 164.00 164.00 160.00 163.00 633100
20031015 166.25 166.25 160.00 164.00 276800
20031016 162.75 164.00 162.00 163.50 226800
20031017 166.00 168.25 163.50 167.00 1199700
20031020 167.25 173.00 167.00 169.50 1327400
20031021 170.75 170.75 165.00 165.75 603400
20031022 164.50 167.75 158.00 165.00 829100
20031023 162.75 169.00 161.75 167.00 609200
20031024 165.00 166.00 163.25 165.00 198600
20031027 163.50 166.00 162.00 166.00 127400
20031028 163.75 164.25 163.00 164.00 231600
20031029 164.00 164.00 160.75 161.50 512300
20031030 158.00 162.50 156.00 161.25 298000
20031031 159.00 159.50 155.50 158.00 724300
20031103 159.50 162.50 159.50 160.25 228300
20031104 160.50 162.50 157.75 162.00 433400
20031105 161.75 163.00 160.50 162.00 337500
20031106 160.25 163.00 158.00 161.50 140800
20031107 161.75 162.00 158.25 159.00 601400
20031110 159.00 160.75 159.00 160.50 162100
20031111 160.00 160.50 156.00 156.00 536300
20031112 158.50 158.50 156.00 156.25 190900
20031113 158.00 158.00 156.50 157.00 58000
20031114 156.75 157.00 154.50 155.00 427200
20031117 154.50 156.50 153.25 153.25 352900
20031118 153.25 153.50 151.00 153.00 651200
20031119 153.50 153.75 152.00 153.00 117800
20031120 155.75 156.75 151.25 153.00 406300
20031121 154.00 154.00 151.00 151.25 288900
20031124 154.00 156.50 152.75 156.50 451400
20031125 153.75 156.00 153.00 153.00 103200
20031126 152.25 154.00 152.25 152.25 253600
20031127 152.25 153.00 150.75 152.00 202700
20031128 152.00 152.00 148.00 149.75 106600
20031201 150.25 151.75 149.50 150.00 448100
20031202 148.50 153.00 148.50 148.50 409500
20031203 149.00 150.75 145.75 147.25 409900
20031204 148.75 149.50 145.75 146.50 218000
20031205 148.25 148.25 144.00 145.00 1005800
20031208 147.00 147.00 145.00 146.00 192100
20031209 146.00 149.75 146.00 148.00 591200
20031210 148.25 148.75 147.00 148.00 323500
20031211 147.00 148.75 146.00 148.75 491600
20031212 147.25 149.50 147.25 149.50 116300
20031215 149.00 151.00 149.00 150.50 411800
20031216 150.25 150.50 148.50 149.00 344000
20031217 149.50 151.25 148.00 151.00 180000
20031218 150.00 150.75 145.50 147.50 1031500
20031219 147.00 149.50 147.00 149.25 471700
20031222 150.00 150.00 149.00 149.50 25700
20031223 136.50 136.50 126.00 132.75 3367300
20031224 133.25 133.25 132.50 132.75 157700
20031225 132.75 132.75 132.75 132.75 0
20031226 132.75 132.75 132.75 132.75 0
20031229 134.00 136.25 134.00 134.50 123200
20031230 133.50 136.50 133.50 136.25 78300
20031231 136.75 136.75 134.75 134.75 67800
20040101 134.75 134.75 134.75 134.75 0
20040102 137.25 137.25 134.00 134.00 100900
20040105 132.75 137.00 130.00 130.25 431600
20040106 130.25 130.75 127.00 127.00 584400
20040107 126.75 126.75 121.75 125.00 966800
20040108 125.25 129.50 123.00 127.00 306800
20040109 127.00 132.50 127.00 132.50 857000
20040112 131.25 132.00 130.00 132.00 401700
20040113 129.25 131.25 129.25 131.00 268300
20040114 132.00 133.00 130.25 131.50 449900
20040115 134.25 134.25 129.25 130.25 74900
20040116 130.25 131.00 129.75 130.25 204300
20040119 130.25 130.75 129.75 130.75 326600
20040120 131.00 132.00 130.50 131.00 63400
20040121 130.25 142.00 130.00 142.00 738600
20040122 138.50 141.00 130.50 130.75 970000
20040123 130.25 138.00 126.00 136.50 1488400
20040126 135.50 138.50 134.25 134.75 844700
20040127 134.25 137.25 134.00 136.00 715200
20040128 135.50 137.00 133.00 135.00 312000
20040129 134.50 140.50 134.50 140.50 832100
20040130 140.50 140.75 136.25 136.75 778100
20040202 135.50 139.50 135.00 137.75 457000
20040203 136.25 137.25 135.75 136.00 406100
20040204 136.00 136.00 133.00 133.25 127800
20040205 131.25 137.75 130.75 130.75 277700
20040206 132.25 133.75 132.00 133.50 196900
20040209 133.25 137.25 133.25 136.00 244200
20040210 137.25 137.75 132.50 137.75 541200
20040211 138.00 138.00 135.00 136.25 410000
20040212 139.00 142.00 137.25 141.50 722100
20040213 139.75 140.00 137.50 137.75 409500
20040216 137.50 139.00 137.50 138.00 371500
20040217 139.50 139.75 137.25 138.00 215400
20040218 134.25 139.25 134.25 136.50 850700
20040219 137.75 139.25 137.75 139.25 65600
20040220 139.75 141.75 139.00 140.25 101200
20040223 140.25 143.75 139.50 140.50 341800
20040224 141.00 141.00 133.75 135.00 235000
20040225 137.50 137.50 132.50 136.25 75000
20040226 138.75 139.25 138.50 139.00 264700
20040227 138.75 139.00 138.00 138.00 154900
20040301 138.00 138.00 134.25 135.00 275100
20040302 134.50 138.75 133.25 134.25 361500
20040303 135.50 135.50 133.00 134.50 107100
20040304 136.00 136.25 134.50 136.00 422800
20040305 136.25 136.25 135.00 136.00 902800
20040308 136.00 138.50 136.00 138.50 634800
20040309 140.00 140.00 136.50 137.50 573100
20040310 139.50 140.00 136.00 139.00 622600
20040311 133.00 138.00 133.00 135.75 609500
20040312 134.50 137.25 134.50 137.00 273300
20040315 134.50 135.25 134.50 134.75 184900
20040316 134.75 137.50 133.00 133.00 169100
20040317 132.00 135.50 132.00 135.00 654700
20040318 134.75 136.00 134.00 135.50 164800
20040319 135.50 135.50 134.00 134.00 266600
20040322 133.25 134.00 129.50 130.75 506300
20040323 132.75 132.75 128.25 129.50 263300
20040324 129.25 129.25 124.50 125.25 438500
20040325 125.50 127.75 125.00 126.75 321400
20040326 128.25 128.75 126.00 128.50 104900
20040329 128.00 129.25 125.25 125.25 162200
20040330 124.50 127.75 123.75 126.00 326500
20040331 128.50 132.50 128.00 130.00 579600
20040401 130.25 130.25 129.00 129.50 524100
20040402 126.00 130.50 126.00 130.00 1070700
20040405 130.75 130.75 128.75 130.00 411200
20040406 129.25 130.00 129.00 130.00 379700
20040407 131.25 131.25 129.00 130.00 783300
20040408 130.50 131.50 129.00 131.50 1071700
20040409 131.50 131.50 131.50 131.50 0
20040412 131.50 131.50 131.50 131.50 0
20040413 130.00 132.00 130.00 131.75 246500
20040414 129.25 131.75 129.00 131.00 393800
20040415 130.25 131.75 130.25 131.00 741500
20040416 134.50 139.00 132.00 138.50 1605800
20040419 134.00 139.50 134.00 136.50 411300
20040420 136.75 138.75 136.00 138.00 1198900
20040421 138.00 142.00 138.00 140.00 1689800
20040422 137.00 137.00 133.75 135.00 446200
20040423 139.75 139.75 135.00 135.00 418300
20040426 138.75 138.75 136.00 137.25 530500
20040427 137.00 138.75 135.50 138.25 476100
20040428 139.25 147.75 138.00 146.25 2062600
20040429 146.75 149.25 142.00 144.00 784900
20040430 142.75 143.00 141.25 141.50 463900
20040503 141.50 141.50 141.50 141.50 0
20040504 145.00 145.50 141.50 145.50 1092800
20040505 143.50 146.75 142.50 146.00 684500
20040506 147.00 147.00 143.00 143.00 503000
20040507 144.75 144.75 143.50 144.00 579300
20040510 140.00 141.50 136.25 136.25 535000
20040511 138.25 141.00 137.00 141.00 420100
20040512 139.00 142.25 139.00 141.75 210400
20040513 141.00 142.50 141.00 142.25 61200
20040514 142.00 145.50 142.00 145.50 338200
20040517 143.50 143.50 141.50 143.00 248600
20040518 142.25 145.00 142.25 144.25 405700
20040519 144.00 144.50 136.00 141.25 1649300
20040520 141.25 142.00 140.25 141.25 337500
20040521 140.00 141.25 139.00 139.00 257800
20040524 138.50 140.00 136.25 136.25 157700
20040525 135.75 142.50 135.75 140.50 371100
20040526 141.00 142.50 141.00 142.50 114500
20040527 139.25 142.50 139.00 140.25 488200
20040528 139.00 144.00 139.00 142.50 136600
20040531 142.50 142.50 142.50 142.50 0
20040601 140.00 144.25 138.00 143.50 138800
20040602 143.00 145.00 142.50 144.50 175900
20040603 142.75 142.75 139.75 141.50 317500
20040604 140.25 141.75 139.75 140.00 243700
20040607 141.00 142.00 140.25 140.25 164100
20040608 143.25 143.25 137.00 140.00 368800
20040609 141.00 141.50 140.00 140.00 44600
20040610 140.50 141.00 140.00 140.00 52600
20040611 142.50 142.50 140.00 140.25 248200
20040614 142.50 142.50 136.50 136.50 193500
20040615 139.75 139.75 136.50 138.25 234700
20040616 139.50 139.75 137.25 139.25 268000
20040617 139.75 140.00 139.25 139.25 114300
20040618 140.75 140.75 137.25 137.25 212700
20040621 139.25 139.25 137.25 138.00 268600
20040622 139.25 139.25 137.00 137.25 418600
20040623 138.00 139.25 136.00 136.75 392200
20040624 137.75 137.75 135.00 135.50 641400
20040625 135.00 135.00 129.25 130.00 1743500
20040628 131.00 132.00 129.00 131.25 416700
20040629 131.00 131.50 130.00 130.00 138100
20040630 131.00 131.75 129.50 129.75 420800
20040701 131.25 131.25 128.00 128.00 418000
20040702 122.00 123.50 106.00 113.50 3221600
20040705 113.50 118.75 113.00 116.75 1508400
20040706 116.25 117.00 115.50 115.50 408400
20040707 116.25 117.00 115.00 116.50 988100
20040708 114.25 120.00 114.00 119.75 680300
20040709 119.00 122.00 119.00 121.00 1666600
20040712 119.50 119.50 116.50 118.25 348800
20040713 117.75 118.25 116.50 117.50 368700
20040714 118.00 118.00 116.50 116.50 109900
20040715 116.50 117.00 114.25 115.25 256000
20040716 116.00 118.00 115.25 118.00 132800
20040719 120.75 121.25 117.00 119.75 410000
20040720 118.00 119.50 117.25 119.00 386000
20040721 119.00 119.75 118.00 118.25 169500
20040722 119.00 119.00 116.50 117.75 920000
20040723 118.00 118.75 118.00 118.25 348700
20040726 118.00 119.75 117.50 118.00 381800
20040727 121.75 121.75 116.00 117.00 384600
20040728 117.75 117.75 116.50 116.50 194800
20040729 116.50 120.25 116.25 116.50 291800
20040730 116.00 118.00 115.50 118.00 936900
20040802 117.50 118.00 116.00 117.00 611700
20040803 116.75 119.00 115.25 118.25 682800
20040804 119.00 119.25 117.50 118.75 643400
20040805 118.00 120.25 115.50 119.00 578600
20040806 118.00 118.25 114.00 114.25 561600
20040809 116.25 116.25 112.50 114.25 170100
20040810 113.75 117.00 113.75 115.00 204300
20040811 115.25 117.50 114.00 117.50 293200
20040812 117.75 119.50 117.00 119.00 631700
20040813 119.00 119.00 117.50 117.50 494400
20040816 117.00 119.00 115.50 117.75 465400
20040817 117.25 118.00 116.50 117.00 404800
20040818 116.00 118.25 114.75 118.25 405000
20040819 117.75 118.00 116.00 117.00 254200
20040820 117.75 118.75 117.00 117.00 212700
20040823 117.50 121.50 117.00 117.75 417700
20040824 118.75 120.00 114.50 118.25 592000
20040825 115.50 119.00 115.00 117.00 353700
20040826 117.00 120.25 115.50 119.50 664100
20040827 119.00 133.00 119.00 130.00 1592000
20040830 130.00 130.00 130.00 130.00 0
20040831 130.00 130.00 126.00 127.00 423400
20040901 129.00 131.50 128.75 131.50 257600
20040902 127.25 133.50 127.25 132.50 851600
20040903 131.25 132.75 130.25 132.00 517400
20040906 134.00 136.00 131.00 133.50 339800
20040907 137.50 140.75 134.25 136.75 1586900
20040908 137.50 139.00 135.00 135.00 549800
20040909 135.00 135.00 128.75 131.00 1073400
20040910 132.00 132.75 131.00 132.00 710300
20040913 132.00 133.00 130.75 131.25 380100
20040914 129.25 133.75 129.25 132.00 600600
20040915 134.00 134.00 130.00 131.50 530900
20040916 131.75 132.25 131.00 131.50 285500
20040917 133.75 135.00 131.25 131.25 222200
20040920 130.25 135.00 130.25 134.50 263000
20040921 134.00 137.50 130.25 135.00 588800
20040922 131.25 134.00 130.50 131.25 518800
20040923 129.00 132.00 128.00 132.00 610800
20040924 132.50 132.75 130.00 132.75 191800
20040927 131.75 133.50 131.50 133.00 205700
20040928 133.50 141.50 133.00 139.00 1124200
20040929 137.00 139.25 137.00 138.75 746500
20040930 135.00 139.00 135.00 138.25 384300
20041001 135.50 142.50 135.50 141.75 1658300
20041004 142.00 144.50 141.00 143.75 1499200
20041005 142.50 144.00 142.50 143.00 392200
20041006 143.00 144.75 142.50 144.75 236800
20041007 144.25 144.25 143.25 144.00 709700
20041008 144.00 146.00 143.75 145.75 664300
20041011 140.50 145.00 140.50 144.75 431800
20041012 144.00 147.00 142.50 146.50 508000
20041013 148.75 154.75 147.00 150.75 2127200
20041014 150.00 151.75 150.00 151.75 590500
20041015 148.25 150.00 144.50 145.25 2635200
20041018 146.50 146.75 144.75 144.75 1157200
20041019 145.00 145.50 143.00 143.00 463800
20041020 143.00 143.25 141.00 142.50 354500
20041021 141.50 146.25 141.50 145.50 881100
20041022 144.25 145.00 143.00 144.00 274200
20041025 142.50 143.75 141.50 141.50 532200
20041026 142.75 145.25 142.00 144.25 436000
20041027 144.00 146.00 144.00 144.50 272300
20041028 143.50 144.75 139.25 142.50 447000
20041029 142.00 143.75 142.00 143.50 110700
20041101 143.00 145.75 143.00 144.00 410000
20041102 144.50 146.00 144.25 146.00 738700
20041103 148.00 148.00 145.75 147.00 336400
20041104 146.00 148.50 146.00 148.50 223000
20041105 147.75 147.75 145.50 145.50 365800
20041108 145.00 148.00 144.00 145.00 260200
20041109 144.50 145.00 141.50 144.75 169600
20041110 143.50 144.75 141.25 142.00 418000
20041111 142.50 142.75 141.50 141.50 349300
20041112 142.50 142.50 140.50 141.25 209200
20041115 142.50 142.50 140.50 140.50 243200
20041116 140.00 140.00 136.00 137.75 652900
20041117 138.50 138.50 133.25 136.75 1146600
20041118 137.50 139.75 136.50 137.75 583000
20041119 136.50 139.25 136.25 139.25 349400
20041122 138.75 141.75 138.00 140.75 574900
20041123 142.00 145.25 142.00 143.00 661300
20041124 141.50 143.25 140.50 142.00 224300
20041125 141.75 144.25 141.75 144.00 150900
20041126 145.25 145.25 142.50 143.00 215300
20041129 143.25 145.00 141.50 142.00 508400
20041130 143.00 146.00 142.00 145.00 546200
20041201 144.00 145.00 144.00 144.50 228100
20041202 144.25 147.00 143.75 144.75 1197200
20041203 144.50 145.00 141.25 142.50 293400
20041206 141.50 144.00 140.25 142.25 265100
20041207 143.25 145.00 142.00 143.75 553300
20041208 144.00 144.00 140.00 143.75 532700
20041209 144.50 145.50 144.00 144.50 287100
20041210 146.00 146.75 143.50 144.50 276100
20041213 145.25 145.25 141.00 143.00 241100
20041214 143.00 143.00 137.50 138.25 1688100
20041215 139.75 139.75 138.00 139.50 864600
20041216 140.00 140.00 135.25 135.75 715600
20041217 134.75 135.50 128.00 128.00 1695700
20041220 128.00 128.75 126.75 128.75 1661100
20041221 130.00 135.00 128.50 133.25 815200
20041222 135.00 135.50 134.00 135.00 217800
20041223 134.50 134.50 130.50 134.00 210600
20041224 133.50 133.50 133.50 133.50 4000
20041227 133.50 133.50 133.50 133.50 0
20041228 133.50 133.50 133.50 133.50 0
20041229 132.00 132.50 130.50 132.50 321100
20041230 131.75 133.00 131.75 132.50 256700
20041231 132.50 134.00 132.50 134.00 7200
20050103 134.00 134.00 134.00 134.00 0
20050104 133.00 133.50 131.50 133.00 837900
20050105 133.50 133.50 129.50 130.75 192700
20050106 132.50 132.50 129.75 130.00 619400
20050107 128.00 130.00 128.00 128.00 280200
20050110 127.25 127.25 125.00 125.75 662900
20050111 131.00 143.00 131.00 136.00 898200
20050112 136.50 137.00 135.25 135.25 568700
20050113 135.50 136.50 134.50 135.25 601800
20050114 133.00 136.00 132.00 135.00 383600
20050117 135.50 139.00 134.50 137.75 453400
20050118 137.25 140.00 137.25 137.50 141400
20050119 140.00 140.00 137.00 137.75 168400
20050120 137.00 139.50 136.50 138.75 356900
20050121 138.00 141.00 138.00 140.00 526100
20050124 145.00 145.00 138.75 139.50 289600
20050125 140.00 142.50 140.00 141.50 616900
20050126 140.50 143.50 139.50 141.75 418600
20050127 141.25 144.50 141.00 143.75 736500
20050128 143.00 145.00 142.25 142.75 299000
20050131 143.75 145.75 143.75 145.00 1301400
20050201 145.00 156.75 145.00 150.00 1891100
20050202 150.00 153.00 149.25 150.50 611600
20050203 149.75 154.00 147.50 149.75 636400
20050204 149.00 151.00 148.00 150.25 276800
20050207 149.75 153.75 149.75 151.25 408400
20050208 152.25 153.00 151.50 152.25 1034800
20050209 152.00 152.75 151.25 152.00 649200
20050210 153.50 153.50 150.75 152.00 833600
20050211 151.00 151.50 150.50 151.50 222200
20050214 151.50 152.25 149.00 151.50 205400
20050215 150.00 155.00 149.50 155.00 292000
20050216 151.75 153.00 148.00 150.25 583400
20050217 150.75 153.75 149.75 153.00 298300
20050218 150.00 152.00 149.75 150.75 274200
20050221 151.50 151.75 148.75 149.75 572700
20050222 148.00 153.00 145.00 150.25 526700
20050223 148.00 152.25 146.50 149.75 894300
20050224 149.75 153.00 146.25 148.00 557300
20050225 148.25 148.50 147.25 147.75 379000
20050228 147.00 148.75 140.25 146.25 835900
20050301 146.00 148.50 143.00 148.50 671900
20050302 147.75 148.00 147.25 148.00 373000
20050303 148.25 152.00 147.25 151.25 586400
20050304 150.25 152.25 149.75 151.25 475800
20050307 151.25 153.75 150.75 150.75 342400
20050308 150.00 158.75 150.00 158.75 2016300
20050309 159.25 166.75 159.25 165.00 2288000
20050310 164.00 166.25 160.25 160.75 915500
20050311 160.50 164.25 160.50 161.50 589700
20050314 160.50 164.75 160.50 163.25 773000
20050315 164.50 165.00 161.00 164.00 963300
20050316 162.25 163.00 159.00 161.75 723100
20050317 160.75 161.75 158.50 161.25 317500
20050318 160.50 163.25 154.75 160.25 491900
20050321 159.75 160.00 157.75 159.25 322500
20050322 159.00 166.75 157.50 160.75 510400
20050323 158.25 159.50 156.00 157.00 986600
20050324 158.00 158.00 152.00 152.75 340400
20050325 152.75 152.75 152.75 152.75 0
20050328 152.75 152.75 152.75 152.75 0
20050329 153.75 157.75 153.25 153.50 305800
20050330 153.00 153.50 149.25 149.25 1353700
20050331 150.25 153.50 145.50 151.50 996000
20050401 152.50 157.00 150.50 154.00 420000
20050404 152.50 155.50 152.50 153.00 506500
20050405 152.75 157.00 152.00 152.00 385100
20050406 153.25 158.00 151.50 153.75 584400
20050407 152.75 158.25 147.00 156.50 984700
20050408 157.25 157.25 155.75 157.00 255100
20050411 157.50 157.50 153.50 156.00 354400
20050412 155.00 155.75 154.50 154.75 279800
20050413 154.75 156.50 152.00 154.00 1107000
20050414 153.00 153.50 152.00 152.00 439900
20050415 150.50 153.25 145.25 148.25 938300
20050418 145.00 150.00 142.00 149.00 1124700
20050419 149.75 150.00 147.50 148.50 300900
20050420 148.00 152.50 147.75 149.75 831200
20050421 150.00 151.50 147.50 150.00 766400
20050422 153.00 153.00 150.00 151.75 397200
20050425 148.25 152.75 148.25 151.50 250000
20050426 152.00 156.75 151.75 155.50 1356700
20050427 154.00 154.00 147.00 151.00 998500
20050428 152.25 158.00 147.50 149.00 1089900
20050429 147.75 154.00 142.00 147.75 829000
20050502 147.75 147.75 147.75 147.75 0
20050503 148.75 148.75 141.50 146.00 1589700
20050504 145.75 146.75 140.75 142.75 846100
20050505 143.75 148.50 139.00 145.75 1129300
20050506 144.75 145.50 142.00 142.00 847100
20050509 143.00 144.50 141.25 143.50 1014000
20050510 146.25 146.25 142.50 144.50 649800
20050511 143.50 144.50 143.00 144.00 470200
20050512 143.50 145.50 143.50 145.00 69900
20050513 144.00 146.50 139.25 139.25 658000
20050516 138.25 145.50 138.25 142.25 1211800
20050517 142.00 145.50 142.00 144.00 855800
20050518 145.00 145.00 138.75 142.50 750400
20050519 144.00 147.25 142.00 144.25 1249000
20050520 144.25 144.25 141.50 142.00 444600
20050523 144.00 144.00 138.50 139.00 854500
20050524 138.25 143.50 138.25 142.50 1046500
20050525 141.75 144.00 141.75 142.50 555600
20050526 144.00 147.50 143.25 145.50 1114100
20050527 145.00 146.00 144.25 145.75 255500
20050530 145.75 145.75 145.75 145.75 0
20050531 145.25 148.50 141.50 146.75 1575400
20050601 148.00 151.25 147.25 150.50 909100
20050602 145.00 151.75 145.00 150.25 1067400
20050603 150.25 150.25 150.25 150.25 0
20050606 156.00 156.00 150.25 152.00 1582300
20050607 155.50 160.25 155.00 156.00 1109900
20050608 155.00 157.00 154.50 154.50 789800
20050609 156.00 159.00 151.50 157.00 927000
20050610 157.00 162.00 157.00 161.75 1249000
20050613 158.00 162.00 157.25 162.00 1445000
20050614 158.00 163.75 158.00 163.00 504100
20050615 163.00 164.00 162.00 163.50 935700
20050616 169.75 169.75 163.50 165.00 534900
20050617 164.25 167.00 164.25 165.50 236200
20050620 166.50 167.00 166.00 166.25 640400
20050621 160.00 169.75 160.00 169.75 1747400
20050622 170.00 170.25 167.50 170.00 1319500
20050623 169.00 174.75 169.00 171.25 792400
20050624 166.00 175.00 166.00 172.25 1264400
20050627 180.00 180.00 169.50 172.00 355000
20050628 174.75 179.50 173.25 174.50 1435300
20050629 174.00 174.00 172.50 172.75 536100
20050630 179.00 179.00 172.00 172.25 878200
20050701 169.75 177.25 169.75 174.00 717600
20050704 171.75 178.75 171.50 176.75 1070600
20050705 175.75 177.00 171.50 172.75 1454000
20050706 180.00 191.25 180.00 187.00 4305300
20050707 188.00 192.50 183.00 189.00 2048400
20050708 189.00 195.00 184.75 194.00 1867800
20050711 192.25 193.75 191.00 191.00 1279700
20050712 192.00 192.00 188.25 191.00 1227000
20050713 189.50 192.50 189.25 190.50 762700
20050714 190.50 191.25 188.50 189.00 3133100
20050715 187.75 190.75 186.00 189.50 2332700
20050718 187.75 190.75 184.00 188.00 3531500
20050719 187.00 189.75 186.50 186.50 1529200
20050720 185.00 193.00 181.50 192.00 1109400
20050721 193.25 193.25 187.25 190.00 2234700
20050722 190.00 194.75 190.00 194.75 1228200
20050725 195.00 208.75 194.00 200.25 5899000
20050726 198.00 203.25 198.00 202.00 3787100
20050727 203.75 204.00 201.25 202.75 1909300
20050728 202.00 206.75 202.00 206.00 2316200
20050729 206.00 206.75 204.00 205.75 705500
20050801 207.50 212.00 206.50 209.50 3007000
20050802 211.25 214.00 206.25 207.00 11006800
20050803 208.25 210.00 204.00 209.25 3109100
20050804 210.50 210.50 206.50 208.50 1509000
20050805 209.50 212.50 207.25 211.50 2232500
20050808 212.75 212.75 209.50 210.75 1241300
20050809 209.25 217.50 209.25 212.75 2688800
20050810 212.00 218.00 212.00 215.50 1452700
20050811 214.75 220.25 205.00 218.00 1640200
20050812 216.75 217.75 212.00 213.00 1003000
20050815 211.75 227.75 211.75 222.50 2479600
20050816 222.00 222.00 208.00 208.50 3442000
20050817 207.25 215.50 206.00 211.00 2495300
20050818 209.00 209.00 201.00 203.00 12248900
20050819 201.25 204.75 195.75 202.00 3353000
20050822 204.00 205.00 201.00 203.50 1769300
20050823 204.50 204.50 200.25 201.25 2219600
20050824 200.00 201.50 198.00 198.25 4196900
20050825 204.50 207.00 197.00 202.75 5157400
20050826 203.00 204.75 201.00 201.75 4300800
20050829 201.75 201.75 201.75 201.75 0
20050830 201.00 205.00 199.75 200.25 2348300
20050831 201.00 210.00 201.00 206.50 4947500
20050901 207.00 217.00 207.00 214.75 3181300
20050902 216.50 223.50 216.50 218.50 7206600
20050905 219.00 219.00 217.50 218.25 1870100
20050906 217.00 224.75 217.00 218.25 1287300
20050907 219.75 219.75 216.00 219.00 4037900
20050908 217.00 221.75 217.00 218.50 3312500
20050909 216.50 222.00 216.50 218.25 686100
20050912 217.25 221.00 217.25 219.75 1015900
20050913 215.50 216.25 207.00 209.00 3435500
20050914 207.25 210.50 207.25 208.00 3049100
20050915 206.75 211.50 206.75 211.00 1885200
20050916 211.00 212.00 207.75 207.75 2191900
20050919 208.50 215.25 207.00 215.00 1366000
20050920 214.75 215.75 209.00 211.00 1397800
20050921 204.00 213.75 204.00 210.50 1416600
20050922 208.00 214.50 206.50 211.50 1783000
20050923 209.50 211.75 205.00 207.00 557400
20050926 205.50 207.75 204.50 206.25 543500
20050927 207.25 209.75 205.75 206.00 375600
20050928 205.00 207.25 205.00 205.50 2661400
20050929 207.00 210.00 206.75 209.50 1679900
20050930 213.00 213.00 209.00 210.00 2123700
20051003 210.75 213.25 209.00 211.25 1032400
20051004 210.00 211.50 206.00 206.75 1486600
20051005 205.75 206.75 195.50 202.00 3304200
20051006 201.00 201.00 186.00 196.50 2997700
20051007 198.25 200.00 193.75 197.00 1027800
20051010 206.00 206.00 199.00 200.50 3181400
20051011 199.75 201.50 193.50 199.00 624100
20051012 195.75 199.50 195.75 196.50 2919200
20051013 196.25 196.25 186.25 190.00 3324300
20051014 191.75 192.50 190.25 191.25 4146700
20051017 190.25 196.50 190.25 196.50 1790600
20051018 195.50 203.00 185.25 186.75 2076100
20051019 181.00 183.75 174.00 177.50 4820400
20051020 182.00 190.00 181.25 185.75 2842400
20051021 179.25 185.00 179.00 181.00 1608400
20051024 180.75 191.00 180.75 190.25 2305300
20051025 187.75 192.75 186.25 191.00 1797000
20051026 190.25 200.00 190.25 199.00 2423800
20051027 197.25 197.25 190.50 193.50 798300
20051028 195.25 198.25 188.25 191.00 4798500
20051031 194.50 195.00 191.50 193.00 2982800
20051101 194.00 195.50 193.00 194.00 1342200
20051102 194.00 196.75 193.00 196.75 828500
20051103 198.00 202.00 198.00 201.50 1488700
20051104 204.25 207.75 202.50 204.25 2145400
20051107 200.50 205.00 200.00 200.50 333300
20051108 202.25 202.50 199.25 200.00 2483000
20051109 201.00 201.00 197.00 197.75 1666900
20051110 198.25 199.25 196.50 197.00 1497800
20051111 195.00 195.75 192.00 195.00 2792900
20051114 193.50 198.00 193.50 196.00 760200
20051115 190.00 197.25 190.00 194.25 3261000
20051116 193.75 195.50 192.00 194.00 4127300
20051117 198.00 198.00 194.00 194.75 2469200
20051118 196.00 202.00 195.00 200.50 5661200
20051121 205.00 205.00 200.75 204.25 1966500
20051122 197.75 209.75 197.75 209.25 1678200
20051123 203.50 210.00 202.00 203.00 1575300
20051124 197.00 207.00 197.00 204.00 984700
20051125 197.00 207.50 197.00 205.75 627500
20051128 196.00 213.75 196.00 206.00 1978600
20051129 200.00 205.50 199.25 202.50 1252000
20051130 203.00 204.75 200.50 204.00 798100
20051201 204.00 207.25 204.00 206.25 2673200
20051202 206.50 213.50 206.25 210.50 2561700
20051205 207.00 210.75 206.00 206.00 3918400
20051206 206.00 206.00 197.50 202.50 4761800
20051207 202.50 203.50 199.25 201.25 1693500
20051208 196.50 202.25 196.50 202.25 1533600
20051209 201.00 208.00 201.00 204.50 627600
20051212 198.25 204.50 198.25 202.25 657600
20051213 207.00 208.50 204.75 206.25 1614200
20051214 206.00 206.75 203.25 206.50 1408200
20051215 206.00 207.50 205.00 206.50 3373600
20051216 207.25 208.25 206.50 206.50 1454500
20051219 206.75 207.75 204.25 204.50 14895800
20051220 202.25 204.75 202.00 203.00 3047600
20051221 201.50 203.50 201.50 203.00 2481500
20051222 202.75 208.50 202.25 207.75 967000
20051223 204.00 206.75 202.25 206.75 117000
20051226 206.75 206.75 206.75 206.75 0
20051227 206.75 206.75 206.75 206.75 0
20051228 212.00 212.00 201.50 205.75 369400
20051229 204.00 211.25 204.00 207.00 666400
20051230 204.75 206.00 202.00 204.00 589000
20060102 204.00 204.00 204.00 204.00 0
20060103 204.25 209.75 204.25 209.25 3006700
20060104 211.25 218.00 210.00 215.75 4028400
20060105 213.75 219.50 213.00 216.00 3570500
20060106 214.50 218.25 214.50 216.75 927000
20060109 218.25 219.50 214.75 215.50 768900
20060110 212.75 217.25 211.25 216.50 2474100
20060111 219.00 221.75 217.00 219.25 1338600
20060112 219.75 230.00 218.75 229.75 5351900
20060113 227.00 238.00 227.00 238.00 4457000
20060116 236.00 241.50 234.25 241.00 2276500
20060117 238.75 246.25 238.75 241.50 4644200
20060118 237.50 240.75 230.00 240.00 1987200
20060119 241.50 244.00 239.25 242.75 966500
20060120 244.00 247.75 243.50 246.50 1921500
20060123 243.75 249.50 241.75 245.00 3378800
20060124 247.00 247.00 242.00 242.25 13585800
20060125 243.50 243.50 239.50 240.50 6253300
20060126 242.00 243.25 239.00 241.50 1302700
20060127 243.25 244.00 238.00 243.75 1965100
20060130 244.00 246.50 238.25 245.00 2061800
20060131 244.75 246.25 240.00 244.00 2715400
20060201 242.75 247.00 240.00 246.00 2280300
20060202 244.25 245.25 242.00 243.50 2542400
20060203 244.25 245.00 243.00 243.75 3522300
20060206 245.25 249.50 244.00 249.25 3306400
20060207 247.75 249.00 244.00 245.25 1184900
20060208 234.00 244.75 230.00 242.25 4899900
20060209 242.00 248.75 241.75 248.00 1651700
20060210 247.50 249.25 245.00 245.50 2504600
20060213 244.00 247.00 242.00 245.50 663400
20060214 245.00 246.25 239.75 243.00 1349800
20060215 240.00 244.50 234.00 242.25 2944100
20060216 240.00 242.50 227.00 242.00 2309200
20060217 245.75 252.75 239.50 243.00 629200
20060220 241.75 249.00 237.75 247.00 935100
20060221 244.50 249.75 244.50 247.00 927000
20060222 249.25 249.25 241.25 244.00 1263400
20060223 242.75 244.00 237.00 240.00 2842800
20060224 238.25 245.75 238.25 244.25 983200
20060227 249.25 251.25 241.00 243.75 1536800
20060228 243.25 244.00 235.50 237.50 2308200
20060301 236.75 249.75 235.25 244.50 3952100
20060302 242.25 248.00 237.50 245.25 2549600
20060303 243.00 258.00 240.75 254.50 2423800
20060306 260.00 266.75 250.50 259.00 2949500
20060307 255.00 258.50 243.75 252.00 2483800
20060308 254.50 254.50 241.25 249.50 2135900
20060309 251.75 252.00 246.75 248.50 3055500
20060310 249.50 251.25 247.00 250.75 1703800
20060313 255.00 255.75 247.00 252.00 1429100
20060314 254.00 255.25 250.00 252.75 4278600
20060315 255.00 258.50 253.00 256.50 1351300
20060316 257.00 259.00 256.00 257.25 2449000
20060317 257.00 263.00 256.25 258.75 1628000
20060320 260.25 262.25 256.50 257.00 1669100
20060321 259.25 261.00 249.50 254.00 1045800
20060322 250.00 254.00 250.00 252.25 739300
20060323 252.25 253.75 244.50 251.50 1301200
20060324 253.75 254.50 249.75 253.75 1298000
20060327 251.50 256.00 251.00 252.25 845300
20060328 256.00 257.50 245.00 253.25 1311500
20060329 255.50 256.25 252.75 254.50 1020100
20060330 257.25 257.25 248.75 251.00 2793800
20060331 247.25 257.00 247.00 253.00 4085300
20060403 257.75 258.00 235.50 252.25 4305900
20060404 251.25 261.75 245.25 258.25 1468700
20060405 260.50 263.00 256.00 261.25 774400
20060406 263.75 269.25 259.50 266.00 1778000
20060407 269.75 271.00 263.50 265.50 1330100
20060410 266.25 267.50 265.25 266.25 664400
20060411 265.50 268.00 261.75 264.00 824900
20060412 260.75 268.00 260.75 264.50 1266600
20060413 265.00 265.00 263.00 264.00 1043500
20060414 264.00 264.00 264.00 264.00 0
20060417 264.00 264.00 264.00 264.00 0
20060418 267.00 270.25 264.75 269.25 1958500
20060419 272.50 277.25 270.00 273.00 1790700
20060420 272.75 275.00 270.50 273.25 1890400
20060421 275.00 280.25 272.75 280.00 1436700
20060424 275.25 284.00 270.50 281.25 478700
20060425 273.00 285.00 273.00 282.00 2504700
20060426 281.00 287.25 280.50 285.00 2174200
20060427 280.75 288.50 275.25 280.00 3392200
20060428 284.00 289.75 275.25 278.00 3419200
20060501 278.00 278.00 278.00 278.00 0
20060502 290.00 290.00 274.00 283.00 1334800
20060503 285.50 285.50 269.00 269.25 1968900
20060504 273.25 275.00 267.75 272.50 1441500
20060505 273.00 279.75 272.00 279.50 825900
20060508 293.25 293.25 269.75 271.00 1117100
20060509 271.50 273.00 265.75 271.25 1293200
20060510 267.25 273.50 267.25 270.25 1000100
20060511 275.00 281.50 268.00 273.75 884100
20060512 267.25 271.00 256.50 264.75 766700
20060515 255.00 257.25 249.48 252.00 4032800
20060516 252.75 254.00 246.00 252.00 4836000
20060517 254.25 256.70 230.00 242.25 1932500
20060518 234.50 242.50 226.00 236.75 3289500
20060519 230.75 240.25 234.10 235.75 2477500
20060522 224.75 238.43 218.35 217.50 3807500
20060523 219.50 239.50 221.00 235.50 2045600
20060524 229.75 238.00 228.50 230.50 1779400
20060525 233.00 230.00 223.40 230.00 3002500
20060526 232.25 241.25 229.50 241.00 1354700
20060529 241.00 241.00 241.00 241.00 0
20060530 231.25 237.50 229.25 230.00 1074800
20060531 225.75 234.25 223.25 233.00 1989600
20060601 236.25 240.06 234.00 238.00 2365100
20060602 241.75 242.25 234.75 236.25 1834300
20060605 240.00 238.32 235.00 236.00 963700
20060606 235.00 233.52 226.50 226.50 2330200
20060607 236.25 236.25 223.50 223.50 1150600
20060608 217.00 214.47 207.50 208.50 1723700
20060609 210.00 220.72 212.20 215.00 1525600
20060612 205.00 216.65 213.50 213.75 2450400
20060613 205.50 207.75 202.50 203.75 3770500
20060614 205.25 213.75 199.25 202.25 1851800
20060615 212.25 214.75 207.25 211.75 2484000
20060616 218.25 220.75 212.47 216.25 2283800
20060619 226.75 226.25 218.25 219.25 1838700
20060620 211.00 219.25 209.25 213.25 2981100
20060621 216.50 217.65 212.06 216.75 1242200
20060622 226.50 226.25 218.90 222.50 1939700
20060623 226.00 231.00 220.00 228.75 2297000
20060626 225.25 237.30 219.44 230.50 2158700
20060627 232.75 236.62 233.25 234.75 2660300
20060628 234.75 234.75 230.00 232.75 1288900
20060629 235.00 237.25 232.00 232.25 3893000
20060630 239.00 239.00 231.25 234.00 3511100
20060703 236.25 243.75 231.00 240.75 1188800
20060704 244.50 244.50 239.00 241.25 800300
20060705 230.25 242.50 230.25 233.75 842200
20060706 230.25 242.75 230.25 240.50 1116600
20060707 249.00 249.00 239.75 240.50 731300
20060710 237.25 237.25 227.50 233.25 1321200
20060711 231.00 232.50 227.50 230.25 2038600
20060712 230.00 231.50 227.75 230.00 3216300
20060713 220.00 229.00 220.00 228.25 3726900
20060714 225.00 235.00 225.00 230.00 3310700
20060717 230.00 232.75 228.00 229.50 1891500
20060718 228.50 230.00 226.25 228.00 1875200
20060719 231.50 231.75 225.50 230.25 1056000
20060720 234.00 234.00 230.00 231.25 5862300
20060721 226.50 229.25 225.25 226.25 2052700
20060724 229.75 232.50 228.25 230.25 1375200
20060725 233.00 235.50 228.25 231.00 797100
20060726 234.25 234.25 226.75 230.25 2385300
20060727 231.00 233.50 229.25 232.00 1854000
20060728 228.00 233.75 225.00 232.50 1719300
20060731 226.00 235.00 225.75 231.00 1522700
20060801 227.00 237.75 227.00 233.75 2291300
20060802 240.50 240.75 234.00 240.75 1505200
20060804 231.50 239.75 231.50 238.00 1409200
20060807 233.50 238.25 233.50 237.00 933900
20060808 238.50 240.00 236.00 238.25 1000200
20060809 242.00 242.00 237.00 240.25 1301500
20060810 235.25 238.25 234.00 238.00 585900
20060811 236.75 239.75 236.00 238.00 398000
20060814 241.75 241.75 234.75 236.75 1379600
20060815 233.25 236.50 232.50 233.50 3541600
20060816 236.00 236.00 232.25 233.50 1053600
20060817 237.25 237.25 231.75 232.75 2106800
20060818 239.50 239.50 233.25 234.50 1424200
20060821 233.50 233.75 231.50 232.50 2129600
20060822 234.75 234.75 229.75 231.00 2318400
20060823 232.50 235.50 231.75 234.00 1968800
20060824 229.75 240.50 229.75 232.75 3766100
20060825 228.00 234.25 228.00 232.75 2023300
20060829 232.75 233.00 230.25 231.00 1081700
20060830 230.00 233.25 229.50 230.50 1591600
20060831 227.00 233.75 227.00 229.25 3197800
20060901 231.75 235.00 228.25 233.50 2237000
20060904 235.50 237.75 233.50 235.50 2906700
20060905 239.00 248.00 239.00 244.50 3728500
20060906 247.50 252.75 243.25 244.25 4020900
20060907 242.75 245.00 240.00 240.50 3439700
20060908 240.50 244.50 240.50 242.50 4765200
20060911 235.00 239.75 229.50 230.75 5786700
20060912 227.25 233.50 227.25 231.50 1087300
20060913 242.50 242.50 230.50 232.00 7002600
20060914 236.50 237.50 228.50 230.00 3692600
20060915 234.00 235.50 229.50 233.25 2616900
20060918 233.50 238.50 231.25 235.00 1146200
20060919 238.50 243.75 234.00 235.50 1304200
20060920 245.00 245.00 234.00 236.00 1329100
20060921 231.00 235.75 229.25 231.25 2604700
20060922 228.50 232.75 226.00 227.00 601700
20060925 221.00 233.00 218.75 219.50 2380400
20060926 220.00 222.50 219.75 220.75 2870600
20060927 210.00 230.75 210.00 229.00 3404300
20060928 230.00 232.75 229.00 232.50 3050900
20060929 233.50 234.75 228.75 230.00 2990500
20061002 228.75 234.50 228.75 232.00 3571400
20061003 229.25 231.25 222.75 224.75 4162400
20061004 221.25 226.25 221.25 226.00 7835700
20061005 229.25 229.50 227.00 229.50 2984000
20061006 228.00 229.75 226.75 229.50 2667100
20061009 224.00 231.25 224.00 229.75 1484300
20061011 232.50 232.50 230.75 231.75 1055500
20061012 228.25 236.75 228.25 236.50 1600700
20061013 239.00 240.50 234.75 238.50 1672500
20061016 238.75 242.25 237.25 241.25 1309900
20061017 244.75 244.75 239.50 240.00 1202300
20061018 243.25 259.00 243.00 247.75 9817100
20061019 247.50 249.00 244.25 245.50 2794900
20061020 249.75 250.00 246.00 247.50 2362000
20061023 237.25 247.25 237.25 246.50 2095600
20061024 245.75 246.50 243.00 244.75 1248100
20061025 245.75 246.50 242.75 244.75 1130100
20061026 246.00 249.25 245.50 247.75 2354000
20061027 246.25 246.50 240.50 243.00 1238900
20061030 239.25 243.25 238.00 239.50 2352700
20061031 231.25 239.75 231.25 235.25 2717000
20061101 233.75 236.75 233.75 235.00 3025000
20061102 232.00 236.25 230.00 234.00 2256200
20061103 232.00 235.00 232.00 235.00 2055000
20061106 233.75 235.00 231.50 234.50 1991000
20061107 233.75 238.00 233.75 237.50 10989300
20061108 236.00 239.50 235.50 239.50 1938600
20061109 242.00 243.25 236.25 242.50 2705100
20061110 244.75 248.00 242.00 246.25 2883300
20061113 247.50 248.75 242.75 243.25 1133900
20061114 241.75 245.25 240.25 240.25 903300
20061115 243.75 249.25 241.25 246.75 1690900
20061116 248.00 249.00 245.75 248.50 1182900
20061117 241.00 245.75 237.00 239.25 1889300
20061120 240.75 245.00 237.75 242.00 5690000
20061121 242.00 244.25 242.00 243.25 5570100
20061122 245.00 245.00 236.00 238.50 1563500
20061123 235.00 242.25 235.00 239.25 1940200
20061124 240.00 243.00 231.50 234.00 1433200
20061127 234.75 236.00 229.50 229.75 709600
20061128 226.50 233.50 223.75 231.50 2124100
20061129 239.50 240.00 233.75 239.00 2590900
20061130 242.50 246.75 233.00 234.75 1901900
20061201 238.50 244.75 231.00 234.25 2415300
20061204 233.25 234.75 230.50 231.00 531400
20061205 234.75 237.50 233.00 235.50 1270800
20061206 238.00 240.00 234.00 235.75 1500800
20061207 232.25 235.25 230.25 234.50 3790400
20061208 234.00 235.50 233.50 235.50 693400
20061211 237.75 238.00 236.50 237.50 2429900
20061212 239.25 242.25 238.75 240.50 2407800
20061213 241.00 247.50 241.00 245.00 5130400
20061214 248.75 251.75 239.00 243.00 1634000
20061215 241.00 246.25 240.00 241.00 3187800
20061218 241.50 250.00 241.25 244.25 2966000
20061219 249.00 259.50 249.00 259.00 6657900
20061220 262.75 270.00 262.75 268.25 3388500
20061221 264.00 267.50 262.00 264.25 1281600
20061222 267.50 270.50 264.00 269.25 735000
20061227 266.00 266.75 260.00 262.00 964800
20061228 262.75 265.25 261.00 262.00 402800
20061229 265.75 269.00 260.75 262.00 360100
20070102 275.00 275.00 260.50 267.25 1875800
20070103 266.75 267.75 263.00 263.50 1814400
20070104 258.25 261.00 249.00 255.50 3179300
20070105 255.75 262.00 249.00 251.25 2912800
20070108 254.00 260.25 254.00 254.75 1803100
20070109 258.75 258.75 250.75 251.00 1393900
20070110 247.25 252.50 245.50 247.75 1393900
20070111 246.00 253.50 244.25 250.00 2036300
20070112 255.00 259.50 246.00 252.50 1561400
20070115 251.00 256.75 251.00 252.75 1567800
20070116 252.50 253.75 244.25 245.00 3075600
20070117 248.75 248.75 244.50 245.75 5910000
20070118 249.00 251.75 246.75 247.50 3813600
20070119 235.50 248.00 235.50 247.00 2446900
20070122 249.00 254.25 249.00 252.50 2811900
20070123 255.50 262.00 251.00 261.00 9113800
20070124 259.00 273.50 259.00 272.75 4806500
20070125 268.75 275.00 265.25 268.50 2221200
20070126 264.25 265.75 260.25 263.50 2251300
20070129 262.50 262.50 258.50 260.25 2290700
20070130 262.00 268.75 262.00 266.50 1698400
20070131 263.50 283.25 263.50 267.25 2472000
20070201 279.50 279.50 270.00 273.75 3128200
20070202 285.00 285.00 266.00 281.50 4698800
20070205 279.50 279.50 275.25 277.75 1181500
20070206 281.50 285.25 280.25 284.25 4139000
20070207 286.25 287.50 281.50 286.00 1538900
20070208 289.75 289.75 283.50 285.50 2890900
20070209 288.00 288.00 282.00 286.00 1346600
20070212 281.25 285.75 280.75 283.00 2451200
20070213 285.00 286.00 283.00 284.75 1988000
20070214 285.00 291.75 284.00 289.50 2400100
20070215 289.50 294.00 279.75 283.25 3835500
20070216 281.50 281.50 273.00 274.25 3552000
20070220 278.00 280.25 273.75 275.75 2669200
20070221 275.25 277.00 270.75 272.00 2753100
20070222 274.25 279.50 274.00 278.25 4115300
20070223 282.25 284.75 275.75 283.75 1608900
20070226 280.50 287.25 280.50 285.25 1065500
20070227 280.50 286.25 270.00 270.25 2466100
20070228 262.00 273.00 259.50 267.25 2249300
20070301 269.25 275.50 263.75 267.00 1933100
20070302 267.50 271.25 264.00 269.00 1267900
20070305 260.75 272.00 252.50 269.75 3365200
20070306 280.00 281.50 268.00 272.50 3409200
20070307 268.50 280.00 268.50 278.00 2401500
20070308 282.00 287.25 270.00 282.25 1972800
20070309 286.50 287.25 278.75 286.50 2227700
20070312 289.75 292.00 282.25 286.50 2673700
20070313 289.50 301.25 289.00 296.50 5285300
20070314 287.50 294.00 281.00 282.50 4546700
20070315 285.00 294.25 285.00 291.75 2226400
20070316 294.00 294.00 284.75 290.75 2438500
20070319 282.00 293.50 282.00 289.75 2787100
20070320 287.25 287.25 282.00 283.00 4787300
20070321 281.75 283.00 279.00 280.50 6723000
20070322 286.00 290.00 281.50 286.00 2637500
20070323 288.75 293.25 285.50 291.00 2240900
20070326 288.25 289.25 285.75 287.00 1642600
20070327 275.00 279.00 269.25 270.00 32275900
20070328 268.00 271.00 265.25 266.75 6994800
20070329 265.75 270.75 265.00 268.50 3412300
20070330 272.00 272.50 264.75 268.75 3721800
20070402 264.75 269.25 263.25 265.50 5609000
20070403 269.00 272.25 265.00 270.50 3833300
20070404 272.00 275.50 267.75 272.75 6075900
20070405 270.25 277.50 270.25 274.75 3201200
20070410 272.50 280.00 272.50 275.00 4318000
20070411 278.00 281.50 275.75 281.00 4032700
20070412 277.50 279.25 271.50 277.50 3563800
20070413 274.50 285.75 274.50 285.00 4297600
20070416 289.00 289.25 283.50 286.25 4063800
20070417 282.00 287.00 276.25 280.00 9896700
20070418 281.50 281.75 277.75 278.50 4701800
20070419 274.00 277.75 274.00 276.25 1383600
20070420 279.50 280.00 276.00 277.75 2390400
20070423 281.25 281.25 277.25 279.00 1588800
20070424 279.50 279.50 274.50 275.00 1675100
20070426 280.00 286.75 279.50 283.25 3249000
20070427 275.00 291.00 275.00 279.25 2816500
20070430 283.50 283.50 279.75 281.75 1559900
20070501 278.00 282.00 278.00 280.75 1250700
20070502 277.00 289.75 276.50 280.75 1578500
20070503 284.75 290.75 278.75 283.00 2703200
20070504 282.25 286.50 281.25 283.25 1206800
20070508 280.00 281.75 275.25 275.75 2895500
20070509 274.50 281.50 274.50 276.25 2627200
20070510 277.25 281.25 276.50 278.25 1786500
20070511 273.75 277.25 272.50 275.50 1976900
20070514 279.50 279.75 275.25 276.75 1698500
20070515 273.25 284.00 273.25 275.50 3565700
20070516 274.00 278.25 274.00 277.00 1700000
20070517 279.75 292.00 276.50 289.50 5323000
20070518 290.50 299.25 290.50 296.25 2923000
20070521 300.00 302.00 292.00 293.00 3555000
20070522 294.50 294.50 290.50 293.75 2681100
20070523 310.50 316.00 306.75 308.50 6953000
20070524 303.75 310.75 303.75 307.00 4273400
20070525 305.00 310.50 305.00 310.25 3327700
20070529 315.00 316.50 309.50 312.50 2293600
20070530 307.00 311.25 305.25 309.00 2901800
20070531 313.75 314.00 310.00 310.50 3886400
20070604 311.25 314.75 309.50 311.50 1248300
20070605 312.50 319.25 312.50 319.25 2483800
20070606 316.00 319.00 309.00 313.00 3164400
20070607 317.50 319.00 301.50 316.50 3095700
20070608 315.75 316.50 305.75 306.25 3323400
20070611 312.50 313.75 304.75 308.75 1066200
20070612 307.25 313.25 306.50 308.25 1527700
20070613 304.50 310.00 303.75 308.00 1867600
20070614 312.00 314.00 308.50 313.00 3233600
20070615 316.50 318.75 313.00 318.25 2479200
20070618 320.00 322.00 314.75 318.00 3848200
20070619 321.25 321.25 313.75 317.25 3261800
20070620 321.50 332.50 319.25 323.75 7138800
20070621 319.00 340.00 317.00 321.50 4577300
20070622 323.50 326.50 322.00 323.50 5258800
20070625 319.00 324.00 311.00 320.75 3151100
20070626 320.00 333.50 319.00 326.25 3883500
20070627 325.00 325.00 318.00 320.00 3757400
20070628 325.00 342.25 324.25 337.25 5347000
20070629 336.00 349.75 335.25 338.50 3765200
20070702 333.25 346.00 333.00 342.00 2733100
20070703 337.75 342.25 323.25 336.25 6314400
20070704 332.50 341.25 330.50 337.25 1961200
20070705 334.50 340.00 330.25 332.50 4827800
20070706 328.50 336.00 328.50 334.00 3218300
20070709 333.50 336.00 330.50 334.25 3981500
20070710 332.75 337.25 328.75 329.75 4600200
20070711 327.75 330.50 322.50 325.50 2457000
20070712 330.00 335.25 326.25 333.00 3449300
20070713 337.75 342.25 333.00 339.75 2372100
20070716 341.50 341.50 334.50 336.25 1265900
20070717 331.00 337.50 322.75 326.50 3161200
20070718 319.50 325.50 317.50 322.50 1779100
20070719 327.75 333.00 324.25 330.00 2330400
20070720 333.00 333.25 323.00 324.75 1502900
20070723 320.75 334.25 318.00 330.00 1361300
20070724 332.00 332.00 319.50 321.25 1137800
20070725 319.00 320.50 312.25 318.50 3464800
20070726 323.25 324.50 308.00 309.75 3475600
20070727 303.00 308.75 297.75 306.00 3234500
20070730 310.00 310.00 302.50 304.75 2316000
20070731 310.50 327.00 306.00 325.50 5421900
20070801 320.00 340.75 314.25 340.50 5500300
20070802 339.00 350.75 325.00 335.00 6297300
20070803 334.00 335.00 326.75 328.50 2034400
20070806 325.00 330.25 323.50 328.50 2808900
20070807 330.25 337.25 325.00 336.75 3007200
20070808 342.00 344.50 327.00 339.25 8225800
20070809 340.00 347.25 333.00 343.25 4754500
20070810 336.25 340.25 327.00 330.25 6168900
20070813 335.00 336.50 324.25 324.25 4029000
20070815 317.50 323.75 315.50 321.50 1337900
20070816 313.50 316.50 300.25 303.25 2611900
20070817 300.00 322.50 293.75 309.75 3691300
20070820 312.50 325.00 311.50 314.00 2905800
20070821 317.75 317.75 310.00 316.50 1548400
20070822 324.25 332.25 320.25 330.50 2864400
20070823 335.25 340.25 329.00 335.00 4754200
20070824 327.25 338.75 326.25 336.75 2633500
20070828 350.00 367.25 349.75 352.50 7861100
20070829 352.25 362.00 352.00 359.50 5165300
20070830 368.25 372.25 357.00 365.50 2568300
20070831 370.75 370.75 357.75 361.50 4900000
20070903 366.00 377.25 364.75 375.75 2104700
20070904 368.50 383.75 368.50 370.00 3014000
20070905 364.75 373.75 359.00 364.00 2892500
20070906 369.50 374.00 363.00 370.00 2117400
20070907 371.00 377.00 368.00 374.50 3086100
20070910 380.00 388.25 374.00 380.50 2122400
20070911 386.25 398.25 385.00 395.25 3253700
20070912 395.00 403.00 389.25 401.50 2164800
20070913 397.00 399.00 391.75 392.75 3143300
20070914 390.25 394.00 386.25 386.50 2553400
20070917 389.75 394.25 381.50 388.50 2735700
20070918 388.50 415.50 388.50 404.75 2816900
20070919 415.25 418.00 407.25 412.50 2129300
20070920 412.25 415.75 410.50 414.25 1361300
20070921 416.25 418.25 408.00 414.25 4453900
20070924 416.00 419.50 408.75 418.50 3482600
20070925 412.00 429.00 412.00 426.50 5588300
20070926 430.50 432.25 421.50 424.00 2976900
20070927 422.00 422.00 392.25 399.75 5783400
20070928 396.00 400.50 390.75 396.25 2591000
20071001 392.75 400.00 387.50 395.75 2163500
20071002 399.00 404.00 388.75 392.75 3865800
20071003 391.25 409.75 390.25 408.75 5057300
20071004 406.00 420.50 403.50 408.75 1794700
20071005 407.50 413.50 403.25 411.50 1695200
20071008 406.00 412.75 406.00 409.50 1972600
20071009 407.75 410.75 404.75 408.50 1462200
20071010 409.00 410.25 403.50 409.50 2565200
20071011 415.00 418.50 408.75 415.00 2160300
20071012 409.50 414.25 407.75 412.50 2085300
20071015 410.00 420.00 407.25 407.75 886600
20071016 404.00 414.00 402.75 408.75 1128900
20071017 411.25 431.50 409.75 419.00 2518700
20071018 418.50 418.50 409.75 414.25 1219600
20071019 414.25 415.75 399.00 401.25 1176700
20071022 389.25 406.00 387.00 396.00 2614600
20071023 401.75 413.75 399.00 407.75 1905500
20071024 400.00 413.00 400.00 403.00 1111600
20071025 408.50 418.00 407.50 416.00 2503700
20071026 414.50 424.50 414.50 423.25 1555500
20071029 419.50 425.00 413.50 420.00 847700
20071030 416.50 418.25 401.00 415.75 1481200
20071031 411.75 418.75 402.25 417.50 2170800
20071101 425.00 434.25 403.75 414.75 1991600
20071102 410.00 423.00 410.00 420.50 3146200
20071105 412.50 420.00 410.25 418.75 1063900
20071106 419.25 428.25 413.00 422.00 1485200
20071107 425.00 427.75 417.25 424.00 1231800
20071108 418.00 431.25 410.00 429.25 2491600
20071109 429.25 439.50 428.00 436.00 2079000
20071112 429.25 444.25 429.25 439.25 1940500
20071113 432.50 441.00 414.00 423.25 2444300
20071114 431.00 431.25 418.25 423.75 2126600
20071115 421.50 421.75 396.00 406.50 2728200
20071116 410.00 414.25 401.00 407.75 2749200
20071119 404.25 412.75 396.50 397.50 1803200
20071120 401.50 402.25 378.50 391.75 3215200
20071121 384.25 405.00 381.75 396.25 3073800
20071122 400.00 400.00 377.00 385.00 2183600
20071123 385.00 392.00 376.50 380.75 1713800
20071126 395.50 417.75 392.00 412.50 4805200
20071127 400.00 413.75 397.75 411.00 3106300
20071128 414.00 418.75 408.50 416.75 2495900
20071129 416.75 419.25 402.75 405.00 2248400
20071130 405.00 415.25 398.25 410.50 2861300
20071203 408.25 411.00 397.00 398.50 1658200
20071204 396.75 396.75 378.50 386.50 3654800
20071205 387.75 403.50 380.75 400.75 1830000
20071206 405.50 409.75 386.50 392.50 2667100
20071207 392.50 399.50 377.25 381.50 2391100
20071210 382.50 387.50 375.00 385.00 2513400
20071211 389.00 389.00 379.75 385.00 1276300
20071212 380.00 397.75 377.25 390.50 1933700
20071213 389.00 402.25 385.75 395.25 3642200
20071214 396.75 412.50 395.00 406.25 2375800
20071217 407.00 430.50 398.25 427.25 4127500
20071218 422.00 444.50 422.00 439.75 2979200
20071219 442.00 442.00 423.00 428.00 5158500
20071220 430.75 438.00 426.75 432.50 1510300
20071221 433.25 436.00 429.75 432.25 2540200
20071224 428.00 434.50 427.25 434.00 347400
20071227 438.25 439.00 426.50 435.00 1037600
20071228 429.50 448.75 427.25 440.50 866500
20071231 436.50 441.50 425.00 433.00 309100
20080102 436.00 443.75 427.75 430.00 1413300
20080103 432.00 438.50 423.50 434.00 2228800
20080104 436.75 446.00 427.25 433.00 3928800
20080107 436.50 440.00 421.75 426.00 2111300
20080108 429.00 434.00 416.00 419.25 2985000
20080109 414.25 420.75 398.00 406.50 2432600
20080110 412.50 417.75 379.00 383.00 3382300
20080111 386.00 387.00 371.50 381.75 2770900
20080114 378.25 398.25 378.00 391.00 3534900
20080115 393.25 397.50 381.75 385.00 2462500
20080116 379.50 381.25 350.50 358.25 3919300
20080117 369.00 372.00 348.75 358.50 4441000
20080118 360.00 369.00 350.00 364.50 4435200
20080121 362.25 364.00 330.00 334.00 3581900
20080122 322.00 343.50 308.25 339.50 4153500
20080123 347.50 359.75 327.50 339.00 4162200
20080124 350.25 360.00 340.50 345.50 2733700
20080125 353.25 356.25 343.75 352.25 2783700
20080128 344.25 356.75 341.75 353.25 2536200
20080129 358.50 373.25 355.75 370.00 5292600
20080130 370.00 379.00 364.75 372.00 3059800
20080131 379.50 382.00 365.25 379.00 4678900
20080201 385.75 397.00 382.00 392.25 3713100
20080204 393.00 401.75 386.75 399.00 2245800
20080205 400.75 407.25 396.00 399.00 2130900
20080206 392.25 402.00 382.25 384.25 2035200
20080207 380.00 391.25 380.00 386.75 2235000
20080208 392.25 397.50 385.00 396.50 2799900
20080211 390.75 403.50 390.75 399.00 2906100
20080212 396.00 406.00 392.75 403.50 6291200
20080213 398.50 404.75 397.00 401.50 2294600
20080214 408.75 412.00 403.00 410.75 1526000
20080215 402.00 411.00 401.25 408.25 1632600
20080218 410.00 419.50 407.50 410.75 901100
20080219 406.25 414.50 402.75 410.50 1345800
20080220 402.50 413.50 402.50 405.75 1705200
20080221 411.75 411.75 400.00 402.25 1230700
20080222 397.50 403.75 393.75 398.00 2846800
20080225 400.00 405.75 389.50 396.50 2581500
20080226 396.25 404.00 395.00 401.75 3171200
20080227 405.25 408.75 396.25 408.75 827600
20080228 402.75 414.50 399.50 409.75 2211700
20080229 406.00 431.25 395.00 414.25 4844200
20080303 407.75 411.25 395.00 408.00 3241800
20080304 416.25 419.00 396.25 398.25 4095000
20080305 405.00 425.25 402.00 420.75 5683700
20080306 419.75 427.00 413.00 424.25 4198000
20080307 417.00 429.00 415.00 421.75 2326500
20080310 422.00 426.00 413.50 415.00 2193900
20080311 415.25 426.25 413.75 419.50 2851300
20080312 430.00 430.00 417.00 429.50 2972300
20080313 419.50 427.25 414.75 418.00 2157900
20080314 417.75 421.50 404.25 407.25 2061000
20080318 400.25 401.75 370.75 381.25 4190300
20080319 380.25 395.00 372.75 384.00 2831300
20080320 378.25 389.00 371.25 380.00 4688600
20080325 391.75 392.75 380.25 383.00 2371000
20080326 379.25 395.00 379.25 393.50 2361400
20080327 396.00 404.25 391.25 392.25 1796200
20080328 395.00 401.00 390.00 399.00 2165000
20080331 394.00 409.75 394.00 405.50 2767800
20080401 401.75 414.00 396.25 407.00 2461000
20080402 403.00 408.00 395.75 401.00 3278300
20080403 402.75 404.00 391.00 393.75 1706000
20080404 397.00 398.25 386.00 397.00 1627700
20080407 397.25 407.50 397.00 402.00 1668800
20080408 398.00 399.25 393.75 396.50 1819600
20080409 397.50 401.25 393.00 398.00 1867000
20080410 397.25 405.75 390.25 405.00 1864700
20080411 405.00 416.50 401.75 415.00 3859100
20080414 409.00 412.00 401.75 406.75 1265000
20080415 411.00 426.50 410.75 422.25 2511600
20080416 423.50 438.00 423.50 438.00 3852500
20080417 441.00 461.00 440.00 449.75 4225700
20080418 450.25 457.00 443.00 453.75 2954400
20080421 453.00 454.75 448.00 452.25 3422600
20080422 452.25 457.75 449.00 454.75 2135300
20080423 447.75 472.00 447.75 467.25 3879700
20080424 468.25 475.00 449.50 456.75 6256100
20080425 450.00 459.00 447.00 453.50 17943300
20080428 455.00 455.00 431.75 434.00 5839000
20080429 434.00 443.50 417.00 425.75 7123000
20080430 430.25 440.50 424.25 429.50 5074500
20080501 430.25 438.00 429.00 434.25 1996600
20080502 436.25 448.75 428.25 430.25 3025100
20080506 443.75 443.75 432.50 440.75 4621900
20080507 439.50 448.00 439.25 447.25 3005200
20080508 446.25 457.75 442.00 457.00 2431000
20080509 453.25 459.75 453.25 457.75 2220100
20080512 459.50 465.00 457.50 460.50 1973300
20080513 460.00 462.00 442.75 445.75 2627700
20080514 445.00 455.25 443.25 448.00 2266600
20080515 445.25 460.25 445.00 457.00 2132000
20080516 458.00 470.50 458.00 463.00 3796700
20080519 465.00 472.25 463.25 470.00 4887400
20080520 471.50 471.50 453.25 454.00 2464800
20080521 454.75 475.25 454.75 474.25 2360500
20080522 474.00 482.75 468.00 470.25 3486300
20080523 469.75 473.00 462.00 462.00 2010900
20080527 463.00 468.00 450.25 451.25 2369300
20080528 450.50 461.25 450.00 459.25 1642100
20080529 459.25 470.00 455.75 457.75 2374300
20080530 456.50 456.50 439.25 446.00 3665300
20080602 441.50 448.75 439.25 446.50 2098700
20080603 447.25 454.25 447.00 450.00 2262500
20080604 449.50 453.00 438.25 450.00 3832400
20080605 448.75 459.00 445.50 457.00 2106500
20080606 462.75 470.00 461.50 465.25 3020700
20080610 473.00 477.75 469.50 469.50 2864000
20080611 472.50 472.50 457.00 458.50 2337500
20080612 461.00 464.00 451.50 455.00 1953100
20080613 455.00 455.50 445.00 448.50 1389100
20080616 447.25 455.75 446.25 454.00 1351300
20080617 452.25 468.50 452.25 463.75 1835600
20080618 461.50 462.50 447.00 448.50 2157400
20080619 448.75 456.75 444.50 453.00 2819900
20080620 453.50 462.25 452.75 457.00 2356100
20080623 455.00 465.75 455.00 463.25 3942400
20080624 465.50 480.50 465.00 478.75 5046700
20080625 478.50 480.00 468.50 469.50 2709900
20080626 467.50 468.25 459.25 461.50 1717600
20080627 459.50 475.00 459.50 469.75 1820900
20080630 469.50 494.50 462.75 494.50 2670600
20080701 496.25 503.50 475.75 475.75 3734400
20080702 479.00 483.75 465.25 465.25 1967200
20080703 466.75 468.50 446.75 452.25 3448100
20080704 450.75 455.25 446.00 446.50 1637700
20080707 448.75 454.00 444.50 450.25 3825100
20080708 445.50 455.00 441.25 449.75 2189000
20080709 451.75 452.00 433.50 437.75 2171900
20080710 433.75 433.75 420.75 424.00 3381800
20080711 424.50 434.50 424.25 428.75 1852500
20080714 430.75 438.50 424.75 425.75 1381400
20080715 424.00 428.50 400.00 407.75 3204900
20080716 408.25 410.00 396.25 398.25 2795200
20080717 400.00 411.00 396.50 401.50 2963900
20080718 399.75 401.50 384.50 386.75 3031100
20080721 387.50 415.50 384.75 402.00 3522400
20080722 400.50 427.50 400.50 413.25 3318700
20080723 415.25 423.75 408.50 411.50 1638200
20080724 414.75 419.25 395.25 397.25 2253800
20080725 395.25 405.75 395.25 401.75 2676200
20080728 400.75 409.50 400.75 406.00 2393100
20080729 406.00 422.25 405.25 411.50 1326400
20080730 413.25 424.75 407.75 415.75 1608300
20080731 418.00 430.00 417.75 423.00 2248100
20080801 420.75 424.25 413.75 415.75 1643400
20080804 417.75 425.00 410.00 412.25 1820700
20080805 412.50 414.25 387.50 391.25 4056300
20080806 395.25 404.50 392.25 403.75 2383700
20080807 404.50 412.00 399.50 409.75 1338900
20080808 406.25 412.00 400.00 402.00 1252600
20080811 405.00 407.00 393.50 395.25 2370800
20080812 392.50 393.00 377.00 384.75 6739500
20080813 385.25 387.00 375.75 380.00 4844700
20080814 381.25 399.75 381.25 397.00 3166300
20080815 398.75 399.75 392.50 395.00 1688700
20080818 394.75 408.50 392.25 401.25 1660200
20080819 395.75 406.75 394.00 405.75 2012000
20080820 410.75 434.50 407.00 414.00 4252800
20080821 412.00 439.75 410.75 437.75 1507000
20080822 439.00 450.00 432.25 446.75 2469000
20080826 450.00 450.00 424.50 435.00 7371000
20080827 437.50 447.50 430.75 446.25 4053000
20080828 444.00 467.00 443.00 455.25 4223000
20080829 454.25 478.50 454.25 476.75 2453700
20080901 471.25 475.50 454.00 455.25 2215000
20080902 457.00 457.00 423.75 428.50 4457200
20080903 414.00 428.50 412.50 417.00 2329600
20080904 420.50 430.00 407.25 408.50 2378100
20080905 407.50 415.75 397.75 412.25 3412600
20080908 423.50 433.00 421.50 426.25 1006000
20080909 427.00 428.75 390.75 393.75 4042800
20080910 393.75 414.50 380.00 409.75 3717200
20080911 410.50 419.00 396.50 403.75 2263500
20080912 409.50 417.25 406.50 414.25 2169900
20080915 402.00 402.00 380.50 389.50 3057700
20080916 384.25 384.25 328.75 342.75 6376900
20080917 352.50 369.50 343.00 360.75 6633600
20080918 361.00 371.00 355.00 359.50 5304100
20080919 362.00 389.75 359.00 380.50 5545800
20080922 386.50 391.00 372.75 386.75 2633500
20080923 383.50 391.50 368.25 380.00 2968800
20080924 379.00 385.00 374.50 381.25 2245500
20080925 382.25 384.25 367.75 372.00 2317200
20080926 368.00 376.00 355.00 360.25 1540700
20080929 358.25 361.00 335.00 335.00 2918000
20080930 325.75 342.75 316.75 338.50 4412700
20081001 338.00 355.50 338.00 353.00 2537400
20081002 350.75 371.00 325.00 325.75 2628900
20081003 327.00 327.00 310.25 322.25 2076800
20081006 311.00 317.25 279.00 290.75 2536300
20081007 294.25 304.00 266.50 274.50 3943900
20081008 264.00 273.25 232.50 252.25 9114500
20081009 259.00 283.50 247.25 277.75 4130300
20081010 232.00 271.75 225.50 253.25 4477000
20081013 265.25 274.50 252.50 271.25 3293400
20081014 296.00 310.00 258.25 260.25 2695200
20081015 250.00 260.00 223.50 225.00 7155600
20081016 221.50 223.50 193.30 208.50 3236700
20081017 210.00 220.00 191.40 203.75 5248400
20081020 208.75 228.25 199.40 226.75 3777600
20081021 233.50 250.25 228.50 236.50 3374600
20081022 217.00 225.00 212.25 218.50 3063900
20081023 216.75 222.50 199.70 208.00 3563300
20081024 198.30 203.75 180.80 190.10 3608600
20081027 183.30 188.80 171.90 174.00 3670400
20081028 179.70 187.60 166.60 181.20 3282900
20081029 192.30 212.50 189.40 206.00 3510000
20081030 213.75 248.00 213.75 230.25 3448100
20081031 232.00 244.75 218.00 240.25 2470300
20081103 247.50 252.00 234.25 240.25 1866000
20081104 241.00 285.00 233.25 282.00 3357100
20081105 282.00 289.50 248.50 253.00 2158400
20081106 245.25 245.25 218.25 219.25 3008000
20081107 219.25 236.25 213.25 217.00 3395000
20081110 225.00 252.25 222.50 239.00 2567000
20081111 244.00 244.00 221.00 221.50 1866900
20081112 232.50 240.00 208.75 216.75 2825300
20081113 212.50 232.00 209.50 222.75 2693700
20081114 235.00 243.25 221.50 226.50 2609000
20081117 226.00 237.50 220.50 222.75 1552600
20081118 223.75 223.75 193.00 206.75 6881600
20081119 206.25 220.75 191.90 192.50 7310500
20081120 186.60 190.00 176.60 183.00 5110500
20081121 185.60 200.00 185.40 190.00 5289400
20081124 198.00 210.50 198.00 206.25 7200400
20081125 207.75 225.50 199.70 215.00 5130700
20081126 211.25 222.25 205.75 206.25 3356300
20081127 209.25 220.25 208.75 211.25 4023900
20081128 213.00 218.50 207.00 212.50 3545300
20081201 213.75 214.25 192.40 192.60 2435200
20081202 190.10 203.50 185.80 197.80 3865500
20081203 200.25 213.75 180.30 189.80 6040300
20081204 190.80 192.20 180.50 185.10 3167700
20081205 182.30 186.70 161.00 163.80 4709900
20081208 165.00 174.70 151.80 155.70 5324000
20081209 153.10 172.00 153.10 168.00 5999500
20081210 170.60 189.70 168.00 182.80 5548900
20081211 184.40 197.40 178.80 192.50 5036000
20081212 183.70 200.00 181.00 197.20 4689600
20081215 203.00 207.75 189.00 199.00 6030900
20081216 201.00 205.00 189.00 200.00 4797300
20081217 200.75 207.75 175.00 198.80 5924500
20081218 198.00 217.75 198.00 200.50 4566800
20081219 200.00 204.75 185.00 194.20 14559600
20081222 196.00 197.25 187.50 195.50 2069000
20081223 191.50 201.00 191.50 194.75 1409700
20081224 192.00 195.75 177.25 187.50 569600
20081229 185.00 194.75 185.00 190.50 1568600
20081230 194.50 198.50 187.50 194.75 935000
20081231 195.50 195.50 188.00 188.25 787800
20090102 186.00 199.50 186.00 199.50 1328200
20090105 202.25 212.75 199.25 209.50 4475300
20090106 209.00 236.00 206.25 229.50 6558500
20090107 226.75 237.25 223.50 228.50 3072200
20090108 230.00 237.25 224.50 234.00 2254500
20090109 237.00 237.00 223.75 225.25 1673500
20090112 222.75 237.00 221.00 231.50 2279700
20090113 221.00 224.25 211.75 222.50 2550300
20090114 223.00 223.50 204.00 210.00 2762300
20090115 207.50 216.00 203.00 207.75 2950200
20090116 210.75 216.25 201.50 207.00 2666700
20090119 210.00 215.00 201.75 207.00 1969700
20090120 208.25 217.75 206.00 214.25 2399700
20090121 210.00 223.00 197.50 209.50 3804000
20090122 211.75 217.50 204.75 209.00 1980300
20090123 207.50 208.75 188.25 201.00 5632500
20090126 200.25 213.50 198.25 212.25 2134900
20090127 211.50 211.50 196.50 200.25 2231400
20090128 200.00 211.00 198.75 204.25 3673600
20090129 201.25 201.75 189.75 194.00 1984400
20090130 191.00 195.50 186.50 194.25 1955500
20090202 195.00 196.75 190.75 194.25 4155700
20090203 194.00 194.25 187.00 191.75 3123700
20090204 190.75 212.75 190.75 209.50 2675900
20090205 205.00 210.25 202.25 210.00 3036100
20090206 211.50 219.00 209.75 215.00 2384400
20090209 216.75 221.25 213.25 217.25 3226100
20090210 215.00 221.00 213.25 215.50 2295700
20090211 213.00 218.25 212.00 216.50 2008300
20090212 216.75 216.75 209.75 215.75 2789200
20090213 218.75 222.75 215.50 219.25 1392100
