20030101 521.50 521.50 521.50 521.50 0
20030102 519.00 529.50 507.50 525.00 868600
20030103 514.50 522.00 505.00 510.00 1283000
20030106 511.00 517.50 506.00 512.00 1342800
20030107 509.50 519.50 504.00 513.00 983100
20030108 515.00 515.00 489.00 493.50 1613700
20030109 497.00 497.00 485.00 495.00 1107800
20030110 495.00 504.50 485.00 500.00 2116200
20030113 505.00 509.50 488.00 497.50 1163400
20030114 496.00 505.50 485.50 492.50 974500
20030115 496.94 501.00 479.50 484.50 1896900
20030116 488.00 503.00 482.00 499.50 1675500
20030117 499.50 501.00 490.00 492.00 911600
20030120 495.00 504.50 491.50 495.00 1666300
20030121 500.00 507.00 491.50 500.00 1912500
20030122 493.50 506.50 493.50 501.50 2458000
20030123 512.50 520.00 486.50 496.00 2226400
20030124 496.50 513.00 484.00 489.00 2266100
20030127 488.50 488.50 467.50 472.50 2305600
20030128 479.50 480.00 463.00 476.00 2175100
20030129 463.50 475.50 454.00 470.00 1660900
20030130 469.50 486.00 466.50 486.00 1562700
20030131 485.00 491.50 470.50 482.00 2531100
20030203 483.50 499.00 479.50 493.00 1417400
20030204 495.50 499.00 470.50 474.50 1381700
20030205 468.50 492.50 468.50 488.50 1498000
20030206 492.00 506.50 480.00 487.00 1948700
20030207 490.50 494.50 481.00 488.50 1034400
20030210 499.50 499.50 475.50 490.50 881300
20030211 503.00 503.00 490.50 500.00 2164900
20030212 500.50 501.00 490.00 498.50 1234000
20030213 500.50 500.50 475.00 488.00 1295100
20030214 486.00 500.00 473.50 490.00 1320600
20030217 507.00 507.00 489.50 499.00 810400
20030218 495.00 504.00 495.00 500.00 1017400
20030219 502.50 509.50 490.50 498.00 946900
20030220 499.50 507.00 497.00 498.00 1027700
20030221 492.50 502.50 492.50 502.50 801400
20030224 500.00 504.00 498.50 502.00 1026800
20030225 498.00 498.50 484.50 492.50 895700
20030226 500.00 500.00 476.00 486.50 1050400
20030227 486.50 496.50 473.00 478.50 948500
20030228 484.00 501.00 479.00 501.00 1192800
20030303 498.00 503.50 489.00 499.50 850400
20030304 503.50 503.50 484.00 488.50 1055800
20030305 494.50 494.50 472.00 476.50 1493000
20030306 465.50 495.00 465.50 475.00 1758900
20030307 472.50 472.50 446.00 450.00 3347500
20030310 452.50 474.50 447.00 450.50 1529700
20030311 450.00 458.50 442.00 458.00 2000200
20030312 454.00 473.00 434.00 449.00 2368700
20030313 442.00 463.00 436.00 463.00 1602600
20030314 469.50 492.50 458.00 479.00 1412400
20030317 499.00 508.50 469.00 500.00 2254200
20030318 504.00 519.00 498.00 509.00 1473800
20030319 519.00 523.00 500.00 515.00 1452400
20030320 501.50 516.50 501.50 510.50 1265700
20030321 511.00 537.00 511.00 535.00 2087600
20030324 540.00 543.75 503.25 527.00 1850300
20030325 510.50 533.50 510.50 530.50 1392800
20030326 533.00 535.00 516.00 533.00 1223200
20030327 530.00 533.25 517.50 520.00 2312400
20030328 510.00 532.75 510.00 517.00 1346200
20030331 515.00 528.25 497.00 512.00 1685500
20030401 507.00 535.00 506.00 514.75 1543900
20030402 517.75 525.00 512.00 512.50 1575500
20030403 520.00 530.00 505.50 519.50 1512900
20030404 522.00 534.50 495.00 530.00 1378700
20030407 535.00 565.50 520.00 554.00 2476300
20030408 548.00 562.00 545.75 552.00 2188000
20030409 565.00 565.00 527.75 544.50 1657600
20030410 540.00 550.00 535.75 544.25 1302700
20030411 544.50 560.00 524.75 537.25 933500
20030414 535.00 558.00 532.00 539.00 821300
20030415 541.75 550.00 537.75 549.00 1814400
20030416 560.50 560.50 525.25 542.25 1246800
20030417 547.25 563.00 543.00 558.00 828900
20030418 558.00 558.00 558.00 558.00 0
20030421 558.00 558.00 558.00 558.00 0
20030422 563.50 563.50 540.00 554.00 641000
20030423 555.00 586.25 555.00 579.00 1573400
20030424 578.00 598.25 572.00 578.00 1651500
20030425 572.50 585.00 553.00 576.00 1474100
20030428 575.50 585.00 560.00 582.00 923600
20030429 590.00 599.50 575.75 589.00 1812400
20030430 590.00 614.25 590.00 605.00 2870200
20030501 605.25 618.75 600.00 602.00 1119100
20030502 603.00 606.50 590.75 600.00 3510600
20030505 600.00 600.00 600.00 600.00 0
20030506 594.50 622.25 581.00 618.00 1800500
20030507 618.00 626.00 595.00 618.00 2943100
20030508 610.00 613.00 602.00 603.75 1455400
20030509 604.00 611.50 604.00 610.00 1112700
20030512 618.00 618.00 596.25 611.00 1618000
20030513 611.00 624.75 595.50 614.00 1267600
20030514 613.25 622.50 608.50 612.25 1482100
20030515 618.25 621.75 606.25 620.00 894100
20030516 614.50 635.00 610.25 630.00 2494800
20030519 637.00 637.00 610.00 619.00 841900
20030520 624.25 624.25 606.25 610.00 2084300
20030521 606.00 610.25 596.25 608.00 1090600
20030522 605.75 617.00 590.00 612.00 1900100
20030523 615.00 625.00 610.50 614.00 1110500
20030526 614.00 614.00 614.00 614.00 0
20030527 629.00 629.00 611.75 619.25 2132700
20030528 624.75 630.00 621.50 627.00 2457900
20030529 625.25 657.00 620.50 652.25 1896600
20030530 641.00 674.00 641.00 660.00 3321300
20030602 663.50 667.75 653.00 667.00 1058400
20030603 652.50 661.50 647.50 652.50 1145400
20030604 646.00 677.00 646.00 667.00 1278600
20030605 670.00 676.25 666.00 669.25 1095100
20030606 675.00 702.00 670.50 696.00 1432300
20030609 696.00 700.00 688.25 693.00 1039100
20030610 693.00 693.00 672.50 676.00 1485700
20030611 673.25 693.00 667.50 672.00 2277800
20030612 673.00 694.50 673.00 680.00 2035800
20030613 671.75 684.25 671.75 678.00 821700
20030616 670.25 689.00 670.00 685.50 1279700
20030617 674.00 712.75 674.00 706.75 2608100
20030618 703.00 709.75 680.00 686.75 1872300
20030619 680.25 684.00 673.50 675.00 1888500
20030620 677.50 689.25 671.75 685.75 1555600
20030623 690.00 690.50 672.50 680.75 1826700
20030624 685.00 697.25 657.50 670.00 1088100
20030625 666.00 686.25 654.75 661.50 1919800
20030626 657.75 670.00 654.75 664.25 1320900
20030627 674.00 674.25 666.00 671.00 752800
20030630 664.50 689.50 664.50 670.25 1763500
20030701 665.00 680.00 654.50 656.50 1336000
20030702 670.00 670.00 658.50 660.50 1468900
20030703 669.25 679.00 661.00 678.00 1128700
20030704 670.00 680.75 669.50 673.50 567700
20030707 685.00 685.00 670.00 681.00 1134000
20030708 676.50 699.25 674.50 694.75 910000
20030709 698.25 712.25 686.50 700.25 1746100
20030710 685.00 690.00 672.00 689.50 1999500
20030711 689.75 689.75 669.00 674.00 1480800
20030714 676.25 688.50 675.00 681.75 1744700
20030715 671.50 686.00 668.50 672.00 1802800
20030716 668.75 675.00 666.75 670.00 2119700
20030717 666.75 670.00 651.75 658.00 1659200
20030718 660.00 666.50 660.00 665.00 2276600
20030721 676.00 676.00 656.00 661.00 906200
20030722 657.50 665.00 655.75 658.00 947500
20030723 667.00 669.00 642.00 655.00 1629200
20030724 665.00 665.00 652.25 658.50 1714300
20030725 656.00 680.00 656.00 670.75 1576300
20030728 671.00 680.00 666.50 671.50 778100
20030729 673.75 688.00 668.00 669.25 1324000
20030730 673.50 679.75 665.75 670.00 967000
20030731 663.25 688.25 663.25 674.25 1771800
20030801 675.50 682.00 666.25 666.25 1282100
20030804 669.75 671.50 665.00 665.00 922200
20030805 667.00 669.00 649.75 657.75 1507300
20030806 657.75 658.50 646.50 649.00 1590400
20030807 651.00 669.00 648.50 652.00 944700
20030808 654.00 670.00 650.25 663.00 1434500
20030811 666.00 678.00 655.75 667.00 845600
20030812 667.00 675.00 665.25 672.00 1205300
20030813 672.50 690.00 672.50 685.00 1501900
20030814 694.25 694.75 678.00 690.00 1379100
20030815 694.00 727.75 691.50 708.75 1889800
20030818 708.00 718.50 700.00 718.50 1102100
20030819 718.50 737.00 718.50 735.00 1979200
20030820 748.00 754.75 722.25 725.50 2540100
20030821 724.25 735.75 716.50 731.25 880800
20030822 731.57 743.25 724.00 740.00 950300
20030825 740.00 740.00 740.00 740.00 0
20030826 731.25 752.00 711.00 715.25 1487800
20030827 715.50 739.75 701.50 722.25 807800
20030828 725.00 732.25 705.50 714.00 1501700
20030829 708.50 733.75 704.75 725.00 1466400
20030901 723.00 749.75 721.75 725.50 1497000
20030902 734.50 734.50 711.00 722.00 2149700
20030903 732.75 748.75 721.50 734.00 1045100
20030904 734.75 734.75 717.00 720.50 1100500
20030905 715.00 728.00 712.00 719.00 1699300
20030908 712.75 738.88 710.30 734.00 955000
20030909 723.25 735.15 720.82 733.00 923600
20030910 730.00 729.50 712.25 718.00 1008500
20030911 717.25 724.00 704.50 720.50 1126500
20030912 727.75 727.75 703.50 707.75 1020500
20030915 706.00 713.50 704.00 707.25 1124800
20030916 710.00 713.50 691.75 712.00 714400
20030917 714.75 717.25 707.00 709.75 1514800
20030918 714.00 727.00 710.25 717.00 1047300
20030919 723.75 740.00 715.00 719.00 1677000
20030922 720.00 725.00 705.25 716.25 1453500
20030923 720.00 716.50 713.00 714.00 2633700
20030924 720.50 722.25 693.00 695.50 1998500
20030925 695.50 713.00 685.75 698.00 2138300
20030926 700.00 715.00 695.00 705.50 1451000
20030929 712.00 713.25 699.00 704.00 1210600
20030930 715.00 715.00 689.50 702.25 1849900
20031001 693.00 695.50 681.50 689.00 2551600
20031002 702.00 702.00 683.50 693.00 1810100
20031003 689.00 714.75 689.00 712.75 1187700
20031006 690.00 719.50 690.00 716.75 1036800
20031007 714.00 721.75 712.00 716.00 1486000
20031008 718.00 730.00 718.00 722.50 1235500
20031009 726.00 735.75 711.00 729.25 1071300
20031010 729.50 736.75 720.50 730.25 1193100
20031013 730.00 752.50 730.00 751.00 1505300
20031014 750.25 750.75 725.00 738.00 1356900
20031015 744.00 755.00 738.50 750.25 1275300
20031016 713.00 753.75 713.00 752.50 1000800
20031017 755.50 756.75 743.00 750.00 1877800
20031020 749.75 755.00 740.75 754.50 1212800
20031021 753.50 755.50 748.00 754.75 1277600
20031022 751.25 756.25 731.00 736.00 3458100
20031023 715.25 728.00 715.25 720.00 2296800
20031024 718.75 729.25 714.00 723.25 1779200
20031027 735.00 735.00 715.25 726.50 513900
20031028 734.75 734.75 707.00 722.00 2281600
20031029 729.00 729.00 718.00 720.00 1439300
20031030 719.50 725.50 715.50 724.50 1852400
20031031 724.25 726.75 710.75 722.25 1195200
20031103 722.50 728.50 715.25 727.00 1704900
20031104 722.00 730.25 712.50 726.50 1297200
20031105 718.00 740.00 717.00 717.50 999100
20031106 729.50 734.75 720.00 732.00 1750900
20031107 725.00 736.25 717.75 725.00 2125300
20031110 717.00 729.75 717.00 725.00 939100
20031111 729.75 729.75 721.50 725.50 747000
20031112 728.75 728.75 721.25 727.25 459900
20031113 726.00 740.75 721.25 722.50 1175400
20031114 727.00 727.00 720.25 723.50 955700
20031117 716.25 722.00 706.25 709.00 1979400
20031118 709.25 715.25 706.00 711.25 1517800
20031119 699.50 721.50 699.50 720.50 1979900
20031120 729.25 729.25 717.75 720.25 1599400
20031121 720.00 732.75 719.75 724.25 1949100
20031124 721.25 734.25 721.25 731.50 1215800
20031125 733.25 735.50 730.50 731.50 1066500
20031126 731.50 746.75 731.50 742.50 975800
20031127 744.00 750.00 732.50 743.00 1093200
20031128 740.00 752.75 737.50 744.50 1642900
20031201 739.50 769.75 739.50 767.00 2153900
20031202 759.50 773.75 750.00 758.50 1205100
20031203 760.00 780.25 754.75 775.00 1725600
20031204 774.00 774.25 750.25 761.75 1490500
20031205 740.50 765.00 740.50 759.75 788800
20031208 752.00 761.00 752.00 758.00 429400
20031209 759.00 776.50 756.50 765.50 1169300
20031210 765.50 776.00 748.00 753.75 1391000
20031211 752.00 754.25 738.75 740.75 2402200
20031212 742.50 753.00 740.75 750.50 2046500
20031215 767.50 767.50 747.50 750.00 984800
20031216 748.25 755.75 743.25 750.00 1520700
20031217 763.22 768.75 747.00 765.50 3043300
20031218 764.00 773.50 760.50 763.00 1856400
20031219 767.75 771.00 759.25 760.00 1753400
20031222 769.50 778.00 763.00 770.00 1212400
20031223 777.50 783.00 766.00 774.50 610100
20031224 765.50 782.50 765.50 777.00 124200
20031225 777.00 777.00 777.00 777.00 0
20031226 777.00 777.00 777.00 777.00 0
20031229 775.50 793.00 775.50 780.50 485200
20031230 787.00 797.50 782.50 787.50 613400
20031231 787.50 793.50 783.00 790.00 170700
20040101 790.00 790.00 790.00 790.00 0
20040102 794.00 790.50 783.50 787.50 551100
20040105 789.50 795.00 782.00 789.50 1002400
20040106 800.00 800.00 772.00 775.00 1562000
20040107 774.50 774.50 756.00 764.00 1782100
20040108 768.00 770.00 746.50 750.50 3094600
20040109 750.00 755.00 743.00 754.00 3085800
20040112 741.00 756.00 738.50 741.00 1427800
20040113 745.50 746.50 735.00 743.50 2524100
20040114 745.89 790.00 755.00 787.00 4221600
20040115 790.00 790.00 763.00 764.00 3773100
20040116 765.50 780.50 765.00 780.50 2156900
20040119 775.00 790.00 772.50 780.00 755300
20040120 776.50 782.50 774.00 778.50 1063500
20040121 775.00 787.00 773.50 780.50 2231000
20040122 782.00 784.50 774.00 775.00 1308000
20040123 767.50 780.00 760.00 766.50 1665300
20040126 777.00 777.00 760.00 768.00 1378100
20040127 775.00 783.00 760.00 776.00 1957700
20040128 775.00 788.00 774.50 779.00 1271900
20040129 762.47 772.00 758.00 762.00 1706300
20040130 760.50 772.50 760.50 764.50 1816000
20040202 770.00 787.00 770.00 781.50 2293500
20040203 774.50 794.50 772.00 790.00 2250400
20040204 785.00 796.00 780.00 785.00 1669900
20040205 786.50 793.50 780.00 790.50 1698200
20040206 795.00 795.00 785.00 790.00 1131000
20040209 788.00 805.00 788.00 802.50 1246000
20040210 808.00 829.00 808.00 819.00 2552600
20040211 817.00 819.50 814.50 818.00 1446500
20040212 838.00 838.00 815.50 826.50 1625000
20040213 830.50 830.50 825.00 828.00 1865600
20040216 828.00 841.50 827.00 837.00 1359800
20040217 835.00 835.50 828.00 832.00 1609800
20040218 831.00 838.00 825.00 827.50 2078900
20040219 826.00 835.00 826.00 832.00 1489800
20040220 830.00 830.50 823.00 825.00 1521000
20040223 820.00 829.00 820.00 825.00 1782200
20040224 826.50 830.50 821.00 821.50 875900
20040225 819.50 823.50 807.00 810.00 1511600
20040226 816.50 826.00 808.00 817.00 816700
20040227 819.00 832.00 812.00 813.50 1664900
20040301 817.00 850.00 813.00 838.00 1581600
20040302 830.00 850.00 830.00 841.00 1553700
20040303 830.00 840.00 815.50 818.50 2362200
20040304 820.00 834.00 820.00 830.00 1163900
20040305 830.50 840.50 816.00 839.50 2068000
20040308 852.50 852.50 836.50 843.00 803000
20040309 841.00 857.00 825.00 832.00 910500
20040310 833.00 833.00 815.00 820.50 1518700
20040311 815.00 816.50 792.00 799.50 1666600
20040312 798.50 820.00 784.50 817.00 1202600
20040315 811.00 820.00 804.00 804.00 867900
20040316 798.00 817.00 792.00 816.00 1295500
20040317 814.50 838.50 806.50 835.00 1185200
20040318 834.50 845.50 827.00 831.00 1921700
20040319 831.00 855.00 831.00 852.50 1238200
20040322 839.00 839.00 808.50 826.50 2714900
20040323 828.50 829.50 815.00 821.50 1558900
20040324 822.00 835.50 829.00 832.50 1332300
20040325 841.00 847.50 827.00 835.50 1208600
20040326 841.00 841.00 828.50 833.00 1659100
20040329 835.00 845.00 823.00 840.00 1851800
20040330 840.50 858.00 840.50 857.00 2240900
20040331 850.00 854.00 840.00 844.50 2306300
20040401 846.00 852.50 842.00 844.50 1464000
20040402 850.00 865.00 845.00 855.00 2155800
20040405 857.00 861.50 843.00 850.00 1532700
20040406 864.50 864.50 841.50 846.00 1442700
20040407 854.00 854.00 837.00 844.00 1900500
20040408 843.50 862.00 843.50 852.00 1027600
20040409 852.00 852.00 852.00 852.00 0
20040412 852.00 852.00 852.00 852.00 0
20040413 845.00 859.00 836.50 842.50 1780300
20040414 840.00 840.00 808.50 821.50 2997500
20040415 821.50 828.00 819.00 824.00 1412000
20040416 826.50 826.50 806.00 813.00 3214800
20040419 812.00 829.50 812.00 826.00 1462700
20040420 828.00 844.00 828.00 835.50 1325600
20040421 830.00 835.00 814.50 817.00 2669800
20040422 812.50 842.00 812.50 840.50 1429900
20040423 850.00 864.50 844.00 856.00 2866000
20040426 852.00 855.00 843.50 846.50 1747500
20040427 842.50 855.50 842.00 850.00 1082700
20040428 842.00 862.00 842.00 852.00 1841400
20040429 852.00 854.00 835.50 844.50 1736800
20040430 846.00 846.00 822.50 826.50 1334700
20040503 826.50 826.50 826.50 826.50 0
20040504 828.50 832.50 808.50 830.00 2104100
20040505 828.00 843.50 828.00 842.00 1586900
20040506 840.50 848.00 837.00 843.50 3082800
20040507 840.50 850.00 810.00 815.00 3790700
20040510 804.50 813.00 788.00 789.00 2017100
20040511 797.50 802.00 781.00 802.00 2262900
20040512 804.00 808.00 793.00 798.00 1848600
20040513 791.50 804.50 791.50 795.50 1135100
20040514 796.00 797.00 784.00 789.50 2181600
20040517 777.00 782.50 772.00 781.00 1338200
20040518 788.00 793.00 780.00 787.50 1184800
20040519 785.00 812.00 785.00 804.00 1907600
20040520 804.00 807.50 794.50 806.00 2103500
20040521 804.00 824.50 804.00 820.00 2977200
20040524 818.50 829.00 813.50 816.00 1224900
20040525 815.50 825.00 812.00 817.50 1255200
20040526 817.50 833.00 817.50 823.50 1141200
20040527 825.00 834.00 821.50 828.50 1133800
20040528 826.00 835.50 813.00 821.00 2415900
20040531 821.00 821.00 821.00 821.00 0
20040601 819.00 829.00 816.50 820.00 846500
20040602 822.00 841.50 818.50 831.50 1895300
20040603 829.50 830.50 819.00 828.00 1067700
20040604 835.00 845.00 825.00 841.00 995800
20040607 838.50 857.00 838.50 847.00 978900
20040608 847.50 850.00 835.00 835.00 1509800
20040609 841.50 843.00 828.50 839.00 1327200
20040610 839.00 842.50 827.00 836.00 1239400
20040611 843.00 843.00 830.50 832.50 736700
20040614 835.00 835.00 817.50 817.50 1304600
20040615 810.50 824.50 810.50 821.00 1565400
20040616 828.00 828.00 814.00 822.00 1298600
20040617 822.00 827.50 819.50 825.00 1463000
20040618 820.00 833.50 819.50 829.00 1382700
20040621 828.50 835.50 826.00 832.00 1043800
20040622 840.00 848.00 840.00 842.00 2851500
20040623 842.00 848.00 841.00 842.00 1715600
20040624 845.00 848.50 837.00 842.00 1931100
20040625 836.00 851.50 836.00 847.50 1384500
20040628 844.50 849.50 836.50 848.00 1675200
20040629 846.00 858.00 846.00 854.50 1881600
20040630 855.50 859.00 855.00 855.00 1976100
20040701 852.00 864.50 851.00 851.50 1478600
20040702 856.50 856.50 841.00 845.50 1825800
20040705 848.50 853.00 837.50 838.50 938300
20040706 841.00 842.00 824.00 826.50 1693100
20040707 827.00 840.00 827.00 833.00 1901600
20040708 825.50 829.50 821.50 823.00 1323800
20040709 824.00 832.00 814.50 830.50 1774200
20040712 833.50 842.00 830.50 832.50 1272000
20040713 845.00 888.00 845.00 875.00 5449900
20040714 880.00 880.00 860.50 870.00 2235000
20040715 866.50 876.00 859.50 874.00 1898600
20040716 875.00 879.00 870.00 874.00 1323100
20040719 875.00 877.00 870.00 870.00 1599400
20040720 866.00 872.00 864.00 867.00 2091900
20040721 880.00 880.00 862.00 864.50 2739300
20040722 860.50 861.00 848.50 850.50 1085500
20040723 858.00 865.00 853.50 856.50 1829100
20040726 856.00 856.00 846.00 849.50 703300
20040727 852.00 860.00 851.50 858.50 1014700
20040728 867.50 867.50 855.50 858.00 928800
20040729 860.00 861.00 852.00 856.50 1799400
20040730 863.50 863.50 851.00 855.00 2823100
20040802 856.00 861.00 846.50 858.00 841500
20040803 856.00 861.00 851.00 860.00 1325500
20040804 846.00 861.00 846.00 859.50 863500
20040805 861.00 864.50 859.00 861.00 1089800
20040806 857.00 857.00 841.50 844.00 1049600
20040809 844.00 847.00 825.50 834.00 991800
20040810 841.50 841.50 819.00 835.50 1148800
20040811 843.00 843.00 829.50 835.50 783300
20040812 838.00 840.00 821.50 822.50 1450500
20040813 816.00 830.00 816.00 822.00 706800
20040816 832.50 832.50 817.50 825.50 1405700
20040817 824.00 850.00 823.00 842.00 1725900
20040818 843.00 843.00 830.00 839.00 755000
20040819 850.50 854.00 830.00 836.00 1348200
20040820 840.00 841.50 825.00 838.00 756800
20040823 823.00 852.00 823.00 844.00 1040300
20040824 844.00 856.50 842.50 852.00 972000
20040825 850.00 861.00 850.00 859.00 1781800
20040826 858.50 862.00 854.00 860.50 1659900
20040827 862.00 863.00 855.50 858.00 997500
20040830 858.00 858.00 858.00 858.00 0
20040831 855.00 860.50 847.00 848.50 1796300
20040901 849.00 860.00 849.00 859.00 914500
20040902 861.00 869.00 852.00 861.00 1264100
20040903 862.00 872.50 856.00 871.50 1351900
20040906 829.00 879.00 829.00 878.00 1153500
20040907 874.50 900.00 871.50 874.00 1368700
20040908 867.50 888.00 867.50 882.00 1367100
20040909 883.00 903.50 877.00 885.00 1626000
20040910 885.00 889.00 881.00 887.00 763300
20040913 897.50 901.00 884.00 887.00 811700
20040914 887.00 897.50 882.00 893.50 1671300
20040915 892.50 907.00 884.00 886.00 1327400
20040916 885.00 894.50 885.00 888.50 978000
20040917 902.00 903.00 848.50 901.00 2201500
20040920 895.00 900.00 885.50 889.00 1680400
20040921 885.00 899.50 882.00 896.50 1447900
20040922 896.50 925.00 889.00 919.00 2217100
20040923 932.00 932.00 900.50 909.00 2791000
20040924 909.00 931.00 906.00 925.50 1994400
20040927 925.00 950.00 925.00 928.00 1287000
20040928 926.00 938.00 925.50 938.00 1483400
20040929 943.00 961.50 939.00 951.00 3367200
20040930 953.00 943.50 942.50 943.50 1915900
20041001 948.00 961.50 943.00 950.50 2691000
20041004 960.00 975.00 953.50 971.00 1346300
20041005 965.00 969.00 950.00 955.50 2508700
20041006 944.00 944.00 924.00 927.00 1822200
20041007 936.50 947.50 930.00 942.00 1949400
20041008 936.50 946.50 935.00 939.50 913700
20041011 944.00 947.50 916.50 939.00 988900
20041012 929.50 942.50 929.50 933.50 1193300
20041013 942.50 969.50 933.50 935.00 1701000
20041014 927.00 933.50 911.00 914.50 2904300
20041015 911.00 930.00 906.00 919.00 2532300
20041018 915.50 925.00 912.00 915.00 1117400
20041019 922.00 937.50 922.00 930.50 1761500
20041020 928.50 928.50 909.00 919.00 921500
20041021 927.00 927.00 910.00 914.00 1385900
20041022 922.00 925.50 916.50 919.00 1446500
20041025 910.50 916.50 910.50 913.00 1350700
20041026 921.50 933.50 930.00 930.00 2386000
20041027 937.00 948.50 931.50 948.50 1912000
20041028 961.50 948.00 939.50 948.00 2158900
20041029 951.00 952.00 935.00 941.00 3370800
20041101 948.00 951.50 934.00 949.00 1476000
20041102 951.00 957.50 946.00 952.00 1364700
20041103 963.50 963.50 947.00 952.00 1556500
20041104 948.00 952.50 930.50 949.00 2152600
20041105 949.50 953.50 940.00 945.00 1899000
20041108 947.00 947.00 923.50 929.50 1901600
20041109 934.00 938.50 914.00 921.00 2300700
20041110 925.00 925.00 912.50 918.50 4223000
20041111 916.00 935.50 916.00 934.00 2171100
20041112 931.50 950.50 928.00 949.00 2208500
20041115 954.00 954.00 942.00 947.00 1325400
20041116 944.00 949.00 937.00 939.00 1320700
20041117 932.00 943.50 931.50 938.50 1742900
20041118 944.00 946.00 936.00 942.50 941700
20041119 943.00 947.00 932.00 933.00 904000
20041122 933.00 933.00 917.50 925.00 1542600
20041123 925.00 933.00 921.50 921.50 959200
20041124 922.00 929.50 923.50 924.50 993600
20041125 928.00 931.00 915.00 922.00 4064500
20041126 923.50 939.00 918.00 918.00 6935900
20041129 915.00 923.00 905.50 907.00 1615800
20041130 907.50 911.50 891.50 901.00 4607400
20041201 900.00 902.00 883.00 887.00 4390200
20041202 892.00 897.50 889.50 893.00 2694800
20041203 900.50 900.50 888.50 892.50 1955800
20041206 888.00 888.00 876.00 877.00 2198600
20041207 877.00 896.00 877.00 890.00 3249800
20041208 887.50 889.00 881.00 889.00 2156300
20041209 887.00 905.00 887.00 901.50 3767100
20041210 902.50 905.00 895.00 897.50 2004100
20041213 900.00 918.50 900.00 913.50 3249700
20041214 922.00 927.00 915.00 926.00 2333700
20041215 919.00 930.00 919.00 925.00 1613300
20041216 925.00 934.00 919.00 931.50 1422400
20041217 937.00 950.00 933.00 948.50 3561600
20041220 951.00 953.00 938.50 941.50 1874700
20041221 944.50 954.00 947.00 950.00 1763500
20041222 958.00 960.50 947.50 960.00 1660700
20041223 960.00 972.00 960.00 964.50 953800
20041224 961.00 970.00 940.50 967.00 223500
20041227 967.00 967.00 967.00 967.00 0
20041228 967.00 967.00 967.00 967.00 0
20041229 957.50 981.00 957.50 970.00 845100
20041230 975.00 977.50 967.00 973.00 382400
20041231 974.00 977.00 967.00 973.50 136200
20050103 973.50 973.50 973.50 973.50 0
20050104 975.00 996.00 991.50 993.50 1748300
20050105 985.50 991.50 964.00 969.50 2529800
20050106 977.00 977.00 961.00 966.00 1738200
20050107 965.00 975.50 965.00 970.00 1378800
20050110 971.00 989.50 967.50 983.50 2043400
20050111 991.00 991.00 970.50 971.00 1395800
20050112 978.00 1010.00 967.00 969.50 1591900
20050113 978.00 982.00 959.00 976.00 1538900
20050114 967.00 992.00 967.00 988.00 2188200
20050117 1015.00 1056.00 1015.00 1047.50 3578700
20050118 1052.50 1052.50 1030.00 1048.50 1766500
20050119 1045.00 1049.50 1035.50 1042.00 1942300
20050120 1045.00 1070.00 1038.50 1070.00 1938900
20050121 1072.00 1079.00 1060.50 1073.50 1696000
20050124 1076.00 1079.00 1058.00 1077.00 1390500
20050125 1070.00 1077.00 1054.00 1056.00 2237400
20050126 1058.50 1077.00 1046.50 1074.50 2528000
20050127 1073.00 1085.00 1069.00 1083.00 1462700
20050128 1085.00 1091.00 1078.00 1082.00 1229300
20050131 1094.00 1103.50 1087.00 1098.50 1861600
20050201 1104.00 1114.00 1091.00 1106.00 1883200
20050202 1111.00 1134.50 1100.00 1132.50 2219000
20050203 1133.00 1156.00 1130.50 1139.00 2018200
20050204 1139.50 1141.50 1129.00 1138.50 1496700
20050207 1146.00 1146.00 1127.00 1132.00 2491100
20050208 1134.00 1147.00 1127.50 1135.50 1476100
20050209 1134.00 1139.50 1125.50 1128.00 1196400
20050210 1130.00 1132.00 1106.50 1112.50 2202900
20050211 1117.50 1117.50 1107.50 1113.50 1912900
20050214 1116.00 1116.50 1110.00 1113.00 1931600
20050215 1111.00 1117.50 1105.50 1109.50 1779600
20050216 1108.00 1109.50 1091.00 1109.50 1734800
20050217 1109.00 1118.00 1107.00 1110.00 1326700
20050218 1109.00 1136.50 1109.00 1122.50 2029800
20050221 1125.50 1132.00 1117.00 1120.00 1161200
20050222 1114.50 1121.00 1105.00 1116.00 1611200
20050223 1101.00 1112.50 1096.50 1108.00 1577700
20050224 1115.00 1127.50 1118.00 1118.00 1934800
20050225 1126.00 1138.00 1125.00 1134.50 1086500
20050228 1133.00 1143.50 1106.00 1109.00 2068600
20050301 1100.50 1134.00 1080.50 1130.00 1985500
20050302 1135.00 1135.00 1100.00 1109.50 1359300
20050303 1109.50 1117.00 1098.00 1102.00 1962800
20050304 1100.00 1111.00 1085.00 1106.50 1440000
20050307 1104.00 1115.50 1100.00 1112.00 878000
20050308 1115.50 1123.00 1105.50 1109.00 1039800
20050309 1118.00 1122.00 1091.00 1095.00 2038000
20050310 1088.00 1090.00 1067.00 1075.00 3471100
20050311 1080.00 1091.00 1067.00 1087.50 2175400
20050314 1082.50 1081.00 1070.50 1079.00 890600
20050315 1075.00 1089.50 1075.00 1084.50 835900
20050316 1086.00 1089.00 1070.00 1070.00 1305400
20050317 1076.00 1086.00 1045.00 1080.00 1411700
20050318 1080.00 1120.00 1080.00 1095.00 2007500
20050321 1110.00 1130.00 1095.00 1100.00 2087300
20050322 1102.00 1115.00 1098.00 1101.00 2329000
20050323 1092.00 1105.00 1092.00 1098.00 2584500
20050324 1098.00 1114.00 1096.00 1103.00 1654500
20050325 1103.00 1103.00 1103.00 1103.00 0
20050328 1103.00 1103.00 1103.00 1103.00 0
20050329 1109.00 1109.00 1098.00 1101.00 1804900
20050330 1088.00 1096.00 1075.00 1093.00 1802700
20050331 1103.00 1172.00 1100.00 1108.00 2096400
20050401 1112.00 1124.00 1109.00 1118.00 1414500
20050404 1119.00 1119.00 1096.00 1115.00 911700
20050405 1115.00 1120.00 1113.00 1116.00 2424000
20050406 1123.00 1131.00 1115.00 1129.00 1299200
20050407 1126.00 1139.00 1120.00 1126.00 1115500
20050408 1129.00 1138.00 1129.00 1132.00 483400
20050411 1130.00 1141.00 1123.00 1141.00 1202100
20050412 1140.00 1142.00 1136.00 1140.00 989300
20050413 1145.00 1157.00 1141.00 1149.00 1266500
20050414 1138.00 1147.00 1105.00 1147.00 2065800
20050415 1140.00 1140.00 1115.00 1120.00 2698700
20050418 1094.00 1098.00 1057.00 1087.00 2563400
20050419 1093.00 1095.00 1074.00 1092.00 1251500
20050420 1099.00 1101.00 1068.00 1093.00 1649900
20050421 1090.00 1091.00 1080.00 1087.00 1038900
20050422 1101.00 1114.00 1101.00 1106.00 774000
20050425 1109.00 1109.00 1090.00 1096.00 1100100
20050426 1095.00 1100.00 1081.00 1099.00 1792900
20050427 1098.00 1099.00 1064.00 1066.00 3188600
20050428 1075.00 1087.00 1056.00 1063.00 2310600
20050429 1057.00 1065.00 1037.00 1048.00 2395800
20050502 1048.00 1048.00 1048.00 1048.00 0
20050503 1055.00 1070.00 1045.00 1058.00 2770800
20050504 1060.00 1060.00 1038.00 1058.00 2863800
20050505 1064.00 1064.00 1046.00 1049.00 1792200
20050506 1050.00 1059.00 1044.00 1050.00 1775000
20050509 1055.00 1055.00 1041.00 1050.00 1464600
20050510 1058.00 1058.00 1037.00 1040.00 1084000
20050511 1046.00 1054.00 1035.00 1052.00 1531100
20050512 1058.00 1065.00 1050.00 1060.00 1118000
20050513 1054.00 1064.00 1048.00 1055.00 917800
20050516 1058.00 1061.00 1051.00 1060.00 461200
20050517 1061.00 1085.00 1061.00 1074.00 2211500
20050518 1080.00 1120.00 1079.00 1115.00 2642900
20050519 1109.00 1129.00 1109.00 1127.00 1781200
20050520 1130.00 1139.00 1119.00 1121.00 1170900
20050523 1129.00 1147.00 1127.00 1132.00 1588200
20050524 1130.00 1136.00 1116.00 1133.00 1231700
20050525 1128.00 1138.00 1114.00 1124.00 1353900
20050526 1128.00 1149.00 1127.00 1142.00 1404900
20050527 1137.00 1141.00 1124.00 1133.00 711600
20050530 1133.00 1133.00 1133.00 1133.00 0
20050531 1125.00 1129.00 1083.00 1127.00 2824300
20050601 1131.00 1133.00 1118.00 1130.00 1049900
20050602 1124.00 1146.00 1123.00 1136.00 879200
20050603 1136.00 1136.00 1136.00 1136.00 0
20050606 1144.00 1144.00 1119.00 1123.00 1244200
20050607 1123.00 1146.00 1119.00 1142.00 971000
20050608 1141.00 1142.00 1126.00 1133.00 900300
20050609 1136.00 1145.00 1121.00 1136.00 1178100
20050610 1133.00 1150.00 1133.00 1149.00 1251400
20050613 1154.00 1167.00 1140.00 1148.00 760700
20050614 1142.00 1147.00 1138.00 1138.00 978300
20050615 1134.00 1150.00 1125.00 1129.00 1167600
20050616 1135.00 1142.00 1127.00 1138.00 826100
20050617 1143.00 1180.00 1138.00 1162.00 3747300
20050620 1153.00 1163.00 1153.00 1158.00 887200
20050621 1166.00 1172.00 1163.00 1167.00 873000
20050622 1165.00 1173.00 1155.00 1168.00 1778000
20050623 1176.00 1183.00 1166.00 1180.00 1658700
20050624 1174.00 1177.00 1165.00 1173.00 1374800
20050627 1172.00 1172.00 1155.00 1158.00 1220400
20050628 1155.00 1170.00 1150.00 1168.00 1602700
20050629 1178.00 1182.00 1168.00 1181.00 1432400
20050630 1174.00 1178.00 1164.00 1174.00 1615000
20050701 1169.00 1200.00 1164.00 1200.00 2358100
20050704 1185.00 1191.00 1178.00 1190.00 1230700
20050705 1185.00 1185.00 1171.00 1177.00 1559900
20050706 1183.00 1190.00 1173.00 1178.00 2108800
20050707 1179.00 1183.00 1116.00 1164.00 1731100
20050708 1181.00 1185.00 1167.00 1182.00 859800
20050711 1197.00 1197.00 1184.00 1188.00 756900
20050712 1184.00 1197.00 1184.00 1190.00 1624900
20050713 1189.00 1205.00 1180.00 1202.00 1274100
20050714 1195.00 1202.00 1183.00 1186.00 4534900
20050715 1193.00 1194.00 1185.00 1193.00 5204300
20050718 1194.00 1194.00 1167.00 1174.00 7887800
20050719 1180.00 1180.00 1142.00 1159.00 4888100
20050720 1166.00 1169.00 1151.00 1160.00 2456000
20050721 1170.00 1179.00 1150.00 1175.00 6677700
20050722 1179.00 1181.00 1170.00 1176.00 2332100
20050725 1175.00 1179.00 1170.00 1176.00 2389100
20050726 1170.00 1180.00 1169.00 1169.00 2921300
20050727 1166.00 1180.00 1166.00 1180.00 2100900
20050728 1187.00 1187.00 1171.00 1176.00 1670600
20050729 1185.00 1194.00 1177.00 1186.00 3185100
20050801 1193.00 1193.00 1177.00 1180.00 1070900
20050802 1179.00 1180.00 1170.00 1173.00 1499500
20050803 1177.00 1191.00 1172.00 1189.00 2673700
20050804 1189.00 1202.00 1186.00 1195.00 1991500
20050805 1186.00 1201.00 1175.00 1177.00 2634600
20050808 1178.00 1189.00 1161.00 1169.00 2436400
20050809 1167.00 1167.00 1116.00 1154.00 5823500
20050810 1149.00 1178.00 1149.00 1172.00 2868200
20050811 1172.00 1172.00 1150.00 1154.00 2310500
20050812 1161.00 1170.00 1147.00 1154.00 4304000
20050815 1151.00 1156.00 1151.00 1154.00 1227100
20050816 1154.00 1159.00 1132.00 1134.00 3971700
20050817 1134.00 1142.00 1126.00 1127.00 4885400
20050818 1133.00 1135.00 1112.00 1119.00 3484500
20050819 1125.00 1126.00 1110.00 1117.00 1550100
20050822 1120.00 1124.00 1112.00 1115.00 2461000
20050823 1117.00 1125.00 1103.00 1120.00 8617400
20050824 1121.00 1148.00 1121.00 1142.00 10489700
20050825 1130.00 1147.00 1130.00 1138.00 3859200
20050826 1140.00 1145.00 1131.00 1139.00 3304700
20050829 1139.00 1139.00 1139.00 1139.00 0
20050830 1143.00 1153.00 1102.00 1110.00 4376600
20050831 1115.00 1128.00 1107.00 1128.00 4572100
20050901 1140.00 1170.00 1140.00 1159.00 8589300
20050902 1156.00 1178.00 1156.00 1170.00 5468800
20050905 1175.00 1175.00 1153.00 1160.00 1417100
20050906 1165.00 1165.00 1153.00 1155.00 1126500
20050907 1163.00 1163.00 1140.00 1155.00 2421500
20050908 1161.00 1161.00 1134.00 1147.00 4208800
20050909 1155.00 1162.00 1151.00 1156.00 1529400
20050912 1167.00 1172.00 1157.00 1170.00 2592700
20050913 1166.00 1176.00 1145.00 1150.00 1567500
20050914 1152.00 1174.00 1152.00 1163.00 3874900
20050915 1163.00 1165.00 1154.00 1163.00 1498700
20050916 1157.00 1180.00 1157.00 1178.00 7562900
20050919 1176.00 1204.00 1176.00 1197.00 3742200
20050920 1194.00 1204.00 1185.00 1188.00 4881600
20050921 1172.00 1190.00 1161.00 1170.00 8367200
20050922 1166.00 1170.00 1157.00 1163.00 5618200
20050923 1166.00 1186.00 1166.00 1174.00 2534400
20050926 1180.00 1188.00 1150.00 1156.00 4785600
20050927 1160.00 1170.00 1159.00 1163.00 8280600
20050928 1162.00 1202.00 1162.00 1198.00 4868800
20050929 1192.00 1204.00 1181.00 1191.00 2102600
20050930 1195.00 1203.00 1193.00 1199.00 3292500
20051003 1200.00 1243.00 1200.00 1240.00 4490000
20051004 1241.00 1251.00 1225.00 1230.00 4281900
20051005 1209.00 1209.00 1186.00 1186.00 4332900
20051006 1184.00 1184.00 1161.00 1170.00 3645300
20051007 1172.00 1177.00 1169.00 1174.00 1817200
20051010 1178.00 1200.00 1177.00 1190.00 2485700
20051011 1193.00 1196.00 1175.00 1184.00 2223200
20051012 1174.00 1206.00 1158.00 1193.00 7058600
20051013 1186.00 1194.00 1150.00 1151.00 3839000
20051014 1149.00 1160.00 1142.00 1150.00 3391300
20051017 1155.00 1155.00 1145.00 1149.00 2189200
20051018 1153.00 1157.00 1135.00 1142.00 3784000
20051019 1134.00 1141.00 1108.00 1108.00 6339000
20051020 1129.00 1129.00 1113.00 1120.00 2347800
20051021 1110.00 1114.00 1099.00 1102.00 3871900
20051024 1106.00 1121.00 1097.00 1118.00 1664900
20051025 1117.00 1137.00 1107.00 1127.00 4688500
20051026 1127.00 1154.00 1127.00 1142.00 5044800
20051027 1135.00 1140.00 1121.00 1127.00 4425200
20051028 1125.00 1130.00 1109.00 1125.00 4597300
20051031 1129.00 1153.00 1129.00 1149.00 3938500
20051101 1150.00 1185.00 1145.00 1164.00 5383300
20051102 1168.00 1186.00 1161.00 1186.00 3061500
20051103 1186.00 1195.00 1178.00 1185.00 5158300
20051104 1190.00 1198.00 1183.00 1184.00 2038200
20051107 1184.00 1204.00 1184.00 1204.00 2739600
20051108 1201.00 1218.00 1183.00 1186.00 6257100
20051109 1185.00 1189.00 1161.00 1183.00 4368600
20051110 1192.00 1214.00 1187.00 1196.00 3884400
20051111 1180.00 1196.00 1176.00 1190.00 4109400
20051114 1191.00 1210.00 1162.00 1196.00 1611200
20051115 1190.00 1195.00 1186.00 1191.00 1629000
20051116 1196.00 1210.00 1166.00 1183.00 2888600
20051117 1182.00 1202.00 1174.00 1180.00 5349400
20051118 1181.00 1196.00 1177.00 1184.00 6953200
20051121 1180.00 1204.00 1176.00 1199.00 2522300
20051122 1196.00 1207.00 1191.00 1202.00 2746100
20051123 1199.00 1232.00 1199.00 1231.00 4178800
20051124 1239.00 1244.00 1217.00 1223.00 3262800
20051125 1231.00 1231.00 1217.00 1220.00 1012400
20051128 1231.00 1239.00 1211.00 1212.00 2259400
20051129 1216.00 1230.00 1209.00 1226.00 1883700
20051130 1229.00 1253.00 1218.00 1231.00 4221900
20051201 1239.00 1241.00 1221.00 1234.00 2523900
20051202 1244.00 1249.00 1236.00 1247.00 2890400
20051205 1247.00 1255.00 1241.00 1248.00 1607100
20051206 1245.00 1264.00 1241.00 1259.00 2914700
20051207 1261.00 1268.00 1248.00 1253.00 1566100
20051208 1254.00 1254.00 1218.00 1223.00 6142300
20051209 1214.00 1228.00 1204.00 1217.00 4063700
20051212 1217.00 1227.00 1212.00 1213.00 2313600
20051213 1216.00 1229.00 1212.00 1213.00 1531300
20051214 1217.00 1224.00 1207.00 1212.00 2698200
20051215 1215.00 1234.00 1209.00 1212.00 2752700
20051216 1212.00 1227.00 1208.00 1220.00 2797500
20051219 1225.00 1235.00 1214.00 1225.00 1885400
20051220 1225.00 1226.00 1203.00 1221.00 3761100
20051221 1224.00 1235.00 1220.00 1230.00 1344200
20051222 1232.00 1249.00 1230.00 1239.00 3734600
20051223 1241.00 1252.00 1240.00 1243.00 569200
20051226 1243.00 1243.00 1243.00 1243.00 0
20051227 1243.00 1243.00 1243.00 1243.00 0
20051228 1241.00 1251.00 1222.00 1233.00 1982400
20051229 1242.00 1242.00 1222.00 1229.00 1781200
20051230 1216.00 1229.00 1216.00 1225.00 795300
20060102 1225.00 1225.00 1225.00 1225.00 0
20060103 1230.00 1230.00 1198.00 1210.00 5664000
20060104 1218.00 1234.00 1214.00 1234.00 4561000
20060105 1241.00 1241.00 1230.00 1233.00 3838000
20060106 1230.00 1237.00 1220.00 1230.00 1664100
20060109 1226.00 1239.00 1217.00 1238.00 2635900
20060110 1240.00 1258.00 1234.00 1246.00 7308400
20060111 1252.00 1287.00 1252.00 1283.00 6940800
20060112 1278.00 1292.00 1270.00 1290.00 4007600
20060113 1295.00 1295.00 1278.00 1291.00 3499600
20060116 1291.00 1296.00 1284.00 1290.00 2843800
20060117 1280.00 1293.00 1280.00 1290.00 3214000
20060118 1283.00 1288.00 1275.00 1281.00 3727400
20060119 1287.00 1308.00 1280.00 1301.00 5914600
20060120 1307.00 1340.00 1299.00 1330.00 7565500
20060123 1312.00 1349.00 1312.00 1337.00 3774800
20060124 1330.00 1332.00 1307.00 1307.00 6430900
20060125 1304.00 1322.00 1304.00 1322.00 4984200
20060126 1328.00 1348.00 1326.00 1342.00 4187400
20060127 1343.00 1357.00 1336.00 1356.00 3955500
20060130 1359.00 1365.00 1348.00 1356.00 3640600
20060131 1360.00 1363.00 1343.00 1354.00 2853200
20060201 1351.00 1375.00 1350.00 1368.00 2488100
20060202 1375.00 1439.00 1375.00 1399.00 5389300
20060203 1404.00 1417.00 1391.00 1397.00 3001100
20060206 1397.00 1409.00 1393.00 1397.00 2223400
20060207 1397.00 1403.00 1375.00 1396.00 4274300
20060208 1385.00 1393.00 1370.00 1385.00 4561800
20060209 1386.00 1403.00 1372.00 1393.00 3520400
20060210 1387.00 1409.00 1387.00 1398.00 2873600
20060213 1395.00 1400.00 1382.00 1398.00 2689800
20060214 1406.00 1406.00 1375.00 1390.00 1922100
20060215 1400.00 1423.00 1394.00 1399.00 3368000
20060216 1404.00 1405.00 1383.00 1400.00 1345700
20060217 1400.00 1418.00 1395.00 1401.00 1550100
20060220 1393.00 1400.00 1390.00 1395.00 890300
20060221 1400.00 1404.00 1393.00 1400.00 2473400
20060222 1410.00 1442.00 1392.00 1437.00 4569200
20060223 1442.00 1450.00 1417.00 1419.00 2260600
20060224 1426.00 1427.00 1407.00 1422.00 4769900
20060227 1434.00 1435.00 1417.00 1432.00 1547800
20060228 1426.00 1434.00 1410.00 1416.00 3275300
20060301 1407.00 1428.00 1407.00 1419.00 2345200
20060302 1413.00 1430.00 1407.00 1410.00 1949800
20060303 1420.00 1445.00 1401.00 1411.00 3156500
20060306 1417.00 1420.00 1408.00 1420.00 2161200
20060307 1415.00 1415.00 1388.00 1395.00 2287900
20060308 1395.00 1399.00 1341.00 1361.00 5683900
20060309 1365.00 1411.00 1365.00 1411.00 4097600
20060310 1410.00 1427.00 1406.00 1424.00 2739400
20060313 1424.00 1435.00 1420.00 1427.00 2209600
20060314 1420.00 1447.00 1420.00 1442.00 3070200
20060315 1441.00 1445.00 1428.00 1440.00 3719500
20060316 1450.00 1462.00 1437.00 1460.00 2207300
20060317 1456.00 1474.00 1450.00 1452.00 3572800
20060320 1456.00 1472.00 1452.00 1453.00 2188500
20060321 1434.00 1460.00 1425.00 1453.00 3889900
20060322 1445.00 1477.00 1443.00 1454.00 3327400
20060323 1454.00 1464.00 1440.00 1462.00 3337600
20060324 1462.00 1482.00 1451.00 1456.00 3460100
20060327 1448.00 1458.00 1431.00 1450.00 3266900
20060328 1448.00 1454.00 1442.00 1448.00 2418100
20060329 1443.00 1443.00 1422.00 1424.00 2923700
20060330 1426.00 1443.00 1418.00 1421.00 2586900
20060331 1413.00 1425.00 1412.00 1414.00 2243500
20060403 1414.00 1433.00 1407.00 1415.00 2719900
20060404 1407.00 1420.00 1405.00 1413.00 1966200
20060405 1423.00 1425.00 1399.00 1407.00 5738600
20060406 1408.00 1433.00 1408.00 1415.00 3157100
20060407 1415.00 1424.00 1404.00 1405.00 2003700
20060410 1398.00 1407.00 1389.00 1391.00 2061500
20060411 1397.00 1397.00 1360.00 1363.00 4051300
20060412 1367.00 1367.00 1348.00 1355.00 2030800
20060413 1352.00 1365.00 1340.00 1360.00 3575200
20060414 1360.00 1360.00 1360.00 1360.00 0
20060417 1360.00 1360.00 1360.00 1360.00 0
20060418 1367.00 1367.00 1347.00 1350.00 2664200
20060419 1376.00 1409.00 1376.00 1403.00 6451300
20060420 1400.00 1402.00 1385.00 1391.00 5420900
20060421 1388.00 1410.00 1388.00 1406.00 5285700
20060424 1404.00 1413.00 1388.00 1404.00 2770400
20060425 1413.00 1413.00 1399.00 1404.00 2608400
20060426 1409.00 1435.00 1405.00 1433.00 4189600
20060427 1434.00 1437.00 1391.00 1394.00 5122600
20060428 1398.00 1398.00 1368.00 1373.00 1993300
20060501 1373.00 1373.00 1373.00 1373.00 0
20060502 1360.00 1397.00 1360.00 1396.00 2008900
20060503 1393.00 1393.00 1370.00 1372.00 2040400
20060504 1368.00 1381.00 1363.00 1370.00 2761900
20060505 1367.00 1374.00 1353.00 1362.00 5238000
20060508 1368.00 1386.00 1356.00 1378.00 3132700
20060509 1374.00 1374.00 1352.00 1363.00 3215100
20060510 1359.00 1363.00 1348.00 1357.00 3273300
20060511 1352.00 1366.00 1338.00 1339.00 2684100
20060512 1339.00 1339.00 1281.00 1289.00 5184800
20060515 1286.00 1302.09 1217.15 1242.00 7217100
20060516 1242.00 1253.70 1223.23 1232.00 6516900
20060517 1229.00 1238.00 1179.23 1181.00 7743900
20060518 1180.00 1203.80 1151.67 1191.00 6943100
20060519 1195.00 1221.88 1179.00 1217.00 9821600
20060522 1219.00 1219.00 1173.00 1184.00 7581000
20060523 1184.00 1236.54 1193.00 1233.00 10769700
20060524 1217.00 1242.00 1194.50 1206.00 8819700
20060525 1201.00 1239.12 1192.46 1239.00 5574300
20060526 1253.00 1265.00 1251.23 1265.00 3952200
20060529 1265.00 1265.00 1265.00 1265.00 0
20060530 1265.00 1267.63 1199.92 1202.00 5128200
20060531 1199.00 1250.00 1157.00 1246.00 8405900
20060601 1243.00 1244.01 1213.23 1225.00 5295300
20060602 1249.00 1238.50 1208.00 1222.00 6300400
20060605 1222.00 1230.00 1200.74 1203.00 5086300
20060606 1195.00 1195.00 1148.00 1150.00 6836500
20060607 1155.00 1158.63 1123.30 1151.00 8095800
20060608 1118.00 1130.00 1099.37 1101.00 6774400
20060609 1125.00 1141.69 1101.00 1134.00 3246800
20060612 1132.00 1140.23 1116.23 1118.00 1986000
20060613 1098.00 1129.34 1078.00 1129.00 9414400
20060614 1126.00 1140.23 1098.77 1122.00 4559300
20060615 1124.00 1147.80 1125.66 1142.00 5394900
20060616 1155.00 1165.00 1118.00 1120.00 4422600
20060619 1134.00 1152.00 1131.31 1138.00 4837700
20060620 1132.00 1154.00 1123.00 1150.00 6350800
20060621 1155.00 1155.00 1120.32 1142.00 5852300
20060622 1157.00 1169.00 1138.00 1149.00 5627900
20060623 1146.00 1167.25 1139.23 1155.00 3793200
20060626 1165.00 1162.85 1131.69 1150.00 5532800
20060627 1155.00 1171.23 1151.85 1166.00 6244900
20060628 1160.00 1185.35 1150.00 1184.00 8131000
20060629 1195.00 1202.00 1184.00 1201.00 3872200
20060630 1210.00 1225.00 1191.00 1193.00 6757500
20060703 1197.00 1206.00 1182.00 1194.00 3513700
20060704 1187.00 1198.00 1184.00 1194.00 1586700
20060705 1195.00 1195.00 1169.00 1175.00 3675600
20060706 1179.00 1179.00 1163.00 1175.00 5446300
20060707 1175.00 1180.00 1166.00 1169.00 2836900
20060710 1174.00 1177.00 1159.00 1173.00 4393400
20060711 1171.00 1171.00 1144.00 1149.00 3313800
20060712 1152.00 1182.00 1152.00 1171.00 4305400
20060713 1163.00 1185.00 1140.00 1149.00 4875000
20060714 1133.00 1139.00 1117.00 1121.00 7925000
20060717 1120.00 1126.00 1092.00 1096.00 7163300
20060718 1090.00 1103.00 1078.00 1095.00 9093600
20060719 1102.00 1130.00 1073.00 1125.00 6196300
20060720 1127.00 1153.00 1127.00 1134.00 3874800
20060721 1132.00 1135.00 1075.00 1079.00 4627200
20060724 1086.00 1119.00 1082.00 1112.00 9820700
20060725 1115.00 1124.00 1102.00 1111.00 8958800
20060726 1114.00 1124.00 1105.00 1110.00 6973300
20060727 1112.00 1159.00 1112.00 1152.00 8784100
20060728 1151.00 1151.00 1132.00 1139.00 4299500
20060731 1145.00 1155.00 1127.00 1140.00 4032100
20060801 1139.00 1171.00 1139.00 1148.00 6211200
20060802 1146.00 1163.00 1143.00 1155.00 4302500
20060803 1155.00 1155.00 1155.00 1155.00 0
20060804 1140.00 1152.00 1130.00 1142.00 5636200
20060807 1127.00 1136.00 1107.00 1111.00 6264600
20060808 1120.00 1120.00 1102.00 1109.00 4144800
20060809 1114.00 1115.00 1089.00 1097.00 5387700
20060810 1081.00 1086.00 1053.00 1074.00 11278100
20060811 1079.00 1091.00 1059.00 1063.00 2262800
20060814 1069.00 1091.00 1067.00 1086.00 4607600
20060815 1087.00 1095.00 1076.00 1086.00 4183400
20060816 1080.00 1120.00 1080.00 1108.00 8919800
20060817 1114.00 1124.00 1103.00 1108.00 3160600
20060818 1106.00 1118.00 1084.00 1086.00 4394500
20060821 1085.00 1088.00 1072.00 1078.00 4597900
20060822 1084.00 1090.00 1059.00 1068.00 7031300
20060823 1073.00 1083.00 1051.00 1071.00 6386200
20060824 1075.00 1094.00 1072.00 1076.00 5021900
20060825 1075.00 1087.00 1062.00 1065.00 4811700
20060828 1065.00 1065.00 1065.00 1065.00 0
20060829 1070.00 1096.00 1055.00 1089.00 7210000
20060830 1089.00 1158.00 1087.00 1135.00 8546800
20060831 1140.00 1151.00 1131.00 1145.00 21162600
20060901 1143.00 1176.00 1129.00 1160.00 6803400
20060904 1156.00 1166.00 1141.00 1165.00 1625400
20060905 1164.00 1174.00 1156.00 1161.00 1712900
20060906 1164.00 1173.00 1149.00 1150.00 2651100
20060907 1125.00 1129.00 1105.00 1115.00 7896300
20060908 1113.00 1125.00 1106.00 1110.00 4519400
20060911 1101.00 1102.00 1086.00 1099.00 5987300
20060912 1099.00 1120.00 1092.00 1118.00 3390400
20060913 1129.00 1148.00 1128.00 1148.00 5394100
20060914 1155.00 1209.00 1155.00 1169.00 10440300
20060915 1173.00 1197.00 1169.00 1193.00 5972500
20060918 1197.00 1197.00 1163.00 1171.00 3426200
20060919 1161.00 1165.00 1144.00 1145.00 5076600
20060920 1151.00 1157.00 1135.00 1153.00 6575300
20060921 1150.00 1183.00 1131.00 1181.00 4239300
20060922 1170.00 1184.00 1157.00 1164.00 7337600
20060925 1090.00 1116.00 1086.00 1094.00 24548000
20060926 1104.00 1144.00 1100.00 1139.00 13847900
20060927 1150.00 1153.00 1122.00 1130.00 8873500
20060928 1128.00 1157.00 1115.00 1150.00 10577800
20060929 1153.00 1154.00 1120.00 1126.00 8989800
20061002 1128.00 1151.00 1119.00 1139.00 6526600
20061003 1141.00 1147.00 1123.00 1144.00 5682900
20061004 1132.00 1137.00 1114.00 1134.00 5613100
20061005 1141.00 1161.00 1137.00 1156.00 12783400
20061006 1165.00 1165.00 1140.00 1149.00 7131700
20061009 1152.00 1168.00 1147.00 1166.00 3849400
20061010 1159.00 1221.00 1159.00 1211.00 11694100
20061011 1207.00 1238.00 1204.00 1212.00 8288800
20061012 1208.00 1235.00 1201.00 1221.00 7859400
20061013 1216.00 1240.00 1213.00 1235.00 8659000
20061016 1231.00 1243.00 1220.00 1226.00 5020500
20061017 1223.00 1223.00 1192.00 1198.00 5415700
20061018 1214.00 1252.00 1205.00 1233.00 5240500
20061019 1225.00 1240.00 1219.00 1228.00 2935900
20061020 1236.00 1238.00 1221.00 1236.00 3942500
20061023 1238.00 1248.00 1217.00 1223.00 4450900
20061024 1226.00 1234.00 1206.00 1212.00 6099000
20061025 1217.00 1248.00 1207.00 1238.00 4580200
20061026 1239.00 1265.00 1234.00 1250.00 6359000
20061027 1258.00 1265.00 1248.00 1263.00 5466900
20061030 1250.00 1257.00 1234.00 1246.00 3529200
20061031 1252.00 1256.00 1230.00 1239.00 3443700
20061101 1231.00 1248.00 1200.00 1206.00 19081600
20061102 1199.00 1206.00 1177.00 1201.00 11463800
20061103 1205.00 1205.00 1184.00 1187.00 4474500
20061106 1196.00 1206.00 1185.00 1206.00 7239600
20061107 1203.00 1218.00 1190.00 1211.00 5633100
20061108 1209.00 1215.00 1189.00 1195.00 4950400
20061109 1195.00 1206.00 1188.00 1200.00 5078900
20061110 1201.00 1208.00 1195.00 1204.00 3898200
20061113 1201.00 1217.00 1199.00 1210.00 3432800
20061114 1210.00 1212.00 1181.00 1190.00 5004800
20061115 1205.00 1225.00 1199.00 1210.00 10051800
20061116 1212.00 1218.00 1202.00 1216.00 5850600
20061117 1220.00 1229.00 1180.00 1190.00 8885800
20061120 1185.00 1197.00 1175.00 1187.00 4209600
20061121 1187.00 1195.00 1180.00 1187.00 5041600
20061122 1186.00 1199.00 1150.00 1168.00 8593500
20061123 1174.00 1177.00 1132.00 1159.00 4526600
20061124 1154.00 1166.00 1133.00 1155.00 4934200
20061127 1162.00 1162.00 1130.00 1132.00 3155800
20061128 1137.00 1143.00 1115.00 1135.00 7298000
20061129 1157.00 1193.00 1157.00 1180.00 8468000
20061130 1177.00 1199.00 1168.00 1190.00 10938800
20061201 1190.00 1215.00 1178.00 1190.00 9159000
20061204 1203.00 1203.00 1185.00 1194.00 5116500
20061205 1190.00 1205.00 1190.00 1197.00 5633900
20061206 1205.00 1217.00 1201.00 1208.00 4947500
20061207 1211.00 1252.00 1200.00 1246.00 10099100
20061208 1240.00 1246.00 1225.00 1241.00 6612100
20061211 1253.00 1261.00 1234.00 1238.00 4853600
20061212 1245.00 1250.00 1235.00 1239.00 3943600
20061213 1242.00 1252.00 1230.00 1244.00 6309900
20061214 1244.00 1259.00 1236.00 1248.00 3451500
20061215 1248.00 1261.00 1241.00 1250.00 4861600
20061218 1242.00 1252.00 1242.00 1249.00 3679200
20061219 1247.00 1249.00 1230.00 1234.00 4317200
20061220 1236.00 1247.00 1224.00 1229.00 3183600
20061221 1226.00 1226.00 1214.00 1217.00 2762900
20061222 1212.00 1219.00 1202.00 1209.00 1826900
20061225 1209.00 1209.00 1209.00 1209.00 0
20061226 1209.00 1209.00 1209.00 1209.00 0
20061227 1218.00 1229.00 1208.00 1221.00 3516200
20061228 1221.00 1238.00 1216.00 1233.00 3505100
20061229 1230.00 1243.00 1223.00 1233.00 913900
20070101 1233.00 1233.00 1233.00 1233.00 0
20070102 1237.00 1264.00 1236.00 1261.00 2449900
20070103 1258.00 1274.00 1255.00 1263.00 8514600
20070104 1261.00 1307.00 1245.00 1290.00 10788300
20070105 1283.00 1295.00 1278.00 1280.00 5030100
20070108 1279.00 1286.00 1268.00 1270.00 4251400
20070109 1277.00 1299.00 1268.00 1293.00 8030000
20070110 1285.00 1293.00 1271.00 1273.00 6844900
20070111 1273.00 1305.00 1271.00 1300.00 6124000
20070112 1300.00 1308.00 1292.00 1306.00 4785100
20070115 1316.00 1330.00 1304.00 1324.00 4257700
20070116 1319.00 1329.00 1305.00 1305.00 4239800
20070117 1300.00 1305.00 1287.00 1300.00 5572800
20070118 1301.00 1325.00 1292.00 1323.00 5762800
20070119 1327.00 1349.00 1312.00 1349.00 8434500
20070122 1315.00 1357.00 1304.00 1349.00 20836100
20070123 1350.00 1392.00 1343.00 1359.00 8510100
20070124 1360.00 1367.00 1343.00 1350.00 5864800
20070125 1356.00 1373.00 1323.00 1331.00 7329300
20070126 1325.00 1335.00 1317.00 1318.00 5157400
20070129 1315.00 1331.00 1309.00 1321.00 4001100
20070130 1321.00 1332.00 1317.00 1323.00 2628100
20070131 1320.00 1331.00 1314.00 1318.00 4144100
20070201 1323.00 1363.00 1323.00 1352.00 8490200
20070202 1352.00 1359.00 1336.00 1346.00 3224200
20070205 1339.00 1355.00 1335.00 1350.00 1463800
20070206 1356.00 1364.00 1343.00 1348.00 4634700
20070207 1354.00 1368.00 1348.00 1363.00 3110700
20070208 1367.00 1371.00 1324.00 1330.00 7532300
20070209 1340.00 1352.00 1337.00 1345.00 5392900
20070212 1344.00 1344.00 1321.00 1326.00 2456700
20070213 1321.00 1327.00 1306.00 1312.00 5223900
20070214 1360.00 1425.00 1358.00 1407.00 13172100
20070215 1387.00 1387.00 1360.00 1375.00 5057700
20070216 1376.00 1381.00 1353.00 1361.00 4954900
20070219 1362.00 1373.00 1362.00 1369.00 1841000
20070220 1375.00 1403.00 1367.00 1372.00 9569700
20070221 1380.00 1381.00 1354.00 1358.00 2603100
20070222 1369.00 1380.00 1359.00 1372.00 3651500
20070223 1380.00 1380.00 1361.00 1368.00 3567100
20070226 1368.00 1384.00 1365.00 1376.00 3072200
20070227 1374.00 1374.00 1314.00 1318.00 5749900
20070228 1283.00 1307.00 1268.00 1279.00 7413300
20070301 1279.00 1310.00 1254.00 1294.00 10441900
20070302 1297.00 1309.00 1283.00 1290.00 4419900
20070305 1264.00 1270.00 1247.00 1258.00 5790400
20070306 1277.00 1286.00 1249.00 1278.00 5629500
20070307 1275.00 1290.00 1266.00 1277.00 3343700
20070308 1287.00 1306.00 1287.00 1305.00 4553000
20070309 1306.00 1308.00 1278.00 1300.00 2865700
20070312 1310.00 1314.00 1289.00 1295.00 2204800
20070313 1295.00 1299.00 1244.00 1244.00 6962400
20070314 1225.00 1233.00 1196.00 1209.00 8739100
20070315 1223.00 1242.00 1218.00 1222.00 7259200
20070316 1219.00 1219.00 1189.00 1199.00 11982400
20070319 1218.00 1278.00 1218.00 1243.00 8254100
20070320 1243.00 1243.00 1207.00 1221.00 6977200
20070321 1216.00 1270.00 1216.00 1251.00 5472700
20070322 1287.00 1287.00 1260.00 1267.00 4649900
20070323 1263.00 1270.00 1244.00 1253.00 4267700
20070326 1255.00 1270.00 1242.00 1249.00 5674500
20070327 1259.00 1259.00 1203.00 1217.00 7783100
20070328 1200.00 1209.00 1172.00 1197.00 7910100
20070329 1206.00 1216.00 1189.00 1203.00 4345400
20070330 1202.00 1204.00 1187.00 1191.00 6478600
20070402 1194.00 1209.00 1187.00 1205.00 5085900
20070403 1210.00 1250.00 1205.00 1244.00 6197600
20070404 1244.00 1258.00 1233.00 1238.00 2869500
20070405 1235.00 1257.00 1230.00 1251.00 2183800
20070406 1251.00 1251.00 1251.00 1251.00 0
20070409 1251.00 1251.00 1251.00 1251.00 0
20070410 1250.00 1275.00 1244.00 1274.00 4519900
20070411 1277.00 1279.00 1236.00 1244.00 4949100
20070412 1247.00 1260.00 1226.00 1245.00 2629400
20070413 1236.00 1248.00 1232.00 1246.00 1773500
20070416 1253.00 1268.00 1238.00 1247.00 2059600
20070417 1240.00 1248.00 1224.00 1245.00 4440800
20070418 1238.00 1245.00 1219.00 1236.00 2979100
20070419 1233.00 1236.00 1222.00 1235.00 2999500
20070420 1242.00 1254.00 1231.00 1235.00 4344000
20070423 1234.00 1240.00 1214.00 1224.00 5792400
20070424 1224.00 1237.00 1201.00 1214.00 6722700
20070425 1221.00 1228.00 1202.00 1205.00 5194700
20070426 1215.00 1226.00 1209.00 1223.00 9667800
20070427 1224.00 1224.00 1196.00 1204.00 2609000
20070430 1197.00 1220.00 1197.00 1213.00 4057900
20070501 1209.00 1213.00 1186.00 1209.00 4017500
20070502 1220.00 1254.00 1208.00 1249.00 6775500
20070503 1247.00 1329.00 1240.00 1276.00 7872800
20070504 1272.00 1336.00 1272.00 1297.00 7870700
20070507 1297.00 1297.00 1297.00 1297.00 0
20070508 1293.00 1297.00 1275.00 1281.00 3549500
20070509 1301.00 1308.00 1249.00 1266.00 4485300
20070510 1265.00 1291.00 1257.00 1265.00 5863100
20070511 1257.00 1283.00 1240.00 1275.00 4556800
20070514 1279.00 1286.00 1269.00 1275.00 2811900
20070515 1276.00 1305.00 1276.00 1295.00 7924500
20070516 1288.00 1303.00 1281.00 1291.00 6125200
20070517 1299.00 1304.00 1281.00 1297.00 4361300
20070518 1302.00 1312.00 1288.00 1309.00 2524100
20070521 1307.00 1318.00 1301.00 1306.00 2200600
20070522 1317.00 1347.00 1313.00 1334.00 7621000
20070523 1341.00 1350.00 1320.00 1327.00 6459800
20070524 1325.00 1344.00 1311.00 1333.00 7051200
20070525 1335.00 1337.00 1310.00 1316.00 5545300
20070528 1316.00 1316.00 1316.00 1316.00 0
20070529 1316.00 1323.00 1309.00 1314.00 1926300
20070530 1312.00 1313.00 1288.00 1309.00 2311700
20070531 1319.00 1323.00 1304.00 1310.00 2877300
20070601 1310.00 1310.00 1310.00 1310.00 0
20070604 1312.00 1319.00 1307.00 1313.00 3751700
20070605 1312.00 1325.00 1305.00 1315.00 3974600
20070606 1315.00 1318.00 1257.00 1257.00 5152500
20070607 1262.00 1271.00 1242.00 1252.00 5314500
20070608 1240.00 1256.00 1218.00 1248.00 6748700
20070611 1250.00 1279.00 1250.00 1266.00 4341300
20070612 1268.00 1276.00 1249.00 1252.00 2142500
20070613 1246.00 1262.00 1222.00 1253.00 5891400
20070614 1267.00 1284.00 1256.00 1270.00 3144100
20070615 1280.00 1382.00 1280.00 1328.00 11950100
20070618 1340.00 1340.00 1302.00 1307.00 3599200
20070619 1308.00 1316.00 1284.00 1284.00 4805000
20070620 1295.00 1303.00 1284.00 1288.00 6284100
20070621 1285.00 1286.00 1268.00 1272.00 2526700
20070622 1272.00 1272.00 1242.00 1244.00 4562000
20070625 1241.00 1252.00 1227.00 1246.00 3489200
20070626 1240.00 1245.00 1225.00 1230.00 6134400
20070627 1220.00 1225.00 1191.00 1210.00 5503500
20070628 1218.00 1233.00 1204.00 1210.00 5272800
20070629 1211.00 1215.00 1180.00 1202.00 6744000
20070702 1199.00 1206.00 1184.00 1195.00 3520500
20070703 1200.00 1213.00 1197.00 1204.00 6736200
20070704 1206.00 1215.00 1201.00 1215.00 3647700
20070705 1213.00 1213.00 1178.00 1183.00 6999000
20070706 1188.00 1199.00 1185.00 1191.00 9821200
20070709 1198.00 1205.00 1171.00 1180.00 5619900
20070710 1175.00 1181.00 1142.00 1154.00 8079100
20070711 1140.00 1164.00 1130.00 1154.00 7249400
20070712 1155.00 1165.00 1130.00 1165.00 4385000
20070713 1174.00 1179.00 1152.00 1155.00 3581100
20070716 1135.00 1175.00 1120.00 1170.00 8416300
20070717 1171.00 1175.00 1140.00 1147.00 3889500
20070718 1131.00 1147.00 1119.00 1132.00 5493700
20070719 1137.00 1146.00 1120.00 1134.00 5138800
20070720 1132.00 1165.00 1132.00 1143.00 9000900
20070723 1136.00 1147.00 1125.00 1142.00 7014600
20070724 1136.00 1141.00 1109.00 1109.00 5358000
20070725 1100.00 1125.00 1095.00 1102.00 6052500
20070726 1101.00 1101.00 1062.00 1065.00 10391300
20070727 1049.00 1091.00 1049.00 1061.00 7682300
20070730 1058.00 1079.00 1052.00 1066.00 5232800
20070731 1073.00 1098.00 1062.00 1083.00 6837600
20070801 1067.00 1067.00 1043.00 1050.00 8809500
20070802 1056.00 1070.00 1038.00 1057.00 4733000
20070803 1062.00 1073.00 1038.00 1041.00 5601800
20070806 1025.00 1039.00 1022.00 1022.00 4360500
20070807 1033.00 1066.00 1033.00 1051.00 6395000
20070808 1075.00 1083.00 1057.00 1080.00 8629900
20070809 1080.00 1097.00 1026.00 1046.00 10502600
20070810 1035.00 1045.00 997.50 997.50 9045700
20070813 1011.00 1058.00 1011.00 1046.00 6506500
20070814 1039.00 1054.00 1013.00 1022.00 4635800
20070815 1007.00 1028.00 1002.00 1019.00 5857900
20070816 997.50 1004.00 982.50 982.50 7835000
20070817 978.00 1085.00 969.50 1026.00 10259000
20070820 1044.00 1054.00 1016.00 1025.00 5083500
20070821 1033.00 1040.00 1007.00 1021.00 3877700
20070822 1021.00 1049.00 1021.00 1039.00 5570300
20070823 1045.00 1058.00 1023.00 1023.00 3243200
20070824 1018.00 1057.00 1018.00 1050.00 3176000
20070827 1050.00 1050.00 1050.00 1050.00 0
20070828 1040.00 1040.00 1007.00 1011.00 5212200
20070829 1002.00 1016.00 997.00 1015.00 2269200
20070830 1024.00 1037.00 1009.00 1026.00 4460400
20070831 1027.00 1051.00 1016.00 1040.00 6044300
20070903 1051.00 1056.00 1037.00 1047.00 4727200
20070904 1052.00 1056.00 1029.00 1042.00 2215700
20070905 1043.00 1043.00 1014.00 1019.00 6304600
20070906 1028.00 1029.00 987.00 1003.00 5384800
20070907 1000.00 1011.00 958.00 963.00 6413300
20070910 964.00 971.00 922.00 928.00 6723000
20070911 933.50 970.00 928.00 963.50 6204800
20070912 961.50 967.50 940.50 950.00 2711600
20070913 952.50 964.00 944.00 958.00 3424400
20070914 945.50 947.00 896.00 921.00 7273900
20070917 916.00 919.00 881.50 882.00 4976700
20070918 876.50 888.50 855.00 884.50 6638500
20070919 910.50 945.00 891.00 894.50 17158900
20070920 893.50 897.00 854.50 866.50 21379400
20070921 866.50 873.00 830.50 848.50 24807400
20070924 833.00 850.00 800.00 807.50 16400200
20070925 805.00 828.50 799.00 816.00 24176300
20070926 817.50 826.50 802.00 804.50 19172500
20070927 813.00 829.00 810.50 828.00 20940600
20070928 830.00 847.00 815.00 826.50 13349800
20071001 829.00 852.50 823.50 842.00 12133500
20071002 849.00 885.00 848.00 877.00 10975700
20071003 870.00 875.00 856.50 875.00 5212700
20071004 872.50 891.00 863.00 885.00 7376300
20071005 887.50 896.00 867.50 888.00 7104400
20071008 886.50 891.00 871.00 873.50 2281100
20071009 867.00 872.00 835.00 855.00 33831200
20071010 872.00 874.50 841.00 849.00 6861300
20071011 852.00 859.00 825.00 832.00 7595900
20071012 826.50 829.50 804.50 816.00 8482200
20071015 817.50 824.50 790.50 799.00 7126600
20071016 801.00 826.00 791.00 815.00 9279900
20071017 819.00 826.50 811.50 824.50 8973100
20071018 828.50 828.50 784.50 786.00 11122700
20071019 779.00 803.00 778.00 782.00 12360800
20071022 769.00 785.50 754.50 780.00 9476900
20071023 786.50 800.50 782.00 784.50 7714700
20071024 787.00 792.50 770.00 774.50 24287500
20071025 787.00 787.00 770.00 785.50 12658500
20071026 790.50 817.50 779.00 809.50 20114700
20071029 812.50 818.00 797.50 812.00 5068400
20071030 813.00 820.00 798.50 805.00 5679100
20071031 805.00 838.00 805.00 833.50 17335200
20071101 830.00 830.00 804.50 805.50 3624400
20071102 800.00 807.50 788.50 803.00 3894800
20071105 799.50 802.00 773.00 780.00 3176900
20071106 780.50 796.00 776.50 783.00 3150600
20071107 786.50 793.00 751.00 753.50 5700800
20071108 747.00 757.00 727.00 732.00 8195800
20071109 733.00 743.00 696.50 710.00 5712800
20071112 704.00 726.00 692.00 723.50 4611100
20071113 720.00 725.50 709.00 719.00 4030600
20071114 729.50 730.50 708.00 711.50 5909400
20071115 710.50 713.50 695.00 702.00 7535900
20071116 700.00 701.00 677.00 685.00 4378600
20071119 685.00 698.50 649.50 654.00 7173400
20071120 660.00 677.00 651.00 674.50 7582400
20071121 662.50 665.00 634.50 644.00 11131900
20071122 651.50 651.50 627.50 644.50 8929400
20071123 643.50 671.50 640.50 668.00 5144700
20071126 677.00 679.00 657.50 660.50 6686200
20071127 653.50 663.00 637.50 641.00 17828000
20071128 612.50 652.00 610.00 648.00 14430400
20071129 656.00 669.50 653.50 664.00 7528700
20071130 664.50 697.00 659.50 694.50 9562200
20071203 693.00 706.50 684.50 693.50 5860000
20071204 693.00 695.50 668.50 677.00 6830200
20071205 680.50 694.50 674.00 692.00 5035800
20071206 694.50 725.50 673.50 686.00 9510800
20071207 695.00 740.50 690.00 733.50 11662900
20071210 727.00 772.00 726.50 765.00 6203500
20071211 767.00 778.50 753.50 760.00 6705000
20071212 738.00 770.00 723.00 767.00 8813100
20071213 765.00 765.00 710.00 724.50 12003500
20071214 710.50 733.00 710.50 730.00 4971100
20071217 717.00 722.50 703.00 719.00 4944900
20071218 717.50 735.00 706.00 722.50 4739000
20071219 724.00 733.50 710.50 724.00 4653700
20071220 723.50 730.50 717.00 720.00 4022400
20071221 727.00 732.50 708.00 722.00 4347200
20071224 736.00 748.00 724.00 747.50 654600
20071225 747.50 747.50 747.50 747.50 0
20071226 747.50 747.50 747.50 747.50 0
20071227 745.00 745.00 735.50 739.00 1073000
20071228 736.00 749.50 730.50 738.50 1764500
20071231 740.00 751.00 731.00 742.00 927300
20080101 742.00 742.00 742.00 742.00 0
20080102 740.00 757.50 726.50 733.00 2745500
20080103 728.50 742.00 706.50 711.00 4088500
20080104 713.50 727.50 665.50 676.50 6511900
20080107 675.00 689.50 657.50 668.50 4800000
20080108 675.00 684.50 670.50 677.00 3927900
20080109 674.50 679.00 652.50 653.00 7514000
20080110 662.50 683.50 655.00 668.00 7821600
20080111 670.50 726.50 668.50 699.00 15194900
20080114 685.00 697.00 678.00 681.50 8513600
20080115 677.50 685.00 650.00 670.00 11638600
20080116 662.00 689.50 640.00 679.00 11194600
20080117 684.00 716.00 682.50 698.00 12519300
20080118 701.50 738.00 686.50 716.00 14216100
20080121 630.00 710.00 630.00 689.50 25949300
20080122 672.00 767.00 650.00 757.00 17530300
20080123 770.00 770.00 705.50 725.50 17228300
20080124 743.00 776.00 724.50 754.00 15865300
20080125 761.00 770.00 716.50 729.50 9029300
20080128 715.50 722.00 684.00 700.00 16753600
20080129 708.00 719.00 702.00 713.50 12367400
20080130 707.50 711.00 691.00 697.50 7207400
20080131 696.50 700.00 674.50 686.00 14672800
20080201 699.50 734.50 693.00 721.00 15926100
20080204 723.50 731.00 711.50 716.50 5291700
20080205 719.00 719.00 680.50 683.50 8347600
20080206 681.00 696.00 678.00 688.50 10489400
20080207 689.00 689.50 665.50 668.50 8226000
20080208 675.00 679.00 664.50 676.00 6093500
20080211 672.00 672.00 661.00 663.50 5845200
20080212 663.00 703.00 663.00 696.50 7076500
20080213 681.00 702.00 671.50 697.50 8389500
20080214 700.00 713.00 678.50 680.00 6741800
20080215 683.50 690.50 653.00 662.00 5886200
20080218 665.50 675.50 665.00 671.00 5088800
20080219 665.00 689.50 662.00 678.50 7645600
20080220 659.00 667.00 650.00 653.50 8246300
20080221 657.00 668.50 651.00 659.50 7117200
20080222 653.00 657.50 642.50 645.00 7005100
20080225 654.50 667.00 650.00 665.00 4717100
20080226 671.00 693.00 665.50 671.00 10332800
20080227 670.50 680.00 652.00 666.50 6398400
20080228 666.00 667.00 644.00 645.50 5835300
20080229 650.00 655.00 617.00 621.50 11703500
20080303 609.50 620.50 604.00 614.00 6715500
20080304 612.00 625.50 601.50 611.50 7690900
20080305 618.50 620.00 602.00 606.50 8125100
20080306 605.50 609.00 593.50 595.00 7106600
20080307 590.00 592.00 573.50 586.00 12656300
20080310 581.00 589.00 573.00 579.50 9989300
20080311 581.00 603.50 562.50 595.00 10941400
20080312 603.00 615.00 583.00 587.00 8940000
20080313 560.00 569.50 531.50 550.00 17710900
20080314 550.00 560.50 532.00 532.00 10133100
20080317 507.00 518.00 480.00 483.00 16879200
20080318 490.25 508.00 477.00 506.00 10457700
20080319 515.00 522.50 470.25 483.25 13689200
20080320 481.75 504.50 477.50 500.00 14434700
20080321 500.00 500.00 500.00 500.00 0
20080324 500.00 500.00 500.00 500.00 0
20080325 520.00 557.50 519.00 550.50 13087200
20080326 534.50 543.00 525.00 527.00 6926500
20080327 532.00 553.00 521.00 552.00 9537100
20080328 549.00 555.00 533.00 537.00 4112600
20080331 531.00 537.50 525.00 530.00 6225800
20080401 525.00 565.50 525.00 563.50 6563500
20080402 565.50 580.00 557.00 563.50 7676000
20080403 563.00 564.50 528.50 531.50 6672700
20080404 533.50 539.50 518.50 535.00 6515600
20080407 540.00 548.50 531.50 545.50 3477200
20080408 540.00 543.50 522.50 526.00 5998100
20080409 526.50 535.00 512.00 529.00 5708200
20080410 530.50 534.50 511.00 523.00 6024100
20080411 529.00 534.50 518.00 532.00 7785600
20080414 524.50 533.50 517.00 531.50 4022900
20080415 535.00 535.50 520.00 523.00 5033800
20080416 527.00 553.50 522.00 552.00 6471300
20080417 553.00 559.00 520.00 529.50 8083100
20080418 531.00 557.50 527.00 553.00 7620000
20080421 555.00 560.00 548.50 553.50 7669900
20080422 549.50 560.00 540.00 547.00 4956200
20080423 547.00 556.50 537.00 554.50 5477000
20080424 550.00 550.00 525.00 534.50 9779100
20080425 540.00 547.00 521.00 528.50 8976300
20080428 532.00 549.00 527.50 542.50 4556300
20080429 541.00 544.00 516.50 523.50 6074900
20080430 525.50 527.50 502.00 507.50 10604500
20080501 502.00 506.50 486.75 500.00 5963200
20080502 508.00 542.50 507.50 541.50 10708500
20080506 538.00 552.50 533.00 538.50 8774000
20080507 542.00 578.00 538.50 572.00 9312700
20080508 562.50 583.50 558.50 581.50 7587600
20080509 579.00 579.00 564.50 576.00 6158800
20080512 578.50 590.00 572.00 575.00 4342200
20080513 577.00 578.00 558.00 563.50 7226100
20080514 568.00 568.00 546.50 554.00 6702600
20080515 551.00 568.50 550.50 566.00 4011300
20080516 571.00 588.00 565.50 579.00 6556000
20080519 563.00 570.00 555.00 558.00 9261700
20080520 555.50 561.00 533.50 536.00 9270300
20080521 555.00 558.50 520.50 525.00 16502700
20080522 519.00 540.50 519.00 539.00 6907000
20080523 539.50 541.00 532.50 533.50 5602300
20080527 537.50 549.50 531.50 545.00 5841200
20080528 549.50 559.50 546.00 557.00 5005100
20080529 558.50 559.00 535.00 537.50 5096800
20080530 538.50 558.00 537.50 550.00 7285300
20080602 550.50 551.50 531.00 533.50 5564800
20080603 536.00 549.00 531.50 548.00 5760900
20080604 543.00 549.50 526.00 532.00 7103000
20080605 523.50 535.50 512.00 532.50 10994700
20080606 535.00 535.00 513.00 515.50 9930900
20080610 504.00 506.00 489.00 489.25 11767400
20080611 490.00 492.25 446.50 465.00 25852400
20080612 465.00 489.25 452.50 486.00 11942400
20080613 482.50 521.50 482.50 511.50 12343800
20080616 512.00 531.00 500.50 501.50 9836400
20080617 501.00 521.00 497.50 499.75 8806500
20080618 497.75 497.75 470.75 475.50 10692800
20080619 476.00 482.25 464.75 470.25 9396100
20080620 464.00 464.75 443.50 445.50 15973700
20080623 443.00 450.00 429.00 430.50 10576900
20080624 432.75 434.00 408.25 410.25 9358900
20080625 410.25 424.75 410.25 421.50 14930800
20080626 416.00 420.50 403.50 404.00 7270400
20080627 395.00 403.25 384.75 388.00 13452000
20080630 388.50 392.00 371.50 376.50 20840200
20080701 373.00 376.00 345.50 360.25 11160200
20080702 359.00 359.25 296.00 328.00 17337700
20080703 325.00 330.25 312.50 327.50 19674000
20080704 331.00 337.00 311.75 313.00 4824900
20080707 317.75 318.50 302.50 311.00 7630000
20080708 302.25 302.25 291.25 298.00 11557500
20080709 302.00 322.75 297.50 317.25 22343700
20080710 312.00 319.50 306.25 308.00 11342200
20080711 310.75 316.75 296.50 297.00 12322900
20080714 298.50 310.25 288.00 300.25 13016600
20080715 295.50 296.00 280.00 290.25 13998300
20080716 283.00 293.00 256.25 272.25 22637400
20080717 277.75 297.00 270.00 285.75 19114000
20080718 284.00 333.50 278.75 327.00 18649100
20080721 328.75 342.50 313.00 338.00 11943200
20080722 333.00 338.00 303.50 328.75 12830500
20080723 332.50 361.00 332.50 351.00 14303200
20080724 349.75 354.00 327.25 328.50 8738300
20080725 322.75 339.00 312.75 334.25 14221000
20080728 331.50 332.25 316.25 319.25 6607200
20080729 313.75 338.50 307.00 337.00 9241800
20080730 344.00 349.25 337.75 342.50 8794800
20080731 341.25 347.75 336.50 341.75 6476300
20080801 340.75 346.50 335.50 339.75 6510200
20080804 337.75 358.25 330.00 353.25 6756400
20080805 352.75 409.75 347.75 405.50 13387400
20080806 410.00 414.50 390.25 393.50 11580000
20080807 389.75 411.00 383.25 395.75 8125000
20080808 395.00 423.50 391.00 420.75 5695900
20080811 418.00 482.00 418.00 477.25 20308600
20080812 474.00 481.50 451.00 455.00 11490000
20080813 450.00 456.25 412.75 417.25 9479500
20080814 421.75 421.75 404.25 410.75 9000000
20080815 413.00 442.25 408.75 438.75 7538700
20080818 434.75 437.75 422.00 426.25 7890700
20080819 418.50 419.75 388.25 389.50 10844400
20080820 391.75 404.25 385.00 396.50 4711800
20080821 394.50 407.25 382.75 400.75 8496900
20080822 401.25 419.50 398.50 419.00 5111600
20080826 412.00 425.50 402.00 423.00 5930700
20080827 420.75 420.75 407.25 417.50 4631400
20080828 419.75 448.25 410.50 442.00 5913500
20080829 444.25 453.25 439.25 445.00 6510200
20080901 442.75 466.50 432.25 460.50 4149200
20080902 463.50 495.00 463.50 485.50 8337100
20080903 474.25 481.00 462.75 473.00 6833700
20080904 472.00 481.25 448.50 450.25 7672900
20080905 448.00 452.50 426.50 438.00 15325500
20080908 475.00 510.00 471.25 485.00 5469900
20080909 482.50 516.00 478.75 494.00 14838800
20080910 489.50 505.00 480.00 484.25 14047000
20080911 485.00 488.75 453.75 466.00 13185300
20080912 465.00 466.50 433.00 445.25 15410700
20080915 429.75 431.75 400.25 423.00 10495100
20080916 414.50 437.75 408.00 412.50 14150500
20080917 420.75 430.50 390.25 391.50 10302800
20080918 395.00 421.25 378.25 389.00 16404900
20080919 420.00 455.75 402.75 414.00 14903200
20080922 425.00 481.00 425.00 470.00 16301600
20080923 462.25 469.75 438.25 443.00 15112900
20080924 447.50 465.00 431.25 437.00 7467000
20080925 440.75 450.00 427.50 447.50 7287200
20080926 442.00 447.00 422.00 426.25 6345300
20080929 422.25 430.00 394.00 396.00 4304500
20080930 382.50 427.50 373.75 416.75 10896700
20081001 421.00 434.75 399.25 401.00 8095900
20081002 404.50 434.75 400.00 404.00 6163900
20081003 408.00 415.00 385.00 404.75 7483700
20081006 390.00 394.75 369.50 380.75 7471900
20081007 392.00 415.00 354.00 366.50 7997000
20081008 346.50 393.25 332.75 354.25 11201200
20081009 356.75 386.25 351.25 366.50 10803200
20081010 330.00 352.25 323.75 325.25 8128700
20081013 350.00 364.50 334.25 362.00 10671700
20081014 375.50 382.00 362.75 375.50 5054100
20081015 370.50 377.00 337.75 346.00 9019400
20081016 318.50 325.25 276.50 285.25 11884300
20081017 311.75 311.75 264.50 281.00 13412000
20081020 293.50 301.50 278.75 299.75 7754300
20081021 309.75 331.25 302.00 310.75 7556300
20081022 304.25 327.00 300.00 304.75 11437600
20081023 313.75 318.75 250.00 287.25 14890400
20081024 275.25 281.25 254.00 275.00 9586700
20081027 268.00 284.00 256.00 279.50 8801400
20081028 287.25 296.50 274.25 288.75 9843000
20081029 313.75 320.50 304.25 311.00 10579500
20081030 320.25 328.00 307.75 320.00 5579100
20081031 322.00 339.25 311.00 338.00 6303500
20081103 344.75 364.75 340.00 363.00 4955900
20081104 370.00 392.75 360.50 387.00 8553300
20081105 385.00 386.50 367.75 371.50 8884000
20081106 359.25 379.50 349.50 359.50 9360300
20081107 363.00 377.25 355.00 359.75 8844300
20081110 365.00 383.75 358.00 360.25 4417700
20081111 352.50 354.00 331.00 335.00 6670200
20081112 341.75 347.00 314.50 320.00 6370500
20081113 311.00 317.00 296.25 301.75 7699600
20081114 319.50 319.50 301.50 304.50 6621000
20081117 302.00 302.25 268.75 271.25 8220900
20081118 269.00 301.25 243.75 293.00 15547900
20081119 306.25 315.00 260.25 261.75 7299600
20081120 254.00 266.75 250.25 261.00 9301100
20081121 260.50 275.75 260.50 269.00 6972800
20081124 275.00 302.25 269.25 299.25 8436700
20081125 290.50 306.00 278.00 288.75 10935200
20081126 285.00 301.25 266.00 269.25 7806600
20081127 275.75 306.00 268.75 298.75 7457100
20081128 296.50 304.75 288.25 304.00 4726200
20081201 299.75 299.75 282.50 286.25 4527100
20081202 280.00 307.75 276.75 303.50 6615400
20081203 303.75 315.75 290.00 309.50 6457000
20081204 310.75 341.25 298.50 313.50 11580700
20081205 308.00 326.25 296.50 300.75 7496500
20081208 322.50 351.50 322.50 347.00 7175300
20081209 344.50 393.00 340.25 382.25 13314600
20081210 385.50 387.75 362.00 367.25 7978200
20081211 364.75 371.50 351.75 358.75 8217200
20081212 346.00 360.50 339.00 354.00 6715300
20081215 364.75 380.00 363.75 366.25 6108500
20081216 370.50 370.50 356.00 369.00 6445900
20081217 378.50 394.25 369.00 388.50 10573100
20081218 386.25 400.25 384.00 385.75 4176900
20081219 380.25 389.00 374.25 386.25 4418800
20081222 388.25 388.25 370.75 375.25 2428100
20081223 376.00 396.25 376.00 389.25 2849400
20081224 399.50 399.50 381.00 381.00 487000
20081229 380.00 387.00 376.75 380.75 1458500
20081230 384.00 386.00 376.00 382.50 1720100
20081231 391.50 391.50 375.25 384.00 548000
20090102 388.25 409.50 385.25 406.50 1283600
20090105 411.50 420.00 408.00 415.50 3188000
20090106 419.00 434.25 412.00 423.00 6961700
20090107 424.00 428.00 406.75 410.75 4584200
20090108 407.75 407.75 391.50 400.75 4968900
20090109 400.75 401.75 374.25 388.75 7332100
20090112 387.75 387.75 373.50 377.00 4344100
20090113 375.50 378.50 353.00 357.75 6258700
20090114 363.00 363.00 336.50 345.75 6484400
20090115 346.00 353.50 326.25 334.25 8358200
20090116 342.00 355.00 341.00 344.75 6129000
20090119 346.50 348.75 305.75 313.50 9802300
20090120 313.75 313.75 303.75 304.25 9264700
20090121 303.50 311.00 293.50 298.00 9843600
20090122 306.25 313.00 296.50 297.00 8858500
20090123 295.75 297.00 280.25 286.00 12213800
20090126 245.00 260.00 171.20 201.00 38779600
20090127 207.00 207.00 176.00 180.00 14909000
20090128 186.10 190.80 178.00 188.00 22396200
20090129 183.70 183.80 162.80 170.80 19343700
20090130 170.80 184.90 168.10 172.70 19056900
20090202 173.10 173.10 156.00 161.30 9841300
20090203 162.10 172.00 160.60 168.60 7774500
20090204 170.10 183.40 170.10 179.40 16025900
20090205 176.10 185.90 173.20 185.80 16316000
20090206 186.30 203.75 186.20 201.00 16136000
20090209 202.00 216.50 197.10 215.75 10224200
20090210 213.50 215.00 204.25 209.00 8336700
20090211 206.00 212.00 201.75 207.00 5432000
20090212 211.25 219.00 206.75 218.75 10065000
20090213 220.25 233.75 215.00 219.50 6210900
