20030101 474.50 474.50 474.50 474.50 0
20030102 475.00 489.50 464.25 486.00 3139600
20030103 481.50 493.00 479.50 486.00 3109400
20030106 483.25 495.00 477.00 494.25 3858200
20030107 493.00 495.00 473.00 479.00 5309800
20030108 479.00 485.00 458.75 463.75 5019400
20030109 459.00 466.00 451.00 458.50 5595400
20030110 460.00 474.50 455.00 473.25 5462900
20030113 476.61 477.00 463.50 467.00 3723000
20030114 468.00 471.00 458.50 470.50 3118700
20030115 465.00 471.00 452.50 456.25 2781400
20030116 456.50 462.50 452.00 453.50 4445600
20030117 455.00 458.75 453.50 454.00 5193600
20030120 455.00 456.50 436.25 440.25 4224200
20030121 444.75 446.00 426.00 427.25 5271900
20030122 428.00 430.00 407.00 415.00 9879100
20030123 422.50 429.50 415.00 415.00 6844700
20030124 422.00 431.50 417.00 427.00 6888300
20030127 423.00 423.00 406.00 415.00 6077100
20030128 421.00 421.25 410.75 412.00 4820800
20030129 412.25 412.25 400.00 404.00 6155000
20030130 405.75 429.00 405.50 428.00 6745400
20030131 414.00 429.00 414.00 426.00 6247200
20030203 426.00 443.25 426.00 441.75 4792000
20030204 440.00 440.00 425.00 430.00 5810400
20030205 424.25 426.00 415.50 423.00 4617000
20030206 415.00 424.00 410.00 417.00 4499300
20030207 414.00 417.25 406.00 411.00 5166800
20030210 414.75 418.00 406.00 408.50 3009500
20030211 417.75 417.75 408.00 412.25 4198500
20030212 411.75 412.25 393.00 395.50 5922600
20030213 393.00 395.00 374.25 381.00 18738300
20030214 380.00 388.50 373.00 377.50 9824100
20030217 385.00 387.00 373.25 375.00 5968500
20030218 377.00 394.00 373.00 392.75 8402400
20030219 393.25 398.25 383.50 388.50 7061800
20030220 385.00 396.50 385.00 394.00 7702400
20030221 394.00 402.50 390.00 402.50 7897000
20030224 398.00 412.50 396.00 399.00 7144300
20030225 392.00 392.00 378.00 379.00 8339600
20030226 381.50 388.00 372.00 376.00 4224200
20030227 376.00 379.00 360.00 375.00 5888000
20030228 378.75 391.00 369.00 390.75 5875000
20030303 394.00 406.00 387.25 399.50 4582500
20030304 397.00 397.00 384.25 390.25 4961600
20030305 385.00 386.00 373.00 375.75 4434900
20030306 381.00 381.25 366.50 368.00 4756600
20030307 360.50 360.50 334.25 351.75 17982500
20030310 353.50 355.00 341.25 342.25 5910900
20030311 337.50 341.50 325.50 331.00 8649500
20030312 330.00 340.00 320.00 320.00 9261000
20030313 325.00 341.00 323.25 340.00 9855200
20030314 346.00 368.00 346.00 365.00 9486100
20030317 357.00 379.75 347.00 370.50 5489100
20030318 373.25 387.75 365.25 378.50 6517400
20030319 378.00 394.00 375.00 379.75 4786100
20030320 383.50 390.00 365.00 373.75 5851300
20030321 375.00 392.25 375.00 384.00 5955400
20030324 383.50 384.00 361.00 367.00 4271400
20030325 359.75 370.75 351.00 368.75 3676600
20030326 372.00 372.50 359.25 362.50 3711100
20030327 362.50 362.50 346.25 354.25 6486800
20030328 356.00 356.00 336.00 349.50 5684200
20030331 350.75 350.75 332.25 341.00 4446200
20030401 344.50 354.75 340.00 350.00 5169300
20030402 352.50 369.00 352.50 365.50 5177100
20030403 365.00 386.25 358.75 375.25 6988000
20030404 375.25 384.75 366.25 377.00 4837000
20030407 386.50 409.25 386.50 406.50 8975200
20030408 400.00 400.00 372.00 373.00 9076200
20030409 372.00 381.50 363.00 377.50 4655300
20030410 369.00 376.00 357.25 360.00 5578600
20030411 363.00 375.75 362.25 372.00 5531900
20030414 376.00 377.25 367.50 376.00 2943300
20030415 382.00 399.25 382.00 391.00 6361800
20030416 395.00 406.00 385.00 385.00 7810800
20030417 388.00 400.25 382.25 400.00 4710100
20030418 400.00 400.00 400.00 400.00 0
20030421 400.00 400.00 400.00 400.00 0
20030422 399.00 406.25 394.25 405.25 3618900
20030423 408.25 439.00 408.25 428.00 10324300
20030424 424.00 433.25 420.00 423.50 5324100
20030425 434.00 439.00 421.25 430.00 11250300
20030428 426.00 454.00 426.00 450.00 7730300
20030429 455.00 458.75 437.00 440.00 6980400
20030430 442.00 446.50 435.00 445.25 4756100
20030501 444.75 444.75 428.00 429.00 2654600
20030502 433.25 452.50 429.75 452.00 7146800
20030505 452.00 452.00 452.00 452.00 0
20030506 453.00 478.00 443.25 477.00 7115900
20030507 479.50 493.00 470.00 479.00 7930300
20030508 480.00 480.00 453.00 458.00 8581300
20030509 455.25 461.00 444.00 455.00 6944600
20030512 457.00 463.50 449.50 456.50 4646000
20030513 456.50 473.75 453.50 473.75 4858200
20030514 470.00 481.75 466.25 466.75 6504900
20030515 466.75 475.00 463.25 470.75 4156900
20030516 470.00 494.00 469.25 485.00 6508000
20030519 480.50 482.00 459.25 461.50 5182700
20030520 459.00 465.50 452.75 455.00 5145200
20030521 454.25 456.50 440.00 445.25 6481100
20030522 442.00 459.50 442.00 456.25 6898000
20030523 461.25 476.00 461.25 474.25 6350700
20030526 474.25 474.25 474.25 474.25 0
20030527 477.00 477.00 460.00 471.75 2972000
20030528 473.75 495.75 473.25 490.50 7153500
20030529 493.25 512.75 484.50 508.00 5733000
20030530 501.00 506.00 490.00 490.00 6220200
20030602 498.75 523.50 494.50 523.50 5942500
20030603 519.00 520.00 500.00 506.00 6614700
20030604 505.50 509.75 497.75 506.00 5300600
20030605 512.00 514.00 498.75 503.25 3754700
20030606 506.25 524.00 506.00 513.50 6207300
20030609 512.00 518.00 500.00 503.75 2686000
20030610 501.00 501.00 484.25 485.00 6478900
20030611 490.00 497.50 483.00 491.75 6854100
20030612 499.00 499.00 486.75 490.00 7474100
20030613 495.50 495.50 483.50 486.75 4304300
20030616 489.00 498.25 486.00 494.00 3035200
20030617 499.25 514.25 499.25 506.75 6000700
20030618 502.00 503.25 488.00 491.00 5427500
20030619 489.75 490.75 467.50 467.50 10677300
20030620 468.00 473.50 460.50 471.00 6766300
20030623 476.50 479.25 459.75 464.00 6661000
20030624 457.25 465.50 451.75 452.50 6010700
20030625 453.25 467.75 453.25 460.00 6016400
20030626 456.00 467.00 456.00 464.00 3869700
20030627 467.00 479.00 467.00 473.00 3843000
20030630 472.00 483.00 465.00 475.00 6092100
20030701 474.75 482.00 461.25 465.00 9937500
20030702 473.50 484.75 472.00 477.25 4458900
20030703 476.00 484.75 476.00 480.00 5223200
20030704 480.50 487.50 479.00 486.00 2533300
20030707 488.50 497.75 485.00 495.50 7262100
20030708 510.50 515.00 497.00 515.00 8670800
20030709 515.00 516.50 508.50 511.00 5289100
20030710 518.00 518.00 505.00 510.00 3944200
20030711 509.00 515.75 502.00 513.25 3881300
20030714 517.50 528.25 511.25 522.00 2780300
20030715 520.00 533.75 520.00 524.50 3046800
20030716 529.50 534.00 515.00 524.00 4628700
20030717 523.25 523.25 505.25 512.00 6612200
20030718 512.75 519.00 508.00 516.75 2144500
20030721 513.50 522.00 507.50 509.00 2351200
20030722 518.00 519.25 511.00 513.50 2237700
20030723 519.00 526.00 515.00 516.50 1988900
20030724 520.50 527.00 512.00 525.00 3132100
20030725 522.50 537.00 520.00 531.75 5581300
20030728 538.00 540.50 533.00 537.00 2874100
20030729 536.00 552.50 530.00 542.50 4497800
20030730 544.50 552.00 543.25 546.50 2443600
20030731 549.00 553.00 534.00 552.00 5391300
20030801 550.00 550.00 538.75 543.50 3409600
20030804 545.00 549.00 539.00 544.75 3968200
20030805 542.00 547.00 539.75 542.00 2742900
20030806 538.00 538.00 526.75 528.25 5928200
20030807 528.00 528.25 517.25 521.50 4368800
20030808 528.50 533.50 517.75 527.50 3596300
20030811 532.00 536.00 521.25 527.00 2998300
20030812 530.00 535.50 525.00 532.50 3823000
20030813 533.50 549.00 533.00 540.00 6752500
20030814 545.00 557.00 537.50 554.00 4571200
20030815 555.00 573.00 554.00 570.00 5922400
20030818 576.00 576.00 566.25 570.75 4423300
20030819 574.00 582.00 570.00 581.50 4514900
20030820 581.00 581.50 566.50 570.00 5199200
20030821 570.25 577.25 565.00 570.00 6720300
20030822 566.00 582.00 558.00 578.75 11161800
20030825 578.75 578.75 578.75 578.75 0
20030826 577.00 579.50 565.00 568.00 6066900
20030827 570.00 580.00 567.00 572.75 3396400
20030828 576.00 579.00 565.50 577.00 5126600
20030829 572.50 581.50 571.50 576.50 4153400
20030901 573.00 577.25 571.00 575.25 3327300
20030902 576.00 576.00 567.25 572.50 3857800
20030903 576.50 599.50 576.00 596.00 11546600
20030904 598.00 600.50 583.00 583.50 6427300
20030905 589.00 589.00 572.50 578.00 4139700
20030908 584.50 584.50 572.75 579.50 2235600
20030909 580.00 581.05 570.70 572.50 4348800
20030910 572.50 572.50 553.50 555.50 7233600
20030911 550.00 553.00 544.00 544.50 4210100
20030912 548.50 554.00 543.50 544.50 4382600
20030915 540.00 546.00 540.00 544.75 3715100
20030916 541.25 550.25 538.00 547.00 6192900
20030917 550.00 562.00 549.50 553.00 5383400
20030918 545.75 558.00 543.75 556.25 4354500
20030919 545.00 560.75 545.00 558.50 4682800
20030922 554.00 554.00 545.00 550.00 3771500
20030923 552.50 553.00 538.50 538.50 3508200
20030924 543.50 544.00 529.50 530.00 7409100
20030925 224.34 531.50 518.00 523.00 6174000
20030926 520.50 523.50 506.00 509.50 5862900
20030929 509.50 522.50 508.00 521.00 5145700
20030930 521.00 522.00 505.00 507.50 6200900
20031001 510.50 515.00 501.50 509.00 7371000
20031002 516.00 520.00 512.50 520.00 6985300
20031003 515.50 542.00 515.50 539.00 4613600
20031006 540.00 540.00 529.50 533.00 3559000
20031007 534.50 537.50 524.50 528.00 5191800
20031008 530.00 538.00 524.00 535.00 4628700
20031009 541.00 559.50 534.50 554.50 7653800
20031010 545.00 568.50 545.00 562.50 5807400
20031013 558.50 568.00 558.50 567.00 3883800
20031014 570.50 577.00 558.50 563.50 6779600
20031015 569.00 585.50 566.00 575.50 8519600
20031016 575.50 575.50 564.50 570.00 5972700
20031017 568.50 573.00 567.00 570.50 3587500
20031020 565.00 574.50 563.50 568.50 3985600
20031021 572.00 573.50 566.50 573.50 4195300
20031022 579.50 580.00 556.50 560.00 5507000
20031023 548.00 548.00 535.00 539.00 9150400
20031024 542.00 544.00 533.00 540.00 2919100
20031027 540.50 545.50 533.00 543.50 3490900
20031028 550.00 564.00 550.00 560.50 7734800
20031029 570.00 578.50 570.00 573.50 6062000
20031030 572.00 578.50 564.00 573.00 4273900
20031031 572.50 573.00 558.00 561.50 4376900
20031103 560.50 580.50 547.00 577.50 4989500
20031104 578.00 582.00 570.00 580.00 3884500
20031105 580.00 580.00 561.50 566.00 5846500
20031106 570.00 575.00 564.50 574.00 4513700
20031107 579.50 589.50 575.00 583.50 5396500
20031110 584.50 584.50 572.50 572.50 3560700
20031111 572.00 572.00 560.50 567.00 3321300
20031112 567.00 572.00 561.50 571.50 5017500
20031113 582.50 582.50 567.50 569.50 4601300
20031114 569.50 571.00 557.50 559.50 5632000
20031117 555.50 555.50 547.00 553.00 4543700
20031118 553.00 562.00 549.00 557.50 4255900
20031119 553.50 558.50 548.00 557.00 4002200
20031120 560.00 561.50 538.50 545.50 5324900
20031121 542.50 546.50 536.00 540.00 3938200
20031124 544.00 560.00 542.50 555.50 4338700
20031125 556.00 558.50 547.00 556.00 3377000
20031126 555.00 573.00 555.00 562.50 4846000
20031127 558.50 566.00 563.00 564.50 2065500
20031128 561.00 567.50 556.00 557.00 2506200
20031201 558.00 565.00 558.00 562.50 3227000
20031202 557.00 564.50 555.00 558.50 5057600
20031203 562.00 570.50 569.00 569.50 7626500
20031204 565.00 582.00 563.00 581.00 6750800
20031205 580.00 580.00 564.50 569.50 4016700
20031208 569.50 569.50 557.00 559.00 4157900
20031209 563.00 563.00 553.50 554.50 3649800
20031210 554.00 554.50 539.00 549.00 3890500
20031211 549.50 552.50 544.50 548.50 4046200
20031212 549.00 553.00 544.50 546.50 2864100
20031215 553.50 559.00 543.00 543.00 2706500
20031216 542.50 549.00 536.50 544.50 3863300
20031217 549.28 553.00 545.00 549.00 5039600
20031218 547.00 556.50 544.00 553.00 2233000
20031219 552.00 559.50 547.00 549.00 2644200
20031222 560.00 560.00 543.00 547.00 1869300
20031223 544.50 549.50 543.00 544.50 1668100
20031224 542.00 550.50 542.00 547.00 331500
20031225 547.00 547.00 547.00 547.00 0
20031226 547.00 547.00 547.00 547.00 0
20031229 545.00 547.50 542.50 544.50 1231500
20031230 548.00 550.00 543.50 546.00 1695000
20031231 549.00 556.00 548.00 548.50 529600
20040101 548.50 548.50 548.50 548.50 0
20040102 542.00 560.00 542.00 558.50 1869500
20040105 556.00 563.50 554.00 560.50 3595700
20040106 564.50 568.00 557.00 567.00 4355700
20040107 566.00 574.50 561.00 573.50 5031300
20040108 576.00 592.50 572.00 586.00 7579500
20040109 583.76 590.00 578.00 583.50 5148500
20040112 579.00 583.50 574.00 579.00 4521100
20040113 577.00 599.00 577.00 597.50 6293000
20040114 598.50 621.00 595.00 612.50 10604800
20040115 615.50 637.50 606.50 628.50 10477500
20040116 632.00 645.50 632.00 643.00 4744900
20040119 640.00 634.50 631.50 631.50 3074900
20040120 631.00 635.00 627.50 632.50 3254400
20040121 634.00 634.00 620.00 624.50 4869400
20040122 612.35 626.00 607.50 609.50 7244700
20040123 610.50 615.00 599.00 609.50 5362000
20040126 614.00 617.50 602.50 616.50 4217000
20040127 628.00 633.00 613.50 627.50 5649700
20040128 625.00 633.50 616.00 618.50 4742700
20040129 608.45 615.50 602.00 602.00 4018400
20040130 612.50 617.50 603.00 606.50 6051400
20040202 613.00 614.00 599.50 603.00 4842300
20040203 606.00 606.00 595.00 597.00 4187400
20040204 595.50 595.50 587.00 590.00 5817500
20040205 590.00 598.50 586.00 593.00 5118900
20040206 598.00 601.00 587.50 594.00 6468700
20040209 595.50 609.00 602.50 605.50 5204400
20040210 602.00 604.00 588.50 590.00 3726800
20040211 592.00 606.00 585.50 603.00 5255500
20040212 607.50 613.50 595.00 597.00 5242900
20040213 601.50 608.50 597.00 608.50 6955900
20040216 604.50 617.50 604.50 611.00 4721400
20040217 615.50 633.50 615.50 622.00 7772400
20040218 620.00 639.00 618.50 628.50 6874100
20040219 626.00 637.00 624.50 633.00 5615800
20040220 626.50 631.50 621.00 628.50 6988600
20040223 629.00 638.00 628.50 630.00 2977900
20040224 625.50 627.00 608.00 610.00 5789000
20040225 614.00 619.50 610.50 618.50 5104000
20040226 619.00 630.50 628.00 630.50 5533400
20040227 640.00 644.00 599.00 602.00 15360700
20040301 608.00 611.00 585.50 588.50 12055200
20040302 594.00 598.50 588.50 591.50 8041900
20040303 590.00 594.00 584.50 592.00 5213600
20040304 589.50 599.50 589.50 597.00 3682300
20040305 595.00 598.00 586.50 587.50 7653600
20040308 585.00 587.50 577.00 578.00 5860900
20040309 574.00 590.00 574.00 585.50 8218300
20040310 583.00 586.50 570.00 572.50 7083600
20040311 568.00 570.50 536.50 567.50 16251600
20040312 563.50 577.00 572.00 576.50 7300500
20040315 572.00 576.00 558.00 561.00 6220000
20040316 558.00 569.50 554.50 561.00 5784400
20040317 563.00 573.00 557.00 571.00 7577800
20040318 576.50 576.50 556.50 558.00 4280500
20040319 561.50 567.50 558.00 564.00 3204400
20040322 558.00 558.00 542.50 547.50 6213100
20040323 550.00 553.50 540.00 541.50 6709500
20040324 541.00 546.00 527.00 531.00 7687600
20040325 535.50 555.00 533.00 554.00 9732100
20040326 557.00 561.00 539.00 541.50 4648000
20040329 541.50 555.00 539.00 552.00 4904600
20040330 553.00 553.00 545.00 549.00 3185700
20040331 553.50 556.50 545.50 550.50 5078000
20040401 554.00 570.00 554.00 568.50 9820000
20040402 570.00 591.00 567.00 584.50 7521500
20040405 592.00 592.00 574.50 579.50 5107000
20040406 583.00 583.50 564.00 566.00 3872400
20040407 570.00 574.00 566.00 570.50 2836800
20040408 575.50 583.00 576.50 580.00 4895200
20040409 580.00 580.00 580.00 580.00 0
20040412 580.00 580.00 580.00 580.00 0
20040413 585.00 588.00 576.50 581.00 2756800
20040414 574.00 578.00 563.50 567.50 3872100
20040415 570.00 581.50 566.50 573.50 5225000
20040416 572.50 589.00 572.50 586.50 5412400
20040419 588.50 589.50 580.00 587.50 2051200
20040420 592.00 597.50 581.00 585.50 5801100
20040421 578.50 580.00 571.00 571.50 6205100
20040422 571.00 578.00 567.00 572.50 4440600
20040423 575.50 588.50 572.50 582.00 5944000
20040426 582.50 593.50 579.00 588.00 5212700
20040427 585.00 591.00 580.50 586.50 4784600
20040428 579.50 584.50 572.50 574.00 4821400
20040429 578.00 580.00 556.00 570.50 7073800
20040430 570.50 573.00 554.00 556.00 8388900
20040503 556.00 556.00 556.00 556.00 0
20040504 558.00 571.00 553.00 568.50 6523600
20040505 563.00 574.00 563.00 569.00 6072600
20040506 572.00 572.00 557.50 560.00 5496100
20040507 564.50 565.00 547.00 551.50 7418100
20040510 546.00 546.00 534.00 535.00 5571100
20040511 536.00 550.00 536.00 550.00 5446100
20040512 556.00 561.50 540.50 543.00 7801700
20040513 550.00 554.50 536.00 540.50 6125700
20040514 538.00 544.00 536.50 542.50 6941400
20040517 539.00 539.00 523.00 529.00 6620400
20040518 529.00 543.00 529.00 539.50 6905400
20040519 540.00 555.50 540.00 552.00 5043000
20040520 552.00 554.00 546.00 547.50 4202800
20040521 549.00 553.00 545.00 549.50 4070700
20040524 547.00 557.50 547.00 549.50 3464300
20040525 546.00 548.00 535.50 540.50 4237000
20040526 548.50 551.00 538.00 542.00 5100200
20040527 541.00 549.50 541.00 546.50 3792100
20040528 550.00 550.00 539.00 544.00 7734600
20040531 544.00 544.00 544.00 544.00 0
20040601 546.50 546.50 540.00 540.50 2916000
20040602 539.00 547.00 537.50 539.00 4689300
20040603 539.00 541.50 534.50 539.50 3706200
20040604 539.50 555.50 539.00 552.00 7365100
20040607 556.50 562.00 551.00 560.00 4363000
20040608 566.50 574.00 565.50 566.00 9035300
20040609 570.00 571.00 564.00 568.00 4217800
20040610 565.00 566.00 560.50 563.00 2694900
20040611 565.00 565.00 554.50 558.50 1626300
20040614 561.00 562.00 548.50 551.00 2338600
20040615 549.50 555.00 548.50 551.00 4563400
20040616 549.50 558.50 549.50 555.00 4165300
20040617 555.50 563.00 553.50 561.00 4599300
20040618 561.50 567.00 557.50 563.50 2817100
20040621 560.50 565.00 558.00 560.50 3058000
20040622 557.00 559.50 550.50 553.00 3728900
20040623 551.00 561.00 551.00 558.00 2881800
20040624 561.50 576.00 560.00 572.00 5077600
20040625 568.00 576.00 568.00 573.00 7155900
20040628 565.50 578.50 565.50 568.00 6638200
20040629 565.00 572.00 565.00 568.00 5169300
20040630 566.50 568.00 560.00 560.00 4444600
20040701 565.00 570.00 556.50 558.00 5152100
20040702 561.00 563.00 554.00 555.00 2482300
20040705 555.00 557.50 552.00 552.00 1561500
20040706 552.00 553.50 533.00 535.00 6680200
20040707 539.00 543.00 531.50 534.50 4740400
20040708 531.00 531.00 522.00 524.00 8226900
20040709 525.00 530.00 518.00 529.00 5912000
20040712 529.00 530.50 517.00 518.00 5177100
20040713 523.00 533.00 517.00 530.00 5787500
20040714 529.50 529.50 514.00 522.00 7075500
20040715 522.50 524.50 513.00 515.50 4911900
20040716 519.50 525.00 516.00 520.00 4224000
20040719 517.50 522.50 515.00 515.50 2643100
20040720 516.00 517.50 507.50 514.50 5336600
20040721 518.50 532.50 518.00 527.00 4643700
20040722 521.00 523.00 513.00 514.50 3754600
20040723 519.50 522.00 515.50 516.00 6084100
20040726 515.00 518.00 504.00 505.00 5393800
20040727 509.50 509.50 501.50 507.50 3965700
20040728 511.00 514.50 507.50 510.00 2175200
20040729 513.00 523.50 513.00 517.00 3548600
20040730 517.50 511.50 506.00 508.50 4525900
20040802 506.50 510.00 502.50 510.00 3153700
20040803 510.00 512.50 505.00 508.00 2186300
20040804 506.00 506.00 489.50 496.00 5787900
20040805 496.00 502.00 489.00 490.50 5259100
20040806 486.00 487.50 472.00 477.50 7205200
20040809 478.00 483.00 463.50 470.00 5516100
20040810 471.00 479.50 468.50 479.00 2925000
20040811 480.00 480.00 472.50 477.50 3646900
20040812 476.50 483.00 464.50 469.50 4310800
20040813 470.00 472.50 463.50 471.00 3474500
20040816 479.00 490.00 470.00 489.00 5736500
20040817 487.50 500.00 486.00 494.50 4124500
20040818 492.00 497.50 491.50 496.00 3744300
20040819 499.00 501.00 493.00 494.50 4901000
20040820 494.50 494.50 477.50 488.00 6857000
20040823 494.00 496.00 484.50 493.00 5667200
20040824 491.50 503.00 491.50 498.00 4961900
20040825 499.50 500.00 486.00 491.00 3689400
20040826 493.00 501.50 492.50 500.00 5288100
20040827 498.00 505.00 496.50 503.50 2435200
20040830 503.50 503.50 503.50 503.50 0
20040831 501.50 505.50 494.00 496.00 4686800
20040901 501.50 501.50 493.00 498.00 3166100
20040902 498.50 504.00 493.00 502.50 4123900
20040903 505.00 512.00 501.00 510.00 3898200
20040906 508.50 513.00 506.00 512.50 1497900
20040907 514.00 520.50 510.50 519.50 3630200
20040908 515.50 523.00 513.00 517.00 2791300
20040909 516.00 518.00 507.00 509.00 3961200
20040910 506.00 518.00 506.00 514.00 3601600
20040913 509.00 532.50 505.00 508.00 15904700
20040914 507.00 521.50 507.00 520.00 8768200
20040915 520.00 525.00 515.50 522.00 7174000
20040916 518.50 530.00 518.50 523.00 5583300
20040917 522.00 531.50 522.00 529.50 4990600
20040920 525.00 529.50 519.50 522.00 3968000
20040921 521.00 524.00 519.00 519.00 8657100
20040922 519.00 524.50 516.00 519.00 4922300
20040923 515.00 518.50 510.50 516.50 5142800
20040924 516.50 516.50 510.00 513.00 2598600
20040927 510.50 514.50 505.00 507.50 2887300
20040928 504.00 510.50 500.00 503.00 2826400
20040929 508.00 516.50 505.50 512.00 4987800
20040930 510.00 518.00 510.00 514.50 6556000
20041001 513.50 523.50 510.50 522.50 7871000
20041004 528.00 535.50 524.00 531.50 5174400
20041005 533.00 535.00 526.50 527.50 4408000
20041006 529.00 536.00 526.00 534.50 3982100
20041007 537.00 550.50 532.00 546.00 7150900
20041008 535.00 551.00 535.00 544.50 5102000
20041011 544.50 544.50 536.50 539.50 5092600
20041012 541.50 543.00 535.00 542.00 5084700
20041013 543.50 544.50 536.50 540.00 5839700
20041014 537.50 546.00 534.50 535.50 5107200
20041015 534.00 536.00 527.00 533.00 3093700
20041018 531.00 535.00 530.50 533.00 1793500
20041019 533.50 542.00 533.50 538.50 2850400
20041020 534.00 535.50 530.50 532.00 2836200
20041021 531.50 536.50 527.00 532.00 4445400
20041022 533.50 539.00 533.50 535.50 3577900
20041025 530.50 534.00 521.00 523.50 4558100
20041026 535.00 540.50 531.50 539.50 9659700
20041027 541.00 550.50 540.50 547.00 7323500
20041028 549.50 558.00 549.00 553.50 4303500
20041029 556.50 556.50 544.00 546.50 6287100
20041101 550.00 554.50 542.00 553.00 4228000
20041102 554.00 562.00 552.00 560.00 4015000
20041103 566.00 568.50 558.50 560.50 5415500
20041104 554.50 560.50 552.00 556.50 3439700
20041105 562.00 569.00 558.00 559.00 3743500
20041108 557.00 561.50 555.00 558.50 4326300
20041109 561.00 561.00 555.50 557.00 3027900
20041110 561.00 570.50 554.50 568.00 4690200
20041111 568.00 583.00 566.00 580.50 6123500
20041112 585.00 597.00 584.50 587.00 8942900
20041115 593.50 594.50 578.00 580.50 4776700
20041116 580.00 585.00 573.50 577.00 4285300
20041117 577.00 583.00 571.00 577.00 5238600
20041118 575.50 581.00 571.00 579.50 2462000
20041119 580.00 593.50 580.00 590.00 7522700
20041122 585.00 586.00 574.00 576.00 5749100
20041123 581.00 583.50 576.00 577.00 4724400
20041124 581.00 584.00 574.00 581.00 3216200
20041125 579.50 586.50 575.00 577.00 2366100
20041126 577.00 581.50 576.50 579.00 1360600
20041129 577.50 589.00 577.50 582.00 4561100
20041130 581.00 588.00 573.50 578.00 5040300
20041201 579.00 584.00 575.50 578.00 2711400
20041202 583.50 585.50 577.50 582.50 5515600
20041203 585.00 585.00 573.50 575.50 3787200
20041206 570.50 583.50 565.50 574.00 3655400
20041207 572.50 576.50 566.50 569.50 3670400
20041208 565.00 568.00 561.50 567.00 3416500
20041209 568.00 568.00 558.00 561.50 2692600
20041210 565.00 568.00 558.00 560.50 2765800
20041213 558.50 571.50 557.00 567.50 3307200
20041214 573.00 579.00 563.00 563.50 2711200
20041215 564.50 567.00 558.50 560.00 2837700
20041216 564.00 565.00 560.50 561.00 3505500
20041217 556.00 567.00 556.00 556.50 6194100
20041220 555.00 564.50 553.00 561.00 2850000
20041221 562.50 564.50 555.00 562.50 1473700
20041222 566.00 570.50 561.50 565.50 2840500
20041223 565.00 574.50 560.50 568.00 2232700
20041224 566.00 569.50 563.50 567.00 535600
20041227 567.00 567.00 567.00 567.00 0
20041228 567.00 567.00 567.00 567.00 0
20041229 563.00 574.50 563.00 574.00 1856500
20041230 575.00 575.00 569.50 571.50 1329100
20041231 573.00 573.50 570.00 573.00 358800
20050103 573.00 573.00 573.00 573.00 0
20050104 566.00 570.00 561.00 567.50 6062700
20050105 560.00 562.00 558.50 560.50 4847100
20050106 560.00 566.50 559.00 560.50 3146500
20050107 558.00 566.00 554.50 556.00 7565900
20050110 556.50 563.00 550.50 561.50 9347200
20050111 564.00 568.50 556.50 560.50 4681400
20050112 561.00 558.00 554.50 557.00 3070300
20050113 560.00 564.00 556.50 561.50 4459900
20050114 558.00 573.00 558.00 568.00 9154400
20050117 572.00 577.00 568.00 570.00 3441800
20050118 572.00 572.50 563.00 569.50 2291500
20050119 569.00 574.00 563.50 567.00 4017800
20050120 562.50 569.50 555.50 558.00 3839700
20050121 560.00 560.00 551.50 551.50 4076800
20050124 548.00 553.00 547.50 549.50 2472000
20050125 549.00 567.50 548.00 563.00 6300900
20050126 564.00 570.00 561.00 569.00 5291700
20050127 568.50 570.00 564.00 568.00 5114500
20050128 570.00 574.00 565.00 569.00 3203300
20050131 570.00 579.50 570.00 577.50 4270200
20050201 579.00 584.00 573.50 579.50 3934100
20050202 583.00 584.00 573.50 575.00 2784000
20050203 575.00 578.50 567.50 570.00 5396600
20050204 569.00 581.50 567.00 569.50 5070100
20050207 575.50 575.50 568.00 573.50 3168700
20050208 570.00 583.00 569.50 582.50 4579700
20050209 583.00 598.50 580.00 592.00 6926800
20050210 589.50 594.50 585.50 588.00 4317000
20050211 594.00 594.00 586.50 590.50 3585000
20050214 589.00 592.00 583.50 589.00 2791900
20050215 589.00 589.50 583.00 588.00 3852900
20050216 589.00 589.00 578.50 585.00 3941800
20050217 586.00 598.50 580.50 597.00 6937400
20050218 594.00 597.00 587.00 588.00 3866000
20050221 587.00 593.50 586.00 589.50 3431700
20050222 590.00 590.50 578.00 580.00 4586300
20050223 574.00 585.50 570.00 584.00 6650700
20050224 585.00 591.00 578.50 585.50 6947800
20050225 600.00 608.00 594.50 606.00 12503500
20050228 609.50 609.50 590.50 599.00 7345000
20050301 602.00 614.50 598.00 613.50 5888100
20050302 616.00 619.00 611.50 616.00 6087000
20050303 615.00 621.50 612.00 618.50 5121000
20050304 622.00 625.00 613.00 623.00 9124900
20050307 623.00 625.50 617.00 624.00 5248400
20050308 622.00 627.50 618.00 625.50 8026400
20050309 625.00 626.50 617.50 623.00 11261600
20050310 620.00 622.00 613.50 615.50 6452400
20050311 621.50 623.50 609.50 612.00 4763600
20050314 610.50 615.50 607.50 610.00 2629000
20050315 612.00 617.50 609.00 617.50 5777900
20050316 614.00 614.50 604.50 607.50 4941800
20050317 610.00 616.00 607.50 613.00 7207400
20050318 611.50 619.50 610.50 619.50 6146400
20050321 620.00 624.50 613.00 615.00 3506000
20050322 617.00 617.50 611.00 617.50 5762900
20050323 614.50 615.00 608.00 610.50 4663300
20050324 612.50 614.00 606.00 610.50 5855200
20050325 610.50 610.50 610.50 610.50 0
20050328 610.50 610.50 610.50 610.50 0
20050329 608.00 612.00 605.00 606.50 4453500
20050330 605.50 606.00 598.50 604.00 5309600
20050331 607.00 607.00 597.50 602.50 6741500
20050401 603.00 609.00 596.50 607.00 4280600
20050404 605.50 605.50 599.50 603.50 3352600
20050405 604.50 608.50 600.50 608.00 5125900
20050406 607.00 615.00 603.00 606.50 6247100
20050407 610.00 620.50 608.00 618.50 6128100
20050408 620.00 624.00 617.00 622.50 4894600
20050411 620.00 623.50 615.50 619.50 3274600
20050412 617.50 620.00 607.50 608.50 5230200
20050413 617.00 618.00 613.00 617.50 2450000
20050414 612.00 618.50 610.00 613.50 3615700
20050415 611.00 611.00 597.50 597.50 5102700
20050418 589.50 593.50 582.00 590.50 6546400
20050419 590.50 596.50 590.50 596.00 3891200
20050420 600.00 600.00 592.00 598.50 4722600
20050421 594.00 609.50 594.00 604.50 5468600
20050422 612.00 614.00 592.50 600.50 6786400
20050425 600.00 600.00 587.50 588.00 4693200
20050426 591.00 591.00 579.00 580.00 8396200
20050427 581.00 581.00 563.00 567.00 6361900
20050428 567.00 573.00 557.50 560.00 6979800
20050429 560.00 567.00 556.00 566.50 6102900
20050502 566.50 566.50 566.50 566.50 0
20050503 570.00 572.50 560.00 563.50 6377900
20050504 563.00 571.00 562.50 570.00 5043900
20050505 574.50 575.50 567.00 570.00 2829700
20050506 573.00 575.00 563.00 571.50 3719300
20050509 575.00 575.00 565.00 568.00 2255300
20050510 568.00 572.50 563.50 567.00 5650800
20050511 567.00 570.00 561.50 564.00 4070100
20050512 569.50 576.00 565.50 569.00 3614600
20050513 568.50 571.50 562.50 570.00 7541400
20050516 570.50 574.50 564.50 567.00 3534300
20050517 566.50 575.50 566.50 575.00 4904200
20050518 575.50 584.00 575.50 579.50 5658800
20050519 581.00 588.00 581.00 582.50 6378400
20050520 582.00 588.50 581.00 584.00 4090500
20050523 584.00 587.00 579.00 581.00 4446100
20050524 583.00 583.00 574.00 580.50 6610900
20050525 582.00 586.50 580.00 585.00 5489700
20050526 583.00 594.00 583.00 591.50 7215400
20050527 594.00 594.50 589.50 591.50 5569900
20050530 591.50 591.50 591.50 591.50 0
20050531 596.00 596.00 584.00 588.00 6520900
20050601 584.50 587.50 578.50 586.50 3636800
20050602 584.00 589.50 583.00 584.00 2608800
20050603 584.00 584.00 584.00 584.00 0
20050606 588.00 588.00 576.00 578.00 3378300
20050607 577.00 587.00 577.00 583.50 5464600
20050608 581.00 593.50 581.00 590.00 4362000
20050609 587.50 591.50 584.00 585.00 6165000
20050610 585.00 593.50 585.00 587.50 5314800
20050613 590.00 593.50 584.00 585.00 3912100
20050614 584.00 588.00 584.00 587.50 3533300
20050615 590.00 595.50 585.50 592.00 5646500
20050616 592.50 601.50 587.50 590.00 3758300
20050617 591.00 598.00 586.50 591.50 6777300
20050620 591.00 591.00 581.00 582.50 2799700
20050621 583.50 591.00 578.00 588.00 4146700
20050622 585.50 598.00 583.50 594.00 6943300
20050623 598.50 603.50 593.50 597.50 5797700
20050624 594.00 595.00 587.50 589.00 3650300
20050627 586.00 590.50 576.00 576.00 7538100
20050628 577.00 583.00 576.50 578.00 5142600
20050629 579.50 584.00 577.50 580.00 8756500
20050630 579.00 581.00 574.50 574.50 5802000
20050701 576.00 585.00 572.50 583.50 7869800
20050704 583.50 592.50 580.50 591.00 4032600
20050705 591.00 598.00 586.50 592.00 5999000
20050706 592.00 601.00 587.50 590.00 8820200
20050707 590.00 590.00 559.50 577.50 7947600
20050708 585.00 587.50 580.50 583.50 4321500
20050711 589.50 593.00 583.00 590.00 3148100
20050712 590.00 595.00 589.00 590.50 3211300
20050713 590.00 595.50 583.00 590.50 3035700
20050714 594.00 602.50 592.00 600.00 10290500
20050715 599.00 601.00 592.00 593.00 6820600
20050718 593.00 596.00 586.50 587.50 8032400
20050719 588.00 592.00 581.50 585.00 11056700
20050720 588.00 589.50 582.00 586.50 10240400
20050721 587.00 592.00 581.00 587.00 5109000
20050722 589.50 594.00 587.50 591.50 5893000
20050725 588.00 591.50 586.00 590.50 6208800
20050726 587.50 591.00 585.50 587.00 5564100
20050727 590.50 601.50 590.50 596.00 12307400
20050728 601.00 612.00 601.00 607.50 12224300
20050729 606.50 618.00 600.50 603.00 19224000
20050801 602.00 605.00 597.00 601.50 8146000
20050802 600.50 609.50 600.50 608.00 7209400
20050803 605.50 614.50 605.00 606.00 10603200
20050804 606.00 606.00 598.50 604.50 8677700
20050805 604.00 609.50 602.00 605.00 5089400
20050808 603.50 608.50 598.00 599.00 7270700
20050809 596.50 600.00 593.00 595.00 6994000
20050810 595.00 603.00 595.00 600.00 8060700
20050811 599.00 599.00 590.50 591.00 6656400
20050812 594.50 594.50 587.00 588.50 8112400
20050815 587.00 591.00 585.00 585.50 5738900
20050816 591.00 598.00 588.50 595.50 13586100
20050817 594.50 596.00 588.50 593.50 4585700
20050818 596.00 601.00 590.50 597.00 10676500
20050819 599.50 609.00 599.50 602.50 11417300
20050822 604.00 608.50 598.00 598.50 5732100
20050823 598.50 602.00 595.00 598.00 5755300
20050824 595.50 598.00 587.50 593.50 7326500
20050825 593.00 596.00 588.00 591.50 5002800
20050826 590.00 595.50 579.50 580.00 18253800
20050829 580.00 580.00 580.00 580.00 0
20050830 583.00 585.00 571.00 571.00 10603200
20050831 573.00 576.00 567.50 573.00 12140700
20050901 576.50 576.50 567.50 568.00 10079500
20050902 569.50 570.00 557.50 567.00 14003800
20050905 567.00 573.00 564.50 572.00 7363200
20050906 575.00 575.50 565.50 569.00 7006300
20050907 573.00 576.00 569.50 571.50 9036700
20050908 574.00 575.00 569.00 573.50 5198300
20050909 573.00 574.50 564.00 573.50 10559500
20050912 578.00 582.50 578.00 581.50 12455100
20050913 581.50 585.00 578.00 580.50 9725600
20050914 580.00 583.50 574.50 579.00 12752500
20050915 576.50 576.50 568.00 574.00 11699900
20050916 575.00 578.00 571.00 573.50 16485100
20050919 573.00 576.50 571.00 573.00 4488600
20050920 572.50 575.50 566.00 574.00 10199500
20050921 568.00 578.00 563.00 564.00 13814700
20050922 564.00 565.00 556.00 562.50 20975000
20050923 561.00 563.50 558.50 561.00 16164400
20050926 564.50 576.00 562.50 575.00 20437100
20050927 571.00 578.50 568.50 576.00 14178900
20050928 581.00 592.00 580.00 586.00 15478400
20050929 588.00 588.00 576.00 577.50 12797900
20050930 580.00 582.50 576.00 577.00 9683100
20051003 578.00 580.00 576.00 577.50 9170700
20051004 580.00 583.00 570.00 582.00 16924100
20051005 578.00 579.50 566.00 566.00 18507700
20051006 563.00 564.50 558.50 561.00 15795500
20051007 556.00 561.50 556.00 556.50 16759800
20051010 562.00 570.50 562.00 569.50 9888400
20051011 567.50 571.00 562.00 562.50 11629000
20051012 564.00 567.50 559.00 563.00 12671200
20051013 562.50 576.00 552.00 555.00 11259800
20051014 554.00 557.00 549.00 552.00 9937400
20051017 552.00 552.00 543.50 547.00 14524100
20051018 545.50 548.00 536.50 542.50 13250700
20051019 540.50 541.50 532.50 534.50 13444300
20051020 542.00 545.00 538.50 543.00 14735300
20051021 539.00 544.50 537.00 543.50 14827500
20051024 544.50 549.00 539.00 549.00 14858700
20051025 549.50 555.00 544.50 552.00 9281400
20051026 547.00 564.00 547.00 562.00 21725800
20051027 558.00 560.00 549.50 552.50 13505800
20051028 552.50 556.00 544.50 551.00 14303200
20051031 556.50 562.00 553.50 555.00 7788400
20051101 552.00 562.50 549.50 561.00 11217600
20051102 563.00 566.50 557.50 564.00 7852100
20051103 568.50 569.50 561.50 568.00 11163400
20051104 570.00 571.50 561.00 570.00 18845200
20051107 575.00 576.00 566.50 574.50 6765000
20051108 578.00 581.50 573.50 578.00 8173000
20051109 576.00 579.00 571.00 576.00 8318900
20051110 579.50 579.50 571.50 571.50 7288800
20051111 578.50 583.50 575.00 582.00 3559400
20051114 592.00 592.00 576.00 578.50 3076200
20051115 579.00 583.00 571.50 573.00 3492700
20051116 574.50 574.50 565.50 569.00 9397300
20051117 565.00 567.00 561.00 563.00 9518600
20051118 568.00 577.00 564.00 573.00 16157100
20051121 564.50 577.50 563.00 573.00 5567800
20051122 573.00 578.50 569.00 570.00 4573800
20051123 571.00 571.50 561.00 562.00 12241500
20051124 565.00 568.00 560.00 566.00 13206500
20051125 569.00 579.00 566.00 577.50 10549200
20051128 583.00 583.00 568.00 570.50 10213500
20051129 571.50 573.00 567.00 569.50 6611900
20051130 566.50 573.50 564.50 570.00 20865400
20051201 574.00 574.00 568.50 570.00 18133400
20051202 572.50 577.00 570.00 576.00 22201900
20051205 575.00 578.50 571.00 578.00 7053800
20051206 577.00 583.50 572.00 583.00 12285400
20051207 584.00 594.50 579.50 591.50 10356000
20051208 587.00 593.00 586.00 592.50 8250000
20051209 593.50 618.00 593.50 616.00 44292600
20051212 616.00 625.00 616.00 621.00 19609000
20051213 623.00 623.00 615.00 619.50 13792800
20051214 623.00 625.50 616.00 624.00 12316300
20051215 622.00 622.00 613.50 617.50 12143000
20051216 620.50 630.00 615.00 627.50 20527600
20051219 624.00 627.00 622.50 625.00 9503400
20051220 625.00 630.00 618.50 624.00 16643500
20051221 624.50 628.50 620.00 627.00 6904300
20051222 628.00 635.50 622.50 624.00 7042200
20051223 628.50 632.00 624.00 624.00 1809800
20051226 624.00 624.00 624.00 624.00 0
20051227 624.00 624.00 624.00 624.00 0
20051228 624.00 636.00 624.00 628.50 3138500
20051229 630.00 632.50 627.50 630.50 2342500
20051230 632.00 632.00 625.00 629.00 1223500
20060102 629.00 629.00 629.00 629.00 0
20060103 633.00 639.00 633.00 637.50 9780800
20060104 642.00 651.00 639.00 641.50 18578700
20060105 644.00 644.00 632.00 632.50 13816100
20060106 632.00 635.50 631.00 633.50 16800600
20060109 632.50 637.00 630.00 632.00 9699100
20060110 633.50 636.00 625.50 635.00 7662400
20060111 637.50 649.00 634.50 645.00 14451000
20060112 645.00 645.00 638.50 643.50 7325800
20060113 640.00 642.00 636.50 641.00 4590500
20060116 642.50 643.50 638.00 643.00 4145700
20060117 638.00 641.00 629.00 633.00 17525100
20060118 628.00 629.50 621.00 625.50 10096200
20060119 630.50 637.00 627.50 632.50 14997200
20060120 632.00 643.00 629.00 632.00 7838000
20060123 627.00 628.00 620.00 625.50 6420500
20060124 625.50 628.00 617.00 617.50 10832800
20060125 621.00 625.00 611.50 625.00 15368400
20060126 627.00 631.50 618.50 620.00 10169100
20060127 622.00 634.50 619.00 633.50 10963700
20060130 631.50 631.50 622.50 628.00 4699900
20060131 626.00 626.00 610.00 624.00 19351400
20060201 624.00 631.00 622.50 629.50 9092200
20060202 629.00 633.50 624.50 625.00 7653200
20060203 629.00 634.50 621.00 630.50 6509500
20060206 634.00 636.00 622.00 626.00 7738800
20060207 630.50 630.50 623.00 630.00 7714600
20060208 628.00 630.00 621.50 626.00 4375000
20060209 628.00 632.50 626.00 632.50 8141200
20060210 632.00 635.50 626.00 626.50 8220900
20060213 630.50 631.00 623.00 626.50 4443500
20060214 629.00 629.50 617.00 622.50 4204100
20060215 622.00 625.00 617.50 619.50 6131000
20060216 624.00 625.50 614.00 622.50 9636000
20060217 626.00 635.00 622.00 633.50 8719200
20060220 632.00 634.00 625.00 633.50 10729500
20060221 635.00 640.00 632.00 635.50 7223600
20060222 633.00 643.00 630.00 642.00 8151100
20060223 639.00 639.00 617.00 619.00 11031000
20060224 645.00 670.50 640.00 668.00 34324100
20060227 670.00 676.00 666.50 672.00 9906600
20060228 674.00 680.00 661.00 662.50 10521900
20060301 666.00 683.00 664.50 680.00 13907300
20060302 678.00 683.50 675.50 678.50 10368400
20060303 675.00 681.00 668.00 673.50 6239500
20060306 670.00 679.00 670.00 675.50 7404900
20060307 674.00 679.50 667.00 679.00 10857000
20060308 681.50 684.00 672.50 676.00 12031500
20060309 682.00 685.00 673.00 683.50 11272700
20060310 681.00 692.00 653.00 691.00 8357200
20060313 691.50 694.50 686.50 694.50 4116300
20060314 688.00 692.50 681.00 683.50 10244500
20060315 686.50 687.00 678.00 679.50 5630200
20060316 683.50 683.50 672.00 680.00 8147600
20060317 678.00 684.00 675.00 678.50 9093900
20060320 678.00 684.50 671.50 674.50 5604800
20060321 679.00 686.50 677.50 685.00 14298800
20060322 684.50 697.00 681.00 694.00 11067300
20060323 695.00 697.00 687.50 695.00 7982300
20060324 695.00 698.50 692.50 695.50 8174000
20060327 695.50 703.00 695.00 699.00 11454900
20060328 699.50 700.00 686.00 689.00 6768400
20060329 692.00 693.00 681.00 686.00 6494400
20060330 687.00 695.00 684.50 692.00 4160000
20060331 690.00 694.50 688.00 690.50 5157700
20060403 690.50 701.00 687.50 690.00 4003200
20060404 690.50 690.50 684.50 686.00 7803600
20060405 688.50 692.00 680.50 684.00 5225200
20060406 685.00 690.50 676.50 678.00 7251800
20060407 677.00 684.00 671.00 672.50 4726500
20060410 676.00 690.50 675.50 690.50 4880900
20060411 688.00 693.50 673.50 678.50 9433800
20060412 681.00 683.50 667.50 674.00 10448600
20060413 672.00 676.00 669.50 674.50 5563700
20060414 674.50 674.50 674.50 674.50 0
20060417 674.50 674.50 674.50 674.50 0
20060418 671.00 678.00 671.00 672.00 4219900
20060419 679.00 701.50 675.50 701.50 21866600
20060420 699.50 708.00 696.50 706.50 11464500
20060421 690.00 703.00 683.00 701.00 22389900
20060424 700.50 704.50 693.50 694.00 7779700
20060425 693.00 700.00 693.00 696.50 8541900
20060426 698.00 698.50 689.50 695.00 9329800
20060427 694.00 700.00 686.00 688.50 10921300
20060428 685.50 690.00 676.00 677.00 9309600
20060501 677.00 677.00 677.00 677.00 0
20060502 674.50 690.00 674.50 689.50 6984900
20060503 687.50 689.00 676.50 676.50 8018400
20060504 675.00 686.50 675.00 683.00 16896800
20060505 681.50 695.00 681.50 693.50 7987400
20060508 699.00 699.00 689.00 692.00 4204100
20060509 690.50 696.50 688.50 691.50 5485700
20060510 688.50 690.50 680.50 681.50 8403300
20060511 684.00 690.00 681.50 683.50 7057800
20060512 679.00 689.50 671.50 674.00 10858600
20060515 676.00 676.00 654.12 662.50 7812300
20060516 661.00 667.12 660.67 664.00 7270600
20060517 669.50 671.87 650.13 651.00 9284600
20060518 657.00 657.00 636.87 653.50 11110300
20060519 652.50 657.00 646.58 651.00 8244600
20060522 652.50 665.29 638.50 642.50 9848400
20060523 645.00 662.00 645.50 659.50 9563800
20060524 656.00 657.50 645.00 645.00 14661300
20060525 649.50 650.00 640.24 646.50 10695700
20060526 652.00 672.50 651.68 672.00 10244400
20060529 672.00 672.00 672.00 672.00 0
20060530 665.00 671.00 654.50 656.50 8340600
20060531 655.50 663.68 643.69 658.50 6308500
20060601 658.50 664.00 649.24 663.50 9463000
20060602 671.50 673.50 663.50 668.50 8018000
20060605 669.00 666.53 658.68 663.00 8388800
20060606 656.50 658.00 644.00 648.00 7865800
20060607 647.50 658.50 648.00 655.00 7054900
20060608 640.00 651.50 636.00 637.50 12288500
20060609 643.50 648.00 636.00 641.00 8787300
20060612 641.00 640.75 631.54 636.50 6314100
20060613 624.00 629.81 615.50 620.50 17512500
20060614 620.00 639.46 322.50 622.50 13019500
20060615 623.00 635.95 623.00 631.50 12879400
20060616 641.00 643.00 624.50 625.00 9246200
20060619 632.50 644.00 632.35 640.50 7714700
20060620 638.00 641.23 634.73 640.00 7500100
20060621 642.50 645.02 629.46 634.50 5955000
20060622 645.00 650.00 630.00 631.50 5024200
20060623 629.50 639.96 625.60 629.50 6116300
20060626 632.00 643.00 631.00 641.50 11375300
20060627 641.50 651.50 625.50 626.00 10911900
20060628 626.00 635.00 624.00 632.50 6596200
20060629 638.50 642.50 632.50 639.50 7362700
20060630 646.00 658.00 643.50 654.50 7832200
20060703 658.50 665.00 655.50 663.00 6098700
20060704 663.00 667.00 648.50 651.50 3286200
20060705 649.50 658.00 645.50 648.50 7823800
20060706 649.00 654.00 639.00 646.00 8599300
20060707 638.00 644.00 634.50 637.50 7413900
20060710 634.50 643.00 633.50 642.00 3872600
20060711 640.50 642.50 628.50 633.00 3842800
20060712 635.00 645.50 635.00 639.50 10114200
20060713 635.50 635.50 615.00 620.00 10035100
20060714 617.00 622.50 609.00 612.50 3561900
20060717 612.50 612.50 595.50 609.00 10819100
20060718 608.50 616.00 602.50 609.50 9454200
20060719 610.00 626.50 607.50 622.00 7866600
20060720 629.50 632.00 621.50 625.50 6504900
20060721 623.50 626.00 616.00 619.00 4588000
20060724 622.00 636.00 619.00 636.00 7111400
20060725 640.00 640.00 625.00 627.50 7646500
20060726 626.50 631.50 623.00 626.50 6468400
20060727 622.50 637.00 620.50 634.00 7670900
20060728 632.00 638.00 630.00 632.50 7784700
20060731 635.00 638.00 626.50 633.50 7755400
20060801 631.00 640.50 630.50 634.50 6752600
20060802 637.00 639.50 628.50 633.00 7820100
20060803 633.00 633.00 633.00 633.00 0
20060804 625.00 626.50 613.00 618.50 14875100
20060807 615.00 616.50 609.50 609.50 7402600
20060808 614.50 615.00 608.50 613.50 7060500
20060809 618.00 619.00 606.00 613.50 9262200
20060810 605.00 610.50 600.50 610.00 13520900
20060811 613.00 620.00 610.00 619.00 12667300
20060814 620.50 627.00 618.00 621.00 6736100
20060815 621.00 632.50 618.00 631.50 12379900
20060816 634.50 638.00 624.00 637.00 20241500
20060817 634.50 645.00 633.50 638.50 18978900
20060818 647.50 653.50 632.00 652.00 15795100
20060821 653.00 654.50 639.50 643.50 8511800
20060822 643.00 645.50 635.50 641.00 6381900
20060823 639.50 644.50 632.50 634.50 8359100
20060824 638.00 638.00 626.50 630.50 13808700
20060825 630.00 632.00 624.50 627.50 5116100
20060828 627.50 627.50 627.50 627.50 0
20060829 630.00 635.50 625.00 630.50 8577700
20060830 633.00 640.50 627.00 637.50 15411600
20060831 636.50 643.00 632.50 640.00 7950200
20060901 640.00 647.50 638.50 645.50 7220600
20060904 645.50 657.00 645.50 656.00 9249400
20060905 655.00 659.50 647.00 650.00 7482300
20060906 646.00 649.50 639.50 643.50 6948900
20060907 639.50 641.00 635.00 639.50 4884100
20060908 639.00 643.50 636.50 641.00 3307300
20060911 639.50 643.50 635.00 639.50 3991900
20060912 640.00 649.00 633.50 646.50 5209300
20060913 650.50 651.50 639.50 644.00 5969200
20060914 644.00 648.50 639.00 640.00 6731200
20060915 642.50 646.00 638.00 641.50 7837400
20060918 644.00 648.00 628.00 633.50 11699800
20060919 631.00 635.50 627.50 629.50 6989600
20060920 626.00 635.50 624.50 632.00 8709900
20060921 632.00 640.50 626.50 639.00 7526700
20060922 633.00 637.50 625.50 628.00 6396400
20060925 627.00 635.50 625.50 631.00 3676600
20060926 634.50 657.50 632.50 652.00 11335000
20060927 654.00 664.00 650.00 657.00 7148000
20060928 660.50 670.50 655.00 666.50 12335400
20060929 667.00 670.50 660.50 662.00 5926300
20061002 661.50 667.00 653.00 655.00 4284700
20061003 651.00 660.00 649.50 660.00 4477000
20061004 664.50 672.00 661.00 668.50 5987300
20061005 675.00 679.50 670.00 673.00 7648300
20061006 675.50 675.50 664.50 671.00 5409000
20061009 668.50 669.50 656.50 659.00 5457700
20061010 660.00 662.00 651.50 658.00 10494700
20061011 657.00 657.00 648.50 651.50 16442200
20061012 656.00 660.50 652.00 660.00 8513900
20061013 663.00 666.50 652.00 663.00 7705100
20061016 663.50 667.00 659.00 660.00 5250700
20061017 658.50 661.50 650.50 653.00 3304700
20061018 660.00 665.50 656.00 658.50 8091700
20061019 658.00 675.00 657.00 669.50 9807400
20061020 668.00 679.50 667.00 671.50 7308800
20061023 676.00 676.00 666.00 670.00 4225100
20061024 668.00 689.00 668.00 683.50 12159600
20061025 687.00 714.50 682.50 686.50 12755700
20061026 688.00 694.50 685.50 689.00 13582100
20061027 656.50 675.50 655.00 675.00 40658200
20061030 669.50 675.00 666.00 672.00 10981600
20061031 669.00 674.00 666.50 671.50 4442500
20061101 670.00 674.00 667.00 671.00 5999100
20061102 669.50 672.00 660.00 665.50 9071000
20061103 664.00 670.00 658.50 663.50 9790800
20061106 665.00 671.50 662.50 668.50 7293500
20061107 670.00 675.00 667.00 673.00 2386500
20061108 671.50 677.50 668.00 677.00 7330800
20061109 679.50 680.00 672.50 677.00 6260200
20061110 674.00 682.00 674.00 678.50 4901300
20061113 678.00 683.50 673.00 676.00 4039400
20061114 680.00 684.50 672.50 675.50 4531800
20061115 681.50 687.00 680.00 684.00 5268000
20061116 680.00 691.00 675.50 687.00 6143200
20061117 684.00 692.00 678.00 679.50 4307000
20061120 673.50 685.50 672.00 682.00 5054200
20061121 684.00 686.50 675.00 676.00 6024300
20061122 676.00 685.00 670.00 671.00 8540500
20061123 674.50 674.50 660.50 665.50 6821400
20061124 661.50 670.50 659.00 668.50 8514900
20061127 666.50 675.50 666.50 669.50 11726900
20061128 667.50 674.00 661.50 665.00 12198000
20061129 665.00 674.00 661.00 671.00 10864600
20061130 669.00 680.50 669.00 675.00 11471000
20061201 675.00 681.50 664.00 668.50 9971000
20061204 668.00 673.50 662.50 667.00 9682800
20061205 666.50 690.00 666.50 688.00 15764400
20061206 686.00 699.00 682.00 689.50 15421900
20061207 689.00 692.00 682.00 685.50 6520200
20061208 682.00 691.00 680.50 688.50 6809100
20061211 689.50 700.50 685.00 686.00 5867700
20061212 684.50 686.00 678.00 678.50 9291300
20061213 678.00 695.00 678.00 688.50 15948100
20061214 690.50 697.00 681.50 683.50 9059400
20061215 684.00 689.50 682.00 684.50 9514500
20061218 688.50 688.50 678.00 679.50 5774500
20061219 674.50 682.50 673.00 680.00 6763900
20061220 681.50 687.00 679.00 684.50 8334800
20061221 683.00 696.50 680.50 686.00 7474400
20061222 683.00 695.00 683.00 687.50 3274100
20061225 687.50 687.50 687.50 687.50 0
20061226 687.50 687.50 687.50 687.50 0
20061227 685.50 693.00 674.50 692.00 4418600
20061228 698.00 698.00 689.50 693.00 3672600
20061229 688.00 695.00 687.00 690.50 1356600
20070101 690.50 690.50 690.50 690.50 0
20070102 693.50 702.00 691.50 701.50 3772000
20070103 700.00 701.50 696.00 698.00 6463200
20070104 689.00 697.00 688.00 692.00 11229900
20070105 688.00 695.50 683.50 692.00 9090100
20070108 691.50 700.50 688.00 695.00 11918700
20070109 695.00 712.50 693.50 709.50 13643800
20070110 708.00 717.00 703.00 713.50 15168000
20070111 713.50 730.50 713.00 728.50 20485400
20070112 727.50 734.50 726.00 732.00 11708400
20070115 737.50 737.50 728.00 731.50 5809300
20070116 729.50 741.00 727.00 735.50 12866400
20070117 737.50 749.00 734.00 742.50 17411900
20070118 746.00 751.00 729.50 735.50 15775500
20070119 734.00 737.50 728.00 734.00 5489900
20070122 739.50 741.00 728.50 732.00 7160000
20070123 734.00 739.00 728.50 736.50 12820200
20070124 738.00 752.00 737.50 750.00 28040900
20070125 753.50 759.50 736.50 740.00 14019900
20070126 730.00 740.00 729.50 736.50 6279000
20070129 743.00 747.00 740.00 742.50 9486700
20070130 741.00 742.50 734.50 738.00 8871200
20070131 738.00 749.50 738.00 747.00 18628700
20070201 750.50 756.50 744.00 747.00 10870800
20070202 744.50 754.00 742.00 743.00 8827800
20070205 743.00 743.50 735.00 738.50 7278900
20070206 740.00 744.50 737.50 743.00 6788100
20070207 745.00 758.50 742.00 755.00 11539000
20070208 759.50 760.00 751.50 754.00 6695900
20070209 755.00 760.00 751.00 753.00 4392900
20070212 746.50 751.00 742.00 746.50 6118800
20070213 750.50 751.00 743.00 750.00 6302800
20070214 749.50 753.00 744.00 751.00 7374000
20070215 754.00 768.00 753.00 766.50 11340100
20070216 762.00 767.50 760.50 762.00 11019800
20070219 763.00 768.00 758.50 761.50 2802400
20070220 761.00 767.50 758.00 764.00 9436900
20070221 767.00 768.50 757.00 758.00 8717800
20070222 762.50 771.00 757.00 767.00 11206800
20070223 766.00 782.50 764.00 779.50 19796300
20070226 784.00 785.00 771.50 772.50 9430000
20070227 768.00 773.00 750.50 755.00 15071600
20070228 744.00 753.50 739.00 739.00 21128000
20070301 735.50 762.50 726.00 742.50 21332500
20070302 744.50 753.50 739.50 745.50 14328400
20070305 735.50 746.50 728.00 733.00 15128600
20070306 740.00 755.00 738.00 753.00 14961700
20070307 751.00 760.00 751.00 758.00 11730800
20070308 762.00 770.50 756.00 769.00 7861700
20070309 765.50 772.50 760.50 772.00 6778200
20070312 778.00 780.00 759.00 760.00 11115100
20070313 760.00 766.00 756.00 756.50 6610500
20070314 748.00 749.00 734.50 735.00 14522000
20070315 744.50 755.00 742.00 755.00 9203100
20070316 755.50 757.00 747.50 755.50 9056800
20070319 762.00 769.50 761.50 768.00 6712300
20070320 766.50 775.00 758.50 775.00 11271500
20070321 770.50 789.00 768.50 785.50 10078700
20070322 800.00 800.50 776.00 780.00 9255800
20070323 781.00 789.50 776.50 787.50 6703300
20070326 787.50 794.00 776.00 782.50 9696800
20070327 783.00 791.00 777.00 779.00 8267400
20070328 775.00 786.00 775.00 781.50 8683100
20070329 780.50 784.00 765.00 772.00 20686800
20070330 775.50 778.00 766.00 770.00 8634500
20070402 773.50 780.00 767.00 773.50 7647100
20070403 777.00 782.00 766.50 776.00 9503500
20070404 783.50 783.50 767.50 776.00 8438500
20070405 778.00 778.00 768.00 773.00 7130000
20070406 773.00 773.00 773.00 773.00 0
20070409 773.00 773.00 773.00 773.00 0
20070410 771.50 781.50 771.50 779.50 4111300
20070411 776.00 779.50 770.00 774.00 7396500
20070412 768.50 775.00 763.50 769.00 14764000
20070413 766.50 770.50 764.00 768.00 8406400
20070416 768.50 782.50 768.00 781.50 8496400
20070417 781.50 785.00 772.50 783.00 5015800
20070418 783.00 785.00 777.50 782.00 4936300
20070419 778.00 779.00 767.00 771.00 12077100
20070420 765.00 773.00 749.00 770.00 35581300
20070423 768.00 773.50 759.50 767.50 11186800
20070424 766.00 766.00 746.00 750.50 16014800
20070425 755.00 762.00 748.50 749.00 14810300
20070426 757.00 761.50 748.00 749.00 8603800
20070427 745.00 750.50 739.00 748.00 10368400
20070430 748.00 754.00 745.00 746.00 9704800
20070501 745.50 758.50 741.00 756.50 6059200
20070502 762.00 774.00 749.50 756.50 7897000
20070503 755.00 755.00 742.50 749.00 10720900
20070504 754.50 769.00 749.00 756.50 8269900
20070507 756.50 756.50 756.50 756.50 0
20070508 759.50 765.00 749.50 750.50 5585100
20070509 757.00 757.00 750.00 756.00 14961000
20070510 758.00 765.00 755.00 757.50 13735000
20070511 756.00 756.00 744.50 750.00 23364000
20070514 750.00 754.50 745.00 751.50 8540900
20070515 752.50 757.50 747.50 752.50 12161800
20070516 749.00 759.50 748.50 755.00 10255400
20070517 755.50 774.50 753.50 762.00 14764100
20070518 765.00 776.50 758.50 768.50 15325400
20070521 765.50 774.00 762.00 764.00 9961300
20070522 764.00 766.00 757.50 761.00 15378200
20070523 757.00 759.50 748.00 748.50 16852100
20070524 747.00 751.00 743.00 748.50 13415100
20070525 746.00 752.00 746.00 750.00 10976600
20070528 750.00 750.00 750.00 750.00 0
20070529 751.00 763.00 751.00 760.50 10269100
20070530 757.00 757.00 747.00 749.50 8970600
20070531 752.00 755.00 745.00 747.00 14430700
20070601 747.00 747.00 747.00 747.00 0
20070604 751.50 759.50 749.00 758.00 10973500
20070605 755.50 763.00 752.50 752.50 17073700
20070606 748.00 750.00 733.00 735.50 15805200
20070607 737.00 743.50 723.00 725.00 12675600
20070608 718.00 730.00 718.00 726.50 11108100
20070611 730.50 738.50 730.00 738.50 12158800
20070612 737.00 740.00 731.50 733.50 8470800
20070613 730.00 739.00 728.50 737.50 7148000
20070614 740.50 747.00 737.50 741.50 7682400
20070615 745.50 747.00 736.50 741.50 9016500
20070618 741.50 747.50 739.00 741.50 6753200
20070619 740.00 742.00 730.50 731.50 7387300
20070620 732.50 739.50 728.00 732.00 7502600
20070621 729.00 743.00 727.00 731.00 14731900
20070622 735.00 735.50 726.50 728.00 11126900
20070625 723.00 734.00 722.50 732.00 9318400
20070626 731.50 745.50 727.00 735.00 21859600
20070627 731.00 736.50 726.50 735.00 10203900
20070628 741.00 752.50 736.00 742.00 8654500
20070629 747.00 748.50 737.50 748.50 8871100
20070702 742.00 743.50 737.00 737.00 10651900
20070703 743.50 748.50 738.50 741.00 6757300
20070704 740.00 749.50 739.00 747.50 5966800
20070705 746.00 750.00 737.00 740.00 9417100
20070706 743.50 749.00 740.00 747.00 6174300
20070709 749.50 753.00 745.00 749.50 5388400
20070710 748.00 752.00 737.00 738.50 11673500
20070711 735.00 745.00 735.00 739.50 8464000
20070712 740.00 748.00 737.00 744.50 8628200
20070713 747.50 750.50 744.50 746.50 6107200
20070716 745.00 753.50 743.50 749.50 4114300
20070717 749.00 749.00 736.00 738.50 10409600
20070718 730.50 737.50 730.00 731.00 8663100
20070719 732.00 742.00 732.00 739.00 4222000
20070720 737.50 746.00 735.00 740.00 10745500
20070723 736.50 742.00 733.00 740.00 5380300
20070724 734.50 741.00 727.50 727.50 9428400
20070725 725.00 729.50 718.50 721.50 6346000
20070726 720.50 724.00 693.00 693.00 15090800
20070727 687.50 705.00 684.00 699.00 14344900
20070730 699.00 703.50 692.00 699.50 14605300
20070731 703.00 713.00 703.00 712.50 16409900
20070801 700.00 709.00 691.00 704.00 9029900
20070802 713.00 715.00 701.00 706.50 7818300
20070803 707.00 713.50 699.50 700.00 8481800
20070806 695.50 712.00 695.50 708.00 7846200
20070807 716.50 720.00 706.50 713.50 7034000
20070808 718.50 733.00 718.50 731.00 9293900
20070809 730.00 739.50 722.00 726.50 13609600
20070810 721.50 731.00 694.50 698.00 23526400
20070813 705.00 713.00 703.50 711.50 14256000
20070814 705.00 713.00 702.00 704.00 10178900
20070815 700.00 706.50 690.00 700.00 8031700
20070816 681.50 695.00 672.00 680.50 12959300
20070817 684.00 718.00 662.50 699.50 19357800
20070820 699.50 707.50 692.00 694.50 7184000
20070821 694.00 703.00 681.00 684.50 11267400
20070822 687.00 700.50 687.00 697.00 11400100
20070823 705.00 706.50 698.50 701.00 7109300
20070824 700.50 707.00 697.00 701.50 5426900
20070827 701.50 701.50 701.50 701.50 0
20070828 694.50 703.00 689.00 691.50 6380500
20070829 683.00 697.00 681.00 691.00 7942100
20070830 693.00 708.00 692.00 704.50 7354800
20070831 701.50 710.00 698.00 706.00 5577000
20070903 710.50 712.50 703.00 710.00 2964200
20070904 711.50 716.00 703.00 716.00 3445200
20070905 718.00 718.00 693.00 694.00 9955600
20070906 701.50 705.50 687.50 705.00 9563100
20070907 701.00 707.00 684.50 685.00 6865700
20070910 684.50 692.50 674.00 675.00 6289000
20070911 683.00 688.00 679.50 687.50 3467300
20070912 685.00 685.00 677.00 678.50 7229800
20070913 679.50 681.00 669.50 678.00 5707100
20070914 670.50 677.00 661.50 670.00 7218200
20070917 666.00 670.00 652.50 656.50 6369100
20070918 652.00 665.50 649.50 664.50 7217200
20070919 675.00 692.50 669.50 679.00 7851800
20070920 678.00 679.50 663.50 665.00 10498400
20070921 661.50 669.00 651.50 652.00 14546800
20070924 650.00 657.50 641.00 647.50 10494000
20070925 646.50 646.50 630.00 633.50 13028500
20070926 643.00 658.00 642.50 654.00 14082900
20070927 659.50 665.50 654.50 663.50 9318500
20070928 665.50 666.00 654.50 662.00 5951000
20071001 658.50 664.00 653.00 660.00 10313500
20071002 671.50 671.50 652.50 658.00 10114100
20071003 660.50 673.00 657.50 671.00 20806300
20071004 671.00 679.50 664.50 675.00 5876100
20071005 679.50 691.50 666.50 691.50 11951200
20071008 690.50 696.50 687.50 691.50 7627300
20071009 691.50 705.00 687.00 703.00 6782700
20071010 698.50 709.50 698.50 706.00 9026400
20071011 705.50 712.00 698.50 705.50 5815400
20071012 701.00 714.00 699.00 711.50 9281500
20071015 713.00 716.00 700.00 700.00 5481100
20071016 701.50 706.50 692.00 696.00 11253600
20071017 696.50 708.00 696.50 708.00 11454200
20071018 707.50 714.00 682.50 694.00 12379000
20071019 670.00 682.00 652.50 665.00 31801900
20071022 656.50 660.00 650.00 657.50 8138200
20071023 661.00 667.50 657.50 663.00 7571800
20071024 666.00 669.50 643.00 648.00 9743000
20071025 657.50 668.50 652.50 656.00 8562500
20071026 660.00 660.00 648.00 655.00 8110600
20071029 660.00 669.50 647.50 651.00 10226500
20071030 651.00 656.50 647.00 653.50 8493300
20071031 652.50 659.00 646.50 656.50 10807600
20071101 658.00 660.50 641.00 646.50 5591800
20071102 639.00 645.00 635.00 643.00 9802100
20071105 640.50 643.50 631.50 632.00 6755900
20071106 637.00 637.00 628.00 630.00 5649800
20071107 631.50 632.50 608.00 610.00 9050700
20071108 609.50 609.50 597.00 601.50 9185000
20071109 602.00 610.00 588.50 598.00 8267800
20071112 592.00 600.50 581.50 586.00 7313900
20071113 584.50 609.50 584.00 607.00 6847100
20071114 609.00 616.50 601.00 604.50 7685500
20071115 602.50 604.00 589.50 597.50 7281100
20071116 592.00 600.50 587.50 588.00 7831100
20071119 591.00 598.00 576.50 580.00 7384800
20071120 582.00 588.50 577.00 586.50 7816000
20071121 578.50 583.50 568.00 579.50 9843600
20071122 581.00 585.50 571.50 581.50 5835800
20071123 585.00 599.00 580.50 596.00 6586500
20071126 599.50 604.00 589.00 589.50 7283700
20071127 586.00 594.00 571.00 576.50 7743700
20071128 583.00 604.00 577.50 598.50 8132400
20071129 602.00 608.00 594.50 606.00 9467100
20071130 610.00 617.00 603.00 614.00 8687300
20071203 622.50 631.00 614.00 615.00 9263800
20071204 617.00 618.50 598.50 600.00 10308500
20071205 603.00 613.00 598.00 610.50 7877600
20071206 614.00 619.50 603.00 606.50 6335700
20071207 610.00 622.00 606.50 618.00 8349000
20071210 615.50 625.00 615.50 620.00 5070300
20071211 624.50 626.50 620.00 623.00 4326400
20071212 615.50 625.00 609.50 618.50 6942600
20071213 612.50 615.00 601.50 603.00 8012600
20071214 610.00 612.00 599.50 609.00 5302300
20071217 601.00 611.00 599.00 605.50 4868900
20071218 596.50 609.50 596.50 604.00 6749800
20071219 604.50 617.50 599.00 611.50 7267000
20071220 620.00 638.00 614.00 630.50 10645700
20071221 636.50 646.50 634.00 639.50 13991100
20071224 634.00 641.00 634.00 638.00 4252600
20071225 638.00 638.00 638.00 638.00 0
20071226 638.00 638.00 638.00 638.00 0
20071227 630.00 649.00 630.00 643.00 3559200
20071228 636.50 650.50 635.00 646.00 3791000
20071231 646.00 648.00 640.50 647.00 1011200
20080101 647.00 647.00 647.00 647.00 0
20080102 648.50 658.00 633.00 633.00 4679200
20080103 633.00 638.50 619.50 624.00 6242800
20080104 623.00 629.00 603.50 606.00 6892600
20080107 601.00 606.50 592.50 598.50 8191800
20080108 600.50 609.50 595.50 598.50 9277300
20080109 592.50 595.50 576.50 585.00 12941300
20080110 587.00 592.50 575.00 579.50 6872200
20080111 584.00 597.00 580.50 593.00 10416500
20080114 589.50 606.50 586.50 600.50 7491400
20080115 597.50 605.50 580.00 580.50 11081200
20080116 573.50 582.00 565.00 576.00 10531100
20080117 584.00 594.50 579.00 584.00 8370500
20080118 582.50 596.00 576.50 582.00 8778200
20080121 572.00 584.50 555.50 555.50 12239300
20080122 537.50 590.50 534.00 589.00 14665700
20080123 597.00 603.50 569.00 573.50 14947400
20080124 597.50 613.50 584.50 603.00 13129100
20080125 614.50 619.50 593.00 598.00 13053400
20080128 590.50 599.00 583.00 594.00 4610100
20080129 600.50 611.00 595.50 609.00 5640800
20080130 604.00 607.50 594.50 597.50 4794700
20080131 598.00 619.50 588.00 615.50 8690400
20080201 623.00 637.50 616.50 630.00 11687200
20080204 635.00 636.50 623.50 635.50 7172200
20080205 635.00 635.50 608.50 609.00 6044700
20080206 600.50 612.50 599.00 607.50 6791900
20080207 604.00 609.50 588.00 589.50 9545700
20080208 595.50 600.00 582.00 586.50 4807800
20080211 584.00 588.00 573.00 577.00 6083000
20080212 585.00 603.00 577.50 602.00 8563400
20080213 595.00 618.50 593.00 615.50 8657800
20080214 615.50 617.50 601.00 604.00 8310100
20080215 605.50 605.50 587.00 598.00 9822100
20080218 600.50 610.50 599.50 609.50 3661200
20080219 604.50 617.00 601.00 608.50 4727500
20080220 600.00 605.00 594.00 601.50 5955800
20080221 604.50 615.00 596.00 611.50 4344900
20080222 608.00 613.50 601.00 606.50 5236000
20080225 615.00 633.50 610.00 629.50 6179900
20080226 632.00 633.50 624.50 633.00 6330900
20080227 635.50 636.50 623.00 634.50 6273600
20080228 633.00 636.50 611.50 611.50 7440100
20080229 596.50 620.00 595.50 596.50 7959900
20080303 585.00 596.50 581.50 590.50 5627300
20080304 593.50 600.50 580.00 586.50 5883300
20080305 595.50 607.00 591.00 602.50 7829400
20080306 606.50 606.50 589.50 591.50 7746000
20080307 585.00 588.00 577.50 580.50 8010400
20080310 577.50 589.00 573.50 586.50 8727100
20080311 588.00 596.00 579.50 582.50 9334800
20080312 600.00 605.00 586.00 590.00 6858000
20080313 584.00 593.50 575.50 591.50 11012000
20080314 590.50 594.00 575.00 578.00 7256100
20080317 566.00 575.00 557.00 563.00 7798200
20080318 572.00 584.00 563.00 580.00 5841500
20080319 587.50 590.00 568.00 583.00 7028900
20080320 575.50 593.00 575.50 585.00 9838400
20080321 585.00 585.00 585.00 585.00 0
20080324 585.00 585.00 585.00 585.00 0
20080325 599.00 618.00 594.50 615.00 6648400
20080326 608.00 611.50 593.50 594.50 7580200
20080327 595.50 606.50 592.00 600.50 5128100
20080328 601.50 606.00 593.50 603.00 4636300
20080331 600.00 604.50 590.00 601.00 5666800
20080401 598.50 629.00 597.00 626.50 5929200
20080402 630.00 637.50 625.00 637.50 7887500
20080403 640.00 640.00 621.00 624.50 5363000
20080404 628.50 630.00 623.50 627.50 4502200
20080407 629.00 635.00 627.50 632.50 3671000
20080408 626.00 626.50 620.50 624.50 3690700
20080409 624.50 627.00 612.00 614.00 5006400
20080410 616.50 619.50 605.00 617.00 5535800
20080411 620.00 623.00 602.00 607.00 5003800
20080414 599.00 606.50 598.50 603.50 3476000
20080415 606.00 607.00 589.00 594.50 6369500
20080416 601.00 616.00 601.00 616.00 4446900
20080417 620.00 620.00 603.00 607.50 3237500
20080418 609.00 624.00 606.00 620.00 4633900
20080421 623.00 627.00 612.00 616.50 5275300
20080422 610.50 623.50 609.50 620.00 5348300
20080423 623.00 637.50 619.00 633.50 7620400
20080424 631.00 631.50 620.00 630.00 5433000
20080425 609.50 609.50 579.00 592.50 17524500
20080428 594.50 601.50 591.50 598.50 7361500
20080429 598.50 610.00 596.00 605.00 8757100
20080430 609.00 626.00 605.50 618.50 9396400
20080501 616.00 626.00 608.50 624.00 2553700
20080502 626.50 629.00 618.00 626.00 6752200
20080505 626.00 626.00 626.00 626.00 0
20080506 621.50 629.50 614.50 625.00 5680900
20080507 622.50 649.00 620.00 641.00 8470300
20080508 633.00 639.50 632.00 638.50 4929300
20080509 630.00 633.00 621.00 630.00 5532100
20080512 633.00 640.00 629.50 638.50 3194900
20080513 641.00 647.50 633.00 640.50 4992000
20080514 645.00 645.00 623.50 627.00 5726200
20080515 625.00 635.00 624.50 631.00 5761700
20080516 635.00 640.50 631.50 634.00 4640800
20080519 633.00 649.50 633.00 648.00 3072900
20080520 646.00 646.50 624.50 624.50 4664100
20080521 629.00 629.50 608.00 610.00 6647400
20080522 606.50 612.50 602.00 609.00 5839000
20080523 610.00 617.50 604.50 604.50 3868200
20080526 604.50 604.50 604.50 604.50 0
20080527 606.00 611.50 600.00 605.00 4555900
20080528 610.00 620.50 603.50 613.50 3934600
20080529 613.00 617.00 605.50 607.00 5203800
20080530 611.00 624.00 609.00 611.50 5303000
20080602 612.00 612.00 596.00 597.50 4177200
20080603 597.50 612.50 596.50 609.50 3865800
20080604 598.50 605.50 595.50 596.00 6936300
20080605 599.00 604.00 590.50 596.00 4424400
20080606 597.50 600.00 573.00 573.00 4931400
20080609 570.00 579.50 562.50 565.00 4943100
20080610 559.50 569.00 555.00 565.50 5484700
20080611 566.00 569.00 555.50 559.00 7787800
20080612 559.50 561.50 542.50 549.00 10563000
20080613 545.50 565.00 543.50 561.50 6035300
20080616 561.00 564.50 555.50 559.50 4094200
20080617 550.00 568.50 550.00 562.50 8399600
20080618 557.00 558.00 544.50 549.50 6820400
20080619 543.50 547.00 536.00 541.00 6533200
20080620 539.00 547.00 521.50 522.50 7038100
20080623 521.50 528.00 520.00 520.00 6549300
20080624 521.00 524.00 497.50 498.25 11789800
20080625 501.50 506.50 498.50 504.50 8035500
20080626 498.00 503.50 493.25 495.50 9886400
20080627 491.75 500.00 481.75 483.75 8924400
20080630 481.50 485.75 466.75 484.25 8829000
20080701 479.75 486.25 458.75 472.75 11236000
20080702 471.75 478.75 460.50 460.50 11397500
20080703 456.75 464.75 448.75 464.00 16236900
20080704 465.75 471.75 460.00 465.50 7180900
20080707 472.00 476.00 461.50 470.00 6715800
20080708 459.50 468.25 453.25 464.00 11511400
20080709 470.00 474.25 447.25 469.50 20068600
20080710 458.50 460.00 452.00 455.50 8830200
20080711 459.75 459.75 442.25 442.25 8952400
20080714 449.75 452.00 438.75 441.00 9633600
20080715 436.50 440.00 414.75 425.75 10558900
20080716 427.00 450.00 424.00 447.00 10159600
20080717 457.50 472.00 452.75 463.00 12646500
20080718 472.25 492.75 461.00 490.25 19080200
20080721 495.25 495.25 469.50 469.75 13371500
20080722 467.00 472.75 451.75 460.00 9552000
20080723 467.25 476.75 455.50 470.00 6966100
20080724 476.25 476.25 464.25 472.00 7378200
20080725 468.50 476.00 460.25 475.00 8136100
20080728 471.00 474.25 463.75 465.00 3990000
20080729 457.25 473.50 455.75 470.75 2703400
20080730 474.50 485.75 468.25 483.00 4365400
20080731 485.25 488.25 470.25 483.75 7388900
20080801 485.00 485.00 471.75 476.00 6391900
20080804 473.25 485.00 471.50 480.50 4974200
20080805 480.00 504.00 477.25 497.00 6066900
20080806 499.00 500.00 490.75 495.75 7827000
20080807 496.00 506.00 487.25 488.75 9543400
20080808 482.50 502.00 482.50 494.50 3167500
20080811 495.00 504.00 491.00 503.00 8803800
20080812 498.50 517.50 473.00 487.00 13242200
20080813 484.50 494.50 481.50 490.25 14208200
20080814 495.25 499.25 485.25 491.25 7205500
20080815 496.25 503.50 491.00 499.00 8063000
20080818 496.50 498.00 486.25 490.25 5024000
20080819 480.75 488.50 477.50 485.00 7570400
20080820 480.25 489.00 475.00 480.00 4249100
20080821 475.00 480.50 469.50 475.50 4619700
20080822 475.00 492.25 466.25 491.50 8343300
20080825 491.50 491.50 491.50 491.50 0
20080826 484.25 510.00 479.50 506.50 6370800
20080827 507.00 513.50 496.75 510.50 10726800
20080828 509.50 523.50 503.00 522.50 8303900
20080829 525.50 539.00 518.50 537.50 12102900
20080901 533.00 539.50 524.50 535.50 5063200
20080902 533.50 554.50 529.50 552.00 8928900
20080903 548.50 555.00 537.00 549.00 8477200
20080904 551.50 551.50 528.50 528.50 5211100
20080905 520.00 528.00 517.00 520.00 8598500
20080908 535.50 541.00 530.00 541.00 2625300
20080909 542.50 565.00 539.00 548.50 10342600
20080910 549.00 554.50 542.50 552.50 7764700
20080911 554.50 555.00 532.50 542.50 7822700
20080912 550.50 557.50 544.00 557.50 8519200
20080915 548.00 548.50 526.50 535.00 6719700
20080916 526.00 535.00 505.00 510.00 11536900
20080917 500.00 515.00 481.25 482.00 17603700
20080918 490.00 494.00 464.25 466.75 15753800
20080919 481.00 507.50 473.75 501.00 12024700
20080922 498.50 510.00 481.50 485.50 6625000
20080923 480.00 489.50 475.00 486.50 12254400
20080924 489.50 506.00 478.25 482.00 8711800
20080925 486.00 493.75 476.25 483.25 9411800
20080926 476.00 482.75 468.50 473.75 6717100
20080929 467.00 471.25 439.25 439.25 11312600
20080930 435.00 450.00 417.25 448.00 11527500
20081001 452.00 458.75 436.00 456.50 10267200
20081002 460.75 477.00 453.75 456.75 6788700
20081003 458.50 464.50 448.00 464.50 5589800
20081006 456.00 456.25 415.00 419.00 7957100
20081007 433.00 442.25 415.50 425.50 6975800
20081008 406.25 432.25 382.75 392.25 8513700
20081009 395.00 421.00 386.50 394.25 11043500
20081010 350.00 385.50 350.00 367.00 12221900
20081013 399.00 400.00 369.75 400.00 12760400
20081014 420.00 425.25 398.50 407.75 7558700
20081015 402.75 408.25 367.25 371.25 14321800
20081016 378.75 379.00 353.00 364.00 6306200
20081017 378.50 385.25 363.25 382.50 11462900
20081020 394.00 394.75 377.25 387.50 9839500
20081021 392.50 392.50 357.25 366.75 15915000
20081022 356.50 364.50 335.00 335.00 11515600
20081023 344.00 344.50 310.00 318.50 16257600
20081024 302.75 328.50 300.00 323.75 14571600
20081027 310.75 317.00 299.00 310.25 11916400
20081028 328.00 328.00 302.75 315.50 9690400
20081029 331.25 338.25 320.00 332.50 12183200
20081030 325.00 367.25 320.00 363.50 15031800
20081031 363.50 376.75 348.00 375.00 10332100
20081103 381.00 389.25 371.75 389.25 8322300
20081104 404.75 422.00 395.00 407.75 17199100
20081105 408.00 408.00 393.50 400.50 9763600
20081106 392.25 395.00 375.75 377.50 11371600
20081107 380.50 389.25 374.75 379.50 12004600
20081110 391.00 396.00 378.50 381.00 5055200
20081111 375.00 378.75 340.25 341.00 12340900
20081112 350.00 355.00 323.25 329.50 11985300
20081113 324.00 349.50 313.25 337.50 9033600
20081114 353.00 357.25 339.25 339.25 12008500
20081117 338.75 341.50 320.25 323.00 6290100
20081118 340.75 340.75 340.75 340.75 0
20081119 345.50 345.50 330.75 334.00 6189200
20081120 322.50 346.50 318.00 330.25 16313200
20081121 338.00 338.00 319.00 321.50 9199600
20081124 325.25 341.75 320.75 340.00 12846300
20081125 333.00 366.25 328.00 352.75 22722700
20081126 346.50 354.25 333.00 345.25 11977300
20081127 350.00 362.00 345.25 354.50 6596400
20081128 355.50 360.75 345.25 360.75 7926000
20081201 364.25 364.75 333.50 336.00 7229000
20081202 325.75 345.25 320.75 343.75 9733600
20081203 346.50 348.75 330.25 341.50 9493800
20081204 342.75 347.75 330.00 330.00 13683300
20081205 325.75 337.00 314.00 317.75 11226500
20081208 336.75 348.25 327.25 347.00 10980100
20081209 353.75 388.50 340.75 382.00 16316100
20081210 387.75 396.50 364.75 389.00 12907600
20081211 381.00 392.75 376.25 387.50 9263800
20081212 364.00 379.50 361.00 366.50 10926600
20081215 369.75 379.75 360.25 370.75 8822800
20081216 370.00 384.50 370.00 384.25 11267900
20081217 403.25 405.00 378.25 393.00 10470200
20081218 395.00 408.75 375.50 399.25 11842800
20081219 391.00 415.75 388.75 412.50 13921900
20081222 412.75 412.75 384.75 385.00 6610100
20081223 385.75 402.75 377.25 397.00 4389700
20081224 403.50 413.00 390.00 393.00 886400
20081229 390.75 400.50 387.50 392.00 3507200
20081230 394.25 399.25 387.75 396.25 3842400
20081231 394.25 402.50 375.50 402.50 1824500
20090102 401.50 411.75 396.75 410.75 1270700
20090105 421.00 426.75 414.50 415.25 4954700
20090106 420.00 421.00 408.75 411.50 6235000
20090107 414.25 417.25 396.75 400.00 6434500
20090108 399.50 404.00 390.25 401.50 6218000
20090109 400.75 412.75 393.25 406.75 7175000
20090112 403.75 414.50 395.00 398.25 5306000
20090113 396.75 401.50 387.50 398.50 6548600
20090114 404.50 404.50 376.00 382.00 8568100
20090115 383.50 383.50 367.75 373.00 12460900
20090116 384.75 395.75 380.25 386.50 9125500
20090119 394.50 403.75 389.25 397.00 10605800
20090120 395.50 400.00 388.00 392.00 10080800
20090121 389.50 410.75 386.25 410.25 13902600
20090122 416.25 428.50 401.50 404.25 11917100
20090123 401.75 406.50 389.25 401.00 9824300
20090126 400.50 414.00 393.75 413.50 8318300
20090127 414.50 417.50 403.75 416.25 8353900
20090128 419.75 443.50 415.50 439.50 8081600
20090129 433.00 433.00 408.50 414.25 11851500
20090130 414.00 415.00 384.75 390.50 16529800
20090202 386.25 395.00 382.25 389.25 8369600
20090203 389.25 396.00 381.00 393.50 6198900
20090204 397.75 401.75 393.00 399.75 13206800
20090205 390.50 401.50 387.00 398.50 7858500
20090206 404.75 411.50 399.50 408.25 8912000
20090209 410.25 410.50 404.50 404.75 7670200
20090210 403.50 407.25 390.75 391.00 10939100
20090211 390.50 407.00 390.50 402.75 12561500
20090212 402.75 404.00 394.75 400.00 7286100
20090213 402.00 411.25 395.75 399.25 5765400
